
"QS204EW - Main language (detailed)"
"ONS Crown Copyright Reserved [from Nomis on 12 August 2018]"
"Population :","All usual residents aged 3 and over"
"Units      :","Persons"
"Date       :","2011"
"Rural Urban:","Total"

"postcode sector","All usual residents aged 3 and over","English (English or Welsh if in Wales)","Welsh/Cymraeg (in England only)","Other UK language: Total","Other UK language: Gaelic (Irish)","Other UK language: Gaelic (Scottish)","Other UK language: Manx Gaelic","Other UK language: Gaelic (Not otherwise specified)","Other UK language: Cornish","Other UK language: Scots","Other UK language: Gypsy/Traveller languages","French","Portuguese","Spanish","Other European Language (EU): Total","Other European Language (EU): Italian","Other European Language (EU): German","Other European Language (EU): Polish","Other European Language (EU): Slovak","Other European Language (EU): Czech","Other European Language (EU): Romanian","Other European Language (EU): Lithuanian","Other European Language (EU): Latvian","Other European Language (EU): Hungarian","Other European Language (EU): Bulgarian","Other European Language (EU): Greek","Other European Language (EU): Dutch","Other European Language (EU): Swedish","Other European Language (EU): Danish","Other European Language (EU): Finnish","Other European Language (EU): Estonian","Other European Language (EU): Slovenian","Other European Language (EU): Maltese","Other European Language (EU): Any other European Language (EU)","Other European Language (non EU): Total","Other European Language (non EU): Albanian","Other European Language (non EU): Serbian/Croatian/Bosnian","Other European Language (non EU): Ukrainian","Other European Language (non EU): Any other Eastern European Language (non EU)","Other European Language (non EU): Northern European Language (non EU)","Other European Language (non-national): Total","Other European Language (non-national): Romani language (any)","Other European Language (non-national): Yiddish","Russian","Turkish","Arabic","West/Central Asian Language: Total","West/Central Asian Language: Hebrew","West/Central Asian Language: Kurdish","West/Central Asian Language: Persian/Farsi","West/Central Asian Language: Pashto","West/Central Asian Language: West/Central Asian Language (all other)","South Asian Language: Total","South Asian Language: Urdu","South Asian Language: Hindi","South Asian Language: Panjabi","South Asian Language: Pakistani Pahari (with Mirpuri and Potwari)","South Asian Language: Bengali (with Sylheti and Chatgaya)","South Asian Language: Gujarati","South Asian Language: Marathi","South Asian Language: Telugu","South Asian Language: Tamil","South Asian Language: Malayalam","South Asian Language: Sinhala","South Asian Language: Nepalese","South Asian Language: South Asian Language (all other)","East Asian Language: Total","East Asian Language: Mandarin Chinese","East Asian Language: Cantonese Chinese","East Asian Language: All other Chinese","East Asian Language: Japanese","East Asian Language: Korean","East Asian Language: Vietnamese","East Asian Language: Thai","East Asian Language: Malay","East Asian Language: Tagalog/Filipino","East Asian Language: East Asian Language (all other)","Oceanic/Australian language (any)","North/South American language (any)","Caribbean Creole: Total","Caribbean Creole: Caribbean Creole (English-based)","Caribbean Creole: Caribbean Creole (all other)","African Language: Total","African Language: Amharic","African Language: Tigrinya","African Language: Somali","African Language: Krio","African Language: Akan","African Language: Yoruba","African Language: Igbo","African Language: Swahili/Kiswahili","African Language: Luganda","African Language: Lingala","African Language: Shona","African Language: Afrikaans","African Language: Any other Nigerian language","African Language: West African language (all other)","African Language: African language (all other)","Other Languages: Total","Other Languages: All other languages","Sign Language: Total","Sign Language: British sign language","Sign Language: Sign Language (all other)","Sign Language: Any Sign Communication System"

"AL1  1",5174,4819,5,1,1,0,0,0,0,0,0,31,16,17,109,22,17,25,4,4,7,4,0,1,0,6,6,3,4,3,2,0,0,1,7,1,2,0,0,4,0,0,0,4,5,6,2,2,0,0,0,0,86,12,6,8,0,36,6,0,0,10,0,5,0,3,46,1,4,17,6,2,1,8,0,7,0,0,0,0,0,0,12,0,0,0,0,3,0,0,3,0,0,0,4,1,0,1,4,4,4,4,0,0
"AL1  2",6199,5543,1,0,0,0,0,0,0,0,0,27,12,27,169,21,24,63,9,5,5,0,0,13,2,8,7,1,5,5,0,0,0,1,5,0,3,0,0,2,0,0,0,6,9,22,2,0,1,1,0,0,301,44,7,2,0,214,4,0,4,11,4,8,0,3,50,5,6,14,3,0,0,5,0,17,0,0,0,0,0,0,24,0,0,10,0,1,0,0,2,0,0,7,4,0,0,0,0,0,1,0,0,1
"AL1  3",3969,3610,0,1,1,0,0,0,0,0,0,22,13,14,167,25,13,57,16,16,7,0,1,12,6,4,2,5,0,2,1,0,0,0,3,1,0,0,0,2,0,0,0,4,4,7,5,1,0,1,0,3,58,9,2,1,0,30,3,0,2,2,0,2,0,7,40,0,0,30,6,0,0,1,0,2,1,0,0,0,0,0,15,0,0,0,0,7,0,0,0,0,0,2,4,1,0,1,4,4,2,1,0,1
"AL1  4",9356,8859,2,0,0,0,0,0,0,0,0,30,11,25,182,30,12,56,7,11,3,4,1,10,2,10,13,6,6,7,0,0,0,4,15,0,8,0,2,5,0,0,0,10,5,14,6,1,0,4,0,1,135,25,4,15,0,56,1,0,0,15,1,3,3,12,36,1,1,14,9,0,1,2,4,3,1,0,0,0,0,0,13,0,0,0,0,2,0,0,0,0,0,5,3,0,0,3,8,8,5,4,1,0
"AL1  5",9713,8390,0,1,1,0,0,0,0,0,0,43,23,61,421,102,31,192,16,15,6,0,2,10,7,9,9,13,6,1,0,0,0,2,22,9,2,2,3,6,0,0,0,19,10,32,12,0,1,2,0,9,526,85,4,21,0,324,13,10,0,28,0,14,2,25,80,4,22,22,6,0,1,8,2,15,0,0,0,0,0,0,53,0,0,0,0,5,0,0,1,0,0,19,8,10,3,7,19,19,1,0,0,1
"AL10 0",9442,7902,1,0,0,0,0,0,0,0,0,9,34,17,802,19,16,619,30,23,23,21,9,22,3,9,2,3,1,1,0,0,0,1,21,8,8,4,1,0,0,0,0,16,9,57,25,0,4,16,1,4,306,39,37,7,0,55,44,4,48,18,13,18,2,21,141,3,27,82,2,2,2,7,1,14,1,0,0,0,0,0,96,0,0,1,0,12,3,1,3,0,0,46,3,5,3,19,2,2,4,2,0,2
"AL10 8",10623,8815,2,0,0,0,0,0,0,0,0,20,30,14,580,16,20,389,23,15,37,31,7,15,3,12,10,0,1,1,0,0,0,0,20,13,1,0,1,5,0,0,0,31,14,63,43,2,0,21,20,0,582,86,50,20,0,82,109,6,70,24,12,94,17,12,279,25,16,173,2,0,15,17,4,24,3,0,0,0,0,0,120,0,2,2,1,10,3,4,8,2,0,65,2,1,4,16,5,5,5,3,0,2
"AL10 9",14459,12075,1,3,3,0,0,0,0,0,0,40,40,20,629,31,23,344,36,8,36,23,11,34,12,45,12,6,2,4,0,1,0,1,32,5,5,3,0,19,0,0,0,36,36,186,85,4,7,58,11,5,457,63,44,13,0,45,97,16,24,53,19,57,11,15,675,56,33,492,9,5,19,13,25,11,12,0,0,0,0,0,126,0,1,3,0,9,14,15,15,1,2,38,4,13,1,10,14,14,4,3,0,1
"AL2  1",9060,8300,2,0,0,0,0,0,0,0,0,42,53,51,188,53,10,69,10,7,10,8,3,7,2,2,3,0,0,4,0,0,0,0,3,1,1,0,0,1,0,0,0,12,6,28,15,1,0,9,3,2,252,9,7,5,0,162,24,0,0,20,3,18,0,4,72,1,1,24,2,0,0,5,3,35,1,0,0,0,0,0,23,0,0,0,0,3,2,0,1,0,0,2,7,1,1,6,13,13,0,0,0,0
"AL2  2",5895,5702,0,1,1,0,0,0,0,0,0,9,2,5,69,8,8,17,5,3,0,2,1,2,9,5,3,3,0,3,0,0,0,0,8,6,2,0,0,0,0,0,0,3,3,11,5,2,0,2,0,1,41,3,4,0,0,19,4,0,0,8,2,1,0,0,25,0,9,9,3,0,1,1,0,2,0,0,0,0,0,0,4,2,0,0,0,0,0,0,0,0,0,0,2,0,0,0,4,4,3,2,0,1
"AL2  3",7750,7533,3,1,1,0,0,0,0,0,0,9,6,10,57,12,12,14,0,4,5,0,1,1,0,1,5,0,1,0,1,0,0,0,1,0,0,0,0,1,0,0,0,3,1,8,5,0,0,4,0,1,66,1,5,4,0,20,18,0,0,16,0,1,0,1,27,0,7,8,5,0,0,4,0,3,0,0,0,0,0,0,15,0,0,0,0,0,0,1,0,0,0,3,7,0,1,3,2,2,3,1,0,2
"AL3  4",5340,5167,4,0,0,0,0,0,0,0,0,23,6,9,89,11,18,31,1,6,0,0,0,0,1,3,4,8,4,0,0,0,0,2,5,0,2,2,1,0,0,0,0,2,0,2,2,0,0,2,0,0,7,3,0,2,0,0,2,0,0,0,0,0,0,0,16,1,1,5,3,1,0,4,0,0,1,0,0,0,0,0,3,0,0,0,0,0,0,0,0,0,0,0,3,0,0,0,1,1,4,3,0,1
"AL3  5",8374,7811,3,0,0,0,0,0,0,0,0,43,16,22,166,31,17,55,8,12,4,0,3,8,4,6,8,2,1,3,0,1,1,2,13,3,5,1,0,4,0,0,0,10,15,20,8,5,0,1,1,1,168,17,4,6,0,109,12,0,2,7,7,1,0,3,45,2,2,6,5,0,1,3,0,23,3,0,0,1,0,1,31,0,0,0,0,3,0,2,1,0,0,11,7,1,0,6,1,1,1,0,1,0
"AL3  6",4098,3796,0,0,0,0,0,0,0,0,0,10,3,6,61,9,8,15,1,2,6,6,0,2,1,5,3,1,1,1,0,0,0,0,5,0,4,0,0,1,0,0,0,6,6,17,0,0,0,0,0,0,154,15,2,1,0,118,12,0,0,3,1,0,0,2,22,6,1,1,2,0,0,0,0,10,2,0,0,0,0,0,9,0,0,0,0,0,0,0,0,0,0,4,5,0,0,0,1,1,2,1,0,1
"AL3  7",5131,4998,0,0,0,0,0,0,0,0,0,8,5,10,43,3,4,14,2,0,7,1,0,1,0,2,0,6,2,0,0,0,1,0,5,0,1,0,0,4,0,0,0,4,3,10,1,1,0,0,0,0,31,1,3,0,0,9,16,0,0,2,0,0,0,0,3,0,1,0,1,0,0,0,0,1,0,0,0,0,0,0,6,0,0,0,0,0,0,0,0,0,0,2,1,0,0,3,0,0,4,2,0,2
"AL3  8",4260,4202,0,0,0,0,0,0,0,0,0,6,4,4,29,2,7,8,0,4,4,0,0,2,0,0,1,0,1,0,0,0,0,0,2,2,0,0,0,0,0,0,0,1,1,0,0,0,0,0,0,0,7,0,1,2,0,0,4,0,0,0,0,0,0,0,4,0,0,0,0,2,0,2,0,0,0,0,0,0,0,0,0,0,0,0,0,0,0,0,0,0,0,0,0,0,0,0,0,0,0,0,0,0
"AL4  0",8905,8428,1,0,0,0,0,0,0,0,0,20,15,24,162,45,13,51,7,6,5,4,4,6,3,4,6,3,3,2,0,0,0,0,6,3,0,0,0,3,0,0,0,1,7,33,11,2,0,6,0,3,109,21,4,20,1,55,4,0,0,3,0,0,0,1,59,0,5,27,5,0,0,7,4,10,1,0,0,0,0,0,12,0,0,0,0,0,0,1,1,0,0,7,1,0,0,2,6,6,11,9,2,0
"AL4  8",6217,6092,0,0,0,0,0,0,0,0,0,9,3,12,61,2,9,23,8,1,0,0,0,5,2,2,3,2,2,1,0,1,0,0,0,0,0,0,0,0,0,0,0,3,3,3,3,0,0,2,0,1,11,4,2,0,0,3,0,0,0,2,0,0,0,0,6,0,0,2,1,0,0,2,0,0,1,0,0,0,0,0,10,1,0,0,0,0,0,0,0,0,0,6,2,0,0,1,0,0,1,1,0,0
"AL4  9",11072,10609,1,0,0,0,0,0,0,0,0,21,15,14,198,33,19,67,7,7,6,11,4,6,11,8,6,4,5,3,0,0,0,1,6,0,3,2,1,0,0,0,0,14,13,9,4,0,0,0,3,1,95,8,2,2,1,48,23,0,0,8,0,3,0,0,37,1,6,11,9,0,0,4,0,6,0,0,0,0,0,0,26,0,0,0,0,0,1,0,0,0,0,15,9,0,1,0,4,4,6,6,0,0
"AL5  1",5789,5621,1,0,0,0,0,0,0,0,0,9,4,7,46,9,11,5,2,1,0,0,0,1,2,0,10,5,0,0,0,0,0,0,10,4,4,0,2,0,0,0,0,4,2,2,4,1,0,3,0,0,37,4,0,0,0,27,1,0,0,3,0,0,0,2,32,2,8,16,3,2,0,1,0,0,0,0,0,0,0,0,10,0,0,0,0,0,3,0,5,0,0,0,1,0,0,1,0,0,0,0,0,0
"AL5  2",4543,4416,1,0,0,0,0,0,0,0,0,9,5,5,42,6,15,9,0,3,0,0,2,1,1,0,3,1,0,0,1,0,0,0,4,0,2,0,1,1,0,0,0,1,3,1,3,0,0,2,0,1,26,2,2,4,0,6,5,1,0,5,0,1,0,0,22,0,7,5,4,3,2,0,0,1,0,0,0,0,0,0,2,0,0,0,0,0,0,0,0,0,0,1,1,0,0,0,0,0,3,0,0,3
"AL5  3",4463,4372,0,0,0,0,0,0,0,0,0,16,4,7,18,4,2,2,0,2,0,0,0,1,0,0,4,2,1,0,0,0,0,0,1,0,1,0,0,0,0,0,0,2,4,3,3,1,0,1,0,1,19,9,0,1,0,1,6,0,0,2,0,0,0,0,12,0,0,5,3,0,0,0,0,1,3,0,0,0,0,0,1,0,0,0,0,0,0,0,0,0,0,0,1,0,0,0,1,1,0,0,0,0
"AL5  4",6170,5959,1,1,0,0,0,0,0,1,0,15,12,19,71,10,15,15,3,3,2,2,0,5,4,0,6,3,2,1,0,0,0,0,2,1,1,0,0,0,0,0,0,4,0,3,7,3,0,3,0,1,15,4,0,4,0,4,0,0,0,1,1,0,0,1,51,0,18,13,1,8,0,1,0,10,0,0,0,0,0,0,10,0,0,0,0,0,0,0,0,0,0,3,4,2,0,1,0,0,0,0,0,0
"AL5  5",7917,7605,2,0,0,0,0,0,0,0,0,31,17,20,130,14,20,39,5,6,2,3,0,16,1,4,10,2,4,1,3,0,0,0,5,2,1,0,1,1,0,0,0,8,9,4,18,1,0,16,0,1,25,8,3,0,0,7,0,3,0,3,0,0,0,1,23,0,2,12,1,3,0,2,0,3,0,0,0,0,0,0,18,0,0,0,0,0,0,0,6,0,0,4,5,2,0,1,1,1,1,0,1,0
"AL6  0",6282,6154,0,0,0,0,0,0,0,0,0,10,0,6,43,4,11,10,2,4,4,1,0,4,0,0,1,2,0,0,0,0,0,0,2,0,0,0,0,2,0,0,0,2,0,5,10,1,0,5,1,3,20,6,4,1,0,0,6,0,0,2,0,0,1,0,13,5,1,3,1,0,0,2,1,0,0,0,0,0,0,0,14,0,0,0,0,0,0,0,0,0,0,5,7,0,2,0,1,1,2,0,1,1
"AL6  9",4641,4521,0,0,0,0,0,0,0,0,0,4,2,3,41,3,8,19,0,3,3,0,0,1,0,0,1,2,0,1,0,0,0,0,0,0,0,0,0,0,0,0,0,4,0,5,2,0,0,2,0,0,36,3,1,3,0,2,4,0,0,3,4,4,12,0,16,0,1,6,1,0,0,4,0,3,1,0,0,0,0,0,3,0,0,0,0,0,0,0,0,0,0,0,0,0,1,2,0,0,4,4,0,0
"AL7  1",5500,5208,0,0,0,0,0,0,0,0,0,15,4,8,113,5,3,66,4,14,7,7,0,3,0,1,2,1,0,0,0,0,0,0,20,10,3,1,0,6,0,0,0,3,8,7,7,0,0,7,0,0,65,12,10,2,0,7,7,4,4,3,2,7,0,7,24,2,2,4,0,0,0,1,0,13,2,0,0,0,0,0,18,2,0,0,0,2,1,0,0,0,1,4,4,2,0,2,0,0,0,0,0,0
"AL7  2",7102,6717,2,1,1,0,0,0,0,0,0,16,9,6,139,5,9,69,3,7,17,9,0,2,4,8,0,2,1,0,1,0,0,2,7,5,0,1,0,1,0,0,0,4,6,12,18,1,0,14,3,0,90,1,13,6,0,11,23,6,8,10,0,5,4,3,27,0,5,9,3,0,0,2,2,5,1,0,0,0,0,0,46,0,0,0,0,1,1,0,4,0,0,31,4,2,2,1,0,0,2,1,0,1
"AL7  3",9600,9051,0,0,0,0,0,0,0,0,0,17,12,23,230,10,14,138,10,2,9,5,4,11,13,2,1,6,3,1,0,1,0,0,14,6,6,0,0,2,0,0,0,5,9,9,7,2,0,4,1,0,87,10,3,1,0,12,27,0,0,15,2,13,0,4,64,2,8,15,6,2,2,2,0,27,0,0,0,0,0,0,66,0,0,0,1,4,2,1,5,0,0,38,7,0,0,8,4,4,2,2,0,0
"AL7  4",10106,9398,0,0,0,0,0,0,0,0,0,21,34,17,210,13,10,82,11,15,24,5,0,14,11,12,8,1,1,2,0,1,0,0,15,5,7,0,2,1,0,0,0,24,4,26,13,1,0,12,0,0,135,12,20,0,0,24,20,8,9,17,12,4,1,8,148,3,8,18,7,2,0,4,3,96,7,0,2,0,0,0,51,0,0,0,0,1,4,5,3,3,1,14,14,1,0,5,4,4,4,2,0,2
"AL8  6",5671,5390,1,2,1,0,0,1,0,0,0,13,6,15,90,12,5,22,3,11,3,3,6,6,0,8,1,4,2,1,0,1,2,0,7,2,1,2,0,2,0,0,0,11,3,7,22,0,0,20,0,2,53,6,6,2,0,12,12,0,1,7,3,2,1,1,40,2,1,26,5,0,0,5,0,1,0,0,0,0,0,0,10,1,0,0,0,1,0,0,0,0,0,0,5,0,1,2,1,1,0,0,0,0
"AL8  7",7124,6892,0,0,0,0,0,0,0,0,0,12,5,12,89,9,5,46,7,5,1,4,0,2,0,2,3,2,1,0,0,0,0,2,9,1,2,2,0,4,0,0,0,2,3,1,14,2,2,8,0,2,22,1,11,0,0,2,5,0,1,0,0,2,0,0,46,2,7,20,9,1,1,2,0,4,0,0,0,0,0,0,12,0,0,0,0,0,0,0,0,0,0,4,6,0,0,2,2,2,3,3,0,0
"AL9  5",2023,1852,1,0,0,0,0,0,0,0,0,6,4,3,73,4,5,46,0,0,8,5,1,1,0,1,1,1,0,0,0,0,0,0,1,0,0,0,0,1,0,0,0,3,10,9,2,0,0,2,0,0,35,4,1,3,0,8,6,0,0,1,5,6,0,1,23,3,2,13,3,0,0,0,0,1,1,0,0,0,0,0,1,0,0,0,0,0,0,0,0,0,0,0,1,0,0,0,0,0,0,0,0,0
"AL9  6",1405,1324,0,0,0,0,0,0,0,0,0,3,2,0,20,0,4,7,1,1,0,4,0,1,0,1,0,0,0,1,0,0,0,0,1,0,0,0,0,1,0,0,0,0,3,2,2,0,0,1,0,1,0,0,0,0,0,0,0,0,0,0,0,0,0,0,47,1,20,20,1,1,0,0,0,4,0,0,0,0,0,0,0,0,0,0,0,0,0,0,0,0,0,0,0,0,0,0,0,0,1,1,0,0
"AL9  7",6732,6439,1,1,1,0,0,0,0,0,0,6,13,7,136,13,19,30,13,0,1,0,2,20,2,27,2,1,2,1,2,0,0,1,4,1,0,0,0,3,0,0,0,6,13,5,9,0,0,8,0,1,49,6,4,4,0,4,22,0,0,4,1,4,0,0,29,0,4,10,5,0,0,4,0,1,5,0,0,0,0,0,11,0,0,0,0,0,2,2,1,0,0,5,0,0,0,1,3,3,0,0,0,0
"B1   1",4017,2915,2,3,0,0,0,0,0,2,1,32,19,33,199,19,24,36,6,5,22,14,7,8,7,34,5,3,1,4,2,0,1,1,5,4,1,0,0,0,0,0,0,19,12,61,128,0,24,102,1,1,125,15,39,9,0,7,17,8,10,2,6,0,1,11,433,28,26,309,16,12,3,25,10,0,4,0,0,1,1,0,28,2,0,15,0,0,4,1,1,0,0,1,0,0,0,4,1,1,1,1,0,0
"B1   2",2777,2060,1,1,1,0,0,0,0,0,0,21,12,18,144,11,11,36,11,8,16,6,5,11,2,14,4,1,0,0,6,0,0,2,13,10,3,0,0,0,1,1,0,22,1,43,86,0,41,37,2,6,83,10,27,7,4,7,3,0,12,11,1,1,0,0,216,19,33,137,7,5,3,6,6,0,0,0,0,1,1,0,50,2,16,18,0,0,2,0,6,0,3,2,0,0,0,1,3,3,1,1,0,0
"B1   3",969,821,0,1,1,0,0,0,0,0,0,13,1,13,53,10,1,14,2,3,6,1,3,4,2,5,1,0,0,0,1,0,0,0,2,0,2,0,0,0,0,0,0,7,1,2,3,2,0,1,0,0,13,1,5,2,1,0,0,0,0,0,4,0,0,0,39,2,2,26,0,2,1,3,2,0,1,0,0,0,0,0,0,0,0,0,0,0,0,0,0,0,0,0,0,0,0,0,0,0,0,0,0,0
"B10  0",7664,4580,0,1,1,0,0,0,0,0,0,58,3,8,87,1,11,39,1,2,8,4,0,0,0,2,10,5,4,0,0,0,0,0,14,8,5,0,0,1,0,0,0,0,0,143,228,0,40,33,153,2,2208,673,4,327,211,914,36,0,0,0,1,0,1,41,26,0,7,13,0,0,2,0,2,2,0,0,2,2,2,0,300,2,6,269,0,0,1,1,4,0,1,3,0,4,4,5,0,0,4,2,2,0
"B10  9",16643,10134,0,0,0,0,0,0,0,0,0,34,6,3,225,1,11,89,3,0,20,11,2,1,0,1,46,10,14,16,0,0,0,0,17,0,5,0,0,12,0,0,0,0,2,318,582,0,57,11,514,0,4546,1914,8,716,758,991,27,0,1,30,10,4,0,87,44,4,9,15,0,4,6,1,0,3,2,0,0,0,0,0,702,2,15,636,0,1,0,2,8,0,4,1,0,4,4,25,19,19,11,5,5,1
"B11  1",10974,6388,0,0,0,0,0,0,0,0,0,17,7,2,110,4,11,34,0,0,27,4,0,9,1,0,5,2,13,0,0,0,0,0,18,6,12,0,0,0,0,0,0,0,2,348,412,0,33,22,354,3,3232,1495,24,475,309,606,166,0,0,6,0,0,1,150,51,8,11,20,0,2,4,1,0,0,5,1,5,1,0,1,352,4,28,283,0,1,0,2,1,0,1,8,0,9,10,5,18,18,10,8,2,0
"B11  2",3239,2164,0,0,0,0,0,0,0,0,0,1,3,1,80,4,2,55,0,6,6,1,0,1,0,0,5,0,0,0,0,0,0,0,4,0,2,2,0,0,0,0,0,0,1,51,59,0,1,4,54,0,801,335,2,111,94,155,73,0,0,2,0,0,1,28,8,1,0,2,0,0,3,0,0,1,1,0,0,0,0,0,63,0,6,50,0,0,0,0,1,0,0,2,0,0,1,3,2,2,1,0,0,1
"B11  3",16050,11124,0,1,0,0,0,0,0,0,1,28,25,6,298,6,7,168,16,34,32,16,2,2,0,0,10,3,1,0,0,0,1,0,20,7,9,3,0,1,0,0,0,9,5,145,372,0,42,45,278,7,3755,1691,23,615,432,368,350,6,5,106,0,6,0,153,67,5,9,15,0,2,6,9,0,20,1,1,3,0,0,0,171,0,2,112,0,0,6,0,5,0,0,25,1,1,7,12,13,13,7,4,3,0
"B11  4",11626,6967,0,1,0,0,0,0,0,0,1,7,7,8,126,1,10,42,0,0,34,0,1,6,0,0,31,1,0,0,0,0,0,0,5,3,0,0,1,1,0,0,0,5,5,207,226,0,20,14,189,3,3792,1747,16,620,621,310,302,1,7,11,7,3,3,144,80,9,10,32,0,0,13,7,0,7,2,0,0,0,0,0,167,1,6,139,0,0,3,2,2,1,1,1,0,7,3,1,15,15,8,5,3,0
"B12  0",3877,2790,1,0,0,0,0,0,0,0,0,16,23,2,85,3,5,36,3,6,6,4,5,1,0,1,8,1,3,2,1,0,0,0,11,1,9,0,1,0,0,0,0,5,0,165,145,0,62,52,29,2,286,93,14,65,15,87,3,0,0,1,0,1,0,7,133,15,19,77,2,0,4,5,4,6,1,0,0,0,0,0,209,14,14,168,0,0,0,0,3,0,1,5,0,0,2,2,2,2,4,3,1,0
"B12  8",8186,4983,0,1,0,0,0,0,0,1,0,11,3,1,91,2,21,17,2,3,31,4,0,1,0,2,7,1,0,0,0,0,0,0,21,1,20,0,0,0,0,0,0,9,0,608,178,0,32,53,91,2,1986,883,13,360,140,378,95,0,0,10,0,0,6,101,45,8,13,13,1,0,1,1,6,0,2,0,1,0,0,0,224,3,13,172,0,0,0,0,3,0,1,3,0,5,13,11,16,16,8,6,2,0
"B12  9",7474,5023,1,0,0,0,0,0,0,0,0,14,6,5,100,4,13,39,1,2,13,4,1,5,0,2,13,3,0,0,0,0,0,0,5,2,3,0,0,0,0,0,0,3,0,711,90,0,21,28,37,4,1271,567,13,298,213,103,38,0,0,4,2,1,0,32,71,2,4,49,2,0,1,0,0,13,0,0,1,1,1,0,159,3,16,120,0,0,3,1,2,0,0,9,0,3,2,0,8,8,5,2,3,0
"B13  0",12922,11678,1,1,1,0,0,0,0,0,0,12,12,6,109,16,13,49,4,0,0,1,4,1,5,6,8,2,0,0,0,0,0,0,22,16,5,1,0,0,0,0,0,5,7,55,58,0,11,18,29,0,828,334,30,233,40,33,117,0,0,8,1,0,0,32,61,6,16,28,1,1,0,3,2,3,1,0,0,0,0,0,47,0,7,21,0,1,0,4,0,0,0,11,0,0,1,2,4,4,16,10,4,2
"B13  8",7403,6516,3,0,0,0,0,0,0,0,0,27,8,11,124,10,23,37,7,6,6,4,0,3,1,2,7,5,2,10,1,0,0,0,12,0,10,2,0,0,0,0,0,2,2,106,59,0,16,23,20,0,448,183,11,125,41,10,49,1,0,6,0,1,0,21,49,5,10,15,0,2,10,5,0,2,0,0,0,0,0,0,27,1,1,12,0,0,0,0,2,0,0,1,2,0,1,7,2,2,7,5,2,0
"B13  9",15032,12403,5,2,0,0,0,1,0,0,1,38,9,24,199,26,21,64,5,4,32,3,1,13,6,10,4,6,1,2,0,0,0,1,19,1,10,0,0,8,0,0,0,14,8,173,142,2,18,46,71,5,1728,816,15,349,163,113,155,1,2,10,2,0,4,98,89,13,8,39,3,3,9,8,1,2,3,0,1,2,1,1,156,1,12,113,0,2,1,4,5,0,0,11,1,1,0,5,8,8,12,6,2,4
"B14  4",12148,11612,1,0,0,0,0,0,0,0,0,18,6,5,97,1,5,57,1,0,0,16,1,1,1,2,7,3,1,0,0,0,1,0,9,5,3,0,0,1,0,0,0,9,3,39,27,0,14,5,7,1,245,68,9,67,22,30,35,0,2,4,2,3,0,3,32,3,7,8,2,0,0,3,0,9,0,0,0,0,0,0,37,0,3,16,0,4,0,0,0,0,0,7,4,0,1,2,0,0,8,8,0,0
"B14  5",10413,10022,0,0,0,0,0,0,0,0,0,11,8,2,47,6,5,27,0,0,0,1,0,0,0,2,5,0,1,0,0,0,0,0,5,4,0,0,0,1,0,0,0,3,2,31,43,0,34,4,1,4,100,25,0,31,3,6,14,3,0,15,0,0,0,3,28,4,3,11,0,3,1,4,0,1,1,0,0,2,2,0,95,2,11,59,0,0,0,0,0,1,0,16,1,0,1,4,7,7,7,7,0,0
"B14  6",11630,10851,0,1,1,0,0,0,0,0,0,10,9,7,81,8,11,31,0,3,4,3,6,6,1,2,5,1,0,0,0,0,0,0,14,4,10,0,0,0,0,0,0,11,1,29,90,0,27,36,25,2,370,114,10,112,14,21,72,2,0,17,1,1,0,6,76,5,16,35,1,0,3,6,2,5,3,0,0,0,0,0,61,3,2,27,0,1,0,5,2,0,3,11,0,0,1,6,7,7,12,11,0,1
"B14  7",7313,6717,0,0,0,0,0,0,0,0,0,25,3,11,101,8,20,30,7,0,16,6,0,3,1,1,3,5,0,1,0,0,0,0,7,0,4,0,0,3,0,0,0,3,0,22,27,1,3,9,12,2,335,127,3,96,32,17,42,1,0,9,5,1,0,2,36,7,5,13,4,1,2,3,1,0,0,0,0,0,0,0,25,4,2,7,0,0,3,0,1,0,0,1,0,1,5,1,1,1,0,0,0,0
"B15  1",2503,1977,0,0,0,0,0,0,0,0,0,26,14,16,110,13,5,27,6,3,6,7,11,1,7,19,2,2,0,0,0,0,1,0,4,1,1,1,0,1,0,0,0,3,4,36,124,0,14,94,13,3,28,10,4,7,0,2,1,0,0,0,0,0,0,4,121,11,6,74,2,6,6,5,2,3,6,0,0,0,0,0,38,1,1,14,0,0,2,0,5,0,6,3,0,0,2,4,2,2,0,0,0,0
"B15  2",9405,7988,3,2,2,0,0,0,0,0,0,44,22,44,235,8,27,58,8,12,29,7,7,21,11,26,1,3,3,2,8,1,0,3,13,5,2,2,1,3,0,0,0,23,12,106,175,4,18,139,12,2,271,57,46,71,4,18,19,2,7,18,8,7,3,11,349,34,32,202,6,19,14,6,22,11,3,0,0,2,2,0,90,5,7,39,0,1,7,2,5,1,0,4,0,4,11,4,12,12,14,12,2,0
"B15  3",5802,4997,3,0,0,0,0,0,0,0,0,23,7,25,113,9,19,21,7,4,6,6,0,4,5,24,2,3,0,1,0,0,1,1,3,0,0,0,0,3,0,0,0,9,6,27,64,2,8,48,2,4,328,50,32,98,3,17,39,5,14,34,12,5,1,18,163,3,14,117,2,13,9,2,2,1,0,1,1,0,0,0,27,5,3,2,0,0,2,0,1,2,0,4,0,1,1,6,4,4,1,1,0,0
"B16  0",9500,6829,3,1,1,0,0,0,0,0,0,64,22,12,531,12,7,346,62,9,18,15,26,5,3,7,8,0,0,1,12,0,0,0,15,8,7,0,0,0,0,0,0,25,14,86,175,0,56,80,36,3,1312,496,20,479,199,55,18,2,2,18,1,3,4,15,182,10,11,72,1,8,17,2,8,45,8,0,0,0,0,0,221,4,29,117,0,4,6,7,8,1,2,18,2,3,4,16,2,2,6,3,3,0
"B16  8",6426,4853,4,2,2,0,0,0,0,0,0,83,54,39,336,21,29,153,17,9,14,19,8,15,11,20,4,4,4,5,1,0,0,2,23,3,13,1,4,2,0,0,0,26,15,94,192,0,57,116,12,7,198,36,29,21,10,29,12,7,11,14,18,2,0,9,296,20,18,237,4,6,4,5,1,0,1,0,0,1,1,0,202,15,28,94,2,0,7,2,11,0,6,10,0,2,3,22,3,3,5,5,0,0
"B16  9",6759,5450,2,1,0,0,0,0,0,0,1,36,30,52,388,19,26,180,23,12,20,11,24,13,13,20,12,2,1,1,8,2,0,1,18,7,6,3,1,1,0,0,0,19,6,34,97,0,22,62,8,5,325,67,29,122,6,13,48,0,4,20,5,2,4,5,149,14,20,68,8,7,11,8,3,4,6,0,0,0,0,0,136,8,14,64,2,7,4,4,0,1,2,10,1,1,4,14,6,6,10,9,0,1
"B17  0",8534,7359,5,1,0,0,0,0,0,1,0,27,17,26,253,21,23,66,13,11,34,11,6,4,21,21,5,7,4,0,4,1,0,1,11,5,5,1,0,0,0,0,0,14,2,60,117,1,21,81,10,4,235,51,23,60,3,9,15,5,14,19,15,2,3,16,369,18,14,228,17,35,11,8,9,28,1,0,0,0,0,0,33,3,2,8,0,1,5,0,1,0,0,9,0,0,2,2,1,1,4,0,1,3
"B17  8",8779,7035,3,0,0,0,0,0,0,0,0,28,10,11,283,21,21,117,32,26,7,7,13,9,10,10,4,0,0,1,2,0,3,0,18,9,8,1,0,0,0,0,0,13,9,40,120,0,49,55,16,0,1013,154,53,618,37,40,54,2,7,25,7,2,0,14,98,6,14,47,2,3,4,5,0,12,5,0,1,0,0,0,88,5,5,44,0,4,8,0,0,0,0,10,0,2,2,8,5,5,4,3,1,0
"B17  9",7311,6906,5,0,0,0,0,0,0,0,0,15,14,10,100,17,21,22,0,0,1,0,0,10,0,16,5,5,0,2,0,0,0,1,7,0,6,1,0,0,0,0,0,3,1,13,25,0,2,18,4,1,119,19,10,55,2,6,5,5,7,1,4,0,0,5,72,11,8,40,3,0,3,3,3,1,0,0,0,0,0,0,13,2,0,1,0,2,0,0,0,1,0,3,0,1,0,3,1,1,7,4,0,3
"B18  4",6230,4432,4,1,0,0,0,0,0,1,0,33,12,4,246,3,1,122,24,18,5,35,22,0,7,6,1,0,0,0,0,1,0,1,4,4,0,0,0,0,0,0,0,5,6,35,191,0,111,38,35,7,1002,286,11,391,136,129,13,0,0,3,4,4,20,5,74,11,6,26,0,0,21,0,3,7,0,0,0,1,1,0,163,3,13,94,0,0,0,6,3,0,3,7,0,2,19,13,14,14,3,3,0,0
"B18  5",4851,3678,0,0,0,0,0,0,0,0,0,39,22,7,168,11,2,96,15,2,16,2,6,1,9,2,3,0,3,0,0,0,0,0,3,2,1,0,0,0,1,1,0,4,6,30,128,0,71,29,23,5,458,125,15,181,48,45,19,0,8,1,1,5,2,8,115,13,17,55,0,0,16,0,0,14,0,0,0,1,1,0,186,6,34,92,0,2,1,2,9,1,2,9,0,2,13,13,2,2,3,2,0,1
"B18  6",1849,1567,1,0,0,0,0,0,0,0,0,27,3,13,79,4,7,23,9,2,6,4,0,1,6,9,4,0,2,0,2,0,0,0,2,1,0,0,0,1,0,0,0,7,0,4,25,0,14,10,0,1,34,10,3,7,0,6,2,0,1,0,4,0,1,0,60,9,1,38,3,0,5,0,1,1,2,0,0,0,0,0,23,0,4,12,0,0,0,0,1,0,0,3,0,0,1,2,2,2,2,2,0,0
"B18  7",2455,2066,0,0,0,0,0,0,0,0,0,17,3,5,56,5,1,38,3,6,0,2,0,0,0,0,0,0,0,0,0,0,0,1,2,0,2,0,0,0,0,0,0,8,2,13,48,0,23,9,11,5,111,40,3,34,2,20,3,0,0,6,0,2,1,0,42,9,7,18,0,0,2,0,1,5,0,0,0,0,0,0,81,1,3,69,0,0,2,0,0,0,0,1,0,0,4,1,0,0,1,1,0,0
"B19  1",8292,5168,0,0,0,0,0,0,0,0,0,34,12,3,101,1,1,52,7,2,5,10,12,2,0,1,6,0,0,0,1,0,0,1,2,1,1,0,0,0,0,0,0,6,0,62,130,0,63,15,51,1,2335,598,11,188,260,1129,102,0,3,10,0,2,10,22,120,6,18,18,0,0,68,5,1,4,0,0,1,0,0,0,302,8,63,163,0,0,5,0,9,0,7,6,0,6,13,22,6,6,10,3,4,3
"B19  2",7001,4837,0,0,0,0,0,0,0,0,0,67,46,3,81,0,3,53,3,4,1,8,3,0,0,1,3,2,0,0,0,0,0,0,14,14,0,0,0,0,0,0,0,8,2,117,106,0,47,33,21,5,1110,231,5,64,75,669,49,0,1,1,1,1,5,8,63,6,10,19,0,0,21,3,0,4,0,0,0,0,0,0,536,13,43,391,0,1,1,2,24,0,8,29,1,1,3,19,7,7,4,1,3,0
"B19  3",3447,2594,0,1,0,0,0,0,0,1,0,70,25,9,67,3,8,28,0,1,3,4,0,0,10,4,1,1,2,1,1,0,0,0,2,2,0,0,0,0,0,0,0,5,1,59,86,0,42,42,0,2,155,44,2,22,7,67,1,0,0,6,0,0,0,6,48,1,5,33,0,0,5,2,0,2,0,0,0,0,0,0,322,16,37,219,0,1,0,0,10,0,11,10,1,2,5,10,1,1,2,0,0,2
"B2   4",446,254,0,0,0,0,0,0,0,0,0,2,3,3,27,2,1,7,0,0,1,0,1,0,0,11,1,3,0,0,0,0,0,0,0,0,0,0,0,0,0,0,0,2,1,21,9,0,1,7,0,1,10,3,0,0,0,3,0,2,0,0,0,0,0,2,107,11,7,70,1,0,2,15,1,0,0,0,0,0,0,0,5,0,0,4,0,0,0,0,1,0,0,0,0,0,0,0,2,2,0,0,0,0
"B2   5",162,101,0,0,0,0,0,0,0,0,0,2,3,3,11,3,3,0,0,0,0,0,0,0,0,4,1,0,0,0,0,0,0,0,0,0,0,0,0,0,0,0,0,1,2,4,1,0,1,0,0,0,0,0,0,0,0,0,0,0,0,0,0,0,0,0,34,4,2,17,0,0,2,7,0,0,2,0,0,0,0,0,0,0,0,0,0,0,0,0,0,0,0,0,0,0,0,0,0,0,0,0,0,0
"B20  1",8020,6184,1,0,0,0,0,0,0,0,0,19,5,2,255,1,2,204,19,4,0,6,4,0,5,5,0,0,0,0,5,0,0,0,7,6,0,0,0,1,1,1,0,3,1,19,75,0,38,23,14,0,1367,97,27,1114,41,45,36,0,0,1,0,0,2,4,52,1,7,13,1,7,20,0,0,3,0,0,0,0,0,0,15,0,1,0,0,0,0,0,1,0,1,5,0,3,4,0,7,7,7,6,1,0
"B20  2",10345,7947,4,0,0,0,0,0,0,0,0,45,11,6,401,3,8,284,23,9,3,9,16,6,19,6,12,0,1,1,0,0,0,1,7,4,0,3,0,0,0,0,0,8,5,19,144,0,99,23,19,3,1433,184,43,897,50,138,63,1,2,10,6,9,2,28,129,5,6,56,0,4,36,13,2,6,1,0,0,0,0,0,169,9,35,45,2,1,8,3,8,1,4,30,0,2,11,10,8,8,9,7,0,2
"B20  3",14220,9531,2,2,2,0,0,0,0,0,0,46,15,5,397,12,13,296,12,14,12,6,8,2,6,5,8,3,0,0,0,0,0,0,19,0,10,0,0,9,0,0,0,9,0,103,226,2,83,27,108,6,3201,1082,113,597,273,583,361,12,36,29,13,8,9,85,217,13,11,89,1,3,79,3,12,5,1,0,2,3,3,0,412,34,94,179,0,1,4,7,21,0,3,19,0,7,23,20,17,17,13,8,4,1
"B21  0",9485,5917,0,1,0,0,0,0,0,0,1,32,7,5,512,5,3,287,69,17,44,27,27,3,16,2,7,4,0,0,0,0,0,1,9,8,1,0,0,0,0,0,0,6,5,34,205,0,147,26,23,9,2446,304,80,1511,73,318,87,0,8,21,3,6,16,19,150,18,16,52,0,5,50,0,0,6,3,0,1,2,2,0,144,2,10,59,0,1,8,1,5,0,10,7,0,2,26,13,7,7,2,1,1,0
"B21  8",9138,6097,0,0,0,0,0,0,0,0,0,28,18,5,655,10,4,405,122,33,30,13,23,1,6,0,4,2,0,0,0,1,0,1,1,1,0,0,0,0,0,0,0,19,1,25,160,0,98,39,21,2,1901,188,43,1278,62,235,62,1,4,2,1,6,11,8,82,11,4,14,0,3,43,1,1,4,1,0,0,0,0,0,129,4,15,69,0,6,4,2,4,0,2,5,0,2,2,14,11,11,6,3,2,1
"B21  9",10208,6440,0,0,0,0,0,0,0,0,0,34,18,6,446,5,6,306,39,18,10,18,16,0,17,2,8,0,0,0,0,1,0,0,6,3,2,0,0,1,1,1,0,14,1,45,213,0,132,37,41,3,2568,523,81,1267,158,370,86,0,6,19,0,5,9,44,144,4,19,20,0,1,76,0,0,24,0,0,3,1,1,0,237,2,40,139,0,6,3,1,4,0,0,3,0,5,19,15,21,21,10,5,3,2
"B23  5",14446,13509,0,4,3,0,0,1,0,0,0,36,13,9,283,8,9,206,16,3,12,1,7,7,6,2,3,0,0,0,3,0,0,0,0,0,0,0,0,0,0,0,0,8,8,29,73,1,25,27,20,0,289,75,8,61,15,59,35,2,0,10,12,0,2,10,70,4,19,23,0,1,6,5,1,11,0,0,0,0,0,0,96,5,13,17,0,1,8,2,2,1,1,22,2,3,7,12,5,5,14,12,2,0
"B23  6",10561,9280,0,3,1,0,0,0,0,1,1,34,8,5,554,5,9,429,21,1,23,16,8,24,2,9,4,3,0,0,0,0,0,0,14,14,0,0,0,0,0,0,0,17,2,22,47,1,22,13,10,1,369,99,12,78,15,48,18,6,6,17,55,0,2,13,114,5,21,62,2,1,6,3,2,12,0,1,1,0,0,0,73,1,9,21,0,0,1,0,7,1,1,18,0,0,0,14,4,4,13,7,0,6
"B23  7",15745,13822,0,1,0,0,0,1,0,0,0,60,16,10,585,9,11,454,14,10,32,16,14,11,1,5,2,2,1,2,0,0,0,1,5,5,0,0,0,0,0,0,0,18,4,33,77,2,24,17,21,13,788,279,9,232,95,99,32,0,4,16,7,0,0,15,141,12,18,76,3,6,9,4,0,13,0,1,0,0,0,0,146,5,32,16,0,1,6,1,7,0,12,20,0,2,14,30,9,9,29,28,0,1
"B24  0",10125,9623,3,1,1,0,0,0,0,0,0,5,7,4,124,1,8,86,4,1,1,0,4,6,5,7,1,0,0,0,0,0,0,0,12,6,2,4,0,0,0,0,0,7,1,18,27,0,8,12,6,1,149,45,6,50,1,29,10,2,0,0,0,0,0,6,82,8,40,19,3,1,4,5,0,2,0,0,0,0,0,0,43,0,3,21,0,0,0,0,0,0,0,11,2,1,0,5,6,6,13,8,2,3
"B24  8",7662,6486,1,0,0,0,0,0,0,0,0,32,11,11,309,1,23,228,7,7,14,4,9,1,2,5,3,5,0,0,0,0,0,0,12,9,1,2,0,0,8,8,0,6,3,27,67,0,22,31,14,0,542,238,15,81,109,54,18,0,0,8,10,1,3,5,67,6,7,32,1,2,5,3,0,11,0,0,0,0,0,0,58,0,9,19,0,1,5,3,2,0,0,1,1,1,1,15,7,7,15,11,3,1
"B24  9",9868,9093,1,2,0,0,0,1,0,1,0,12,4,8,278,0,8,203,10,6,7,13,6,10,2,6,5,0,2,0,0,0,0,0,0,0,0,0,0,0,0,0,0,6,6,16,66,0,19,22,24,1,251,105,4,55,12,16,32,0,4,4,18,0,0,1,77,7,9,29,0,1,5,5,3,14,4,0,0,0,0,0,43,0,3,2,1,1,0,0,5,0,0,9,0,0,4,18,3,3,2,1,0,1
"B25  8",15119,12773,1,3,3,0,0,0,0,0,0,21,6,9,328,7,6,198,11,10,22,15,12,17,13,3,11,1,2,0,0,0,0,0,6,5,1,0,0,0,5,5,0,6,1,93,199,0,14,11,173,1,1491,539,5,241,151,378,46,1,1,12,76,8,2,31,57,0,5,13,2,2,13,3,1,17,1,0,0,0,0,0,108,10,2,76,0,1,3,0,2,1,0,7,0,2,0,4,5,5,7,5,1,1
"B26  1",10461,9840,1,0,0,0,0,0,0,0,0,6,4,5,121,4,5,79,2,1,9,3,1,13,1,0,3,0,0,0,0,0,0,0,2,1,0,1,0,0,0,0,0,3,4,18,25,0,0,3,20,2,388,134,11,91,19,80,28,0,5,10,2,0,8,0,18,3,1,9,1,0,0,0,0,4,0,0,1,0,0,0,23,0,3,12,0,0,1,1,1,0,0,3,0,0,0,2,1,1,1,1,0,0
"B26  2",11011,10527,2,1,0,0,0,0,0,1,0,7,1,4,73,0,4,39,3,7,0,4,2,4,0,8,1,1,0,0,0,0,0,0,0,0,0,0,0,0,0,0,0,11,5,8,25,0,0,5,20,0,271,75,2,74,26,56,16,0,0,5,13,0,0,4,46,1,8,5,0,3,0,0,0,29,0,0,0,0,0,0,27,0,1,10,0,2,0,0,0,0,0,6,1,0,0,7,2,2,1,0,1,0
"B26  3",10070,9578,2,1,1,0,0,0,0,0,0,16,6,12,100,11,3,67,0,2,1,0,3,0,0,7,0,1,2,0,0,0,3,0,2,1,0,0,0,1,0,0,0,6,1,19,30,0,1,11,15,3,214,72,0,45,15,35,14,0,3,13,4,9,0,4,38,4,2,26,1,0,0,1,0,4,0,0,0,0,0,0,40,4,0,17,0,0,0,1,1,0,2,13,0,0,0,2,2,2,3,3,0,0
"B27  6",9158,7919,4,2,0,0,0,0,0,2,0,17,3,9,352,1,4,276,8,9,5,5,5,30,3,0,4,1,0,0,1,0,0,0,3,1,0,2,0,0,0,0,0,14,8,32,32,0,9,8,12,3,641,220,11,176,58,59,58,0,2,4,28,0,1,24,67,4,7,20,0,0,3,6,1,26,0,0,0,0,0,0,48,1,4,26,0,0,1,0,9,0,0,2,0,0,4,1,3,3,4,1,1,2
"B27  7",14513,12686,1,1,1,0,0,0,0,0,0,21,8,9,417,13,9,311,18,10,6,9,13,7,2,3,7,6,0,0,0,0,3,0,23,18,2,2,1,0,0,0,0,12,5,50,96,1,20,26,39,10,1030,378,24,198,75,118,126,0,23,30,23,11,0,24,78,5,21,36,0,1,4,0,1,5,5,0,0,0,0,0,63,1,0,19,0,0,0,1,9,0,5,12,0,1,1,14,9,9,4,3,0,1
"B28  0",13936,12606,2,0,0,0,0,0,0,0,0,15,2,9,87,11,8,24,1,1,5,0,0,7,3,5,9,3,5,4,1,0,0,0,1,0,1,0,0,0,0,0,0,4,0,32,51,0,9,13,28,1,1044,272,22,307,49,50,278,0,13,16,0,1,0,36,38,2,11,15,0,0,2,3,2,1,2,0,1,0,0,0,26,0,0,4,0,3,0,1,5,0,0,7,1,0,1,4,8,8,10,8,0,2
"B28  8",7423,6042,0,0,0,0,0,0,0,0,0,13,10,3,90,8,8,47,3,3,8,3,0,1,0,1,4,4,0,0,0,0,0,0,8,6,1,1,0,0,0,0,0,1,4,39,22,0,1,6,15,0,1108,372,13,322,100,66,195,0,1,2,2,2,0,33,33,1,11,5,0,1,11,1,2,1,0,0,0,0,0,0,47,0,0,21,0,0,0,0,7,0,0,10,3,2,2,2,1,1,2,1,0,1
"B28  9",7396,6375,0,1,1,0,0,0,0,0,0,6,2,2,96,5,12,51,1,0,4,6,0,11,1,3,1,1,0,0,0,0,0,0,5,3,2,0,0,0,0,0,0,2,4,22,18,0,5,9,4,0,810,210,16,258,58,48,191,0,0,2,3,0,0,24,28,2,8,16,0,0,1,0,0,1,0,0,0,0,0,0,14,1,0,7,0,0,0,0,2,0,0,0,1,2,0,1,7,7,4,4,0,0
"B29  4",5842,5359,1,2,2,0,0,0,0,0,0,20,1,6,42,2,3,15,0,2,2,2,3,6,2,0,3,0,0,1,1,0,0,0,7,7,0,0,0,0,0,0,0,8,2,82,88,0,20,50,15,3,96,30,7,11,3,25,7,0,0,5,0,0,5,3,93,9,6,33,0,33,2,0,4,6,0,0,0,0,0,0,32,3,8,3,0,0,2,0,0,0,0,9,0,2,0,5,0,0,3,3,0,0
"B29  5",9665,9087,3,2,0,0,0,0,0,2,0,8,7,13,90,8,11,44,4,2,6,4,1,1,1,2,5,1,0,0,0,0,0,0,13,3,10,0,0,0,0,0,0,8,6,31,67,0,13,43,10,1,98,26,9,14,13,10,8,0,0,5,8,2,0,3,146,5,6,31,0,16,0,5,5,74,4,0,0,2,0,2,79,9,2,26,0,1,1,4,3,0,0,18,0,3,2,10,2,2,3,3,0,0
"B29  6",13302,11263,4,0,0,0,0,0,0,0,0,49,21,34,306,23,21,65,15,7,47,26,5,10,23,32,7,12,1,3,5,3,1,0,11,3,4,2,0,2,0,0,0,9,22,103,114,0,35,62,9,8,374,74,27,92,5,80,21,2,8,27,15,14,4,5,914,61,13,581,12,43,10,24,119,40,11,0,0,1,1,0,64,7,5,7,0,6,6,5,2,0,0,12,0,4,2,8,9,9,4,4,0,0
"B29  7",11813,10639,7,1,0,0,0,1,0,0,0,45,23,32,218,13,31,55,5,4,28,7,3,6,24,12,6,5,2,16,0,0,0,1,14,4,2,2,0,6,1,0,1,21,19,60,58,0,17,23,11,7,322,88,16,70,23,61,28,1,0,13,4,4,1,13,303,25,9,173,2,6,15,12,29,29,3,0,0,0,0,0,44,0,5,8,0,13,0,3,2,0,2,1,0,0,2,8,5,5,1,0,1,0
"B3   1",2413,2020,0,0,0,0,0,0,0,0,0,19,3,15,86,10,17,13,3,0,10,3,6,4,4,7,2,2,2,3,0,0,0,0,5,0,1,0,0,4,0,0,0,9,4,13,24,0,7,12,0,5,39,8,9,3,0,0,1,2,8,1,0,0,0,7,171,21,12,110,10,2,1,10,3,1,1,0,0,1,1,0,2,0,0,0,0,2,0,0,0,0,0,0,0,0,0,0,0,0,2,2,0,0
"B3   2",130,97,0,0,0,0,0,0,0,0,0,0,1,0,10,3,1,3,1,0,0,0,0,0,0,2,0,0,0,0,0,0,0,0,1,1,0,0,0,0,0,0,0,0,0,2,0,0,0,0,0,0,0,0,0,0,0,0,0,0,0,0,0,0,0,0,19,2,1,13,0,0,0,3,0,0,0,0,0,0,0,0,0,0,0,0,0,0,0,0,0,0,0,0,0,0,0,0,0,0,0,0,0,0
"B30  1",9786,9496,2,1,0,0,0,0,0,1,0,13,7,8,64,9,19,5,1,2,4,3,0,1,1,9,3,3,3,0,0,1,0,0,18,1,17,0,0,0,0,0,0,4,2,16,22,0,5,14,0,3,84,11,3,24,2,14,7,0,0,8,3,6,0,6,36,2,1,18,2,8,0,0,1,4,0,0,1,0,0,0,8,0,1,1,0,0,0,0,1,0,0,2,0,0,1,2,0,0,4,3,1,0
"B30  2",11042,10400,1,0,0,0,0,0,0,0,0,21,8,17,100,12,20,32,4,4,4,1,5,4,2,2,4,3,0,1,0,0,2,0,27,3,19,0,0,5,0,0,0,11,7,30,34,0,6,23,5,0,268,57,6,34,8,110,24,3,0,9,11,3,2,1,82,3,3,24,0,0,8,4,6,31,3,0,1,0,0,0,28,1,1,6,1,3,3,0,1,0,1,6,2,0,1,2,1,1,6,5,0,1
"B30  3",7081,6753,0,0,0,0,0,0,0,0,0,21,16,7,63,1,3,33,3,3,1,1,4,1,5,1,4,0,0,0,2,0,1,0,13,4,8,1,0,0,0,0,0,3,3,14,19,2,4,12,1,0,110,35,1,28,1,27,10,0,0,5,0,0,0,3,29,1,5,9,1,4,0,2,1,5,1,0,0,0,0,0,23,0,0,10,0,4,1,0,1,0,0,3,0,0,1,3,5,5,2,2,0,0
"B31  1",10859,10329,0,0,0,0,0,0,0,0,0,17,4,7,63,4,4,38,5,2,3,1,0,2,0,0,0,3,0,0,0,0,1,0,6,1,5,0,0,0,0,0,0,18,1,26,47,0,10,26,8,3,113,38,7,11,3,11,5,0,3,9,22,2,0,2,167,6,16,52,1,27,6,2,1,56,0,0,0,0,0,0,56,0,8,12,0,1,1,3,5,0,0,15,0,0,1,10,4,4,1,0,1,0
"B31  2",11552,11041,4,0,0,0,0,0,0,0,0,37,5,3,68,10,7,19,3,1,4,3,2,3,5,7,1,0,1,0,0,0,2,0,10,1,3,2,0,4,0,0,0,13,1,38,50,2,12,29,7,0,103,25,4,30,0,6,4,1,3,16,3,6,0,5,107,4,15,36,5,21,5,2,0,16,3,0,0,0,0,0,65,2,1,12,0,8,0,3,1,0,2,26,0,0,2,8,2,2,5,4,1,0
"B31  3",10690,10442,1,1,1,0,0,0,0,0,0,8,5,2,38,1,0,20,2,0,7,2,1,0,0,2,2,0,0,0,0,0,0,1,6,1,1,1,2,1,0,0,0,4,0,12,19,0,9,8,0,2,63,7,0,12,2,12,7,1,0,16,4,2,0,0,48,1,7,21,0,4,1,2,1,11,0,0,0,0,0,0,33,0,2,16,0,1,0,2,0,0,1,3,1,0,1,6,2,2,6,4,0,2
"B31  4",9461,9241,1,0,0,0,0,0,0,0,0,14,8,4,30,3,0,14,5,1,0,1,0,0,3,0,0,0,2,1,0,0,0,0,6,2,3,1,0,0,0,0,0,5,0,19,18,0,6,6,6,0,34,10,0,7,2,5,1,0,0,2,1,3,0,3,52,1,6,29,1,0,1,2,0,11,1,0,0,0,0,0,28,0,0,8,0,2,4,1,0,1,3,5,0,0,0,4,0,0,1,1,0,0
"B31  5",9365,8989,1,0,0,0,0,0,0,0,0,2,8,1,57,6,2,27,0,1,7,2,4,1,1,2,3,1,0,0,0,0,0,0,12,7,4,0,1,0,0,0,0,4,1,24,25,0,10,10,2,3,41,14,0,11,4,6,0,0,0,0,3,3,0,0,110,3,5,18,0,17,4,1,1,58,3,0,0,0,0,0,71,1,11,6,1,0,8,3,3,0,0,15,0,10,5,8,2,2,17,11,5,1
"B32  1",9000,8529,3,0,0,0,0,0,0,0,0,17,0,2,79,4,8,44,10,2,1,1,0,3,1,4,0,1,0,0,0,0,0,0,14,11,2,1,0,0,0,0,0,1,1,25,38,0,4,27,2,5,179,24,13,96,2,15,11,0,5,0,6,0,0,7,52,5,7,16,0,0,0,2,0,22,0,0,0,0,0,0,48,0,2,12,0,1,1,0,0,0,3,15,0,0,1,13,3,3,9,9,0,0
"B32  2",11422,10334,3,3,2,0,1,0,0,0,0,38,31,11,159,5,8,76,10,6,16,7,0,9,5,8,2,0,3,0,0,0,1,3,27,21,5,1,0,0,0,0,0,21,6,67,170,0,50,109,8,3,291,81,9,110,8,41,18,0,1,8,9,5,0,1,122,10,31,40,0,0,4,2,8,24,3,0,0,0,0,0,133,9,10,45,0,0,12,0,0,1,2,31,7,2,4,10,1,1,5,1,2,2
"B32  3",11398,10990,1,0,0,0,0,0,0,0,0,12,12,5,75,6,5,33,2,9,2,7,2,3,2,1,1,1,0,0,0,0,0,1,5,2,2,0,1,0,0,0,0,2,4,12,39,0,10,27,0,2,68,23,4,17,5,3,4,0,0,0,7,0,2,3,107,8,4,14,1,0,7,3,6,64,0,0,0,0,0,0,52,3,4,11,0,2,3,1,2,0,0,19,0,0,0,7,4,4,10,7,2,1
"B32  4",4936,4793,1,0,0,0,0,0,0,0,0,25,1,0,14,1,1,9,0,0,1,2,0,0,0,0,0,0,0,0,0,0,0,0,4,0,0,4,0,0,0,0,0,3,1,16,21,0,7,12,2,0,19,10,0,7,0,0,2,0,0,0,0,0,0,0,12,2,3,1,0,0,0,0,0,6,0,0,0,0,0,0,18,1,0,2,0,0,0,0,1,0,1,7,0,1,0,5,1,1,7,5,2,0
"B33  0",9976,9625,0,0,0,0,0,0,0,0,0,7,0,4,96,3,5,58,4,0,5,4,3,8,1,1,0,0,3,0,1,0,0,0,2,1,0,1,0,0,0,0,0,1,3,9,20,1,6,8,4,1,108,40,0,13,20,19,5,0,0,1,6,2,0,2,32,2,3,5,0,0,1,2,1,18,0,0,0,0,0,0,60,0,4,42,0,0,0,1,2,1,4,0,0,1,3,2,3,3,6,4,2,0
"B33  8",11338,9934,1,0,0,0,0,0,0,0,0,21,27,8,152,6,3,79,7,5,16,5,2,11,6,5,5,2,0,0,0,0,0,0,9,4,3,2,0,0,0,0,0,9,3,19,129,0,4,5,120,0,745,359,5,128,127,58,23,0,1,0,32,0,0,12,84,0,10,18,0,3,11,4,1,37,0,0,0,0,0,0,184,2,10,130,0,1,3,2,3,0,11,13,0,0,2,7,3,3,10,9,1,0
"B33  9",11354,10477,0,1,0,0,0,1,0,0,0,9,13,0,115,0,3,84,1,2,7,10,3,3,0,0,1,1,0,0,0,0,0,0,6,4,0,1,0,1,0,0,0,5,2,20,82,0,3,9,69,1,456,188,10,100,88,30,11,0,1,8,12,2,0,6,96,1,10,15,0,3,2,1,0,61,3,0,0,0,0,0,61,0,1,29,0,1,0,1,0,0,4,17,0,0,0,8,2,2,9,3,3,3
"B34  6",10648,9758,0,2,2,0,0,0,0,0,0,7,1,3,76,0,7,49,0,0,0,1,6,2,3,3,0,1,0,0,0,0,4,0,4,1,1,1,0,1,0,0,0,4,1,32,67,0,24,10,33,0,624,327,0,114,122,22,19,0,0,0,0,1,0,19,26,1,1,13,0,0,2,1,1,5,2,0,0,0,0,0,31,0,1,13,0,0,7,1,0,0,4,4,0,1,0,0,9,9,3,3,0,0
"B34  7",7760,7608,0,1,1,0,0,0,0,0,0,1,1,1,39,0,4,27,0,2,1,0,3,0,0,1,0,1,0,0,0,0,0,0,0,0,0,0,0,0,0,0,0,1,0,5,27,0,6,8,13,0,48,17,0,10,13,5,1,0,0,2,0,0,0,0,13,0,2,4,0,0,0,2,0,3,2,0,0,0,0,0,11,0,0,4,0,0,1,0,0,0,0,4,0,0,0,2,1,1,3,2,1,0
"B35  6",4077,4006,0,0,0,0,0,0,0,0,0,3,6,0,22,0,0,18,0,0,4,0,0,0,0,0,0,0,0,0,0,0,0,0,0,0,0,0,0,0,0,0,0,0,1,5,19,0,15,4,0,0,2,1,0,1,0,0,0,0,0,0,0,0,0,0,2,0,0,2,0,0,0,0,0,0,0,0,0,0,0,0,10,0,1,1,0,0,2,0,0,0,0,6,0,0,0,0,0,0,1,1,0,0
"B35  7",5522,5407,0,0,0,0,0,0,0,0,0,2,0,1,28,1,4,18,1,0,0,0,3,0,0,0,0,0,0,0,1,0,0,0,1,1,0,0,0,0,0,0,0,4,3,3,7,0,3,4,0,0,29,1,3,12,1,3,0,2,0,3,4,0,0,0,17,0,7,7,0,0,0,1,0,1,1,0,0,0,0,0,18,2,0,1,0,0,1,0,0,1,0,9,0,0,2,2,0,0,2,2,0,0
"B36  0",12197,12060,1,0,0,0,0,0,0,0,0,16,2,2,32,2,3,12,0,0,2,0,1,1,4,6,1,0,0,0,0,0,0,0,2,0,2,0,0,0,0,0,0,0,3,12,9,0,0,3,6,0,31,7,0,9,3,6,5,0,0,0,0,0,0,1,9,0,1,3,1,0,0,2,0,2,0,0,0,0,0,0,10,1,0,0,0,0,0,0,0,0,3,5,0,0,0,1,0,0,8,5,1,2
"B36  8",12077,10210,1,0,0,0,0,0,0,0,0,28,20,2,136,1,2,59,4,3,29,0,16,0,0,9,5,4,4,0,0,0,0,0,4,2,1,0,0,1,0,0,0,7,1,65,152,0,14,48,89,1,1197,558,5,209,259,130,14,0,0,0,5,0,0,17,44,5,1,28,0,0,5,2,0,1,2,0,0,0,0,0,188,0,13,107,0,0,12,3,2,0,0,22,1,5,14,9,5,5,17,12,5,0
"B36  9",8996,8849,0,0,0,0,0,0,0,0,0,5,0,3,27,1,1,14,1,2,0,0,0,0,0,6,0,2,0,0,0,0,0,0,1,0,1,0,0,0,0,0,0,2,0,7,12,0,2,2,7,1,54,10,0,14,3,21,1,0,0,5,0,0,0,0,34,0,11,18,0,1,3,0,0,0,1,0,0,0,0,0,2,0,0,0,0,0,0,0,0,0,0,1,0,0,0,1,0,0,0,0,0,0
"B37  5",9495,9308,0,0,0,0,0,0,0,0,0,16,1,4,57,1,0,37,1,0,3,1,11,2,1,0,0,0,0,0,0,0,0,0,3,3,0,0,0,0,0,0,0,1,2,7,20,0,1,15,4,0,24,0,1,2,0,2,5,0,0,1,6,2,0,5,30,1,6,1,0,1,1,7,2,11,0,0,0,0,0,0,19,0,0,1,0,0,0,0,0,0,5,9,0,0,0,4,0,0,3,3,0,0
"B37  6",11270,11036,4,0,0,0,0,0,0,0,0,23,3,4,91,0,2,66,1,0,6,3,1,6,5,1,0,0,0,0,0,0,0,0,3,1,2,0,0,0,0,0,0,0,10,7,11,0,0,9,2,0,23,12,1,7,0,0,1,0,0,0,0,0,0,2,20,3,2,6,3,0,0,4,0,2,0,0,0,0,0,0,32,0,0,5,0,2,6,6,0,0,2,5,0,0,0,6,2,2,1,0,0,1
"B37  7",13344,13164,3,0,0,0,0,0,0,0,0,11,1,3,53,1,1,33,3,1,3,0,0,1,3,5,0,0,0,0,2,0,0,0,2,1,0,0,0,1,0,0,0,0,7,9,10,0,3,2,3,2,36,4,0,25,0,2,1,0,0,3,0,1,0,0,26,0,13,5,3,0,1,4,0,0,0,0,0,0,0,0,15,0,0,1,0,0,0,0,0,0,1,6,1,0,1,5,2,2,2,2,0,0
"B38  0",1986,1942,0,0,0,0,0,0,0,0,0,0,0,2,14,0,0,6,0,2,0,0,0,2,3,0,1,0,0,0,0,0,0,0,0,0,0,0,0,0,0,0,0,2,0,0,0,0,0,0,0,0,10,1,1,4,0,0,4,0,0,0,0,0,0,0,5,0,2,3,0,0,0,0,0,0,0,0,0,0,0,0,11,0,2,2,0,0,0,0,0,0,0,6,0,0,0,1,0,0,0,0,0,0
"B38  8",8887,8614,4,0,0,0,0,0,0,0,0,5,4,7,50,1,11,14,0,5,0,1,2,1,0,11,0,2,1,0,0,0,1,0,13,3,8,1,0,1,0,0,0,4,1,12,30,0,6,19,0,5,49,15,2,11,6,1,11,0,0,0,1,2,0,0,40,6,5,12,0,0,0,2,0,14,1,0,0,0,0,0,46,0,4,15,0,0,5,0,5,2,0,9,0,0,2,4,3,3,5,5,0,0
"B38  9",9540,9232,3,3,0,0,0,1,0,2,0,20,8,5,48,0,3,28,1,0,0,0,1,4,2,0,4,2,3,0,0,0,0,0,3,1,1,1,0,0,0,0,0,3,7,32,27,0,7,15,5,0,65,10,0,4,5,12,9,0,0,12,2,5,3,3,37,0,2,10,0,7,6,3,0,8,1,0,0,1,1,0,41,0,1,18,0,5,0,1,0,0,1,6,0,1,4,4,2,2,3,2,0,1
"B4   6",338,254,0,0,0,0,0,0,0,0,0,5,2,2,19,4,1,7,0,1,0,2,0,0,0,3,0,0,0,1,0,0,0,0,1,1,0,0,0,0,0,0,0,3,0,8,8,0,3,5,0,0,3,0,1,2,0,0,0,0,0,0,0,0,0,0,27,4,0,22,0,0,1,0,0,0,0,0,0,0,0,0,6,0,2,2,0,0,0,0,1,0,1,0,0,0,0,0,0,0,0,0,0,0
"B4   7",4332,3182,1,0,0,0,0,0,0,0,0,43,13,12,300,6,23,26,4,7,22,21,1,2,58,116,4,3,0,2,4,0,0,1,9,4,2,1,0,2,0,0,0,48,11,35,40,0,11,13,2,14,119,18,34,21,1,7,12,3,1,8,4,3,4,3,490,21,48,360,5,13,17,11,11,3,1,0,0,0,0,0,26,1,1,8,0,3,5,2,2,0,0,1,0,0,0,3,3,3,0,0,0,0
"B42  1",10535,9199,0,0,0,0,0,0,0,0,0,16,5,8,284,8,2,210,2,1,0,11,11,7,20,7,2,0,0,2,0,1,0,0,8,3,1,1,0,3,0,0,0,11,4,5,26,1,8,6,7,4,861,151,26,341,71,159,89,2,3,8,5,2,0,4,53,6,8,34,0,2,1,1,0,1,0,0,0,0,0,0,36,0,2,1,0,6,3,2,4,0,0,8,0,1,1,8,7,7,12,7,5,0
"B42  2",12872,11885,0,2,1,0,0,0,0,1,0,12,7,2,200,10,4,124,4,3,0,14,4,2,21,8,3,2,0,0,1,0,0,0,7,2,3,2,0,0,0,0,0,2,5,15,36,0,9,22,1,4,432,58,20,142,29,104,60,0,6,7,1,1,1,3,205,15,8,141,1,0,24,3,7,5,1,0,0,0,0,0,56,1,0,8,0,0,12,1,11,0,1,13,0,4,2,3,2,2,4,4,0,0
"B43  5",10562,9695,2,0,0,0,0,0,0,0,0,22,7,4,173,2,5,126,22,2,1,0,4,1,5,3,0,0,2,0,0,0,0,0,3,3,0,0,0,0,0,0,0,13,1,8,23,0,9,13,0,1,554,34,15,365,1,39,74,0,0,14,4,4,0,4,26,0,0,7,1,0,11,3,0,4,0,0,0,0,0,0,18,1,2,1,0,0,0,0,0,0,1,8,0,0,1,4,4,4,9,7,0,2
"B43  6",6369,5846,0,0,0,0,0,0,0,0,0,3,3,1,37,2,0,19,6,0,0,1,2,0,3,2,0,0,2,0,0,0,0,0,1,0,0,1,0,0,0,0,0,0,4,6,10,0,8,2,0,0,447,21,12,348,4,17,32,3,3,2,1,0,0,4,6,0,1,1,0,0,3,0,0,1,0,0,0,0,0,0,1,0,0,0,0,0,0,0,0,0,0,1,0,0,0,0,2,2,2,2,0,0
"B43  7",10642,10387,1,0,0,0,0,0,0,0,0,8,1,4,40,1,1,15,0,0,4,5,0,0,3,10,0,1,0,0,0,0,0,0,0,0,0,0,0,0,0,0,0,1,2,1,1,0,0,1,0,0,156,12,3,98,4,12,21,0,1,4,0,0,0,1,28,0,11,13,0,0,2,0,0,2,0,0,0,0,0,0,11,0,0,0,0,0,0,0,0,0,0,3,0,0,5,3,0,0,1,1,0,0
"B44  0",14634,13980,0,1,1,0,0,0,0,0,0,23,5,10,195,2,11,117,4,1,6,7,16,0,18,3,9,0,1,0,0,0,0,0,2,1,0,1,0,0,0,0,0,3,0,18,73,1,13,34,25,0,153,36,0,32,27,34,9,2,0,5,0,0,0,8,43,1,14,14,1,0,3,2,1,7,0,0,0,0,0,0,107,1,3,46,0,0,0,1,10,1,1,21,0,6,5,12,3,3,18,16,1,1
"B44  8",9638,9141,3,1,1,0,0,0,0,0,0,1,3,2,132,7,3,72,7,3,3,0,4,1,16,4,10,0,1,0,1,0,0,0,7,1,6,0,0,0,0,0,0,18,3,7,13,0,1,11,1,0,227,39,6,84,7,27,51,0,6,2,0,0,1,4,50,6,6,25,0,0,2,1,7,2,1,0,0,0,0,0,24,0,0,9,0,2,0,0,1,0,0,6,1,0,0,5,0,0,6,4,1,1
"B44  9",11108,10757,0,0,0,0,0,0,0,0,0,9,5,3,89,2,4,49,3,1,0,10,5,4,2,5,1,2,0,0,0,0,1,0,2,0,2,0,0,0,0,0,0,7,1,5,19,0,2,6,7,4,143,18,8,41,2,28,41,0,0,0,0,4,0,1,36,2,1,18,0,0,8,3,1,1,2,0,0,0,0,0,21,0,0,3,0,0,0,0,0,0,0,8,0,0,0,10,4,4,7,6,0,1
"B45  0",6835,6708,1,0,0,0,0,0,0,0,0,11,0,0,12,0,2,4,1,1,3,0,0,0,0,1,0,0,0,0,0,0,0,0,0,0,0,0,0,0,0,0,0,2,5,5,13,0,8,2,3,0,26,7,0,14,0,1,4,0,0,0,0,0,0,0,28,5,5,4,0,0,1,0,0,13,0,0,0,0,0,0,17,0,0,1,0,0,0,0,0,0,0,12,1,0,0,3,1,1,6,4,1,1
"B45  8",10222,10096,2,0,0,0,0,0,0,0,0,17,1,3,32,3,5,9,3,1,3,1,0,1,0,3,1,0,2,0,0,0,0,0,5,1,1,1,0,2,0,0,0,0,1,1,11,0,4,4,2,1,15,2,0,5,1,0,3,2,1,1,0,0,0,0,23,3,2,12,4,0,0,2,0,0,0,0,0,0,0,0,12,0,0,6,0,0,2,0,0,0,0,3,0,1,0,0,0,0,3,3,0,0
"B45  9",11973,11816,4,1,1,0,0,0,0,0,0,5,5,5,42,10,0,19,4,1,2,0,0,2,0,2,0,0,0,0,0,0,1,1,5,2,2,0,0,1,0,0,0,9,1,2,8,0,1,6,1,0,26,8,2,9,1,3,1,0,0,1,0,0,0,1,26,2,5,8,1,0,0,3,1,6,0,0,0,0,0,0,10,0,0,0,0,0,0,0,0,0,0,7,0,0,0,3,1,1,7,5,2,0
"B46  1",7016,6923,1,0,0,0,0,0,0,0,0,2,1,7,60,6,1,43,1,1,0,1,4,0,0,1,0,0,1,0,1,0,0,0,2,0,0,2,0,0,0,0,0,0,2,0,0,0,0,0,0,0,9,1,1,5,0,2,0,0,0,0,0,0,0,0,8,0,1,2,0,0,0,4,0,1,0,0,0,0,0,0,1,0,0,0,0,0,0,0,0,0,0,0,1,0,0,0,0,0,0,0,0,0
"B46  2",2101,2094,0,0,0,0,0,0,0,0,0,0,1,0,1,0,0,0,0,0,0,0,1,0,0,0,0,0,0,0,0,0,0,0,0,0,0,0,0,0,0,0,0,0,0,0,0,0,0,0,0,0,1,0,0,1,0,0,0,0,0,0,0,0,0,0,3,0,0,0,0,0,0,1,1,1,0,0,0,0,0,0,0,0,0,0,0,0,0,0,0,0,0,0,0,0,0,0,0,0,1,1,0,0
"B46  3",2641,2600,0,0,0,0,0,0,0,0,0,1,1,0,21,2,1,12,0,0,0,0,0,1,4,1,0,0,0,0,0,0,0,0,1,1,0,0,0,0,0,0,0,1,1,0,0,0,0,0,0,0,1,0,0,0,0,0,0,1,0,0,0,0,0,0,8,1,1,1,0,0,0,5,0,0,0,0,0,0,0,0,0,0,0,0,0,0,0,0,0,0,0,0,0,0,0,0,0,0,6,0,0,6
"B47  5",6405,6366,0,0,0,0,0,0,0,0,0,1,0,0,8,3,2,1,1,0,0,0,0,1,0,0,0,0,0,0,0,0,0,0,1,0,1,0,0,0,0,0,0,0,0,0,0,0,0,0,0,0,23,2,2,12,0,1,2,0,0,0,2,0,0,2,4,0,1,1,1,0,0,1,0,0,0,0,0,0,0,0,1,0,0,0,0,0,0,0,0,0,0,0,0,0,1,0,0,0,1,1,0,0
"B47  6",2687,2662,0,0,0,0,0,0,0,0,0,1,0,1,7,0,2,2,0,0,0,0,0,0,0,3,0,0,0,0,0,0,0,0,0,0,0,0,0,0,0,0,0,0,2,1,0,0,0,0,0,0,10,0,0,3,0,0,7,0,0,0,0,0,0,0,2,0,0,2,0,0,0,0,0,0,0,0,0,0,0,0,0,0,0,0,0,0,0,0,0,0,0,0,0,0,0,0,0,0,1,0,1,0
"B48  7",5625,5581,2,0,0,0,0,0,0,0,0,5,0,0,14,0,1,5,0,0,0,2,1,2,2,0,1,0,0,0,0,0,0,0,0,0,0,0,0,0,0,0,0,2,2,1,0,0,0,0,0,0,13,5,0,5,0,0,3,0,0,0,0,0,0,0,4,0,1,2,1,0,0,0,0,0,0,0,0,0,0,0,0,0,0,0,0,0,0,0,0,0,0,0,0,0,0,0,0,0,1,0,0,1
"B49  5",4253,4165,0,0,0,0,0,0,0,0,0,9,1,0,43,1,1,26,2,2,6,0,0,2,0,2,0,0,1,0,0,0,0,0,2,0,1,0,0,1,0,0,0,2,0,0,1,0,0,1,0,0,3,0,1,1,0,0,0,0,0,1,0,0,0,0,21,0,5,5,3,0,0,2,0,6,0,0,0,0,0,0,6,0,0,0,0,0,0,0,0,0,0,3,2,0,0,1,0,0,0,0,0,0
"B49  6",5708,5636,2,0,0,0,0,0,0,0,0,3,1,3,31,6,1,8,4,3,0,0,1,0,2,0,5,0,0,1,0,0,0,0,0,0,0,0,0,0,0,0,0,3,0,1,3,1,0,1,0,1,2,0,1,1,0,0,0,0,0,0,0,0,0,0,20,1,0,4,0,0,0,1,0,14,0,0,0,0,0,0,0,0,0,0,0,0,0,0,0,0,0,0,0,0,0,0,2,2,1,1,0,0
"B5   4",2086,1314,2,3,3,0,0,0,0,0,0,20,10,14,81,7,7,24,4,3,6,4,3,2,1,16,2,1,1,0,0,0,0,0,5,3,0,0,0,2,0,0,0,17,1,49,75,1,4,61,0,9,47,2,13,4,2,2,1,3,2,10,3,2,0,3,442,42,21,320,12,5,8,18,5,0,11,0,0,0,0,0,4,0,2,1,0,0,0,0,0,0,0,0,0,1,0,0,2,2,0,0,0,0
"B5   5",858,638,1,0,0,0,0,0,0,0,0,2,5,0,58,0,3,8,0,0,3,2,0,0,9,33,0,0,0,0,0,0,0,0,2,1,0,0,0,1,0,0,0,2,1,44,7,0,2,2,3,0,11,1,2,1,0,1,0,0,0,2,0,4,0,0,82,5,4,61,0,0,9,0,2,1,0,0,0,0,0,0,5,0,0,2,0,0,0,0,1,0,0,0,0,2,0,0,0,0,0,0,0,0
"B5   6",218,126,0,0,0,0,0,0,0,0,0,5,1,0,21,4,3,3,0,0,0,0,1,0,0,6,0,3,0,0,1,0,0,0,0,0,0,0,0,0,0,0,0,2,0,2,6,0,0,6,0,0,4,0,1,0,0,0,0,0,3,0,0,0,0,0,50,5,1,42,1,0,0,0,1,0,0,0,0,0,0,0,1,0,0,0,0,0,0,0,0,0,0,0,0,0,0,1,0,0,0,0,0,0
"B5   7",8369,6452,3,0,0,0,0,0,0,0,0,40,25,17,183,6,11,53,2,11,7,9,9,4,13,47,5,3,2,0,1,0,0,0,10,3,6,0,1,0,0,0,0,27,6,219,209,2,81,115,9,2,593,180,12,133,26,86,72,2,4,16,14,0,2,46,338,20,45,213,7,22,9,6,2,6,8,0,0,0,0,0,240,6,17,174,0,5,2,0,3,0,1,7,0,2,15,8,4,4,3,2,1,0
"B50  4",5191,5114,1,0,0,0,0,0,0,0,0,5,0,4,45,4,3,14,2,0,6,1,1,0,1,1,4,1,6,0,0,0,0,1,2,0,1,1,0,0,0,0,0,0,0,1,0,0,0,0,0,0,3,2,1,0,0,0,0,0,0,0,0,0,0,0,10,0,2,2,1,0,0,4,0,1,0,0,0,0,0,0,5,0,0,0,0,0,0,0,0,0,0,0,1,0,0,4,0,0,1,1,0,0
"B6   4",1030,727,0,0,0,0,0,0,0,0,0,11,5,0,20,0,0,15,1,0,0,0,0,0,0,0,0,1,3,0,0,0,0,0,0,0,0,0,0,0,0,0,0,1,0,8,16,0,4,3,9,0,168,21,0,5,3,137,0,0,0,2,0,0,0,0,13,2,4,2,0,1,1,1,1,1,0,0,0,0,0,0,61,0,2,47,0,0,0,2,0,0,4,2,0,1,3,0,0,0,0,0,0,0
"B6   5",4095,2703,0,0,0,0,0,0,0,0,0,25,25,2,36,1,2,20,5,3,1,1,0,0,0,1,0,0,2,0,0,0,0,0,2,1,0,1,0,0,0,0,0,2,0,53,70,0,24,25,17,4,837,189,3,51,54,516,12,0,1,0,0,0,0,11,68,14,4,19,0,1,14,2,8,5,1,0,0,0,0,0,257,9,43,171,0,0,3,0,2,0,6,6,0,2,3,12,11,11,4,1,2,1
"B6   6",10721,6321,0,1,0,0,0,0,0,0,1,25,6,2,124,0,7,70,0,20,1,5,8,2,2,0,7,0,1,0,0,0,0,1,4,3,1,0,0,0,0,0,0,4,0,51,94,0,22,17,48,7,3738,1146,50,281,489,1388,251,5,44,12,13,1,2,56,107,18,2,21,0,1,29,2,23,9,2,2,0,1,1,0,224,9,22,123,0,5,4,1,4,1,1,9,0,4,33,8,7,7,10,7,1,2
"B6   7",2565,1896,0,0,0,0,0,0,0,0,0,29,9,0,63,3,1,36,4,11,0,3,1,0,0,0,4,0,0,0,0,0,0,0,5,4,0,0,0,1,0,0,0,5,0,14,39,0,18,8,12,1,362,105,0,53,57,143,4,0,0,0,0,0,0,0,23,2,1,9,0,0,9,0,0,2,0,0,0,0,0,0,116,8,16,47,0,0,4,0,3,0,5,8,0,0,17,8,0,0,4,2,2,0
"B60  1",7487,7419,0,0,0,0,0,0,0,0,0,2,1,3,15,1,6,5,1,0,0,0,0,0,0,1,1,0,0,0,0,0,0,0,1,0,0,0,0,1,0,0,0,2,0,2,0,0,0,0,0,0,31,4,2,23,0,0,0,0,0,0,2,0,0,0,9,0,2,4,2,0,0,0,0,0,1,0,0,0,0,0,1,0,0,0,0,0,0,0,0,0,0,0,1,0,0,0,0,0,1,1,0,0
"B60  2",7590,7474,2,0,0,0,0,0,0,0,0,1,0,2,23,0,4,7,5,0,0,0,0,1,0,2,1,0,3,0,0,0,0,0,1,1,0,0,0,0,0,0,0,4,1,12,2,0,2,0,0,0,48,2,7,16,0,2,2,0,0,1,13,2,0,3,15,0,2,5,0,0,0,3,0,5,0,0,0,0,0,0,5,0,0,0,0,0,0,0,0,0,0,0,3,0,0,2,0,0,0,0,0,0
"B60  3",8634,8540,0,0,0,0,0,0,0,0,0,2,1,1,37,4,3,18,0,1,1,0,2,5,0,2,0,1,0,0,0,0,0,0,2,0,2,0,0,0,0,0,0,1,17,1,2,0,0,1,1,0,13,1,2,8,0,0,0,0,0,2,0,0,0,0,12,1,0,5,2,0,0,0,0,1,3,0,0,0,0,0,2,0,0,0,0,0,0,0,0,0,0,1,0,0,0,1,1,1,2,1,1,0
"B60  4",3259,3222,2,0,0,0,0,0,0,0,0,2,0,1,24,0,13,7,0,1,0,0,0,2,0,0,1,0,0,0,0,0,0,0,2,0,2,0,0,0,0,0,0,0,1,0,0,0,0,0,0,0,4,4,0,0,0,0,0,0,0,0,0,0,0,0,1,0,0,0,0,0,0,0,0,1,0,0,0,0,0,0,0,0,0,0,0,0,0,0,0,0,0,0,0,0,0,0,0,0,0,0,0,0
"B61  0",9707,9620,2,0,0,0,0,0,0,0,0,0,3,2,30,3,6,10,1,0,3,0,0,1,0,3,2,0,1,0,0,0,0,0,1,0,0,0,0,1,0,0,0,2,2,0,1,0,1,0,0,0,24,3,0,14,0,0,1,0,3,1,2,0,0,0,17,1,0,10,1,0,0,2,0,2,1,0,0,0,0,0,0,0,0,0,0,0,0,0,0,0,0,0,0,0,0,0,2,2,1,0,0,1
"B61  7",5032,4734,0,0,0,0,0,0,0,0,0,5,2,1,80,3,38,13,2,0,8,1,0,0,13,1,1,0,0,0,0,0,0,0,6,0,3,2,0,1,0,0,0,45,2,1,6,0,0,1,0,5,21,1,0,2,0,1,0,0,0,0,4,0,13,0,122,3,33,72,1,1,2,9,0,0,1,0,0,0,0,0,4,0,0,0,0,0,0,0,0,0,0,2,2,0,0,0,2,2,1,0,0,1
"B61  8",5620,5545,1,1,1,0,0,0,0,0,0,1,0,4,32,1,3,23,0,1,0,0,0,1,0,3,0,0,0,0,0,0,0,0,3,0,2,0,0,1,0,0,0,0,3,2,1,0,1,0,0,0,12,0,1,7,0,0,0,0,2,0,2,0,0,0,12,0,1,5,0,0,0,1,0,5,0,0,0,0,0,0,0,0,0,0,0,0,0,0,0,0,0,0,0,0,0,0,1,1,2,1,1,0
"B61  9",2412,2397,3,0,0,0,0,0,0,0,0,3,0,0,1,0,0,0,0,0,0,0,0,0,0,0,1,0,0,0,0,0,0,0,1,0,1,0,0,0,0,0,0,0,0,0,0,0,0,0,0,0,5,0,0,2,0,1,0,0,0,2,0,0,0,0,2,0,0,2,0,0,0,0,0,0,0,0,0,0,0,0,0,0,0,0,0,0,0,0,0,0,0,0,0,0,0,0,0,0,0,0,0,0
"B62  0",6143,6003,3,0,0,0,0,0,0,0,0,0,3,6,21,4,2,7,0,0,0,0,0,1,2,0,2,0,0,2,1,0,0,0,1,0,0,1,0,0,0,0,0,2,3,4,3,0,1,2,0,0,71,15,2,52,0,2,0,0,0,0,0,0,0,0,18,0,8,10,0,0,0,0,0,0,0,0,0,0,0,0,3,0,0,0,0,0,0,0,2,0,0,0,0,0,0,1,0,0,2,2,0,0
"B62  8",7813,7504,0,0,0,0,0,0,0,0,0,2,4,1,20,2,1,12,0,0,1,0,0,0,0,4,0,0,0,0,0,0,0,0,2,2,0,0,0,0,0,0,0,1,2,22,3,0,3,0,0,0,229,65,6,87,6,59,0,0,0,2,0,2,2,0,11,2,8,0,1,0,0,0,0,0,0,0,0,0,0,0,4,0,0,0,0,0,0,2,0,0,0,0,0,0,0,2,1,1,7,7,0,0
"B62  9",9743,9366,3,0,0,0,0,0,0,0,0,0,1,4,38,9,1,13,0,1,2,1,3,0,0,6,0,0,0,1,0,0,0,1,0,0,0,0,0,0,0,0,0,0,0,27,26,0,11,12,2,1,250,84,4,122,22,10,7,0,0,0,0,1,0,0,19,0,6,4,0,0,2,6,0,1,0,0,0,0,0,0,4,0,0,0,0,0,0,0,0,0,1,1,0,1,0,1,1,1,4,4,0,0
"B63  1",5788,5747,1,0,0,0,0,0,0,0,0,1,0,1,4,0,1,1,0,0,0,0,0,0,0,0,2,0,0,0,0,0,0,0,0,0,0,0,0,0,0,0,0,1,0,5,0,0,0,0,0,0,22,5,0,12,2,0,3,0,0,0,0,0,0,0,6,0,4,0,1,0,0,1,0,0,0,0,0,0,0,0,0,0,0,0,0,0,0,0,0,0,0,0,0,0,0,0,0,0,0,0,0,0
"B63  2",11588,11083,1,0,0,0,0,0,0,0,0,7,4,3,53,4,3,20,2,3,1,4,3,1,0,7,3,0,1,0,0,0,0,1,3,3,0,0,0,0,0,0,0,8,0,193,12,0,7,4,0,1,174,103,1,48,6,7,3,0,0,2,0,4,0,0,29,1,8,11,0,0,0,0,0,8,1,0,0,0,0,0,16,0,1,0,0,1,0,0,0,0,6,2,1,0,1,4,1,1,1,0,0,1
"B63  3",7571,7435,2,0,0,0,0,0,0,0,0,0,2,5,23,2,0,5,0,5,1,4,1,0,0,1,4,0,0,0,0,0,0,0,0,0,0,0,0,0,0,0,0,2,1,36,11,0,4,1,6,0,30,10,0,10,0,10,0,0,0,0,0,0,0,0,13,0,2,6,0,2,0,2,0,1,0,0,0,0,0,0,10,0,0,0,0,0,0,0,0,0,0,7,1,0,0,2,1,1,0,0,0,0
"B63  4",10184,9730,2,0,0,0,0,0,0,0,0,9,1,3,38,3,5,16,1,3,0,6,3,0,0,0,0,0,1,0,0,0,0,0,6,3,0,3,0,0,0,0,0,8,3,199,46,0,31,9,6,0,60,21,3,23,0,1,6,0,0,4,0,2,0,0,40,1,13,12,2,1,2,4,0,5,0,0,0,0,0,0,35,1,1,0,0,1,1,0,1,0,0,12,0,0,1,17,2,2,2,0,0,2
"B64  5",3575,3448,1,0,0,0,0,0,0,0,0,1,0,0,15,0,0,7,0,0,1,0,6,0,0,0,0,1,0,0,0,0,0,0,2,1,1,0,0,0,0,0,0,1,1,10,16,0,1,2,13,0,59,24,0,34,0,0,1,0,0,0,0,0,0,0,11,1,0,3,0,0,0,1,0,6,0,0,0,0,0,0,9,0,0,0,0,0,0,0,0,0,0,1,0,0,0,8,1,1,0,0,0,0
"B64  6",6552,6142,3,0,0,0,0,0,0,0,0,9,1,2,47,2,0,40,4,0,0,0,0,0,0,0,1,0,0,0,0,0,0,0,4,0,4,0,0,0,0,0,0,0,0,19,19,0,3,1,15,0,252,100,12,90,16,18,5,1,0,6,0,0,0,4,33,0,7,7,0,0,1,1,0,17,0,0,0,0,0,0,17,0,1,2,0,0,0,0,0,0,0,6,0,0,0,8,1,1,3,0,2,1
"B64  7",5684,5525,0,0,0,0,0,0,0,0,0,1,2,3,17,0,0,14,0,0,1,0,0,2,0,0,0,0,0,0,0,0,0,0,6,5,1,0,0,0,0,0,0,1,1,24,6,0,2,0,4,0,79,25,0,45,2,2,2,0,0,2,0,0,0,1,9,3,0,3,0,0,0,2,0,1,0,0,0,0,0,0,5,0,0,1,0,0,0,0,0,0,1,2,0,0,0,1,0,0,5,5,0,0
"B65  0",5657,5312,0,0,0,0,0,0,0,0,0,6,0,1,53,5,1,32,2,0,4,1,1,2,0,0,4,0,0,0,1,0,0,0,3,2,1,0,0,0,0,0,0,6,2,8,9,0,0,6,3,0,224,56,2,99,1,56,6,0,1,3,0,0,0,0,18,5,0,5,0,0,1,2,0,5,0,0,0,0,0,0,13,0,0,1,0,0,0,2,1,0,0,6,0,0,1,2,0,0,2,0,0,2
"B65  8",7462,7255,0,0,0,0,0,0,0,0,0,3,0,1,41,5,2,28,2,0,2,0,0,0,0,0,2,0,0,0,0,0,0,0,0,0,0,0,0,0,0,0,0,4,1,6,7,0,3,2,0,2,112,38,2,52,6,9,3,0,0,0,2,0,0,0,12,0,5,3,0,0,0,2,0,2,0,0,0,0,0,0,16,0,1,0,0,2,0,0,0,4,0,7,1,0,1,0,0,0,4,4,0,0
"B65  9",9689,9420,0,0,0,0,0,0,0,0,0,6,0,3,72,1,2,49,1,1,3,4,7,3,0,0,1,0,0,0,0,0,0,0,3,3,0,0,0,0,0,0,0,5,0,8,7,0,2,3,1,1,122,22,0,85,1,9,0,0,0,5,0,0,0,0,19,3,4,6,0,0,2,2,1,1,0,0,0,0,0,0,17,0,0,0,0,0,3,2,0,0,0,6,0,0,1,5,1,1,6,5,0,1
"B66  1",3429,2313,0,3,0,0,0,0,0,1,2,2,4,8,83,5,0,65,4,2,4,1,1,0,0,0,1,0,0,0,0,0,0,0,5,5,0,0,0,0,0,0,0,23,20,1,73,0,10,32,26,5,847,135,26,289,43,337,13,0,0,0,0,0,1,3,9,0,6,2,0,0,1,0,0,0,0,1,0,0,0,0,29,0,0,4,0,0,0,0,4,0,0,7,0,0,0,14,6,6,2,2,0,0
"B66  2",1474,846,0,0,0,0,0,0,0,0,0,1,1,0,49,0,0,32,0,0,0,14,3,0,0,0,0,0,0,0,0,0,0,0,1,1,0,0,0,0,0,0,0,10,5,1,26,0,6,10,10,0,521,43,11,81,11,371,2,0,0,0,0,0,0,2,2,0,0,2,0,0,0,0,0,0,0,0,0,0,0,0,9,0,0,7,0,0,0,0,0,0,0,0,0,0,2,0,1,1,1,1,0,0
"B66  3",6829,4765,0,2,0,0,0,0,0,2,0,65,10,10,164,3,4,61,14,15,4,18,19,7,1,0,18,0,0,0,0,0,0,0,26,18,4,1,0,3,0,0,0,30,5,58,293,0,139,73,66,15,1082,289,12,532,91,108,5,0,8,21,14,0,0,2,20,1,2,4,2,0,7,0,0,2,2,0,0,1,1,0,287,4,17,193,0,6,1,0,15,2,2,22,0,6,4,15,8,8,3,2,1,0
"B66  4",8281,5747,2,0,0,0,0,0,0,0,0,31,18,6,539,2,11,324,84,36,7,31,26,3,0,5,6,1,1,1,1,0,0,0,33,25,6,0,1,1,0,0,0,30,24,42,217,0,78,58,73,8,1402,486,44,650,116,49,14,0,12,17,6,2,0,6,66,4,15,4,2,2,4,0,2,32,1,1,0,0,0,0,111,7,1,57,0,1,4,1,6,0,5,14,0,1,3,11,6,6,6,2,3,1
"B67  5",9441,8679,0,0,0,0,0,0,0,0,0,22,20,14,246,10,12,158,10,1,18,16,3,3,1,5,2,2,0,1,2,0,0,2,14,8,6,0,0,0,0,0,0,17,8,21,45,0,7,34,2,2,263,50,2,163,5,18,2,0,1,13,2,2,2,3,45,6,10,12,2,0,2,4,1,8,0,0,0,0,0,0,36,0,8,8,0,0,4,0,0,0,2,7,0,0,2,5,7,7,4,4,0,0
"B67  6",10068,8637,4,0,0,0,0,0,0,0,0,31,5,7,175,3,6,74,2,14,4,31,32,1,4,3,1,0,0,0,0,0,0,0,8,2,4,0,2,0,0,0,0,59,12,17,89,0,35,25,28,1,923,244,12,540,56,36,7,0,6,6,12,0,0,4,25,2,3,5,0,0,4,1,0,8,2,0,0,0,0,0,65,0,1,32,0,2,3,0,5,0,3,9,0,0,2,8,2,2,9,5,2,2
"B67  7",9455,6323,0,0,0,0,0,0,0,0,0,14,4,6,267,11,3,145,11,21,16,18,35,0,0,1,5,0,0,0,1,0,0,0,9,6,3,0,0,0,0,0,0,73,2,11,85,0,33,21,28,3,2542,267,45,1998,59,120,4,0,7,21,7,0,9,5,19,1,8,3,0,0,0,0,1,5,1,0,0,0,0,0,88,0,9,33,0,8,3,4,7,0,1,13,0,3,3,4,10,10,2,1,1,0
"B68  0",8939,8454,0,0,0,0,0,0,0,0,0,5,11,3,99,7,6,50,3,2,0,12,6,0,7,3,2,0,0,1,0,0,0,0,5,5,0,0,0,0,0,0,0,6,4,8,15,0,0,14,1,0,261,22,1,211,3,17,7,0,0,0,0,0,0,0,37,2,7,16,0,0,5,2,0,5,0,0,0,1,1,0,24,0,0,0,0,0,0,1,5,0,0,13,0,0,0,5,1,1,5,5,0,0
"B68  8",9271,8229,0,2,0,0,0,0,0,1,1,9,1,4,203,21,5,138,5,2,22,4,2,0,1,0,1,0,0,2,0,0,0,0,10,3,6,1,0,0,0,0,0,18,1,9,39,0,12,14,13,0,704,137,13,486,39,12,0,0,0,12,3,0,0,2,17,1,5,6,0,0,1,3,0,1,0,0,0,1,1,0,18,0,0,1,0,0,0,0,0,0,0,4,1,1,2,9,5,5,1,1,0,0
"B68  9",11216,10230,0,2,0,0,0,0,0,2,0,2,2,2,141,9,5,66,4,13,6,12,12,0,4,3,5,1,0,0,0,0,0,1,17,14,3,0,0,0,0,0,0,10,6,9,19,0,4,7,2,6,706,180,26,426,22,31,9,0,0,10,0,0,0,2,38,5,7,7,0,0,4,1,0,14,0,0,0,1,1,0,26,0,0,1,0,0,8,0,0,1,0,14,0,0,1,1,1,1,4,3,1,0
"B69  1",14203,13356,1,0,0,0,0,0,0,0,0,22,2,1,282,6,3,227,5,3,2,10,9,7,1,4,3,1,0,0,1,0,0,0,7,4,3,0,0,0,0,0,0,4,1,24,72,0,34,24,14,0,337,45,15,226,10,12,7,0,0,21,0,0,0,1,32,2,8,13,0,0,3,4,0,2,0,0,0,1,1,0,49,2,0,2,0,2,3,0,5,0,4,23,0,3,1,4,2,2,10,6,2,2
"B69  2",4902,4253,0,0,0,0,0,0,0,0,0,5,1,4,157,11,0,110,0,0,6,6,5,4,13,1,0,0,0,1,0,0,0,0,0,0,0,0,0,0,0,0,0,5,0,10,10,0,4,6,0,0,428,109,7,251,37,0,1,0,0,14,1,0,8,0,13,1,3,3,0,0,4,2,0,0,0,0,0,0,0,0,12,0,0,0,0,0,0,0,0,0,0,4,0,0,5,3,1,1,3,3,0,0
"B69  3",3366,2822,0,0,0,0,0,0,0,0,0,2,3,0,117,7,1,93,5,2,3,2,4,0,0,0,0,0,0,0,0,0,0,0,1,1,0,0,0,0,0,0,0,1,2,5,1,0,0,1,0,0,397,35,6,309,12,7,8,0,2,6,0,0,0,12,9,0,3,6,0,0,0,0,0,0,0,0,0,0,0,0,4,0,0,0,0,0,0,0,0,0,1,3,0,0,0,0,0,0,2,1,1,0
"B69  4",5046,4321,0,0,0,0,0,0,0,0,0,7,4,0,137,27,1,74,0,1,10,9,10,0,0,2,3,0,0,0,0,0,0,0,7,2,4,1,0,0,0,0,0,34,5,4,11,0,4,4,0,3,475,102,12,289,38,5,11,0,2,6,8,2,0,0,19,0,2,7,0,0,1,6,0,3,0,0,0,0,0,0,17,0,0,0,0,1,1,0,1,0,5,6,1,0,0,2,1,1,4,3,0,1
"B7   4",3307,2366,0,2,2,0,0,0,0,0,0,25,12,0,40,1,7,11,0,0,0,3,4,2,0,0,6,5,0,1,0,0,0,0,3,0,2,0,0,1,0,0,0,1,1,72,69,0,27,21,17,4,156,35,0,18,24,69,7,0,0,1,0,0,0,2,68,8,13,37,0,0,4,2,0,0,4,0,0,0,0,0,488,15,48,347,0,0,2,0,13,7,6,18,0,6,14,12,2,2,2,1,1,0
"B7   5",4609,3480,2,0,0,0,0,0,0,0,0,28,13,2,50,0,2,19,10,3,5,0,2,0,0,2,3,3,1,0,0,0,0,0,1,0,0,0,0,1,0,0,0,5,0,74,98,0,52,24,21,1,306,116,2,44,32,92,1,0,0,9,3,1,0,6,65,10,14,29,0,0,0,1,9,0,2,0,0,1,1,0,474,5,36,398,0,0,3,0,8,0,1,4,0,1,9,9,2,2,8,6,2,0
"B70  0",6634,5514,0,0,0,0,0,0,0,0,0,21,1,1,323,1,1,229,25,7,0,34,22,0,4,0,0,0,0,0,0,0,0,0,9,5,3,1,0,0,0,0,0,27,0,5,19,0,13,2,1,3,674,32,3,521,9,35,51,0,4,7,0,0,10,2,12,0,2,6,1,0,2,0,0,1,0,0,0,1,0,1,20,0,0,8,0,1,0,1,0,0,0,7,0,0,0,3,2,2,5,5,0,0
"B70  6",6568,4483,1,0,0,0,0,0,0,0,0,12,0,0,663,0,0,543,33,34,0,33,13,3,1,1,1,0,0,0,1,0,0,0,10,7,3,0,0,0,0,0,0,15,4,15,81,0,44,22,15,0,1235,128,16,833,48,81,81,2,7,5,4,0,24,6,16,1,1,9,0,0,2,0,0,3,0,0,0,0,0,0,25,0,3,4,0,1,0,0,1,0,0,9,0,1,2,4,7,7,1,0,0,1
"B70  7",2900,2401,0,1,0,0,0,1,0,0,0,3,1,1,143,0,1,113,10,2,0,0,16,0,1,0,0,0,0,0,0,0,0,0,2,2,0,0,0,0,0,0,0,5,0,15,21,0,14,7,0,0,278,31,9,169,4,61,3,0,0,0,0,0,0,1,5,0,0,0,0,0,3,0,0,2,0,0,0,0,0,0,19,0,0,4,0,0,0,0,6,0,4,0,0,0,0,5,2,2,3,2,0,1
"B70  8",3736,2608,0,0,0,0,0,0,0,0,0,3,1,0,293,1,2,224,22,13,2,14,15,0,0,0,0,0,0,0,0,0,0,0,3,0,0,3,0,0,0,0,0,9,0,46,24,0,9,6,9,0,734,103,4,253,34,257,64,0,0,8,2,2,5,2,8,0,0,6,0,0,0,1,0,1,0,0,0,0,0,0,4,0,0,1,0,0,0,0,0,0,0,0,0,0,1,2,0,0,3,2,0,1
"B70  9",6848,5178,1,0,0,0,0,0,0,0,0,4,13,2,462,1,2,356,15,25,4,41,17,0,0,0,0,0,1,0,0,0,0,0,14,13,1,0,0,0,0,0,0,19,0,56,53,0,34,16,2,1,980,104,12,372,29,354,92,1,0,4,0,0,9,3,20,4,0,5,0,0,2,1,0,7,1,0,0,0,0,0,40,0,4,9,0,1,0,0,2,0,1,14,0,4,2,3,1,1,5,3,1,1
"B71  1",8139,6933,0,0,0,0,0,0,0,0,0,21,1,0,407,0,1,345,17,5,0,17,15,0,0,0,1,3,0,2,0,0,0,1,6,6,0,0,0,0,0,0,0,15,0,12,37,0,19,17,0,1,593,43,16,391,15,49,43,1,3,15,4,0,10,3,77,0,8,4,0,0,5,3,0,55,2,0,0,2,2,0,25,0,0,1,0,0,4,0,1,0,0,10,3,0,0,6,6,6,4,3,1,0
"B71  2",9696,9005,0,1,0,0,0,1,0,0,0,4,1,1,253,0,4,207,26,4,0,6,2,0,2,1,0,1,0,0,0,0,0,0,0,0,0,0,0,0,0,0,0,4,8,8,27,0,16,8,3,0,342,23,3,261,2,32,18,0,2,0,0,0,0,1,10,0,4,3,0,0,0,0,0,0,3,0,0,0,0,0,28,0,0,12,0,0,2,1,3,0,0,4,0,0,0,6,0,0,4,3,0,1
"B71  3",8313,7689,0,0,0,0,0,0,0,0,0,19,1,5,210,4,0,146,31,9,0,2,12,0,0,2,1,3,0,0,0,0,0,0,5,2,1,0,0,2,0,0,0,3,1,8,31,0,13,17,1,0,282,15,9,233,2,8,8,0,0,3,0,0,4,0,14,0,4,3,6,0,0,0,0,1,0,0,0,0,0,0,41,0,2,0,0,0,7,1,0,1,6,19,0,0,0,5,2,2,2,2,0,0
"B71  4",3544,3066,0,0,0,0,0,0,0,0,0,5,0,2,159,0,1,142,8,0,0,1,3,0,3,0,0,1,0,0,0,0,0,0,0,0,0,0,0,0,0,0,0,3,0,1,6,0,3,2,1,0,268,17,7,155,4,63,17,0,0,0,4,1,0,0,21,1,1,3,0,0,0,0,0,16,0,0,0,0,0,0,11,1,0,7,0,0,0,1,0,0,2,0,0,0,0,0,1,1,1,1,0,0
"B72  1",9291,9000,1,1,1,0,0,0,0,0,0,9,2,5,60,6,11,21,1,1,3,0,0,3,2,7,2,0,2,0,1,0,0,0,3,1,2,0,0,0,0,0,0,4,3,5,14,2,0,3,6,3,130,29,15,51,2,11,12,0,0,2,6,0,0,2,45,2,24,12,0,0,1,3,1,1,1,0,0,0,0,0,6,0,1,0,0,0,0,4,0,0,0,0,1,0,0,0,2,2,1,0,0,1
"B73  5",12849,12472,2,0,0,0,0,0,0,0,0,15,5,11,108,11,10,51,4,4,7,4,2,2,6,4,2,0,1,0,0,0,0,0,1,1,0,0,0,0,0,0,0,9,6,12,5,0,1,4,0,0,145,32,8,48,4,15,18,0,0,11,3,2,1,3,35,0,14,12,2,1,3,2,1,0,0,0,0,1,1,0,10,0,0,1,0,0,0,2,0,0,0,4,1,0,0,2,1,1,11,10,0,1
"B73  6",9237,8896,2,0,0,0,0,0,0,0,0,9,1,4,35,4,8,14,1,3,1,3,0,0,0,0,0,1,0,0,0,0,0,0,3,0,0,0,0,3,0,0,0,3,6,6,13,0,2,10,1,0,197,30,12,94,3,17,18,0,0,5,8,2,1,7,48,4,17,12,2,2,0,3,0,0,8,0,0,0,0,0,7,1,0,1,0,0,0,0,2,0,0,0,0,0,0,3,2,2,5,3,1,1
"B74  2",9667,9353,2,0,0,0,0,0,0,0,0,8,1,8,42,1,12,9,1,4,0,1,0,3,0,4,1,4,0,2,0,0,0,0,0,0,0,0,0,0,0,0,0,0,0,4,17,0,5,12,0,0,210,16,16,121,4,3,14,5,6,5,6,7,1,6,12,0,1,7,0,0,1,2,1,0,0,0,1,0,0,0,4,0,0,0,0,0,0,0,0,0,0,0,0,0,0,4,1,1,4,3,0,1
"B74  3",11106,10792,2,0,0,0,0,0,0,0,0,6,1,9,30,2,6,8,4,1,0,2,0,0,0,2,3,1,0,0,0,0,0,1,1,0,0,0,0,1,0,0,0,2,3,13,16,0,4,7,4,1,194,26,9,110,5,15,21,2,0,2,4,0,0,0,33,0,6,20,3,0,0,1,1,0,2,0,0,0,0,0,1,0,0,0,0,0,0,0,0,0,0,1,0,0,0,0,0,0,3,2,0,1
"B74  4",10927,10661,2,2,2,0,0,0,0,0,0,8,2,9,56,3,7,16,1,0,4,0,0,6,2,9,4,2,1,1,0,0,0,0,1,1,0,0,0,0,0,0,0,8,4,9,4,0,1,0,3,0,146,18,9,72,9,6,12,3,4,7,3,0,1,2,9,0,0,4,0,1,0,3,0,1,0,0,0,0,0,0,1,0,0,0,0,1,0,0,0,0,0,0,0,0,0,0,0,0,5,5,0,0
"B75  5",7744,7576,1,2,2,0,0,0,0,0,0,8,8,6,28,2,1,9,0,0,6,2,0,1,0,3,1,0,1,0,1,1,0,0,1,0,1,0,0,0,0,0,0,4,1,2,2,0,2,0,0,0,70,5,5,35,6,6,5,1,2,3,2,0,0,0,27,0,4,4,1,0,4,2,0,11,1,0,0,0,0,0,3,0,0,0,0,0,0,0,0,0,0,1,2,0,0,0,0,0,5,5,0,0
"B75  6",8672,8487,1,1,1,0,0,0,0,0,0,2,0,8,32,2,6,13,2,0,0,0,1,2,0,5,0,0,0,1,0,0,0,0,0,0,0,0,0,0,0,0,0,0,1,2,4,0,1,1,1,1,111,25,6,32,4,5,9,1,10,7,8,0,0,4,20,1,4,4,1,0,5,4,0,1,0,0,0,0,0,0,1,0,0,0,0,0,0,0,1,0,0,0,0,0,0,0,1,1,1,0,0,1
"B75  7",9290,9010,1,0,0,0,0,0,0,0,0,8,3,11,58,5,12,25,0,1,5,0,2,1,1,1,0,0,5,0,0,0,0,0,3,2,0,0,0,1,0,0,0,9,0,4,12,0,3,7,2,0,116,18,8,29,1,6,2,2,5,14,29,0,1,1,26,1,2,18,0,0,0,0,0,4,1,0,0,0,0,0,26,0,1,13,0,0,0,0,2,0,0,0,3,0,2,5,0,0,3,2,0,1
"B76  0",365,360,0,0,0,0,0,0,0,0,0,0,0,0,0,0,0,0,0,0,0,0,0,0,0,0,0,0,0,0,0,0,0,0,0,0,0,0,0,0,0,0,0,0,0,0,0,0,0,0,0,0,5,0,0,0,0,0,0,0,0,0,5,0,0,0,0,0,0,0,0,0,0,0,0,0,0,0,0,0,0,0,0,0,0,0,0,0,0,0,0,0,0,0,0,0,0,0,0,0,0,0,0,0
"B76  1",11305,10996,1,0,0,0,0,0,0,0,0,10,2,7,58,7,4,23,6,0,0,0,0,4,3,9,2,0,0,0,0,0,0,0,4,2,1,1,0,0,0,0,0,2,6,20,8,0,1,6,1,0,144,23,3,66,4,6,26,0,0,8,2,2,2,2,34,0,14,14,0,2,1,1,0,1,1,0,0,0,0,0,2,0,1,0,0,0,0,0,0,0,0,0,0,1,0,0,4,4,7,7,0,0
"B76  2",6351,6196,0,0,0,0,0,0,0,0,0,8,1,1,32,6,6,7,0,0,0,0,0,5,0,4,1,0,2,0,0,0,1,0,0,0,0,0,0,0,1,1,0,0,0,8,7,0,0,7,0,0,59,3,4,30,0,4,2,0,2,9,4,0,1,0,34,1,11,14,0,5,2,1,0,0,0,0,0,0,0,0,2,0,1,0,0,1,0,0,0,0,0,0,0,0,0,0,1,1,1,1,0,0
"B76  9",2984,2939,0,0,0,0,0,0,0,0,0,3,0,0,21,1,4,8,3,0,3,0,2,0,0,0,0,0,0,0,0,0,0,0,0,0,0,0,0,0,0,0,0,0,0,2,0,0,0,0,0,0,8,5,1,0,0,0,0,0,0,2,0,0,0,0,10,0,4,2,0,0,0,3,0,0,1,0,0,0,0,0,1,0,0,0,0,0,0,0,1,0,0,0,0,0,0,0,0,0,0,0,0,0
"B77  1",10321,10202,0,1,1,0,0,0,0,0,0,1,1,1,71,1,2,55,7,1,0,0,1,0,2,1,0,0,1,0,0,0,0,0,1,1,0,0,0,0,0,0,0,1,1,3,0,0,0,0,0,0,20,5,0,1,0,4,9,0,0,0,0,0,0,1,15,2,6,2,0,0,0,4,0,0,1,0,0,0,0,0,2,0,0,0,0,1,0,0,0,0,0,0,1,0,0,0,0,0,1,1,0,0
"B77  2",13941,13712,1,1,1,0,0,0,0,0,0,5,0,6,157,2,6,100,14,3,0,5,15,6,2,2,0,0,1,0,0,0,1,0,1,1,0,0,0,0,0,0,0,1,3,5,2,0,1,0,1,0,16,2,0,10,0,0,2,0,0,0,0,1,0,1,17,1,1,4,0,0,0,6,1,4,0,0,0,0,0,0,7,0,0,0,0,3,0,0,0,0,0,3,1,0,0,0,4,4,3,2,1,0
"B77  3",8518,8398,1,0,0,0,0,0,0,0,0,2,4,3,67,0,1,49,3,4,0,5,1,0,1,0,1,0,2,0,0,0,0,0,0,0,0,0,0,0,0,0,0,5,4,1,0,0,0,0,0,0,14,0,1,5,0,0,8,0,0,0,0,0,0,0,13,0,2,4,0,0,0,6,0,1,0,0,0,0,0,0,2,0,0,0,0,0,0,0,0,0,0,2,0,0,0,0,2,2,2,1,0,1
"B77  4",13504,13242,1,0,0,0,0,0,0,0,0,5,7,11,153,2,3,114,9,1,1,11,2,6,0,1,1,0,0,1,0,0,1,0,0,0,0,0,0,0,0,0,0,8,1,8,1,0,1,0,0,0,31,2,0,12,0,2,10,0,0,0,0,4,0,1,21,0,6,0,0,0,2,5,0,4,4,0,0,0,0,0,7,0,0,0,0,1,2,0,0,0,0,0,0,2,2,0,1,1,7,4,1,2
"B77  5",8534,8401,1,0,0,0,0,0,0,0,0,4,6,1,79,0,2,54,18,0,1,1,1,0,0,1,0,0,0,0,0,0,0,1,0,0,0,0,0,0,0,0,0,1,0,1,2,0,0,1,1,0,9,0,0,6,0,0,2,0,0,0,1,0,0,0,24,3,9,5,0,0,0,5,1,1,0,0,0,0,0,0,1,0,0,0,0,0,0,0,0,0,0,0,1,0,0,0,0,0,4,4,0,0
"B78  1",9843,9762,0,1,0,0,0,0,0,1,0,3,0,3,40,3,2,25,0,0,1,1,1,2,0,0,2,0,0,2,1,0,0,0,0,0,0,0,0,0,0,0,0,0,0,1,1,0,0,1,0,0,10,0,0,2,0,0,4,0,0,0,0,0,4,0,19,1,5,7,0,0,0,2,0,4,0,0,0,0,0,0,2,0,0,0,0,0,0,0,0,0,0,2,0,0,0,0,0,0,1,0,0,1
"B78  2",4257,4217,0,0,0,0,0,0,0,0,0,2,0,1,20,1,1,10,0,1,2,0,0,0,1,4,0,0,0,0,0,0,0,0,0,0,0,0,0,0,0,0,0,0,0,0,0,0,0,0,0,0,15,0,2,6,2,1,1,0,0,0,0,0,3,0,0,0,0,0,0,0,0,0,0,0,0,0,0,0,0,0,2,0,0,0,0,0,0,0,0,0,0,0,0,0,0,2,0,0,0,0,0,0
"B78  3",9465,9347,1,0,0,0,0,0,0,0,0,3,1,3,57,1,4,40,0,0,2,2,3,2,1,2,0,0,0,0,0,0,0,0,2,2,0,0,0,0,0,0,0,0,4,0,0,0,0,0,0,0,9,1,0,0,0,0,2,0,0,5,0,1,0,0,31,0,9,16,3,0,0,2,0,1,0,0,0,0,0,0,3,0,0,0,0,0,0,0,1,0,0,2,0,0,0,0,2,2,2,1,0,1
"B79  0",3113,3092,0,0,0,0,0,0,0,0,0,0,1,0,17,0,3,3,0,0,3,4,0,0,0,0,1,0,0,0,3,0,0,0,0,0,0,0,0,0,0,0,0,0,0,0,0,0,0,0,0,0,0,0,0,0,0,0,0,0,0,0,0,0,0,0,3,0,1,1,0,0,0,1,0,0,0,0,0,0,0,0,0,0,0,0,0,0,0,0,0,0,0,0,0,0,0,0,0,0,0,0,0,0
"B79  7",5960,5758,4,0,0,0,0,0,0,0,0,0,6,5,142,2,4,95,7,2,0,12,15,0,1,3,0,0,0,0,1,0,0,0,0,0,0,0,0,0,0,0,0,6,4,1,0,0,0,0,0,0,8,0,0,0,0,2,6,0,0,0,0,0,0,0,21,0,3,13,0,0,0,3,0,2,0,0,0,0,0,0,3,0,0,0,0,0,0,0,0,0,0,3,0,0,0,0,0,0,2,1,1,0
"B79  8",10147,9964,2,1,0,0,0,0,0,1,0,4,3,4,103,2,3,75,11,2,1,4,1,0,0,1,3,0,0,0,0,0,0,0,2,2,0,0,0,0,0,0,0,4,6,3,4,0,1,3,0,0,23,2,0,4,0,0,7,0,2,2,5,0,0,1,19,0,4,5,5,0,2,3,0,0,0,0,0,0,0,0,2,0,0,0,0,0,0,0,0,0,0,0,0,0,0,2,0,0,3,2,0,1
"B79  9",2249,2224,1,0,0,0,0,0,0,0,0,2,1,0,12,1,1,7,0,0,0,0,0,0,0,1,0,0,0,1,0,0,0,1,0,0,0,0,0,0,0,0,0,2,1,0,0,0,0,0,0,0,3,0,0,0,0,0,2,0,0,0,0,0,1,0,3,0,0,0,1,0,0,1,0,1,0,0,0,0,0,0,0,0,0,0,0,0,0,0,0,0,0,0,0,0,0,0,0,0,0,0,0,0
"B8   1",9919,5507,0,2,0,0,0,0,0,0,2,14,8,7,63,2,3,4,5,0,34,3,5,0,0,0,3,1,1,1,0,0,0,1,0,0,0,0,0,0,0,0,0,3,1,74,717,0,22,23,671,1,3161,1183,4,440,892,568,31,0,0,9,5,2,0,27,41,5,7,13,0,1,2,0,4,4,5,0,0,0,0,0,296,4,5,257,0,0,0,1,4,0,2,7,0,1,8,7,15,15,10,8,2,0
"B8   2",14233,10220,0,5,3,0,1,0,0,1,0,13,9,2,172,8,3,36,8,10,64,14,4,0,5,1,10,8,1,0,0,0,0,0,10,3,6,0,0,1,0,0,0,1,0,76,383,0,42,33,304,4,3026,1339,5,539,862,179,22,0,0,8,10,0,23,39,38,2,6,13,1,0,4,0,4,8,0,1,0,0,0,0,248,2,16,167,0,0,3,0,7,1,4,11,0,2,22,13,15,15,14,8,5,1
"B8   3",15088,9418,1,2,0,0,0,1,0,1,0,19,10,8,136,4,11,24,1,5,27,5,9,5,5,1,25,8,5,0,1,0,0,0,10,2,2,0,0,6,0,0,0,1,1,106,766,0,50,28,688,0,4146,1726,5,627,1326,384,14,1,0,11,0,0,4,48,24,0,0,8,0,2,2,1,0,7,4,2,0,0,0,0,408,1,10,357,0,0,1,0,3,2,0,6,0,4,17,7,13,13,17,13,4,0
"B80  7",6883,6792,2,2,0,0,0,0,0,2,0,2,2,3,56,0,2,38,0,1,3,0,6,3,0,3,0,0,0,0,0,0,0,0,5,0,0,0,0,5,0,0,0,0,1,0,4,0,1,2,0,1,9,0,0,5,0,2,0,0,0,2,0,0,0,0,5,0,0,1,1,1,0,2,0,0,0,0,0,0,0,0,0,0,0,0,0,0,0,0,0,0,0,0,0,0,0,0,0,0,0,0,0,0
"B9   4",4048,2790,0,4,1,0,0,0,0,0,3,28,5,1,83,4,11,40,1,2,2,1,5,2,1,3,7,3,1,0,0,0,0,0,25,0,23,0,0,2,0,0,0,0,0,62,283,0,25,12,246,0,483,180,3,58,75,153,10,0,0,3,0,0,0,1,48,4,16,18,0,0,3,1,0,3,3,0,0,0,0,0,229,3,5,213,0,1,0,0,3,0,1,1,0,0,1,1,4,4,3,1,2,0
"B9   5",19114,12692,0,3,0,0,0,0,0,1,2,54,13,7,284,4,16,67,7,0,111,10,5,5,3,2,40,10,2,2,0,0,0,0,27,10,15,1,0,1,0,0,0,0,0,257,967,0,62,73,829,3,3818,1732,19,619,727,559,35,0,4,16,20,0,10,77,118,6,10,25,1,1,5,1,5,62,2,1,1,1,0,1,847,9,23,751,0,0,1,6,9,0,4,13,0,2,9,20,14,14,10,3,6,1
"B90  1",10181,9919,3,0,0,0,0,0,0,0,0,14,0,15,64,5,9,24,1,2,2,2,0,6,0,0,5,2,3,2,0,0,0,1,0,0,0,0,0,0,0,0,0,7,3,6,9,0,0,3,5,1,97,21,12,35,0,5,21,0,0,2,0,0,0,1,37,2,8,18,2,2,0,1,2,1,1,0,1,0,0,0,2,0,0,0,0,0,0,0,0,0,0,2,0,0,0,0,0,0,4,1,0,3
"B90  2",12416,12019,1,0,0,0,0,0,0,0,0,4,8,11,27,4,2,5,1,4,0,0,0,1,0,8,2,0,0,0,0,0,0,0,4,4,0,0,0,0,0,0,0,3,2,17,2,0,0,2,0,0,249,42,6,49,1,6,125,4,3,9,0,1,2,1,50,3,15,25,1,2,1,0,0,3,0,0,1,1,1,0,12,0,0,0,0,0,0,0,0,0,0,3,5,0,0,4,0,0,5,2,1,2
"B90  3",10085,9629,0,1,1,0,0,0,0,0,0,10,2,8,42,9,6,4,1,5,4,0,1,4,0,0,3,3,1,0,0,1,0,0,5,0,5,0,0,0,0,0,0,1,9,14,10,0,0,8,2,0,298,56,14,60,7,10,132,4,1,6,1,0,0,7,42,1,6,26,2,2,0,5,0,0,0,1,1,0,0,0,10,0,0,0,0,0,0,0,0,0,0,1,5,0,0,4,0,0,2,2,0,0
"B90  4",11246,10811,5,0,0,0,0,0,0,0,0,10,8,8,70,11,8,27,0,0,0,1,0,5,1,9,2,3,1,2,0,0,0,0,3,3,0,0,0,0,0,0,0,8,0,20,11,0,2,7,2,0,214,30,20,81,0,3,46,3,1,25,1,1,0,3,66,3,16,27,10,3,0,1,1,3,2,0,0,1,1,0,7,2,0,0,0,0,0,0,0,0,0,0,4,0,0,1,2,2,2,1,1,0
"B91  1",10591,10157,2,0,0,0,0,0,0,0,0,14,4,12,51,15,8,12,0,1,0,1,1,4,0,5,1,3,0,0,0,0,0,0,2,1,1,0,0,0,0,0,0,2,0,15,6,0,1,3,2,0,277,45,21,87,2,18,56,0,5,18,10,6,3,6,37,0,4,22,5,2,1,1,0,2,0,0,1,0,0,0,5,0,0,0,0,0,0,0,0,0,0,2,0,3,0,0,2,2,4,2,0,2
"B91  2",11323,10691,1,0,0,0,0,0,0,0,0,13,12,14,87,8,13,37,4,2,3,0,0,5,5,3,1,1,5,0,0,0,0,0,2,0,2,0,0,0,0,0,0,7,3,27,41,1,1,22,17,0,348,51,29,122,2,19,41,10,18,41,3,0,0,12,47,0,2,13,4,0,1,3,2,22,0,0,0,0,0,0,19,1,2,7,0,0,0,0,2,0,0,0,2,0,2,3,2,2,9,8,0,1
"B91  3",10294,9882,1,0,0,0,0,0,0,0,0,26,9,6,64,7,12,21,0,0,2,0,0,1,1,4,1,7,5,0,0,0,2,1,3,0,1,1,0,1,0,0,0,5,3,18,10,0,0,7,2,1,182,32,17,63,1,8,43,0,1,13,0,0,0,4,76,3,25,19,7,9,1,6,1,4,1,0,0,0,0,0,6,0,0,0,0,0,0,0,0,0,0,4,2,0,0,0,2,2,1,0,1,0
"B92  0",3859,3753,0,0,0,0,0,0,0,0,0,2,2,0,20,1,0,4,0,1,0,2,3,2,0,0,0,4,2,0,0,0,1,0,1,0,0,0,0,1,0,0,0,0,4,9,1,0,0,0,0,1,51,12,7,18,0,3,5,0,0,5,1,0,0,0,12,0,10,0,0,1,0,1,0,0,0,0,0,0,0,0,2,0,0,0,0,0,0,0,0,0,0,0,1,0,0,1,1,1,1,1,0,0
"B92  7",12262,11666,0,2,1,0,0,0,1,0,0,15,4,6,102,2,4,56,2,1,6,0,8,7,4,3,3,1,4,1,0,0,0,0,4,2,1,1,0,0,0,0,0,7,3,15,17,0,2,12,2,1,372,119,8,99,5,52,59,2,7,8,3,1,0,9,19,2,1,5,3,0,1,5,0,0,2,0,1,0,0,0,24,0,0,4,0,0,1,0,0,0,0,6,5,0,2,6,4,4,1,0,0,1
"B92  8",12039,11593,3,0,0,0,0,0,0,0,0,3,6,4,54,3,1,33,0,0,5,0,1,1,2,5,1,0,2,0,0,0,0,0,4,1,2,0,0,1,0,0,0,7,7,17,24,0,5,11,4,4,275,59,21,92,12,43,32,4,5,4,0,0,0,3,30,0,3,18,1,0,5,2,0,1,0,0,0,0,0,0,7,0,0,0,0,0,1,0,0,0,0,2,0,0,0,4,0,0,5,2,0,3
"B92  9",7900,7589,3,0,0,0,0,0,0,0,0,4,3,7,55,2,7,21,1,2,6,0,3,9,0,2,0,0,1,1,0,0,0,0,5,3,2,0,0,0,0,0,0,3,4,9,19,0,0,13,6,0,151,40,10,41,1,15,18,6,5,5,2,2,0,6,31,2,12,14,0,0,0,0,0,3,0,0,1,0,0,0,12,0,0,0,0,0,0,0,0,0,0,0,0,0,0,12,1,1,3,3,0,0
"B93  0",3391,3360,1,0,0,0,0,0,0,0,0,3,0,0,16,1,2,6,4,0,0,0,0,0,0,0,0,2,0,1,0,0,0,0,1,0,1,0,0,0,0,0,0,0,0,0,2,0,2,0,0,0,4,1,1,0,0,0,2,0,0,0,0,0,0,0,3,1,0,0,0,0,0,2,0,0,0,0,0,0,0,0,0,0,0,0,0,0,0,0,0,0,0,0,0,0,0,0,1,1,0,0,0,0
"B93  8",7574,7469,0,0,0,0,0,0,0,0,0,6,1,1,31,3,5,4,0,2,8,1,0,1,1,0,2,0,2,2,0,0,0,0,4,0,3,0,0,1,0,0,0,1,2,2,3,0,2,1,0,0,33,9,0,14,0,0,6,1,0,3,0,0,0,0,15,0,4,0,3,6,0,1,0,1,0,0,0,0,0,0,4,0,0,0,0,0,0,0,0,0,0,2,0,0,0,2,0,0,2,2,0,0
"B93  9",8248,8113,2,0,0,0,0,0,0,0,0,12,1,5,42,3,4,12,2,2,2,0,0,0,0,14,2,1,0,0,0,0,0,0,2,0,2,0,0,0,0,0,0,4,0,10,4,0,3,1,0,0,41,6,1,12,0,1,14,2,1,0,0,0,0,4,7,0,3,1,0,2,0,0,0,1,0,0,0,0,0,0,3,1,0,0,0,0,0,0,0,0,0,0,2,0,0,0,0,0,2,1,0,1
"B94  5",3786,3741,0,0,0,0,0,0,0,0,0,3,0,2,11,4,1,0,0,0,0,0,0,0,4,1,1,0,0,0,0,0,0,0,0,0,0,0,0,0,0,0,0,1,1,2,0,0,0,0,0,0,11,0,2,8,0,1,0,0,0,0,0,0,0,0,13,2,0,9,0,0,0,0,0,2,0,0,0,0,0,0,1,0,0,0,0,0,0,0,0,0,0,0,0,0,0,1,0,0,0,0,0,0
"B94  6",3406,3382,0,0,0,0,0,0,0,0,0,2,0,1,8,1,2,1,1,0,0,0,0,0,0,1,0,1,1,0,0,0,0,0,0,0,0,0,0,0,0,0,0,1,1,1,3,0,0,3,0,0,4,0,2,1,0,0,1,0,0,0,0,0,0,0,2,0,0,1,0,0,0,1,0,0,0,0,0,0,0,0,0,0,0,0,0,0,0,0,0,0,0,0,0,0,0,0,0,0,1,1,0,0
"B95  5",3812,3771,0,0,0,0,0,0,0,0,0,2,1,2,20,2,3,9,1,0,0,0,1,1,0,2,0,1,0,0,0,0,0,0,0,0,0,0,0,0,0,0,0,0,2,1,1,0,0,1,0,0,1,0,0,0,0,1,0,0,0,0,0,0,0,0,6,0,2,3,0,0,0,0,0,1,0,0,0,0,0,0,4,0,0,0,0,0,0,0,0,0,0,0,3,0,0,1,0,0,1,0,0,1
"B95  6",1717,1709,1,0,0,0,0,0,0,0,0,1,0,0,6,0,0,5,0,0,0,0,0,0,0,0,0,1,0,0,0,0,0,0,0,0,0,0,0,0,0,0,0,0,0,0,0,0,0,0,0,0,0,0,0,0,0,0,0,0,0,0,0,0,0,0,0,0,0,0,0,0,0,0,0,0,0,0,0,0,0,0,0,0,0,0,0,0,0,0,0,0,0,0,0,0,0,0,0,0,0,0,0,0
"B96  6",4934,4876,0,0,0,0,0,0,0,0,0,4,0,0,29,1,4,20,1,0,0,0,0,2,1,0,0,0,0,0,0,0,0,0,0,0,0,0,0,0,0,0,0,1,2,2,0,0,0,0,0,0,13,10,0,3,0,0,0,0,0,0,0,0,0,0,6,0,1,0,0,0,1,1,0,2,1,0,0,0,0,0,1,0,0,0,0,0,0,0,0,0,0,0,1,0,0,0,0,0,0,0,0,0
"B97  4",5583,5076,1,0,0,0,0,0,0,0,0,3,0,3,254,4,4,176,38,6,2,10,2,9,0,0,0,1,1,0,1,0,0,0,2,1,0,1,0,0,0,0,0,5,0,0,9,0,5,1,3,0,212,108,8,55,18,10,2,1,1,0,8,0,0,1,10,1,1,0,0,0,0,0,0,8,0,0,0,0,0,0,4,0,0,0,0,0,0,0,0,0,0,1,2,0,1,0,2,2,2,1,1,0
"B97  5",16215,16014,0,0,0,0,0,0,0,0,0,8,3,2,106,3,8,74,2,0,1,5,3,5,0,0,2,2,1,0,0,0,0,0,0,0,0,0,0,0,0,0,0,2,2,3,8,0,2,2,4,0,35,2,4,12,1,5,3,0,0,2,1,2,1,2,21,0,5,3,2,1,0,9,0,1,0,0,0,0,0,0,1,0,0,0,0,0,0,0,1,0,0,0,0,0,0,0,2,2,8,8,0,0
"B97  6",10478,9953,1,0,0,0,0,0,0,0,0,6,4,1,282,2,3,207,33,2,3,12,4,8,0,1,5,0,2,0,0,0,0,0,6,2,2,0,1,1,0,0,0,4,1,11,7,0,3,2,2,0,141,61,5,35,0,21,17,0,0,2,0,0,0,0,39,0,6,13,1,0,10,3,0,5,1,1,0,0,0,0,11,0,0,2,0,3,0,0,3,0,0,2,1,0,0,0,7,7,3,2,1,0
"B98  0",13939,13301,4,0,0,0,0,0,0,0,0,3,9,5,472,3,6,345,45,2,1,15,10,28,7,4,2,2,0,0,2,0,0,0,1,1,0,0,0,0,0,0,0,4,0,8,7,0,0,2,3,2,62,18,2,24,1,2,6,0,1,2,5,1,0,0,51,1,7,15,3,0,1,5,3,16,0,0,0,0,0,0,4,0,0,0,0,0,4,0,0,0,0,0,0,0,0,0,2,2,6,6,0,0
"B98  7",18935,17631,2,1,1,0,0,0,0,0,0,5,5,10,745,11,9,554,95,2,5,23,3,32,6,3,0,0,1,0,1,0,0,0,4,4,0,0,0,0,0,0,0,6,2,13,12,0,2,6,4,0,445,215,17,85,21,23,31,1,1,3,45,0,3,0,24,0,3,9,2,1,0,3,0,5,1,0,0,1,1,0,10,0,3,0,0,3,0,0,0,0,0,1,1,1,0,1,9,9,10,8,1,1
"B98  8",9005,8070,0,0,0,0,0,0,0,0,0,1,2,6,450,1,4,344,52,2,5,7,16,10,4,3,1,0,0,0,0,0,1,0,3,0,0,1,2,0,0,0,0,6,0,5,11,0,7,4,0,0,409,228,3,91,13,16,2,2,0,3,43,0,0,8,28,0,5,13,0,0,0,2,0,6,2,0,0,0,0,0,4,0,0,0,0,1,0,0,0,0,0,0,0,0,2,1,7,7,3,3,0,0
"B98  9",6106,5835,1,0,0,0,0,0,0,0,0,2,2,2,225,2,4,177,14,0,2,7,0,13,1,2,0,2,0,0,0,0,1,0,2,2,0,0,0,0,0,0,0,4,2,4,2,0,0,0,0,2,16,3,0,6,2,0,3,0,0,2,0,0,0,0,4,0,0,0,0,0,0,0,0,4,0,0,0,0,0,0,3,0,0,0,0,0,0,0,0,0,0,0,2,0,1,0,1,1,1,1,0,0
"BA1  1",1837,1369,3,0,0,0,0,0,0,0,0,15,5,34,136,16,10,57,1,3,6,0,1,1,7,26,1,2,1,2,0,0,0,2,6,1,3,1,0,1,0,0,0,8,8,17,9,0,2,5,0,2,20,2,4,0,0,5,2,0,2,0,2,0,2,1,198,15,12,137,6,3,6,11,7,0,1,0,0,0,0,0,2,0,0,0,0,0,0,0,0,0,0,2,0,0,0,0,4,4,3,3,0,0
"BA1  2",6406,5807,3,0,0,0,0,0,0,0,0,42,15,56,299,49,50,99,13,9,5,6,1,15,0,23,4,13,3,3,0,0,4,2,11,2,2,1,1,5,0,0,0,20,10,13,5,0,1,4,0,0,16,0,2,2,0,1,3,0,2,0,3,0,0,3,104,9,8,50,7,12,0,8,4,6,0,0,0,0,0,0,2,0,0,0,0,0,0,0,0,0,0,0,1,0,0,1,0,0,3,3,0,0
"BA1  3",7317,6974,5,0,0,0,0,0,0,0,0,22,7,20,166,38,15,72,6,2,2,2,1,9,1,2,7,2,5,1,0,0,1,0,6,0,0,1,1,4,0,0,0,3,4,17,3,0,0,2,0,1,29,4,2,3,0,0,1,1,5,0,11,1,0,1,54,2,5,22,5,1,1,4,6,7,1,0,0,0,0,0,3,0,0,0,0,0,0,0,0,0,0,1,2,0,0,0,0,0,4,4,0,0
"BA1  4",5122,4869,3,0,0,0,0,0,0,0,0,20,3,11,61,6,10,28,2,2,3,1,0,0,4,1,2,0,1,1,0,0,0,0,4,0,0,0,0,4,0,0,0,4,1,10,10,0,3,0,0,7,63,6,7,1,0,9,0,1,2,2,35,0,0,0,55,3,5,16,2,3,0,1,0,25,0,0,0,0,0,0,6,0,0,0,0,0,0,0,1,0,0,0,1,0,3,1,1,1,1,1,0,0
"BA1  5",4422,4026,0,0,0,0,0,0,0,0,0,27,6,27,156,31,14,39,4,2,9,13,2,5,4,11,4,9,4,2,1,1,0,1,5,0,0,1,0,4,0,0,0,17,6,10,8,0,0,5,0,3,12,4,2,0,0,0,0,0,0,0,1,0,5,0,119,2,34,61,7,5,1,3,1,4,1,0,0,0,0,0,3,0,0,0,0,0,0,1,0,0,0,0,0,0,1,1,0,0,0,0,0,0
"BA1  6",7930,7539,2,0,0,0,0,0,0,0,0,23,19,23,172,19,31,62,16,5,1,3,1,12,6,1,8,5,2,0,0,0,0,0,14,1,7,1,1,4,0,0,0,7,4,22,10,0,0,10,0,0,27,0,3,3,0,9,4,0,0,2,2,0,1,3,61,5,5,35,3,0,2,4,0,6,1,0,0,0,0,0,3,0,0,0,0,0,0,0,1,0,0,0,1,0,1,0,0,0,4,3,0,1
"BA1  7",5341,5215,1,0,0,0,0,0,0,0,0,8,4,5,54,8,10,16,0,0,0,0,1,5,0,2,9,2,1,0,0,0,0,0,1,0,0,0,1,0,0,0,0,4,0,3,11,0,0,11,0,0,9,1,1,0,0,0,0,0,0,0,4,0,2,1,18,2,0,11,1,0,0,0,1,3,0,0,0,0,0,0,6,0,0,0,1,0,0,0,1,0,0,0,0,0,2,2,0,0,2,2,0,0
"BA1  8",886,870,1,0,0,0,0,0,0,0,0,0,0,2,7,0,0,2,1,1,0,0,0,0,0,0,2,1,0,0,0,0,0,0,0,0,0,0,0,0,0,0,0,2,0,0,0,0,0,0,0,0,1,0,0,0,0,1,0,0,0,0,0,0,0,0,2,0,0,1,0,0,0,0,1,0,0,0,0,0,0,0,0,0,0,0,0,0,0,0,0,0,0,0,0,0,0,0,1,1,0,0,0,0
"BA1  9",242,240,0,0,0,0,0,0,0,0,0,0,1,0,0,0,0,0,0,0,0,0,0,0,0,0,0,0,0,0,0,0,0,0,1,1,0,0,0,0,0,0,0,0,0,0,0,0,0,0,0,0,0,0,0,0,0,0,0,0,0,0,0,0,0,0,0,0,0,0,0,0,0,0,0,0,0,0,0,0,0,0,0,0,0,0,0,0,0,0,0,0,0,0,0,0,0,0,0,0,0,0,0,0
"BA10 0",3632,3524,0,0,0,0,0,0,0,0,0,8,1,5,31,2,4,21,0,2,0,0,0,0,0,0,1,1,0,0,0,0,0,0,1,0,0,1,0,0,0,0,0,6,0,1,2,0,0,0,0,2,1,0,0,1,0,0,0,0,0,0,0,0,0,0,51,0,29,20,0,1,0,1,0,0,0,0,0,0,0,0,1,0,0,0,0,0,0,0,1,0,0,0,0,0,0,0,0,0,0,0,0,0
"BA11 1",4794,4611,0,0,0,0,0,0,0,0,0,11,7,2,105,4,8,74,0,0,12,0,0,4,0,0,3,0,0,0,0,0,0,0,3,0,0,0,0,3,0,0,0,5,0,0,1,1,0,0,0,0,4,0,0,0,0,0,0,0,0,0,4,0,0,0,34,2,0,8,0,0,0,10,1,13,0,0,0,0,0,0,10,0,0,0,0,0,4,0,0,0,0,4,1,0,1,0,0,0,1,1,0,0
"BA11 2",10571,10378,0,0,0,0,0,0,0,0,0,5,8,5,137,5,9,104,3,3,1,1,0,1,3,2,3,0,0,1,0,0,1,0,2,0,1,0,0,1,0,0,0,1,5,0,1,0,0,0,0,1,2,2,0,0,0,0,0,0,0,0,0,0,0,0,19,1,0,5,2,0,0,6,1,4,0,1,0,0,0,0,4,0,0,0,0,0,0,0,0,0,0,4,0,0,0,0,0,0,3,3,0,0
"BA11 3",4736,4611,0,0,0,0,0,0,0,0,0,3,4,2,89,3,3,64,4,0,1,5,1,1,1,0,1,2,1,2,0,0,0,0,1,0,0,0,0,1,0,0,0,3,1,0,0,0,0,0,0,0,1,0,0,0,0,1,0,0,0,0,0,0,0,0,18,2,1,0,0,0,0,5,0,7,3,0,0,0,0,0,0,0,0,0,0,0,0,0,0,0,0,0,0,0,0,0,0,0,3,3,0,0
"BA11 4",6084,5949,1,0,0,0,0,0,0,0,0,4,4,2,92,10,4,65,2,0,8,0,0,0,0,0,1,2,0,0,0,0,0,0,0,0,0,0,0,0,1,0,1,0,1,0,0,0,0,0,0,0,8,0,1,1,0,0,5,0,0,0,0,0,1,0,17,1,0,4,2,0,2,6,0,1,1,0,0,0,0,0,1,0,0,0,0,0,0,0,0,0,0,1,0,0,0,0,1,1,3,3,0,0
"BA11 5",3292,3181,0,0,0,0,0,0,0,0,0,4,5,3,72,2,2,55,2,0,1,2,0,1,2,1,0,2,0,0,0,1,1,0,0,0,0,0,0,0,0,0,0,2,1,0,0,0,0,0,0,0,9,0,0,0,0,8,0,0,0,0,1,0,0,0,11,0,2,1,0,0,0,4,0,4,0,0,0,0,0,0,2,0,0,0,0,0,0,0,0,0,0,0,0,0,2,0,1,1,1,0,1,0
"BA11 6",1819,1812,0,0,0,0,0,0,0,0,0,2,0,0,3,0,0,0,0,0,1,0,0,0,0,0,2,0,0,0,0,0,0,0,0,0,0,0,0,0,0,0,0,0,0,0,0,0,0,0,0,0,0,0,0,0,0,0,0,0,0,0,0,0,0,0,2,0,0,0,0,0,0,2,0,0,0,0,0,0,0,0,0,0,0,0,0,0,0,0,0,0,0,0,0,0,0,0,0,0,0,0,0,0
"BA12 0",5406,5253,0,0,0,0,0,0,0,0,0,2,5,2,56,0,21,19,6,1,2,0,4,1,1,0,1,0,0,0,0,0,0,0,2,0,0,0,0,2,0,0,0,2,0,4,1,0,1,0,0,0,38,1,2,0,0,3,0,0,0,2,0,0,30,0,4,0,0,0,1,0,0,1,0,2,0,26,0,0,0,0,7,0,0,0,0,2,0,0,0,0,0,0,3,0,2,0,3,3,1,0,0,1
"BA12 6",4184,4150,0,0,0,0,0,0,0,0,0,5,0,1,19,0,1,8,0,1,0,3,0,2,0,1,2,1,0,0,0,0,0,0,0,0,0,0,0,0,0,0,0,2,0,0,0,0,0,0,0,0,0,0,0,0,0,0,0,0,0,0,0,0,0,0,6,0,0,5,0,0,0,0,0,1,0,0,0,0,0,0,1,0,0,0,0,0,0,0,0,0,0,0,0,0,1,0,0,0,0,0,0,0
"BA12 7",2995,2959,0,0,0,0,0,0,0,0,0,2,0,3,23,1,3,14,0,0,0,0,0,1,0,0,2,1,1,0,0,0,0,0,0,0,0,0,0,0,0,0,0,1,0,0,0,0,0,0,0,0,1,1,0,0,0,0,0,0,0,0,0,0,0,0,6,0,0,0,2,0,0,3,0,1,0,0,0,0,0,0,0,0,0,0,0,0,0,0,0,0,0,0,0,0,0,0,0,0,0,0,0,0
"BA12 8",8702,8405,3,0,0,0,0,0,0,0,0,4,3,8,179,13,40,99,7,0,7,1,2,3,0,0,5,1,0,0,0,0,1,0,5,2,0,0,3,0,0,0,0,13,2,3,1,0,1,0,0,0,10,0,1,0,0,6,0,1,0,0,0,0,2,0,51,0,3,35,0,0,5,6,0,1,1,3,0,0,0,0,7,0,0,0,0,0,0,0,0,5,0,0,0,2,0,0,1,1,4,4,0,0
"BA12 9",6356,6139,1,1,0,0,0,0,0,1,0,5,3,8,114,5,11,77,5,0,1,2,2,4,1,1,2,0,0,0,1,0,2,0,0,0,0,0,0,0,0,0,0,1,0,0,3,1,0,2,0,0,41,0,0,0,0,12,0,0,0,4,0,0,23,2,24,0,1,15,1,0,0,5,0,2,0,8,0,0,0,0,8,0,0,0,0,0,0,0,4,0,0,0,3,0,0,1,0,0,0,0,0,0
"BA13 2",1231,1197,0,0,0,0,0,0,0,0,0,1,0,2,21,0,1,18,0,0,0,0,0,0,0,2,0,0,0,0,0,0,0,0,0,0,0,0,0,0,0,0,0,2,0,1,1,0,1,0,0,0,5,0,0,0,0,0,0,0,0,0,0,0,4,1,1,0,0,1,0,0,0,0,0,0,0,0,0,0,0,0,0,0,0,0,0,0,0,0,0,0,0,0,0,0,0,0,0,0,0,0,0,0
"BA13 3",12329,12120,3,1,0,0,0,0,0,1,0,11,12,4,115,1,12,84,0,0,3,3,1,0,1,0,8,0,1,0,0,0,1,0,3,0,1,0,1,1,0,0,0,5,6,2,1,0,0,1,0,0,10,0,0,0,0,0,0,0,2,1,0,0,5,2,33,5,1,4,1,0,0,9,0,11,2,1,0,0,0,0,0,0,0,0,0,0,0,0,0,0,0,0,0,0,0,0,0,0,2,1,0,1
"BA13 4",5868,5799,1,0,0,0,0,0,0,0,0,3,0,7,28,1,4,8,2,0,1,4,0,5,0,0,3,0,0,0,0,0,0,0,0,0,0,0,0,0,0,0,0,4,1,0,0,0,0,0,0,0,9,0,4,0,0,5,0,0,0,0,0,0,0,0,15,1,0,2,0,0,0,0,0,11,1,0,0,0,0,0,0,0,0,0,0,0,0,0,0,0,0,0,0,0,0,0,1,1,0,0,0,0
"BA14 0",11955,11293,6,1,1,0,0,0,0,0,0,6,18,11,460,6,3,410,12,6,2,0,0,5,9,3,1,2,0,1,0,0,0,0,12,6,0,0,4,2,0,0,0,9,7,27,1,0,1,0,0,0,39,4,0,3,0,14,0,0,0,4,12,0,2,0,48,5,2,19,3,0,0,3,2,12,2,6,0,0,0,0,4,0,0,0,0,0,0,0,0,0,0,1,1,0,0,2,1,1,6,5,0,1
"BA14 6",5748,5646,2,0,0,0,0,0,0,0,0,1,3,1,58,1,6,39,1,0,3,0,1,1,0,2,1,0,3,0,0,0,0,0,1,0,0,1,0,0,0,0,0,1,5,0,3,0,2,1,0,0,7,0,0,5,0,0,0,0,0,0,0,0,2,0,16,0,0,5,2,0,0,1,0,8,0,0,0,0,0,0,4,0,0,0,0,0,0,0,1,0,0,1,1,0,0,1,0,0,0,0,0,0
"BA14 7",14510,13836,1,2,0,0,0,0,0,2,0,13,33,4,471,17,11,405,2,0,6,12,3,5,6,0,1,2,0,1,0,0,0,0,5,2,0,0,3,0,0,0,0,3,8,31,12,2,5,3,2,0,25,0,2,2,0,14,0,0,0,2,3,0,2,0,49,9,4,7,4,3,0,5,1,13,3,4,0,0,0,0,4,0,0,0,0,0,0,0,0,0,0,1,2,0,0,1,1,1,8,6,0,2
"BA14 8",5550,4939,4,1,1,0,0,0,0,0,0,1,14,7,468,2,2,432,10,0,6,4,4,2,2,1,1,1,1,0,0,0,0,0,13,7,0,0,6,0,0,0,0,4,10,16,1,0,0,0,0,1,15,0,2,7,0,0,0,1,3,1,0,0,1,0,44,11,2,5,0,0,2,1,0,23,0,2,0,0,0,0,5,0,0,0,0,0,3,0,1,0,0,0,0,1,0,0,1,1,5,3,0,2
"BA14 9",8415,8124,2,0,0,0,0,0,0,0,0,3,3,3,199,12,8,162,2,4,1,1,0,1,0,3,2,2,1,0,0,0,0,0,9,5,1,0,1,2,0,0,0,0,8,12,8,0,8,0,0,0,11,2,0,0,0,5,0,0,0,2,0,0,0,2,27,2,5,6,2,0,0,1,1,9,1,0,0,0,0,0,5,0,0,0,0,0,1,0,0,0,0,0,1,0,0,3,0,0,1,1,0,0
"BA15 1",8867,8744,2,0,0,0,0,0,0,0,0,9,1,10,56,5,10,25,0,0,0,1,0,2,2,3,3,1,1,1,1,0,0,1,2,0,0,0,0,2,0,0,0,4,0,1,2,0,0,2,0,0,8,0,0,1,0,0,3,0,0,4,0,0,0,0,19,0,4,2,3,1,1,6,0,0,2,0,0,0,0,0,5,0,0,0,0,0,0,0,0,0,0,4,0,0,1,0,2,2,2,2,0,0
"BA15 2",3885,3840,1,0,0,0,0,0,0,0,0,3,0,3,23,1,6,10,0,0,1,0,0,0,2,0,1,1,0,0,1,0,0,0,0,0,0,0,0,0,0,0,0,0,2,1,1,1,0,0,0,0,1,0,0,0,0,0,0,0,0,0,0,1,0,0,9,0,1,1,2,0,0,3,0,1,1,0,0,0,0,0,0,0,0,0,0,0,0,0,0,0,0,0,0,0,0,0,1,1,0,0,0,0
"BA16 0",10065,9722,1,0,0,0,0,0,0,0,0,15,14,10,142,34,13,23,10,2,21,9,0,3,10,0,9,0,3,1,4,0,0,0,1,0,0,0,0,1,0,0,0,24,8,8,2,0,0,2,0,0,37,0,1,0,0,28,0,0,0,0,7,0,1,0,75,1,9,23,3,2,0,22,2,8,5,0,0,0,0,0,3,0,0,0,0,0,0,0,0,0,0,0,1,0,1,1,0,0,3,3,0,0
"BA16 9",2519,2487,2,0,0,0,0,0,0,0,0,0,0,0,27,5,0,15,2,2,0,2,0,0,0,0,0,0,0,1,0,0,0,0,0,0,0,0,0,0,0,0,0,0,0,1,0,0,0,0,0,0,0,0,0,0,0,0,0,0,0,0,0,0,0,0,2,0,0,2,0,0,0,0,0,0,0,0,0,0,0,0,0,0,0,0,0,0,0,0,0,0,0,0,0,0,0,0,0,0,0,0,0,0
"BA2  0",4454,4404,0,0,0,0,0,0,0,0,0,4,0,1,22,1,4,7,0,0,0,0,1,6,0,0,0,1,0,0,0,0,0,2,0,0,0,0,0,0,0,0,0,0,0,0,0,0,0,0,0,0,0,0,0,0,0,0,0,0,0,0,0,0,0,0,18,0,3,2,0,0,0,0,7,5,1,0,0,0,0,0,3,0,0,0,0,0,0,0,0,0,0,0,0,0,0,3,0,0,2,2,0,0
"BA2  1",12387,11845,1,0,0,0,0,0,0,0,0,15,4,21,273,21,7,173,3,10,6,3,7,11,9,9,3,1,5,4,0,0,1,0,8,1,1,0,0,6,0,0,0,7,4,8,5,0,0,3,1,1,51,11,3,3,0,12,1,0,4,4,12,1,0,0,45,0,3,27,2,1,2,5,0,5,0,0,0,0,0,0,15,0,0,1,0,0,0,0,0,0,0,8,2,1,3,0,1,1,84,84,0,0
"BA2  2",10106,9570,5,0,0,0,0,0,0,0,0,22,9,15,245,17,14,149,14,3,7,6,1,15,8,7,2,1,1,0,0,0,0,0,8,5,0,0,1,2,0,0,0,16,2,24,10,2,0,5,0,3,59,7,2,3,0,29,5,0,4,3,4,0,2,0,109,11,11,47,3,5,4,10,3,14,1,0,0,0,0,0,3,0,0,0,0,0,0,0,1,0,0,0,0,0,0,2,2,2,7,6,1,0
"BA2  3",9192,8384,11,0,0,0,0,0,0,0,0,43,15,36,261,40,23,112,3,6,10,6,1,6,7,17,11,8,3,3,0,0,4,1,12,3,0,1,0,8,1,0,1,7,11,30,10,0,0,8,0,2,35,2,7,0,0,14,0,2,0,0,5,2,1,2,334,26,67,180,8,4,5,21,17,5,1,0,0,0,0,0,2,0,0,0,0,0,0,0,0,0,0,0,0,0,2,0,0,0,0,0,0,0
"BA2  4",6119,5571,5,0,0,0,0,0,0,0,0,30,3,42,172,33,16,45,11,1,8,2,0,2,7,23,4,14,3,1,0,0,1,1,12,1,2,1,2,6,0,0,0,9,17,33,13,0,0,11,0,2,27,1,4,0,0,2,0,3,1,7,2,2,1,4,179,19,1,116,8,9,1,14,5,4,2,0,0,1,1,0,3,0,0,1,0,0,0,0,0,0,0,1,0,0,1,0,2,2,0,0,0,0
"BA2  5",6987,6724,2,0,0,0,0,0,0,0,0,15,6,21,117,8,18,47,5,0,5,0,0,4,3,11,7,3,5,1,0,0,0,0,5,1,0,0,1,3,0,0,0,4,8,13,1,0,0,0,0,1,20,2,1,0,0,2,0,4,0,2,4,0,5,0,34,4,1,10,5,1,0,3,3,5,2,0,0,0,0,0,13,0,0,0,0,0,0,0,0,0,0,6,0,0,0,7,0,0,4,1,1,2
"BA2  6",5983,5577,4,0,0,0,0,0,0,0,0,32,3,24,164,23,39,35,4,2,4,5,0,8,14,18,3,4,1,0,0,0,1,3,5,0,1,1,1,2,0,0,0,14,5,9,6,0,0,4,0,2,14,4,0,2,0,0,0,0,0,4,0,2,1,1,126,10,23,50,20,6,6,10,1,0,0,0,0,0,0,0,0,0,0,0,0,0,0,0,0,0,0,0,0,0,0,0,0,0,0,0,0,0
"BA2  7",7050,6497,3,1,1,0,0,0,0,0,0,34,5,26,150,18,33,18,4,0,6,5,1,1,12,32,7,7,2,0,2,0,1,1,19,0,1,5,0,13,0,0,0,11,11,16,7,0,0,4,1,2,8,2,1,0,0,0,1,1,0,0,1,0,0,2,255,19,44,153,7,7,8,13,3,0,1,0,0,0,0,0,5,0,0,0,0,1,1,0,0,0,0,2,0,0,0,1,1,1,1,1,0,0
"BA2  8",7366,7221,1,0,0,0,0,0,0,0,0,13,5,9,62,9,0,43,2,0,4,1,0,0,0,3,0,0,0,0,0,0,0,0,1,0,0,1,0,0,0,0,0,6,1,4,1,0,0,1,0,0,20,1,11,1,0,3,4,0,0,0,0,0,0,0,18,1,1,3,2,0,0,9,0,2,0,1,0,0,0,0,1,1,0,0,0,0,0,0,0,0,0,0,0,0,0,0,1,1,1,0,0,1
"BA2  9",1980,1923,2,0,0,0,0,0,0,0,0,3,1,1,27,4,1,17,1,0,1,1,0,0,0,1,0,0,1,0,0,0,0,0,2,0,0,0,0,2,0,0,0,0,0,4,1,0,0,1,0,0,8,1,0,2,0,0,0,0,0,0,1,0,4,0,5,0,1,0,0,0,0,2,0,2,0,0,0,0,0,0,2,0,0,0,0,0,0,0,0,0,0,0,0,2,0,0,1,1,0,0,0,0
"BA20 1",2093,1813,0,1,0,0,0,0,0,0,1,0,11,8,211,12,6,166,3,3,5,5,0,5,5,0,0,1,0,0,0,0,0,0,1,0,1,0,0,0,0,0,0,1,0,0,0,0,0,0,0,0,11,0,2,0,0,5,0,0,0,4,0,0,0,0,34,0,2,18,1,1,0,2,0,10,0,0,0,0,0,0,1,0,0,0,0,0,0,0,1,0,0,0,0,0,0,0,0,0,1,1,0,0
"BA20 2",8408,8131,5,0,0,0,0,0,0,0,0,3,12,4,193,12,3,135,2,1,14,2,6,4,5,1,6,0,0,2,0,0,0,0,1,0,0,1,0,0,0,0,0,3,2,10,8,0,0,2,0,6,6,0,3,0,0,2,0,0,0,0,1,0,0,0,23,3,0,4,7,0,0,2,1,6,0,0,0,0,0,0,5,0,0,0,0,0,0,0,0,0,0,0,0,0,0,5,0,0,2,2,0,0
"BA21 3",14464,13959,2,1,0,0,0,0,0,1,0,7,19,7,306,20,24,191,5,1,16,11,7,7,14,7,2,0,0,0,1,0,0,0,6,0,0,1,2,3,0,0,0,6,4,6,3,0,1,2,0,0,33,8,1,1,0,3,0,2,2,7,5,4,0,0,78,1,5,12,1,2,0,12,0,44,1,1,0,0,0,0,24,1,0,0,0,1,0,0,0,0,0,10,2,0,0,10,0,0,2,0,2,0
"BA21 4",8520,7865,1,0,0,0,0,0,0,0,0,6,26,5,428,9,7,350,6,1,15,6,7,9,11,2,3,2,0,0,0,0,0,0,1,0,0,0,0,1,0,0,0,4,9,0,4,0,0,1,3,0,84,5,8,0,0,11,2,3,4,5,43,3,0,0,77,1,6,17,0,0,0,5,1,44,3,1,0,0,0,0,5,0,0,0,0,0,0,0,0,0,0,3,0,1,1,0,1,1,3,3,0,0
"BA21 5",9206,8868,1,0,0,0,0,0,0,0,0,9,19,3,256,3,2,226,0,0,3,5,6,8,1,1,1,0,0,0,0,0,0,0,0,0,0,0,0,0,0,0,0,2,12,2,0,0,0,0,0,0,8,0,0,0,0,2,0,0,0,0,2,1,3,0,19,0,1,5,3,0,0,2,0,8,0,0,0,0,0,0,4,0,0,0,0,0,0,0,0,0,0,2,0,0,0,2,1,1,2,1,0,1
"BA22 7",3793,3763,2,0,0,0,0,0,0,0,0,3,0,2,9,2,2,1,0,0,0,0,1,1,0,1,1,0,0,0,0,0,0,0,2,1,0,0,0,1,0,0,0,2,0,0,0,0,0,0,0,0,1,0,0,0,0,0,0,0,0,0,0,0,0,1,3,0,0,2,0,1,0,0,0,0,0,0,0,0,0,0,1,0,0,0,0,0,0,0,0,0,0,0,1,0,0,0,1,1,4,3,1,0
"BA22 8",8655,8555,2,0,0,0,0,0,0,0,0,6,5,5,47,5,3,25,1,0,2,4,0,1,2,0,3,1,0,0,0,0,0,0,0,0,0,0,0,0,0,0,0,1,4,1,0,0,0,0,0,0,5,0,0,3,0,0,0,0,1,0,1,0,0,0,21,0,2,6,2,1,0,6,1,1,2,1,0,0,0,0,2,0,0,0,0,0,0,0,0,0,0,0,2,0,0,0,0,0,0,0,0,0
"BA22 9",5166,5125,0,2,0,0,0,0,0,0,2,5,0,2,11,1,3,3,0,0,2,0,0,0,0,0,1,0,1,0,0,0,0,0,1,0,0,0,0,1,0,0,0,0,1,0,0,0,0,0,0,0,3,0,0,0,0,1,0,0,0,0,2,0,0,0,11,1,0,6,0,0,0,1,0,2,1,0,0,0,0,0,3,1,0,0,0,0,0,0,0,0,0,0,2,0,0,0,0,0,2,2,0,0
"BA3  2",9456,9304,2,1,0,0,0,0,0,1,0,3,0,11,73,2,2,54,6,0,0,2,0,2,0,1,3,1,0,0,0,0,0,0,0,0,0,0,0,0,0,0,0,5,2,5,0,0,0,0,0,0,18,0,0,1,0,9,0,0,0,0,7,0,0,1,23,1,0,6,2,0,0,3,1,10,0,0,0,0,0,0,8,0,0,0,1,0,0,0,0,0,0,4,2,1,0,0,0,0,1,1,0,0
"BA3  3",9975,9857,3,0,0,0,0,0,0,0,0,4,0,9,63,4,3,42,0,0,3,4,0,0,2,1,0,2,0,2,0,0,0,0,0,0,0,0,0,0,0,0,0,1,0,5,3,0,0,2,0,1,9,0,0,1,0,4,0,0,0,0,0,0,0,4,18,0,0,3,2,0,0,0,0,11,2,0,0,0,0,0,3,0,0,0,0,0,0,0,0,0,0,1,2,0,0,0,0,0,0,0,0,0
"BA3  4",7354,7248,2,1,0,0,0,1,0,0,0,9,1,8,54,4,13,23,3,0,0,0,6,2,0,0,1,1,1,0,0,0,0,0,2,0,0,0,0,2,0,0,0,0,0,3,0,0,0,0,0,0,3,0,0,0,0,0,0,0,0,0,3,0,0,0,19,1,3,8,1,0,0,2,1,3,0,0,0,0,0,0,1,0,0,0,0,0,0,0,0,0,0,0,0,0,0,1,0,0,3,0,3,0
"BA3  5",6742,6698,0,0,0,0,0,0,0,0,0,7,1,3,16,2,4,6,0,1,3,0,0,0,0,0,0,0,0,0,0,0,0,0,1,0,0,0,0,1,0,0,0,1,1,0,1,0,0,1,0,0,1,0,0,0,0,1,0,0,0,0,0,0,0,0,8,3,0,1,2,0,0,0,0,1,1,0,0,0,0,0,1,0,0,0,0,0,0,0,1,0,0,0,0,0,0,0,0,0,3,1,0,2
"BA4  4",4985,4860,0,0,0,0,0,0,0,0,0,10,11,20,60,3,3,31,7,0,1,0,6,8,0,0,0,0,1,0,0,0,0,0,4,2,1,0,0,1,0,0,0,2,2,1,0,0,0,0,0,0,0,0,0,0,0,0,0,0,0,0,0,0,0,0,10,1,0,1,0,0,0,4,0,4,0,0,0,0,0,0,2,0,0,0,0,0,0,0,0,0,0,0,0,0,0,2,0,0,3,3,0,0
"BA4  5",7931,7438,1,0,0,0,0,0,0,0,0,6,78,4,336,10,5,258,6,2,14,22,3,7,2,0,0,3,3,1,0,0,0,0,5,2,0,3,0,0,0,0,0,10,5,1,3,0,0,0,0,3,22,0,0,0,0,1,0,0,0,6,14,1,0,0,15,1,1,7,0,0,0,1,0,1,4,0,0,0,0,0,3,0,1,0,0,0,0,0,0,0,0,0,2,0,0,0,2,2,2,2,0,0
"BA4  6",4224,4153,1,0,0,0,0,0,0,0,0,4,10,0,33,0,4,17,0,0,0,5,2,2,0,0,1,1,0,1,0,0,0,0,1,1,0,0,0,0,0,0,0,0,0,0,0,0,0,0,0,0,17,0,0,0,0,0,0,1,0,0,16,0,0,0,4,0,0,1,0,0,0,2,0,0,1,0,0,0,0,0,0,0,0,0,0,0,0,0,0,0,0,0,0,0,0,0,1,1,0,0,0,0
"BA5  1",5922,5853,1,0,0,0,0,0,0,0,0,0,5,5,42,11,10,8,1,0,3,2,0,0,0,1,0,1,3,2,0,0,0,0,2,0,1,0,0,1,0,0,0,0,1,0,0,0,0,0,0,0,4,0,0,0,0,3,0,0,0,0,0,0,0,1,4,0,0,1,1,0,0,0,0,2,0,0,0,0,0,0,2,0,0,0,0,0,0,0,0,0,0,0,2,0,0,0,0,0,3,1,2,0
"BA5  2",7089,6890,0,1,1,0,0,0,0,0,0,16,3,5,88,14,16,29,8,3,5,1,1,1,0,1,4,1,0,2,2,0,0,0,4,0,4,0,0,0,0,0,0,8,1,0,3,1,0,2,0,0,4,0,0,0,0,1,0,0,0,0,1,0,0,2,62,0,17,16,1,5,0,3,0,20,0,0,0,0,0,0,2,0,0,0,0,0,0,0,0,0,0,0,1,0,1,0,0,0,2,2,0,0
"BA5  3",4103,4049,0,0,0,0,0,0,0,0,0,7,2,3,30,3,3,11,0,0,2,0,0,0,0,0,5,2,0,4,0,0,0,0,2,0,0,0,0,2,0,0,0,0,0,0,2,0,0,0,0,2,0,0,0,0,0,0,0,0,0,0,0,0,0,0,7,1,0,0,0,0,0,1,0,5,0,0,0,0,0,0,1,0,0,0,0,0,0,0,1,0,0,0,0,0,0,0,0,0,0,0,0,0
"BA6  8",6283,6170,1,2,0,0,0,1,0,1,0,10,5,7,53,13,12,7,0,0,0,5,2,1,0,1,8,2,2,0,0,0,0,0,3,0,1,1,0,1,0,0,0,13,1,0,0,0,0,0,0,0,6,0,0,0,0,0,0,0,0,0,6,0,0,0,9,2,0,2,1,1,0,2,0,1,0,0,0,0,0,0,3,0,0,0,0,0,0,0,0,0,0,0,0,0,0,3,0,0,0,0,0,0
"BA6  9",6200,6075,1,0,0,0,0,0,0,0,0,9,3,3,72,18,5,20,4,2,2,4,0,2,5,0,4,3,2,0,0,0,1,0,0,0,0,0,0,0,0,0,0,1,1,3,3,1,0,2,0,0,9,0,3,0,0,0,0,0,0,0,3,0,2,1,18,1,0,3,1,2,0,0,0,11,0,0,0,0,0,0,1,0,0,0,0,0,0,0,0,0,0,0,0,0,0,1,0,0,1,1,0,0
"BA7  7",3407,3360,1,0,0,0,0,0,0,0,0,4,6,1,21,1,0,18,0,0,0,0,0,1,0,0,0,1,0,0,0,0,0,0,0,0,0,0,0,0,0,0,0,0,2,0,1,0,1,0,0,0,0,0,0,0,0,0,0,0,0,0,0,0,0,0,9,0,0,3,1,0,0,1,0,4,0,0,0,0,0,0,1,0,0,0,0,0,0,0,0,0,0,1,0,0,0,0,0,0,1,0,1,0
"BA8  0",4013,3977,1,1,1,0,0,0,0,0,0,0,2,3,17,1,3,10,1,1,0,0,0,0,0,0,0,1,0,0,0,0,0,0,0,0,0,0,0,0,0,0,0,2,0,0,1,0,0,1,0,0,5,0,0,0,0,2,0,0,0,0,3,0,0,0,3,1,0,0,1,0,0,0,0,1,0,0,0,0,0,0,1,0,0,0,0,0,0,0,0,0,0,0,0,0,1,0,0,0,0,0,0,0
"BA9  8",1444,1427,0,0,0,0,0,0,0,0,0,0,0,2,13,0,1,8,1,0,0,1,1,0,0,0,1,0,0,0,0,0,0,0,0,0,0,0,0,0,0,0,0,1,0,0,0,0,0,0,0,0,0,0,0,0,0,0,0,0,0,0,0,0,0,0,1,0,0,0,0,0,0,0,0,0,1,0,0,0,0,0,0,0,0,0,0,0,0,0,0,0,0,0,0,0,0,0,0,0,0,0,0,0
"BA9  9",5543,5274,0,1,0,0,0,1,0,0,0,3,55,3,167,6,2,139,0,2,1,3,0,7,3,1,2,1,0,0,0,0,0,0,3,0,3,0,0,0,0,0,0,1,0,2,1,0,0,1,0,0,16,1,1,0,0,5,0,0,0,0,9,0,0,0,15,0,4,4,0,0,0,3,0,4,0,0,0,0,0,0,1,0,0,0,0,0,0,0,0,0,0,0,1,0,0,0,1,1,0,0,0,0
"BB1  1",11590,7529,0,2,0,0,0,0,0,2,0,13,5,14,226,13,9,139,7,2,12,28,8,2,0,0,0,0,0,0,0,0,6,0,13,12,0,0,0,1,0,0,0,12,0,85,181,1,101,22,29,28,3395,627,25,923,9,61,1576,2,5,23,14,0,2,128,35,18,0,3,0,0,0,0,0,9,5,0,24,0,0,0,43,0,2,12,0,0,0,0,5,1,4,5,0,0,6,8,4,4,9,6,3,0
"BB1  2",8742,8052,0,2,0,0,0,0,0,2,0,1,0,5,206,8,1,146,3,4,5,31,3,0,0,0,2,0,2,0,0,0,1,0,4,3,1,0,0,0,0,0,0,8,3,23,31,0,7,15,9,0,356,136,4,105,0,14,75,3,0,6,9,0,0,4,19,0,3,3,0,0,0,1,0,11,1,0,0,0,0,0,26,0,0,0,0,0,2,0,7,0,0,12,0,0,0,5,1,1,5,2,1,2
"BB1  3",2652,2425,0,0,0,0,0,0,0,0,0,0,0,0,72,6,0,44,2,0,0,15,3,1,0,0,1,0,0,0,0,0,0,0,1,0,0,1,0,0,0,0,0,10,0,4,10,0,5,5,0,0,96,47,2,23,1,0,17,2,0,0,0,0,0,4,21,0,4,1,0,0,0,1,0,15,0,0,1,0,0,0,9,0,0,0,0,2,0,0,0,0,0,3,0,1,0,3,3,3,0,0,0,0
"BB1  4",6404,6322,0,0,0,0,0,0,0,0,0,3,0,2,31,1,0,22,1,0,0,1,2,0,1,0,3,0,0,0,0,0,0,0,0,0,0,0,0,0,0,0,0,0,0,0,0,0,0,0,0,0,17,11,0,5,0,0,1,0,0,0,0,0,0,0,24,3,10,8,1,0,0,1,0,1,0,0,0,0,0,0,5,0,0,0,0,0,0,0,0,0,0,0,1,0,0,4,0,0,0,0,0,0
"BB1  5",7377,5310,0,0,0,0,0,0,0,0,0,2,3,6,124,7,16,90,0,2,0,6,2,0,0,1,0,0,0,0,0,0,0,0,7,0,3,1,0,3,0,0,0,0,0,23,73,0,24,16,24,9,1796,442,16,251,7,97,887,0,2,7,1,1,0,85,10,0,4,4,0,0,0,0,0,2,0,0,6,0,0,0,5,0,0,0,0,0,0,0,0,0,0,1,0,0,3,1,3,3,9,9,0,0
"BB1  6",3257,1769,0,0,0,0,0,0,0,0,0,1,0,4,7,0,0,7,0,0,0,0,0,0,0,0,0,0,0,0,0,0,0,0,1,0,0,0,0,1,0,0,0,0,0,12,30,0,6,6,16,2,1411,242,9,453,4,73,593,0,0,2,1,0,3,31,2,1,0,0,0,0,0,0,0,0,1,0,3,0,0,0,9,0,0,0,0,0,0,0,6,0,0,0,0,1,2,0,5,5,3,2,0,1
"BB1  7",4143,2375,0,0,0,0,0,0,0,0,0,2,5,6,33,2,1,26,0,0,0,0,3,0,0,1,0,0,0,0,0,0,0,0,0,0,0,0,0,0,0,0,0,2,0,14,49,0,21,10,11,7,1620,198,11,192,10,3,1162,0,0,0,0,0,4,40,18,8,4,4,0,0,0,0,0,1,1,0,7,0,0,0,4,0,0,1,0,0,0,0,0,0,1,0,0,0,1,1,7,7,1,1,0,0
"BB1  8",9328,7237,1,1,0,0,0,0,0,1,0,8,1,8,95,20,10,42,6,7,0,4,0,0,2,1,1,0,2,0,0,0,0,0,6,1,0,2,0,3,0,0,0,0,1,26,67,0,29,12,12,14,1807,340,4,462,2,34,903,0,3,0,0,6,0,53,43,11,4,24,0,0,0,1,0,0,3,0,8,0,0,0,5,0,0,0,0,0,0,0,0,0,0,1,1,0,3,0,7,7,7,7,0,0
"BB1  9",9863,9217,0,0,0,0,0,0,0,0,0,2,0,5,43,2,5,24,2,0,1,4,1,4,0,0,0,0,0,0,0,0,0,0,0,0,0,0,0,0,0,0,0,4,2,4,2,0,0,0,1,1,552,118,4,218,2,63,140,0,2,1,0,2,0,2,20,1,5,8,1,0,0,3,0,0,2,0,0,0,0,0,4,0,0,0,0,0,1,0,0,0,0,1,0,0,1,1,8,8,0,0,0,0
"BB10 1",8326,6349,0,1,0,0,0,0,0,1,0,5,1,1,81,5,3,33,8,2,5,4,4,4,0,11,0,0,1,0,0,0,1,0,11,1,6,2,1,1,0,0,0,5,1,13,328,0,30,6,292,0,1396,429,2,599,21,312,4,4,0,4,7,0,0,14,118,0,10,11,0,0,0,10,0,87,0,0,0,0,0,0,1,0,0,0,0,0,0,0,0,0,0,0,0,0,0,1,10,10,5,2,3,0
"BB10 2",10106,9661,0,0,0,0,0,0,0,0,0,1,1,3,38,5,2,12,0,5,2,2,1,3,3,0,3,0,0,0,0,0,0,0,6,4,1,1,0,0,0,0,0,4,4,1,15,0,0,0,15,0,333,78,8,191,4,44,0,0,0,3,3,0,0,2,30,0,6,4,6,0,0,5,1,7,1,1,0,0,0,0,0,0,0,0,0,0,0,0,0,0,0,0,0,0,0,0,2,2,6,2,0,4
"BB10 3",7628,7053,0,3,1,0,0,0,0,2,0,8,5,2,28,3,4,12,4,2,0,0,0,1,1,1,0,0,0,0,0,0,0,0,0,0,0,0,0,0,0,0,0,4,5,5,80,0,3,0,77,0,373,107,0,143,2,107,1,0,0,3,0,0,0,10,45,0,1,3,0,0,0,6,0,33,2,0,0,0,0,0,10,0,0,0,0,0,0,0,5,0,0,1,0,0,0,4,1,1,6,3,3,0
"BB10 4",9890,9762,1,2,0,0,0,1,0,1,0,4,4,1,51,7,3,25,0,0,1,1,8,3,0,1,0,0,0,0,0,0,2,0,0,0,0,0,0,0,0,0,0,1,6,2,1,0,0,1,0,0,31,7,0,11,0,10,3,0,0,0,0,0,0,0,13,0,2,3,0,0,0,1,0,7,0,0,1,0,0,0,5,0,0,0,0,0,0,0,0,0,0,0,0,1,0,4,1,1,4,2,2,0
"BB11 2",4998,4830,0,0,0,0,0,0,0,0,0,3,2,3,28,2,1,14,2,1,0,0,3,1,0,2,2,0,0,0,0,0,0,0,0,0,0,0,0,0,0,0,0,0,1,2,6,0,1,0,5,0,93,16,3,50,1,11,9,0,0,0,1,0,0,2,28,0,2,3,0,0,0,6,0,15,2,0,0,0,0,0,0,0,0,0,0,0,0,0,0,0,0,0,0,0,0,0,0,0,2,1,0,1
"BB11 3",3909,3739,1,1,1,0,0,0,0,0,0,1,1,1,45,3,3,18,3,0,0,0,0,17,0,1,0,0,0,0,0,0,0,0,2,2,0,0,0,0,0,0,0,0,6,1,2,0,0,0,2,0,92,23,0,59,0,1,7,0,0,0,1,0,0,1,12,0,2,1,2,0,0,3,0,2,2,0,0,0,0,0,3,0,0,0,0,0,0,0,1,0,0,2,0,0,0,0,0,0,2,2,0,0
"BB11 4",5804,5659,1,0,0,0,0,0,0,0,0,2,7,1,72,9,0,48,0,0,0,7,2,0,1,2,1,1,1,0,0,0,0,0,1,1,0,0,0,0,0,0,0,4,4,1,1,0,0,0,1,0,37,16,0,11,0,10,0,0,0,0,0,0,0,0,10,0,2,1,0,0,0,3,0,3,1,0,0,0,0,0,1,0,0,0,0,0,0,1,0,0,0,0,0,0,0,0,1,1,2,1,0,1
"BB11 5",6575,6416,0,1,0,0,0,0,0,1,0,1,4,0,89,5,2,38,2,0,0,19,17,4,0,1,0,0,0,0,0,0,1,0,9,6,2,1,0,0,0,0,0,0,1,1,8,0,3,0,5,0,24,9,3,4,0,1,6,0,0,1,0,0,0,0,8,0,1,4,2,0,0,0,0,1,0,3,0,0,0,0,1,0,1,0,0,0,0,0,0,0,0,0,0,0,0,0,3,3,6,4,0,2
"BB12 0",7717,6651,1,0,0,0,0,0,0,0,0,3,0,0,57,9,1,25,2,3,2,2,1,9,0,0,1,1,0,0,0,0,1,0,0,0,0,0,0,0,0,0,0,2,1,11,177,0,2,1,174,0,768,67,0,127,4,551,5,0,1,2,2,5,0,4,37,1,7,9,0,8,0,4,0,5,3,0,0,0,0,0,2,0,0,0,0,0,0,0,0,0,0,0,0,1,0,1,4,4,3,1,0,2
"BB12 6",8202,8132,1,0,0,0,0,0,0,0,0,0,3,0,28,4,2,16,0,0,4,2,0,0,0,0,0,0,0,0,0,0,0,0,1,1,0,0,0,0,0,0,0,3,0,3,4,0,1,0,3,0,9,3,0,2,0,1,3,0,0,0,0,0,0,0,14,0,2,8,0,0,0,1,2,0,1,0,0,0,0,0,1,0,0,0,0,0,0,0,0,0,0,0,0,0,1,0,0,0,3,3,0,0
"BB12 7",6897,6849,1,0,0,0,0,0,0,0,0,2,1,2,17,1,3,9,0,0,0,0,2,0,0,0,1,0,0,0,0,0,1,0,0,0,0,0,0,0,0,0,0,2,1,2,1,0,1,0,0,0,5,0,2,0,0,3,0,0,0,0,0,0,0,0,14,0,4,1,4,0,0,4,0,1,0,0,0,0,0,0,0,0,0,0,0,0,0,0,0,0,0,0,0,0,0,0,0,0,0,0,0,0
"BB12 8",7618,7485,0,0,0,0,0,0,0,0,0,4,3,1,47,8,5,26,0,0,0,1,5,0,0,0,0,1,0,0,0,0,1,0,1,0,1,0,0,0,0,0,0,4,0,2,2,0,2,0,0,0,37,7,1,7,0,17,2,0,0,0,2,0,0,1,25,0,2,12,0,0,0,5,0,1,5,0,0,0,0,0,0,0,0,0,0,0,0,0,0,0,0,0,0,0,0,0,2,2,5,2,3,0
"BB12 9",2865,2843,0,0,0,0,0,0,0,0,0,1,1,0,4,1,0,0,2,0,0,0,0,0,0,0,0,1,0,0,0,0,0,0,0,0,0,0,0,0,0,0,0,1,3,0,0,0,0,0,0,0,9,4,3,0,0,0,2,0,0,0,0,0,0,0,2,1,0,0,0,0,0,1,0,0,0,0,0,0,0,0,0,0,0,0,0,0,0,0,0,0,0,0,0,0,0,0,0,0,1,0,0,1
"BB18 5",7435,7240,0,0,0,0,0,0,0,0,0,2,1,0,116,0,2,100,2,0,5,2,0,0,0,0,2,0,1,0,0,0,2,0,0,0,0,0,0,0,0,0,0,1,1,0,1,0,1,0,0,0,47,4,0,37,0,0,6,0,0,0,0,0,0,0,26,0,10,9,0,0,0,4,2,1,0,0,0,0,0,0,0,0,0,0,0,0,0,0,0,0,0,0,0,0,0,0,0,0,0,0,0,0
"BB18 6",9090,8893,0,2,0,0,0,0,0,2,0,1,0,2,121,2,4,92,0,2,7,7,1,0,0,2,1,1,0,0,0,1,1,0,1,0,0,1,0,0,0,0,0,5,2,0,1,0,1,0,0,0,35,8,1,25,0,0,1,0,0,0,0,0,0,0,23,2,9,9,0,0,0,3,0,0,0,0,0,0,0,0,0,0,0,0,0,0,0,0,0,0,0,0,0,0,0,0,1,1,3,1,0,2
"BB2  1",5346,4184,0,5,1,0,0,0,0,4,0,3,6,1,198,1,2,141,13,0,1,17,16,0,3,0,0,4,0,0,0,0,0,0,2,0,0,2,0,0,0,0,0,4,1,27,166,0,67,62,35,2,673,174,2,290,7,35,137,2,2,5,1,0,0,18,23,12,3,7,0,0,0,0,0,1,0,0,3,0,0,0,40,0,6,0,0,0,0,0,1,0,4,11,0,0,7,11,5,5,5,4,1,0
"BB2  2",4213,3898,0,0,0,0,0,0,0,0,0,6,1,4,128,0,1,95,1,0,2,23,4,1,0,1,0,0,0,0,0,0,0,0,2,0,0,2,0,0,0,0,0,0,6,19,32,0,4,13,12,3,98,13,5,27,0,0,30,0,0,10,0,7,0,6,8,0,1,6,0,0,1,0,0,0,0,0,0,0,0,0,9,0,0,1,0,0,0,0,0,0,7,0,0,0,0,1,1,1,1,1,0,0
"BB2  3",9430,8835,0,7,1,0,0,0,0,6,0,13,4,4,247,1,4,205,1,0,3,23,4,2,0,1,1,0,2,0,0,0,0,0,7,0,4,1,0,2,0,0,0,1,8,30,29,0,15,13,1,0,162,43,6,37,0,8,31,0,4,1,25,1,0,6,57,5,8,11,0,0,2,4,0,27,0,0,0,0,0,0,13,0,0,1,0,0,0,0,3,0,0,5,0,0,3,1,0,0,13,11,0,2
"BB2  4",14539,14196,2,0,0,0,0,0,0,0,0,3,2,2,153,11,2,124,0,0,0,10,1,3,0,1,0,0,0,0,0,0,1,0,2,0,0,2,0,0,0,0,0,4,0,14,16,0,5,8,1,2,99,20,11,16,0,10,16,2,5,10,7,0,0,2,25,1,2,13,0,0,1,5,1,2,0,0,0,0,0,0,6,0,0,0,2,0,1,0,0,0,0,1,0,0,1,1,4,4,11,9,0,2
"BB2  5",6922,6873,0,0,0,0,0,0,0,0,0,3,0,0,10,1,2,4,0,0,0,0,0,0,0,0,3,0,0,0,0,0,0,0,4,4,0,0,0,0,0,0,0,2,0,2,2,0,1,0,1,0,15,2,0,2,0,0,11,0,0,0,0,0,0,0,6,0,2,3,0,0,0,1,0,0,0,0,0,0,0,0,1,0,0,0,0,0,0,0,0,0,0,0,0,0,0,1,0,0,4,2,0,2
"BB2  6",9898,7586,0,0,0,0,0,0,0,0,0,4,3,11,198,1,2,155,12,2,0,11,8,1,1,1,4,0,0,0,0,0,0,0,3,0,0,1,0,2,0,0,0,1,2,67,60,0,23,17,6,14,1926,360,7,744,10,117,658,1,0,3,0,1,4,21,15,6,1,5,0,0,0,1,0,0,2,0,5,0,0,0,12,4,2,0,0,1,0,0,1,0,0,0,0,0,0,4,2,2,3,2,1,0
"BB2  7",6990,6618,0,0,0,0,0,0,0,0,0,2,0,3,26,3,3,14,1,1,0,0,1,1,0,0,0,0,1,1,0,0,0,0,0,0,0,0,0,0,0,0,0,2,3,22,2,0,0,1,0,1,283,60,13,61,1,19,105,0,2,9,2,1,0,10,13,2,3,6,0,0,0,0,1,0,1,0,2,0,0,0,10,0,0,0,0,0,0,0,1,1,0,0,6,0,0,2,1,1,3,0,1,2
"BB3  0",8970,8782,0,2,1,0,0,0,0,1,0,2,2,3,53,15,2,21,0,0,0,1,12,2,0,0,0,0,0,0,0,0,0,0,0,0,0,0,0,0,0,0,0,0,1,8,9,0,1,5,3,0,53,24,0,14,1,5,9,0,0,0,0,0,0,0,41,6,2,25,1,0,0,5,0,1,1,0,0,0,0,0,6,0,0,0,0,0,0,0,0,0,0,5,0,0,0,1,0,0,8,8,0,0
"BB3  1",6140,6000,0,1,0,0,0,0,0,1,0,0,3,7,48,4,0,32,8,0,0,0,3,0,0,0,1,0,0,0,0,0,0,0,0,0,0,0,0,0,0,0,0,1,1,1,13,0,4,9,0,0,51,15,0,8,0,0,14,0,0,12,2,0,0,0,12,1,2,8,0,0,0,1,0,0,0,0,0,0,0,0,1,0,0,0,0,0,0,0,0,0,0,0,1,0,0,0,0,0,1,1,0,0
"BB3  2",9062,8932,0,0,0,0,0,0,0,0,0,0,0,4,54,16,3,18,0,2,1,0,8,1,2,0,1,0,0,2,0,0,0,0,1,0,0,0,0,1,0,0,0,1,3,4,8,0,4,4,0,0,24,6,0,14,0,0,4,0,0,0,0,0,0,0,19,2,8,9,0,0,0,0,0,0,0,1,0,0,0,0,6,0,2,0,0,0,0,0,0,0,1,1,0,0,0,2,0,0,5,4,0,1
"BB3  3",9045,8662,1,2,0,0,0,0,0,2,0,1,4,6,145,38,0,74,2,5,4,1,15,3,2,0,1,0,0,0,0,0,0,0,2,1,0,0,0,1,0,0,0,0,5,3,6,0,6,0,0,0,167,32,0,106,3,6,15,1,0,2,2,0,0,0,34,3,7,18,0,0,2,4,0,0,0,0,0,0,0,0,2,0,0,0,0,0,0,0,0,0,0,0,0,0,0,2,0,0,5,4,1,0
"BB4  4",7249,7160,3,0,0,0,0,0,0,0,0,4,0,2,28,7,1,5,2,0,1,0,6,1,0,0,2,1,0,0,0,2,0,0,3,0,0,0,0,3,0,0,0,1,2,1,3,0,1,0,2,0,28,12,3,4,0,3,2,0,0,1,3,0,0,0,11,0,9,1,0,0,0,1,0,0,0,0,0,0,0,0,1,0,0,0,0,0,0,0,0,0,0,0,0,0,0,1,1,1,1,1,0,0
"BB4  5",5690,5067,2,1,1,0,0,0,0,0,0,0,1,0,52,7,4,27,0,2,0,0,1,1,1,0,8,0,1,0,0,0,0,0,1,0,0,1,0,0,0,0,0,4,4,6,79,0,0,3,76,0,433,71,5,26,0,276,4,1,0,0,5,0,0,45,33,0,2,15,0,0,0,0,0,15,1,0,1,0,0,0,4,0,0,0,0,0,0,2,0,0,0,0,0,0,1,1,0,0,2,1,0,1
"BB4  6",7531,7302,0,0,0,0,0,0,0,0,0,2,2,1,26,3,1,16,0,0,1,3,1,0,0,0,1,0,0,0,0,0,0,0,1,0,1,0,0,0,0,0,0,0,2,4,17,0,1,0,16,0,154,25,0,16,0,103,5,0,0,1,1,0,0,3,12,0,2,5,0,0,0,2,0,3,0,0,0,0,0,0,1,0,0,0,0,0,0,0,0,0,0,0,0,0,1,0,1,1,6,5,1,0
"BB4  7",5645,5424,0,1,1,0,0,0,0,0,0,0,0,2,37,2,1,15,0,16,0,1,0,0,0,0,2,0,0,0,0,0,0,0,1,0,0,0,0,1,0,0,0,0,2,1,3,0,0,0,3,0,155,18,0,27,11,93,0,0,0,0,0,1,0,5,16,0,9,1,1,0,0,2,0,0,3,0,0,0,0,0,0,0,0,0,0,0,0,0,0,0,0,0,0,0,0,0,0,0,3,2,0,1
"BB4  8",8320,8109,2,0,0,0,0,0,0,0,0,4,0,3,21,4,3,7,0,0,1,1,0,1,0,1,1,1,0,1,0,0,0,0,0,0,0,0,0,0,0,0,0,0,1,1,0,0,0,0,0,0,151,22,0,20,3,96,0,0,0,0,5,0,0,5,24,0,5,5,2,0,0,6,1,4,1,0,0,0,0,0,1,0,0,0,0,0,0,0,0,0,0,0,0,1,0,0,0,0,3,2,0,1
"BB4  9",5409,5360,1,0,0,0,0,0,0,0,0,1,2,0,22,0,1,7,1,12,1,0,0,0,0,0,0,0,0,0,0,0,0,0,0,0,0,0,0,0,0,0,0,0,1,0,0,0,0,0,0,0,6,6,0,0,0,0,0,0,0,0,0,0,0,0,9,0,0,1,1,0,0,4,0,2,1,0,0,0,0,0,0,0,0,0,0,0,0,0,0,0,0,0,0,0,0,0,0,0,7,4,3,0
"BB5  0",9111,7370,0,11,9,0,0,0,0,2,0,0,5,6,210,9,1,190,2,0,1,0,4,0,0,1,0,0,0,0,2,0,0,0,1,1,0,0,0,0,0,0,0,5,0,22,11,0,0,1,8,2,1442,432,0,876,40,59,7,0,0,3,14,0,0,11,12,0,5,3,0,0,0,1,0,2,1,1,0,1,1,0,2,0,0,0,0,0,0,0,0,0,0,0,0,1,0,1,8,8,4,3,1,0
"BB5  1",4626,3413,1,0,0,0,0,0,0,0,0,0,0,0,197,5,1,180,2,0,1,4,4,0,0,0,0,0,0,0,0,0,0,0,2,2,0,0,0,0,0,0,0,0,1,5,10,0,0,1,7,2,957,307,1,587,41,9,4,0,0,0,0,0,0,8,25,1,9,9,2,0,0,0,0,4,0,0,0,0,0,0,6,0,0,0,0,0,0,2,0,0,0,0,0,0,3,1,4,4,5,3,1,1
"BB5  2",7417,7160,0,2,1,0,0,0,0,1,0,3,1,4,85,12,3,67,1,0,1,0,0,0,0,0,1,0,0,0,0,0,0,0,2,0,0,2,0,0,2,0,2,3,8,2,10,0,1,8,1,0,109,35,1,37,6,29,1,0,0,0,0,0,0,0,19,0,2,13,1,0,0,0,0,2,1,0,0,0,0,0,4,0,0,0,0,0,0,1,0,0,0,2,0,0,0,1,0,0,3,2,1,0
"BB5  3",7634,7544,3,1,1,0,0,0,0,0,0,3,4,1,30,4,1,23,0,1,0,0,0,0,0,1,0,0,0,0,0,0,0,0,0,0,0,0,0,0,0,0,0,1,1,0,1,0,1,0,0,0,23,7,0,8,0,5,1,0,0,0,2,0,0,0,21,3,4,9,1,0,0,3,0,1,0,0,0,0,0,0,0,0,0,0,0,0,0,0,0,0,0,0,0,0,0,0,1,1,0,0,0,0
"BB5  4",8528,8335,0,6,0,0,0,0,0,6,0,3,2,4,89,3,3,75,0,1,1,3,2,0,0,1,0,0,0,0,0,0,0,0,0,0,0,0,0,0,0,0,0,5,3,2,4,0,0,3,1,0,52,21,0,25,0,1,1,0,0,1,2,0,0,1,20,0,1,5,11,0,0,1,0,1,1,0,0,0,0,0,1,0,0,0,0,0,0,0,0,0,0,1,0,0,0,0,0,0,2,0,1,1
"BB5  5",11070,10853,1,3,1,0,0,0,0,2,0,3,0,1,96,7,1,84,0,1,0,1,0,0,0,0,0,1,0,0,0,0,1,0,3,1,1,0,0,1,0,0,0,0,1,8,1,0,0,1,0,0,60,28,0,21,2,8,0,0,0,0,0,0,0,1,27,0,6,15,0,0,0,1,3,2,0,0,0,0,0,0,0,0,0,0,0,0,0,0,0,0,0,0,0,0,0,0,1,1,12,4,1,7
"BB5  6",10080,9786,3,1,1,0,0,0,0,0,0,1,0,1,109,10,4,74,0,0,6,4,5,2,4,0,0,0,0,0,0,0,0,0,0,0,0,0,0,0,0,0,0,3,2,2,2,0,2,0,0,0,149,69,0,69,2,6,0,1,0,0,2,0,0,0,13,0,1,1,0,0,0,2,0,8,1,0,0,0,0,0,0,0,0,0,0,0,0,0,0,0,0,0,0,0,0,0,2,2,6,6,0,0
"BB6  7",10398,9970,2,3,2,0,0,1,0,0,0,1,1,3,82,23,2,49,0,0,1,0,0,0,0,1,5,1,0,0,0,0,0,0,2,0,0,2,0,0,0,0,0,1,1,3,3,0,1,2,0,0,297,87,5,199,2,2,2,0,0,0,0,0,0,0,23,2,4,13,1,0,0,3,0,0,0,0,0,0,0,0,2,0,0,0,0,0,0,0,0,0,0,0,1,0,0,1,4,4,0,0,0,0
"BB6  8",3770,3698,1,0,0,0,0,0,0,0,0,4,0,0,32,3,3,14,6,1,1,0,0,0,0,4,0,0,0,0,0,0,0,0,2,0,2,0,0,0,0,0,0,1,0,2,0,0,0,0,0,0,20,2,2,8,0,7,0,0,0,0,0,1,0,0,9,0,1,5,0,0,1,0,0,2,0,0,0,0,0,0,1,0,0,0,0,0,0,0,0,0,0,0,1,0,0,0,0,0,0,0,0,0
"BB7  1",7283,7072,1,0,0,0,0,0,0,0,0,6,0,10,123,22,4,83,1,5,0,2,1,0,1,2,0,0,1,0,0,0,1,0,0,0,0,0,0,0,0,0,0,2,0,1,1,1,0,0,0,0,43,26,0,13,0,2,1,0,0,0,0,0,0,1,12,0,2,4,1,2,0,0,1,0,2,0,0,0,0,0,9,0,0,0,0,0,0,0,0,0,0,0,1,7,0,1,0,0,3,1,1,1
"BB7  2",6964,6888,1,0,0,0,0,0,0,0,0,4,0,4,36,4,4,22,0,0,0,4,0,0,0,0,2,0,0,0,0,0,0,0,1,0,0,1,0,0,0,0,0,3,4,0,0,0,0,0,0,0,11,2,0,5,0,4,0,0,0,0,0,0,0,0,11,0,0,4,0,0,0,2,0,5,0,0,0,0,0,0,0,0,0,0,0,0,0,0,0,0,0,0,0,0,0,0,1,1,0,0,0,0
"BB7  3",3008,2989,0,0,0,0,0,0,0,0,0,0,0,0,11,1,2,4,1,0,0,0,0,2,0,0,0,0,0,0,0,0,1,0,0,0,0,0,0,0,0,0,0,0,0,0,0,0,0,0,0,0,1,1,0,0,0,0,0,0,0,0,0,0,0,0,4,0,0,2,0,0,0,0,0,2,0,0,0,0,0,0,2,0,0,0,0,0,0,0,0,0,0,0,2,0,0,0,0,0,1,0,0,1
"BB7  4",4964,4940,0,0,0,0,0,0,0,0,0,2,0,0,9,0,1,0,0,0,0,2,0,0,0,0,5,0,1,0,0,0,0,0,1,0,0,1,0,0,0,0,0,2,0,0,0,0,0,0,0,0,5,1,0,1,0,0,1,0,0,2,0,0,0,0,2,0,0,0,0,0,0,0,0,2,0,0,0,0,0,0,0,0,0,0,0,0,0,0,0,0,0,0,0,0,0,0,0,0,3,2,0,1
"BB7  9",8517,8356,0,1,0,0,0,1,0,0,0,14,2,38,44,4,19,14,0,0,0,0,0,1,0,0,3,2,0,0,0,0,1,0,3,0,0,2,0,1,0,0,0,4,1,2,0,0,0,0,0,0,7,5,0,1,0,1,0,0,0,0,0,0,0,0,40,0,8,22,2,2,0,2,1,2,1,0,0,0,0,0,3,0,0,0,0,0,0,0,0,0,0,0,0,2,0,1,1,1,1,1,0,0
"BB8  0",5791,5606,0,2,0,0,0,0,0,2,0,2,2,1,57,4,4,31,1,0,0,5,2,6,4,0,0,0,0,0,0,0,0,0,1,1,0,0,0,0,0,0,0,2,3,2,4,0,2,2,0,0,86,28,0,55,1,0,0,0,0,0,0,2,0,0,17,0,0,7,1,0,0,9,0,0,0,0,0,0,0,0,4,1,0,0,0,0,0,0,0,0,0,3,0,0,0,0,1,1,1,0,0,1
"BB8  7",4521,4465,0,0,0,0,0,0,0,0,0,1,1,3,23,1,2,14,0,1,0,1,0,0,0,1,2,1,0,0,0,0,0,0,0,0,0,0,0,0,0,0,0,6,1,5,0,0,0,0,0,0,11,1,0,4,0,6,0,0,0,0,0,0,0,0,3,0,0,0,0,0,0,3,0,0,0,0,0,0,0,0,1,0,0,0,0,0,0,0,0,0,0,0,1,0,0,0,0,0,1,0,0,1
"BB8  8",4874,4806,0,0,0,0,0,0,0,0,0,3,0,3,20,0,2,14,0,0,0,2,0,2,0,0,0,0,0,0,0,0,0,0,0,0,0,0,0,0,0,0,0,1,1,0,1,0,0,0,1,0,26,7,0,19,0,0,0,0,0,0,0,0,0,0,9,0,1,4,0,0,0,3,1,0,0,0,0,0,0,0,2,0,0,0,0,0,0,2,0,0,0,0,0,0,0,0,0,0,2,1,0,1
"BB8  9",6949,6839,0,0,0,0,0,0,0,0,0,3,0,0,63,11,0,39,0,1,5,3,0,2,0,0,1,0,1,0,0,0,0,0,1,1,0,0,0,0,0,0,0,1,3,1,0,0,0,0,0,0,26,13,0,9,0,1,0,0,0,0,0,2,0,1,8,0,2,4,1,0,0,1,0,0,0,0,0,0,0,0,1,0,0,0,0,0,0,0,0,0,0,0,1,0,0,0,0,0,3,0,0,3
"BB9  0",11573,10021,0,2,0,0,0,0,0,2,0,5,6,5,268,3,7,142,6,6,0,77,13,11,0,2,0,1,0,0,0,0,0,0,1,0,0,1,0,0,0,0,0,24,4,0,40,0,17,14,9,0,1160,327,6,787,6,10,9,0,2,2,0,5,4,2,23,0,8,7,0,0,0,3,0,1,4,0,0,0,0,0,3,0,0,0,0,0,0,0,0,0,0,0,0,1,0,2,4,4,7,6,0,1
"BB9  5",6017,4936,0,3,1,0,0,0,0,2,0,1,0,3,46,8,6,20,1,0,0,7,0,1,0,0,1,0,1,0,1,0,0,0,0,0,0,0,0,0,0,0,0,2,0,0,7,0,5,0,2,0,991,184,0,756,18,28,3,0,0,0,0,0,1,1,16,3,0,10,0,0,0,0,0,2,1,0,0,0,0,0,7,0,0,0,0,0,0,0,0,0,0,5,0,0,0,2,4,4,1,0,0,1
"BB9  6",4659,4591,0,0,0,0,0,0,0,0,0,1,1,0,13,2,3,3,0,3,1,0,0,0,0,0,0,1,0,0,0,0,0,0,1,0,1,0,0,0,0,0,0,0,0,3,1,0,1,0,0,0,40,9,0,26,1,3,0,1,0,0,0,0,0,0,5,0,0,1,3,0,0,1,0,0,0,0,0,0,0,0,1,0,0,0,0,0,0,0,0,0,0,1,0,0,0,0,0,0,2,2,0,0
"BB9  7",6297,4325,0,1,1,0,0,0,0,0,0,2,5,2,221,3,1,118,4,0,0,82,12,0,0,0,0,0,1,0,0,0,0,0,4,0,0,2,0,2,0,0,0,7,5,0,15,0,0,4,11,0,1679,436,0,1199,26,1,2,0,0,1,0,0,0,14,15,0,4,5,0,0,0,5,0,0,1,0,0,0,0,0,2,0,0,0,0,0,0,1,1,0,0,0,0,0,0,0,4,4,10,4,6,0
"BB9  8",7692,7119,0,3,2,0,0,0,0,1,0,5,0,5,162,2,3,79,4,9,0,52,2,10,0,0,0,1,0,0,0,0,0,0,2,0,0,1,0,1,0,0,0,8,2,4,0,0,0,0,0,0,335,101,0,221,6,3,0,0,0,0,0,2,2,0,38,0,9,16,0,0,0,10,0,3,0,0,0,0,0,0,0,0,0,0,0,0,0,0,0,0,0,0,0,0,0,0,7,7,2,1,1,0
"BB9  9",6088,5071,0,1,0,0,0,0,0,1,0,3,6,2,243,2,4,120,6,8,0,92,7,2,0,0,1,0,1,0,0,0,0,0,0,0,0,0,0,0,0,0,0,7,5,0,3,0,1,1,1,0,731,200,0,515,11,3,1,0,0,0,0,0,0,1,8,0,2,0,0,0,0,6,0,0,0,0,0,0,0,0,2,0,0,0,0,0,0,0,0,0,0,0,1,0,1,0,4,4,2,2,0,0
"BD1  1",371,180,0,0,0,0,0,0,0,0,0,1,2,0,80,6,0,25,2,1,3,8,14,1,0,19,0,1,0,0,0,0,0,0,1,0,0,0,0,1,0,0,0,2,0,42,6,0,4,2,0,0,32,11,8,4,0,3,2,0,4,0,0,0,0,0,24,3,1,17,0,0,0,0,3,0,0,0,0,0,0,0,1,0,0,0,0,0,0,0,0,0,0,1,0,0,0,0,0,0,0,0,0,0
"BD1  2",357,176,0,0,0,0,0,0,0,0,0,1,0,1,72,2,0,54,0,1,0,0,2,0,0,12,1,0,0,0,0,0,0,0,1,0,0,0,0,1,0,0,0,1,0,44,10,0,6,2,1,1,30,4,8,9,0,6,0,0,0,2,0,0,0,1,16,1,0,13,1,0,0,0,0,1,0,0,0,0,0,0,5,0,0,1,0,0,0,1,0,0,0,3,0,0,0,0,0,0,0,0,0,0
"BD1  3",1469,737,0,1,1,0,0,0,0,0,0,1,3,0,90,0,0,49,11,0,0,11,14,0,0,2,1,0,0,0,0,0,0,2,1,0,0,0,0,1,0,0,0,18,0,31,110,0,8,1,101,0,436,47,0,70,3,289,9,0,0,2,0,0,0,16,30,0,2,14,1,0,0,0,12,0,1,0,0,0,0,0,10,0,0,0,0,0,0,0,0,0,0,0,0,1,2,7,1,1,0,0,0,0
"BD1  4",722,400,1,1,0,0,0,0,0,0,1,2,6,2,146,2,1,85,5,6,8,3,27,1,0,6,2,0,0,0,0,0,0,0,1,0,0,0,0,1,0,0,0,16,1,68,18,0,12,3,0,3,37,15,2,10,0,4,1,0,0,1,2,0,0,2,12,0,0,8,2,0,0,1,1,0,0,0,0,0,0,0,11,0,0,0,0,0,0,0,1,0,0,5,0,0,0,5,0,0,0,0,0,0
"BD1  5",728,395,1,0,0,0,0,0,0,0,0,6,5,6,105,2,1,52,2,1,1,10,17,2,0,17,0,0,0,0,0,0,0,0,2,0,2,0,0,0,0,0,0,11,1,85,28,0,13,13,1,1,57,21,12,6,0,0,1,3,4,8,2,0,0,0,16,2,3,5,0,0,0,2,3,1,0,0,0,0,0,0,9,0,0,0,0,0,1,1,2,0,0,4,0,0,0,1,1,1,0,0,0,0
"BD10 0",8459,8107,2,0,0,0,0,0,0,0,0,6,12,4,152,3,17,98,10,6,7,4,1,5,1,0,0,0,0,0,0,0,0,0,4,0,0,2,0,2,0,0,0,9,6,29,12,0,1,7,3,1,49,8,3,23,1,5,4,0,0,0,2,0,0,3,41,3,9,23,1,2,0,3,0,0,0,0,0,0,0,0,23,2,0,0,0,0,0,0,0,0,0,5,0,0,1,15,0,0,3,3,0,0
"BD10 8",10165,9891,0,0,0,0,0,0,0,0,0,2,2,3,87,4,1,57,7,1,2,4,0,1,3,4,0,0,0,0,3,0,0,0,4,0,1,1,1,1,0,0,0,5,1,11,7,0,4,0,2,1,104,8,0,64,0,5,16,1,5,1,3,0,0,1,24,0,15,3,0,1,0,3,0,1,1,0,0,0,0,0,19,0,0,0,0,0,0,0,2,0,0,16,0,0,0,1,3,3,2,2,0,0
"BD10 9",6133,5953,0,0,0,0,0,0,0,0,0,1,1,3,68,5,5,38,4,7,0,1,7,1,0,0,0,0,0,0,0,0,0,0,2,0,0,2,0,0,1,1,0,2,1,7,16,0,8,5,3,0,51,11,2,31,0,0,4,0,0,2,0,0,0,1,20,5,2,8,0,0,0,1,0,4,0,0,1,0,0,0,5,0,0,2,0,0,0,0,0,0,0,0,0,0,0,3,0,0,1,0,1,0
"BD11 1",5315,5232,0,0,0,0,0,0,0,0,0,4,1,1,24,2,2,9,0,5,3,2,0,0,0,0,0,0,0,1,0,0,0,0,0,0,0,0,0,0,0,0,0,2,0,3,1,0,0,1,0,0,33,0,2,23,0,0,8,0,0,0,0,0,0,0,12,1,5,2,0,0,0,3,0,1,0,0,0,0,0,0,0,0,0,0,0,0,0,0,0,0,0,0,0,0,0,0,2,2,0,0,0,0
"BD11 2",5633,5576,0,0,0,0,0,0,0,0,0,0,0,2,6,0,3,2,0,0,0,0,0,0,0,0,1,0,0,0,0,0,0,0,0,0,0,0,0,0,0,0,0,1,1,6,3,0,2,0,1,0,32,4,3,11,0,0,10,4,0,0,0,0,0,0,4,0,0,3,0,0,0,0,0,0,1,1,0,0,0,0,0,0,0,0,0,0,0,0,0,0,0,0,0,0,0,0,0,0,1,0,0,1
"BD12 0",5135,4989,0,0,0,0,0,0,0,0,0,1,2,0,42,2,1,24,4,2,0,4,3,0,0,1,0,0,0,0,0,0,1,0,2,0,0,2,0,0,0,0,0,0,0,3,9,0,6,2,1,0,64,22,0,27,0,5,7,0,1,2,0,0,0,0,15,2,2,7,0,0,0,1,0,0,3,0,0,0,0,0,1,0,0,0,0,0,1,0,0,0,0,0,0,0,0,0,3,3,4,3,1,0
"BD12 7",1816,1796,0,0,0,0,0,0,0,0,0,0,0,1,9,1,0,6,0,0,0,0,1,1,0,0,0,0,0,0,0,0,0,0,0,0,0,0,0,0,0,0,0,0,0,0,0,0,0,0,0,0,3,2,0,0,0,0,1,0,0,0,0,0,0,0,3,0,0,2,0,0,0,0,1,0,0,0,0,0,0,0,1,1,0,0,0,0,0,0,0,0,0,0,0,0,0,0,0,0,3,3,0,0
"BD12 8",4714,4555,0,1,0,0,0,0,0,1,0,1,1,3,89,6,2,65,13,2,0,0,0,0,0,1,0,0,0,0,0,0,0,0,2,0,1,1,0,0,0,0,0,3,0,6,0,0,0,0,0,0,30,5,0,12,0,1,8,0,1,0,0,0,0,3,8,2,0,3,0,0,1,2,0,0,0,0,0,0,0,0,4,0,0,0,0,0,0,1,0,0,0,0,0,0,0,3,0,0,11,9,1,1
"BD12 9",4437,4360,1,0,0,0,0,0,0,0,0,1,0,6,37,2,1,24,4,2,0,0,3,0,0,0,0,1,0,0,0,0,0,0,0,0,0,0,0,0,0,0,0,1,0,5,2,0,2,0,0,0,17,1,0,15,0,1,0,0,0,0,0,0,0,0,4,0,2,1,0,0,0,0,0,0,1,0,0,0,0,0,1,0,0,0,0,0,0,0,0,0,0,0,0,0,0,1,0,0,2,2,0,0
"BD13 1",3817,3763,0,0,0,0,0,0,0,0,0,0,1,0,5,0,0,3,0,0,0,1,1,0,0,0,0,0,0,0,0,0,0,0,2,0,2,0,0,0,0,0,0,3,0,3,3,0,2,0,1,0,31,4,0,11,0,0,16,0,0,0,0,0,0,0,3,0,2,0,0,0,0,0,0,1,0,0,0,0,0,0,0,0,0,0,0,0,0,0,0,0,0,0,0,0,0,0,1,1,2,2,0,0
"BD13 2",7397,7320,0,0,0,0,0,0,0,0,0,2,0,0,30,15,3,7,2,0,0,0,1,1,1,0,0,0,0,0,0,0,0,0,1,0,1,0,0,0,0,0,0,0,1,3,0,0,0,0,0,0,16,9,0,5,0,0,2,0,0,0,0,0,0,0,20,0,0,11,0,0,0,3,0,5,1,0,0,0,0,0,0,0,0,0,0,0,0,0,0,0,0,0,0,0,0,0,3,3,1,1,0,0
"BD13 3",6664,6507,0,0,0,0,0,0,0,0,0,6,1,2,35,1,1,21,4,1,0,2,1,1,0,1,1,1,0,0,0,0,0,0,3,0,3,0,0,0,0,0,0,2,0,21,7,0,1,4,2,0,52,22,0,22,0,3,5,0,0,0,0,0,0,0,19,1,2,3,3,0,0,1,0,9,0,0,0,0,0,0,5,0,0,0,0,0,0,0,0,0,0,5,0,0,0,0,2,2,2,2,0,0
"BD13 4",3352,3307,0,0,0,0,0,0,0,0,0,4,0,1,10,1,1,4,1,1,0,1,0,0,0,0,1,0,0,0,0,0,0,0,0,0,0,0,0,0,0,0,0,0,0,0,4,0,3,0,0,1,9,1,0,5,2,0,1,0,0,0,0,0,0,0,7,0,0,4,0,0,2,1,0,0,0,0,0,0,0,0,10,0,0,0,0,0,0,0,0,0,0,2,0,0,0,8,0,0,0,0,0,0
"BD13 5",2845,2814,1,0,0,0,0,0,0,0,0,1,0,0,11,3,0,8,0,0,0,0,0,0,0,0,0,0,0,0,0,0,0,0,0,0,0,0,0,0,0,0,0,0,0,2,1,0,0,1,0,0,12,4,0,3,0,5,0,0,0,0,0,0,0,0,3,0,0,1,0,0,0,0,0,2,0,0,0,0,0,0,0,0,0,0,0,0,0,0,0,0,0,0,0,0,0,0,0,0,0,0,0,0
"BD14 6",8585,7985,1,0,0,0,0,0,0,0,0,3,2,1,83,6,5,38,9,1,4,9,1,0,0,3,1,0,0,4,2,0,0,0,8,5,2,1,0,0,0,0,0,5,5,7,20,0,2,2,16,0,430,68,7,131,9,6,204,0,0,0,0,0,0,5,13,2,0,0,2,0,0,2,0,7,0,0,0,0,0,0,11,0,0,0,0,1,2,0,3,0,0,5,0,0,0,0,4,4,7,4,1,2
"BD15 0",4122,4091,0,0,0,0,0,0,0,0,0,1,1,0,8,0,2,3,0,2,0,0,0,0,0,0,0,0,1,0,0,0,0,0,0,0,0,0,0,0,0,0,0,0,0,2,0,0,0,0,0,0,17,5,0,10,0,0,2,0,0,0,0,0,0,0,2,0,1,0,0,0,0,0,0,1,0,0,0,0,0,0,0,0,0,0,0,0,0,0,0,0,0,0,0,0,0,0,0,0,0,0,0,0
"BD15 7",7603,6559,0,0,0,0,0,0,0,0,0,19,6,2,202,6,4,123,31,10,9,4,2,3,0,7,0,0,1,1,0,0,1,0,9,0,7,1,0,1,0,0,0,12,1,22,46,0,19,5,20,2,502,199,5,213,18,19,30,3,0,0,0,1,0,14,167,4,8,7,0,0,0,1,0,131,16,0,0,0,0,0,49,0,0,0,0,1,0,1,13,0,2,15,0,0,0,17,3,3,4,3,1,0
"BD15 9",2889,2700,0,0,0,0,0,0,0,0,0,2,0,0,21,2,0,15,2,0,0,1,0,0,0,0,0,0,0,0,1,0,0,0,4,0,3,1,0,0,0,0,0,4,0,6,28,0,0,3,25,0,107,48,0,46,1,0,8,0,0,2,0,1,0,1,13,0,2,9,0,0,0,0,0,2,0,0,0,0,0,0,1,0,0,0,0,0,0,1,0,0,0,0,0,0,0,0,1,1,2,2,0,0
"BD16 1",9107,8846,0,0,0,0,0,0,0,0,0,9,0,3,103,22,3,36,12,7,5,4,9,1,1,0,1,0,0,1,0,0,1,0,3,0,1,2,0,0,0,0,0,3,0,27,13,0,1,12,0,0,78,20,2,28,0,18,0,0,0,2,6,0,0,2,15,0,2,5,0,0,0,1,4,2,1,0,0,0,0,0,1,0,0,0,0,0,0,0,0,0,0,0,0,0,0,1,3,3,3,0,2,1
"BD16 2",3318,3235,1,0,0,0,0,0,0,0,0,4,1,1,30,5,1,12,1,1,1,1,0,0,5,0,0,1,0,0,2,0,0,0,0,0,0,0,0,0,0,0,0,1,2,6,4,0,2,2,0,0,7,3,0,2,0,0,0,0,0,2,0,0,0,0,20,0,1,13,0,1,0,5,0,0,0,0,0,0,0,0,5,0,0,0,0,0,0,0,0,0,0,5,0,0,0,0,0,0,1,0,0,1
"BD16 3",5546,5483,0,0,0,0,0,0,0,0,0,1,0,1,20,4,1,8,0,0,1,1,2,0,0,1,0,0,0,0,2,0,0,0,1,0,1,0,0,0,0,0,0,8,0,1,0,0,0,0,0,0,18,8,0,4,0,0,5,0,0,0,0,0,1,0,5,1,0,0,0,2,0,0,0,2,0,0,0,0,0,0,8,0,0,0,0,0,2,2,1,0,0,3,0,0,0,0,0,0,0,0,0,0
"BD16 4",6876,6618,0,2,0,0,0,1,0,0,1,10,2,4,157,6,8,88,5,3,4,6,6,0,13,10,3,0,1,3,0,0,0,1,3,0,0,1,0,2,0,0,0,3,1,13,4,0,0,4,0,0,32,11,0,9,0,6,0,0,0,6,0,0,0,0,21,1,5,10,1,1,0,2,0,0,1,1,0,0,0,0,1,0,1,0,0,0,0,0,0,0,0,0,0,0,0,0,1,1,3,3,0,0
"BD17 5",7907,7768,0,1,0,0,0,0,0,1,0,6,2,0,77,6,3,58,0,3,2,0,1,2,0,0,1,0,1,0,0,0,0,0,3,0,0,1,2,0,0,0,0,4,1,3,6,0,0,4,0,2,23,7,0,15,0,0,1,0,0,0,0,0,0,0,11,1,1,3,1,1,0,0,2,2,0,0,0,0,0,0,2,0,0,0,0,0,0,0,0,0,0,0,0,0,1,1,0,0,0,0,0,0
"BD17 6",6033,5942,3,1,0,0,0,0,0,1,0,1,1,2,28,4,3,16,1,0,2,0,0,0,0,0,1,0,0,1,0,0,0,0,0,0,0,0,0,0,0,0,0,1,1,4,1,0,0,1,0,0,32,3,0,22,1,0,4,0,0,0,2,0,0,0,13,1,1,1,1,0,0,0,0,9,0,0,0,0,0,0,3,0,0,0,0,0,0,0,0,0,0,0,1,0,0,2,0,0,0,0,0,0
"BD17 7",3422,3349,0,0,0,0,0,0,0,0,0,1,0,3,36,7,5,19,0,0,1,0,0,0,0,0,2,1,0,0,0,1,0,0,1,0,0,1,0,0,0,0,0,1,4,2,3,0,0,3,0,0,15,1,7,4,0,1,1,0,1,0,0,0,0,0,6,3,0,0,0,0,0,2,0,1,0,0,0,0,0,0,1,0,0,0,0,0,0,0,0,0,1,0,0,0,0,0,0,0,0,0,0,0
"BD18 1",6905,6620,0,0,0,0,0,0,0,0,0,2,3,2,75,8,0,54,3,5,0,1,0,0,0,2,0,0,0,0,1,0,1,0,2,0,1,1,0,0,0,0,0,0,0,21,14,0,5,7,1,1,131,29,1,77,1,13,8,2,0,0,0,0,0,0,24,2,3,11,0,0,0,1,0,7,0,0,0,0,0,0,6,0,0,0,0,0,0,0,1,0,0,3,0,0,0,2,3,3,2,2,0,0
"BD18 2",6476,5852,0,0,0,0,0,0,0,0,0,3,2,5,197,19,2,142,16,8,0,0,5,0,0,0,0,0,0,0,4,0,0,1,3,2,0,1,0,0,0,0,0,1,2,5,28,0,9,7,12,0,328,103,2,121,2,87,8,0,0,2,0,0,0,3,31,1,2,10,0,0,0,3,0,13,2,0,0,0,0,0,15,0,1,0,0,1,1,0,1,0,6,4,0,0,1,0,3,3,1,0,0,1
"BD18 3",5208,4601,0,0,0,0,0,0,0,0,0,11,3,5,186,16,2,111,13,17,9,3,6,1,4,0,2,0,0,0,1,0,0,1,11,0,2,5,2,2,0,0,0,8,2,5,23,0,6,7,10,0,311,113,4,144,3,33,4,0,0,7,1,0,0,2,36,4,7,4,0,0,0,0,2,19,0,0,0,0,0,0,5,0,0,0,0,0,0,0,1,0,2,0,0,0,2,0,0,0,1,1,0,0
"BD18 4",7514,7205,0,0,0,0,0,0,0,0,0,9,2,8,83,18,8,35,6,3,0,4,1,4,2,1,1,0,0,0,0,0,0,0,6,1,3,2,0,0,0,0,0,11,3,17,6,0,1,2,3,0,117,42,3,55,0,5,5,0,0,2,0,0,0,5,34,1,4,0,1,0,0,1,1,26,0,0,2,0,0,0,3,0,0,0,0,0,0,0,0,0,0,1,1,1,0,0,1,1,7,5,1,1
"BD19 3",5731,5576,0,0,0,0,0,0,0,0,0,0,1,0,60,2,2,44,0,1,1,0,7,0,1,1,1,0,0,0,0,0,0,0,2,0,0,1,0,1,0,0,0,3,0,1,8,0,2,5,1,0,63,17,0,38,0,1,5,0,0,0,0,0,0,2,13,0,0,4,3,0,3,1,0,2,0,0,0,0,0,0,2,0,1,0,0,0,0,0,0,0,0,0,0,0,0,1,0,0,2,1,0,1
"BD19 4",9060,8946,2,0,0,0,0,0,0,0,0,1,1,1,42,3,2,29,1,1,0,1,2,0,1,1,0,0,0,1,0,0,0,0,2,0,0,2,0,0,0,0,0,5,0,1,0,0,0,0,0,0,34,10,1,21,0,2,0,0,0,0,0,0,0,0,14,0,6,3,1,0,0,4,0,0,0,0,0,0,0,0,6,0,0,0,0,0,0,0,0,0,0,4,1,0,0,1,1,1,4,4,0,0
"BD19 5",2550,2499,1,1,0,0,0,0,0,1,0,0,0,0,30,2,0,26,0,0,0,0,0,0,0,0,0,0,1,0,0,0,1,0,0,0,0,0,0,0,0,0,0,0,0,0,1,0,1,0,0,0,10,3,0,5,0,0,2,0,0,0,0,0,0,0,5,2,1,0,0,0,1,1,0,0,0,0,0,0,0,0,1,0,0,0,0,0,0,0,1,0,0,0,0,0,0,0,0,0,2,1,0,1
"BD19 6",3819,3784,0,0,0,0,0,0,0,0,0,0,0,1,12,1,3,7,0,0,0,0,0,0,0,0,0,1,0,0,0,0,0,0,1,0,0,0,0,1,0,0,0,0,0,0,0,0,0,0,0,0,14,2,3,7,0,0,2,0,0,0,0,0,0,0,6,5,0,1,0,0,0,0,0,0,0,0,0,0,0,0,1,0,0,0,0,0,0,0,0,0,0,1,0,0,0,0,0,0,0,0,0,0
"BD2  1",7783,7110,0,0,0,0,0,0,0,0,0,3,0,3,125,10,1,89,1,10,3,6,2,0,0,0,3,0,0,0,0,0,0,0,9,0,3,6,0,0,1,1,0,3,1,48,13,0,7,5,1,0,434,111,2,198,0,99,11,0,0,5,2,0,0,6,22,1,4,11,0,0,0,4,0,1,1,0,0,0,0,0,3,0,0,0,0,0,0,0,0,0,0,3,0,0,0,0,4,4,4,4,0,0
"BD2  2",4563,4420,0,0,0,0,0,0,0,0,0,0,1,4,40,3,2,28,1,0,0,2,0,2,0,1,1,0,0,0,0,0,0,0,5,0,3,2,0,0,0,0,0,0,0,2,1,0,0,1,0,0,75,20,5,35,6,7,1,0,1,0,0,0,0,0,11,0,1,1,0,0,0,0,0,9,0,0,0,0,0,0,2,0,0,0,0,0,0,0,0,0,0,2,0,0,0,0,0,0,2,1,0,1
"BD2  3",7536,6930,0,2,1,0,0,0,0,1,0,5,5,8,81,6,6,44,4,0,0,4,15,0,0,1,1,0,0,0,0,0,0,0,7,4,1,2,0,0,0,0,0,5,2,10,45,0,8,5,32,0,412,182,0,131,7,71,8,0,0,0,0,0,0,13,3,0,1,0,0,0,0,2,0,0,0,0,0,1,1,0,16,0,0,0,0,0,0,0,4,0,0,1,0,1,0,10,2,2,2,1,1,0
"BD2  4",7417,6352,1,1,0,0,0,0,0,1,0,5,0,3,100,12,9,42,2,17,2,4,1,1,0,1,2,0,0,5,1,0,0,1,9,0,0,9,0,0,0,0,0,2,0,51,60,0,3,6,50,1,816,272,0,333,25,156,23,0,0,0,0,0,0,7,13,0,2,8,0,0,0,0,0,3,0,0,0,0,0,0,2,0,0,0,0,0,0,0,0,0,0,0,2,0,0,0,1,1,1,0,1,0
"BD20 0",5932,5840,0,0,0,0,0,0,0,0,0,3,4,1,46,6,2,24,0,0,1,0,10,2,1,0,0,0,0,0,0,0,0,0,0,0,0,0,0,0,0,0,0,2,3,2,2,0,2,0,0,0,10,1,0,3,0,2,0,0,0,0,4,0,0,0,16,0,0,6,1,0,0,1,0,8,0,0,0,0,0,0,1,0,0,0,0,0,0,0,0,1,0,0,0,0,0,0,0,0,2,2,0,0
"BD20 5",6986,6747,0,0,0,0,0,0,0,0,0,0,0,0,27,5,2,6,7,0,0,1,1,3,0,0,1,1,0,0,0,0,0,0,3,0,0,3,0,0,0,0,0,2,0,14,4,0,0,0,4,0,179,54,2,74,1,46,0,0,0,1,0,0,0,1,8,0,1,2,0,0,0,3,0,2,0,0,0,0,0,0,1,0,0,0,0,0,0,0,0,0,0,0,0,0,0,1,1,1,0,0,0,0
"BD20 6",7145,6677,0,0,0,0,0,0,0,0,0,7,0,2,88,8,10,20,28,7,4,1,1,2,0,0,2,0,4,0,0,0,1,0,6,0,3,0,0,3,0,0,0,3,1,2,20,2,2,4,10,2,315,86,6,169,6,21,0,0,2,2,6,6,1,10,12,0,0,3,1,0,0,2,0,5,1,0,0,0,0,0,9,1,0,0,0,0,2,0,0,0,0,1,0,1,0,4,0,0,3,2,0,1
"BD20 7",4765,4711,0,0,0,0,0,0,0,0,0,1,2,1,29,2,3,19,0,0,0,0,1,0,0,1,0,0,0,0,0,0,3,0,0,0,0,0,0,0,0,0,0,0,0,1,0,0,0,0,0,0,11,1,0,5,0,0,0,0,3,0,2,0,0,0,7,4,0,0,0,0,0,1,0,2,0,0,0,0,0,0,1,0,0,0,0,0,0,0,0,0,0,0,1,0,0,0,0,0,1,0,1,0
"BD20 8",5336,5243,1,0,0,0,0,0,0,0,0,1,0,2,36,7,6,18,0,0,1,0,0,0,0,0,2,0,0,0,1,0,1,0,0,0,0,0,0,0,0,0,0,0,0,3,4,0,2,0,2,0,24,8,0,1,0,1,0,0,1,6,4,0,0,3,20,8,4,1,2,0,0,1,1,3,0,0,0,0,0,0,2,0,0,0,0,0,0,0,0,0,0,0,0,0,0,2,0,0,0,0,0,0
"BD20 9",3991,3967,0,0,0,0,0,0,0,0,0,1,4,1,10,0,1,7,0,0,0,0,0,1,0,0,1,0,0,0,0,0,0,0,0,0,0,0,0,0,0,0,0,2,1,0,0,0,0,0,0,0,0,0,0,0,0,0,0,0,0,0,0,0,0,0,3,0,0,0,0,0,0,0,0,3,0,0,0,0,0,0,0,0,0,0,0,0,0,0,0,0,0,0,0,0,0,0,1,1,1,0,1,0
"BD21 1",5721,4805,1,0,0,0,0,0,0,0,0,0,0,1,71,14,0,25,17,6,0,4,0,2,0,0,1,0,0,0,0,1,1,0,1,0,0,1,0,0,0,0,0,0,0,1,18,0,13,0,5,0,762,91,0,197,9,459,2,0,0,0,0,0,0,4,21,2,6,9,1,0,0,2,0,0,1,0,0,0,0,0,23,0,0,0,0,0,12,0,0,0,0,0,0,1,1,9,7,7,10,9,0,1
"BD21 2",6700,4862,0,0,0,0,0,0,0,0,0,6,0,0,222,46,1,75,69,12,6,9,0,2,1,0,0,0,0,0,0,1,0,0,8,1,0,7,0,0,0,0,0,1,0,1,41,0,31,2,8,0,1512,389,4,936,74,71,2,4,0,7,18,0,0,7,20,1,1,9,0,0,0,7,0,2,0,0,0,0,0,0,16,0,0,0,0,0,0,0,1,0,0,1,2,2,4,6,3,3,8,8,0,0
"BD21 3",3683,2200,0,0,0,0,0,0,0,0,0,2,0,2,179,4,1,74,72,17,0,2,7,0,1,0,0,0,0,0,0,0,1,0,2,0,0,2,0,0,0,0,0,1,0,0,17,0,1,10,6,0,1261,314,1,633,35,260,8,0,0,0,3,0,0,7,7,0,0,3,0,0,0,0,0,4,0,0,0,0,0,0,6,0,0,0,0,0,2,0,0,0,0,0,0,1,0,3,4,4,2,1,1,0
"BD21 4",7040,6099,0,0,0,0,0,0,0,0,0,2,0,4,156,16,3,75,32,7,1,11,0,6,0,0,2,0,1,0,0,1,1,0,6,0,2,4,0,0,0,0,0,1,0,5,25,0,17,3,5,0,711,164,2,385,17,134,0,0,0,2,2,0,0,5,20,2,0,15,0,0,0,1,0,2,0,0,0,0,0,0,6,0,0,0,0,0,0,0,0,0,0,0,0,1,0,5,5,5,0,0,0,0
"BD21 5",2520,2382,0,1,1,0,0,0,0,0,0,1,1,0,61,4,2,45,5,3,0,0,0,1,0,0,1,0,0,0,0,0,0,0,1,0,0,1,0,0,0,0,0,1,0,9,5,0,2,0,3,0,37,17,0,10,1,6,2,0,0,0,0,0,0,1,14,2,1,4,0,0,0,2,0,4,1,0,0,0,0,0,6,0,0,0,0,0,2,0,0,0,0,1,2,1,0,0,1,1,0,0,0,0
"BD22 0",4293,4233,0,0,0,0,0,0,0,0,0,7,0,1,19,1,4,7,1,0,0,2,0,0,0,0,2,0,0,0,0,0,2,0,0,0,0,0,0,0,0,0,0,1,0,3,0,0,0,0,0,0,21,7,2,4,1,4,1,0,0,0,0,0,2,0,5,0,0,0,1,0,0,0,0,4,0,0,0,0,0,0,1,1,0,0,0,0,0,0,0,0,0,0,0,0,0,0,0,0,2,1,0,1
"BD22 6",7325,7020,1,2,1,0,0,0,0,1,0,1,0,0,87,12,3,53,8,5,0,3,0,1,0,1,0,0,0,0,0,0,1,0,6,0,2,4,0,0,0,0,0,1,1,3,18,0,1,4,13,0,171,49,0,64,8,31,1,0,0,0,13,0,0,5,10,2,2,2,0,0,1,1,0,1,1,0,0,0,0,0,2,0,0,0,0,0,0,0,0,0,0,0,0,0,0,2,0,0,2,1,1,0
"BD22 7",8705,8577,2,0,0,0,0,0,0,0,0,4,0,2,53,12,2,29,1,0,1,5,0,0,0,0,3,0,0,0,0,0,0,0,4,0,2,2,0,0,0,0,0,1,1,3,1,0,1,0,0,0,26,5,2,7,0,6,3,0,0,2,0,0,0,1,17,3,7,2,0,0,0,5,0,0,0,0,0,0,0,0,8,0,0,0,0,0,1,0,0,0,2,0,2,0,0,3,1,1,5,1,2,2
"BD22 8",4125,4080,0,0,0,0,0,0,0,0,0,3,0,2,12,0,1,8,0,0,0,0,0,0,0,1,1,0,0,0,1,0,0,0,0,0,0,0,0,0,0,0,0,0,0,1,6,0,6,0,0,0,13,2,0,6,0,3,2,0,0,0,0,0,0,0,2,0,0,0,0,0,1,1,0,0,0,0,0,0,0,0,4,0,0,0,0,1,0,0,0,0,0,1,0,0,0,2,1,1,1,0,0,1
"BD22 9",4245,4205,0,0,0,0,0,0,0,0,0,3,0,3,15,1,2,9,0,0,0,0,0,0,0,0,1,0,0,0,1,0,1,0,0,0,0,0,0,0,0,0,0,0,0,0,2,0,2,0,0,0,10,6,0,2,1,0,0,0,0,0,0,0,0,1,6,1,2,0,0,0,0,2,0,0,1,0,0,0,0,0,1,0,0,0,0,0,0,0,0,0,0,0,0,0,0,1,0,0,0,0,0,0
"BD23 1",5743,5435,0,0,0,0,0,0,0,0,0,10,0,3,93,5,7,52,2,2,4,0,0,13,3,0,3,1,0,0,0,0,1,0,0,0,0,0,0,0,0,0,0,1,1,5,19,0,1,0,18,0,130,65,0,35,3,6,2,0,0,5,5,0,7,2,43,0,6,6,1,0,1,1,0,27,1,0,0,0,0,0,2,0,0,0,0,0,0,0,2,0,0,0,0,0,0,0,1,1,0,0,0,0
"BD23 2",8040,7799,1,0,0,0,0,0,0,0,0,7,0,4,144,5,3,109,1,2,3,0,0,14,5,0,0,0,1,0,0,0,1,0,0,0,0,0,0,0,0,0,0,2,0,3,1,0,0,0,1,0,33,10,0,5,6,3,2,0,0,0,4,0,0,3,34,0,3,2,0,0,0,5,0,24,0,0,0,0,0,0,6,0,0,0,0,0,0,0,1,0,0,0,0,0,0,5,2,2,4,3,0,1
"BD23 3",4014,3978,1,0,0,0,0,0,0,0,0,1,0,2,20,0,1,10,4,0,0,1,0,3,0,0,0,1,0,0,0,0,0,0,0,0,0,0,0,0,0,0,0,0,1,1,0,0,0,0,0,0,1,0,0,1,0,0,0,0,0,0,0,0,0,0,6,0,2,0,0,0,0,1,0,3,0,0,0,0,0,0,1,0,0,0,0,0,0,0,0,0,0,0,0,0,0,1,0,0,2,2,0,0
"BD23 4",3477,3456,2,0,0,0,0,0,0,0,0,1,8,0,5,0,1,3,0,0,0,0,0,0,1,0,0,0,0,0,0,0,0,0,0,0,0,0,0,0,0,0,0,0,2,0,0,0,0,0,0,0,0,0,0,0,0,0,0,0,0,0,0,0,0,0,0,0,0,0,0,0,0,0,0,0,0,0,0,0,0,0,2,0,0,0,0,0,1,0,0,0,0,1,0,0,0,0,0,0,1,0,0,1
"BD23 5",3430,3394,1,0,0,0,0,0,0,0,0,2,0,2,22,3,1,2,3,2,0,0,3,3,2,1,0,0,1,0,1,0,0,0,1,0,1,0,0,0,0,0,0,0,0,1,0,0,0,0,0,0,0,0,0,0,0,0,0,0,0,0,0,0,0,0,2,0,0,1,0,0,0,1,0,0,0,2,0,0,0,0,1,0,0,0,0,0,0,0,0,0,0,0,0,0,0,1,1,1,1,0,0,1
"BD23 6",3836,3792,0,0,0,0,0,0,0,0,0,3,1,2,32,0,4,14,0,2,0,0,0,4,4,1,2,0,1,0,0,0,0,0,1,0,0,0,0,1,0,0,0,1,0,2,0,0,0,0,0,0,2,0,0,2,0,0,0,0,0,0,0,0,0,0,0,0,0,0,0,0,0,0,0,0,0,0,0,0,0,0,0,0,0,0,0,0,0,0,0,0,0,0,0,0,0,0,0,0,0,0,0,0
"BD24 0",1973,1924,0,0,0,0,0,0,0,0,0,1,0,5,11,1,8,0,0,0,0,0,0,1,0,0,1,0,0,0,0,0,0,0,0,0,0,0,0,0,0,0,0,1,0,0,0,0,0,0,0,0,2,0,0,2,0,0,0,0,0,0,0,0,0,0,29,1,6,20,0,1,0,1,0,0,0,0,0,0,0,0,0,0,0,0,0,0,0,0,0,0,0,0,0,0,0,0,0,0,0,0,0,0
"BD24 9",3071,3038,0,0,0,0,0,0,0,0,0,0,0,0,19,3,1,7,1,0,0,0,1,0,1,0,4,0,1,0,0,0,0,0,1,0,0,1,0,0,0,0,0,1,0,0,0,0,0,0,0,0,6,3,1,2,0,0,0,0,0,0,0,0,0,0,5,2,0,0,0,0,0,2,0,1,0,0,0,0,0,0,0,0,0,0,0,0,0,0,0,0,0,0,0,0,0,0,0,0,1,0,1,0
"BD3  0",9149,6295,0,1,0,0,0,0,0,0,1,14,1,9,211,3,4,123,24,15,3,18,7,5,0,5,1,0,0,0,2,0,0,1,9,0,4,1,0,4,0,0,0,9,1,89,464,0,52,14,397,1,1973,727,8,659,43,425,71,0,1,1,2,0,7,29,29,2,1,14,0,1,0,0,0,5,6,0,0,0,0,0,29,0,0,0,0,0,0,1,2,1,0,13,0,5,1,6,6,6,9,8,0,1
"BD3  7",7093,4873,0,0,0,0,0,0,0,0,0,8,0,1,185,2,2,90,31,10,21,0,20,5,0,0,2,0,1,0,0,1,0,0,4,0,2,2,0,0,0,0,0,5,1,14,216,0,19,7,189,1,1756,670,8,809,29,134,62,0,3,3,4,0,4,30,11,3,0,0,1,0,0,2,0,4,1,0,0,0,0,0,5,0,0,0,0,0,0,0,0,0,0,0,0,1,2,2,11,11,3,1,1,1
"BD3  8",8451,4976,0,0,0,0,0,0,0,0,0,8,5,0,255,0,3,116,80,10,31,11,2,1,0,0,0,0,1,0,0,0,0,0,3,0,1,2,0,0,0,0,0,2,0,23,555,0,57,6,492,0,2550,1120,12,1063,79,152,47,0,1,0,4,1,1,70,34,4,8,9,0,3,0,1,0,8,1,0,0,0,0,0,25,1,0,0,0,2,0,1,1,1,1,4,1,0,2,11,12,12,3,2,1,0
"BD3  9",7058,3663,0,1,1,0,0,0,0,0,0,15,0,5,152,0,3,104,27,8,6,0,0,1,0,1,2,0,0,0,0,0,0,0,2,0,0,0,0,2,0,0,0,1,0,43,482,0,32,27,422,1,2618,935,23,802,29,626,116,0,5,0,1,1,1,79,21,0,3,8,0,3,1,1,0,0,5,0,0,0,0,0,31,4,0,0,0,0,0,4,2,0,1,1,0,1,4,14,13,13,11,8,2,1
"BD4  0",6271,5887,0,0,0,0,0,0,0,0,0,9,0,3,240,1,10,171,12,2,0,19,19,2,0,3,1,0,0,0,0,0,0,0,1,1,0,0,0,0,0,0,0,9,0,3,7,0,0,4,3,0,53,22,0,24,0,2,3,0,0,0,0,0,0,2,20,1,0,16,1,0,0,2,0,0,0,0,0,2,2,0,35,1,3,0,0,0,1,0,5,0,0,7,0,2,3,13,2,2,0,0,0,0
"BD4  6",6886,6334,1,0,0,0,0,0,0,0,0,2,2,4,224,6,2,158,23,1,0,11,20,1,0,0,1,0,0,0,0,0,1,0,5,0,2,3,0,0,0,0,0,8,2,36,18,0,10,0,7,1,181,53,2,85,3,5,25,0,2,1,0,5,0,0,27,1,8,11,0,0,0,3,0,4,0,0,0,0,0,0,24,0,0,0,0,0,0,1,0,0,0,16,0,0,0,7,14,14,4,4,0,0
"BD4  7",4488,3548,0,0,0,0,0,0,0,0,0,7,0,1,260,10,1,134,50,43,4,4,11,1,0,1,0,1,0,0,0,0,0,0,10,7,0,0,1,2,0,0,0,19,1,11,128,0,50,23,52,3,458,168,0,222,13,35,1,0,2,0,0,0,0,17,12,0,3,2,0,0,1,1,3,1,1,0,0,0,0,0,23,0,0,1,0,0,2,2,3,0,0,2,0,0,0,13,7,7,3,2,1,0
"BD4  8",6458,5705,0,1,1,0,0,0,0,0,0,4,8,1,201,5,0,102,49,9,1,6,9,18,0,2,0,0,0,0,0,0,0,0,1,1,0,0,0,0,0,0,0,2,5,7,145,0,9,10,125,1,325,120,12,143,1,10,8,0,11,8,6,0,0,6,30,0,16,8,1,0,1,3,1,0,0,0,0,0,0,0,21,1,0,0,0,1,0,0,4,0,0,9,0,0,1,5,1,1,1,1,0,0
"BD4  9",5299,4955,0,0,0,0,0,0,0,0,0,7,0,2,164,1,2,104,10,10,0,12,18,2,0,5,0,0,0,0,0,0,0,0,2,1,1,0,0,0,0,0,0,13,1,15,8,0,2,5,1,0,70,22,3,14,0,22,5,0,0,1,2,0,0,1,13,0,2,6,0,0,0,0,0,2,3,1,0,0,0,0,42,0,0,0,0,0,1,2,1,0,0,10,0,2,1,25,1,1,5,4,1,0
"BD5  0",6671,4096,0,1,1,0,0,0,0,0,0,34,6,16,498,7,8,218,65,13,8,42,100,0,4,16,8,2,0,3,2,2,0,0,6,1,4,0,1,0,0,0,0,59,1,163,404,1,221,86,81,15,1126,399,12,314,20,178,31,1,5,7,1,10,20,128,128,6,7,82,6,1,2,4,5,13,2,0,0,0,0,0,119,1,8,5,0,7,8,7,17,0,3,12,0,5,5,41,10,10,4,3,0,1
"BD5  7",5852,3363,0,0,0,0,0,0,0,0,0,15,3,3,607,4,1,269,195,54,0,21,40,0,2,13,5,0,0,0,0,3,0,0,14,0,13,1,0,0,0,0,0,30,1,142,172,0,69,18,83,2,1387,528,8,472,29,104,19,1,0,0,0,7,18,201,35,2,3,10,0,0,0,0,13,4,3,0,0,0,0,0,57,2,0,0,0,2,1,1,1,0,1,5,0,3,8,33,17,17,6,6,0,0
"BD5  8",7270,5430,0,1,1,0,0,0,0,0,0,4,1,3,302,3,1,170,69,26,0,11,18,0,0,0,1,0,0,0,1,2,0,0,16,0,12,4,0,0,0,0,0,9,0,47,133,0,61,6,66,0,1219,528,4,446,27,16,29,3,0,0,3,4,1,158,51,1,11,16,0,4,0,2,4,13,0,0,0,0,0,0,46,0,0,2,0,3,3,1,0,0,1,4,10,2,10,10,4,4,4,4,0,0
"BD5  9",9784,7170,0,0,0,0,0,0,0,0,0,8,1,2,280,1,2,132,67,19,7,7,36,2,0,1,4,0,0,0,2,0,0,0,35,21,6,7,1,0,0,0,0,13,1,53,237,0,57,41,139,0,1906,877,1,664,51,98,82,1,2,2,0,2,5,121,29,1,3,15,0,0,0,3,6,1,0,0,0,0,0,0,33,0,0,5,0,1,2,1,0,0,0,11,0,2,2,9,5,5,11,7,2,2
"BD6  1",9090,8740,0,1,0,0,0,0,0,1,0,1,4,3,70,4,0,38,5,6,3,4,7,0,0,1,2,0,0,0,0,0,0,0,6,0,2,4,0,0,0,0,0,3,1,7,13,0,3,8,2,0,219,74,3,90,4,6,21,0,0,2,0,0,0,19,14,1,2,8,1,0,0,2,0,0,0,0,0,0,0,0,5,0,0,0,0,0,0,1,2,0,0,0,0,0,2,0,1,1,2,1,1,0
"BD6  2",7269,7074,0,1,0,0,0,0,0,1,0,1,2,6,73,5,2,55,4,1,0,0,3,0,0,1,0,0,0,0,2,0,0,0,1,0,0,1,0,0,0,0,0,2,0,1,8,0,4,4,0,0,66,23,0,27,1,4,10,0,0,1,0,0,0,0,27,4,1,18,0,0,0,3,0,1,0,0,1,0,0,0,3,0,0,0,0,0,0,0,0,0,0,0,0,0,0,3,1,1,2,2,0,0
"BD6  3",12362,11653,0,0,0,0,0,0,0,0,0,5,4,6,148,13,2,82,13,18,0,2,7,3,0,1,3,2,0,0,1,0,1,0,13,0,8,5,0,0,0,0,0,3,3,77,12,0,3,3,6,0,387,138,7,112,10,6,104,0,0,0,2,0,1,7,19,0,9,5,1,0,1,1,0,2,0,0,0,0,0,0,21,0,0,0,0,0,0,1,2,0,0,14,0,0,0,4,1,1,10,7,1,2
"BD7  1",5939,3234,1,2,2,0,0,0,0,0,0,9,5,10,651,5,15,130,27,15,45,34,138,10,20,200,2,1,1,0,5,1,0,2,26,14,5,7,0,0,0,0,0,72,2,112,154,4,52,32,66,0,1119,470,19,414,17,29,43,4,15,10,8,6,5,79,473,12,18,307,14,9,9,2,90,1,11,0,0,0,0,0,69,1,4,4,0,2,5,5,5,2,0,9,0,11,4,17,0,0,0,0,0,0
"BD7  2",11054,6953,0,2,0,0,0,0,0,2,0,13,1,1,461,4,1,149,156,8,13,19,97,3,2,5,0,1,1,0,0,2,0,0,10,0,3,5,2,0,0,0,0,60,1,255,155,0,39,20,94,2,3031,1074,6,1192,84,50,530,1,1,7,1,9,0,76,46,1,0,26,0,0,2,0,15,1,1,0,7,1,0,1,38,1,0,2,0,4,0,2,3,0,0,10,0,6,7,3,14,14,5,4,1,0
"BD7  3",8124,5083,0,0,0,0,0,0,0,0,0,4,0,4,455,12,10,125,143,16,5,21,100,5,5,8,1,0,0,0,1,3,0,0,8,3,2,3,0,0,0,0,0,64,0,137,156,0,32,7,114,3,2070,761,5,900,65,51,194,0,2,0,0,3,0,89,60,1,5,19,0,0,5,0,27,3,0,0,1,0,0,0,61,6,0,1,0,0,2,1,4,0,2,10,0,4,10,21,15,15,6,4,2,0
"BD7  4",8347,7018,0,0,0,0,0,0,0,0,0,7,4,3,135,12,12,54,32,2,0,0,14,5,0,1,1,1,0,0,0,0,0,1,16,0,1,15,0,0,0,0,0,16,0,51,61,0,15,33,10,3,989,318,19,355,12,6,224,0,7,3,3,0,0,42,23,0,9,8,2,0,0,2,0,1,1,0,2,0,0,0,13,2,0,0,0,0,0,1,2,0,0,1,0,0,5,2,3,3,6,5,1,0
"BD8  0",7472,6067,0,2,0,0,0,0,0,1,1,6,1,1,269,17,0,128,70,15,1,9,20,2,0,3,1,1,0,0,0,0,2,0,22,2,10,9,0,1,0,0,0,52,4,54,69,0,10,15,42,2,814,341,8,328,25,22,77,1,0,4,3,0,1,4,79,0,18,3,1,0,0,2,0,53,2,1,1,0,0,0,22,0,1,0,0,0,0,0,0,0,1,10,0,0,1,9,2,2,6,5,0,1
"BD8  7",6252,3671,0,2,0,0,0,0,0,1,1,13,4,1,356,6,5,237,32,10,0,20,17,9,0,0,11,1,0,0,3,1,2,2,11,1,4,6,0,0,0,0,0,25,15,42,354,0,137,49,162,6,1679,377,4,496,29,544,93,0,2,4,6,4,0,120,20,4,3,7,1,2,0,1,0,1,1,0,2,4,4,0,46,0,0,0,0,0,4,0,5,0,3,7,0,3,4,20,3,3,4,3,1,0
"BD8  8",6219,3515,0,1,1,0,0,0,0,0,0,17,0,1,108,8,1,41,20,7,5,2,16,1,0,1,2,0,0,0,4,0,0,0,3,0,1,2,0,0,0,0,0,6,1,58,316,0,43,5,268,0,2150,700,0,1004,49,189,123,0,0,7,1,1,0,76,20,4,2,3,2,0,0,1,3,3,2,0,0,0,0,0,10,0,2,0,0,0,0,0,0,0,1,3,0,1,2,1,5,5,8,5,3,0
"BD8  9",9502,5609,0,0,0,0,0,0,0,0,0,7,1,0,588,17,2,239,191,62,3,13,42,5,0,5,7,0,0,0,1,0,1,0,10,0,2,8,0,0,1,1,0,30,0,80,251,0,44,1,204,2,2798,1099,11,1386,67,38,118,0,0,0,13,0,0,66,86,2,1,7,0,0,2,0,0,73,1,0,0,0,0,0,22,0,2,0,0,0,0,0,0,0,0,4,0,1,1,14,8,8,11,4,6,1
"BD9  4",9036,6226,1,0,0,0,0,0,0,0,0,12,3,0,326,20,9,113,73,40,4,10,35,6,5,3,1,1,0,1,5,0,0,0,17,0,2,15,0,0,0,0,0,4,1,96,106,0,13,9,82,2,2178,711,27,1234,35,58,67,2,1,8,7,1,0,27,33,6,3,14,0,1,0,1,3,5,0,0,1,0,0,0,18,0,0,0,0,1,0,1,4,0,1,3,0,0,0,8,5,5,9,6,3,0
"BD9  5",10366,6897,0,4,1,0,0,0,0,0,3,7,0,3,234,13,5,67,73,37,4,4,11,0,0,4,12,0,2,0,2,0,0,0,14,0,1,12,1,0,0,0,0,3,0,85,122,0,12,8,101,1,2868,1023,8,1616,67,14,93,1,0,1,6,0,0,39,83,0,3,4,0,0,0,0,1,66,9,1,0,0,0,0,14,0,0,1,0,0,0,1,1,0,1,0,0,3,3,4,13,13,18,9,7,2
"BD9  6",8312,6282,0,1,0,0,0,0,0,0,1,7,2,3,336,11,5,67,199,16,5,0,18,7,0,7,1,0,0,0,0,0,0,0,10,0,0,10,0,0,0,0,0,9,0,37,69,0,16,15,32,6,1448,673,4,658,27,26,25,1,2,3,2,1,0,26,89,0,2,5,0,0,0,1,0,81,0,0,0,0,0,0,15,0,0,0,0,0,2,0,0,0,0,3,0,1,1,8,2,2,2,1,1,0
"BH1  1",2573,2006,0,0,0,0,0,0,0,0,0,16,46,55,204,17,14,101,5,8,9,10,4,22,2,6,2,0,1,3,0,0,0,0,10,6,1,0,0,3,0,0,0,17,15,28,21,0,2,8,5,6,60,0,22,2,0,3,4,3,3,13,5,0,0,5,85,4,1,42,5,2,1,17,5,7,1,0,0,0,0,0,8,0,0,0,0,0,0,0,1,0,2,0,2,1,0,2,2,2,0,0,0,0
"BH1  2",1072,741,0,0,0,0,0,0,0,0,0,9,55,33,84,8,6,42,0,1,7,2,0,4,7,4,2,0,1,0,0,0,0,0,5,0,0,0,0,5,0,0,0,6,9,10,11,0,1,3,0,7,55,0,7,0,0,1,2,2,14,16,13,0,0,0,54,9,0,16,2,3,1,14,5,1,3,0,0,0,0,0,0,0,0,0,0,0,0,0,0,0,0,0,0,0,0,0,0,0,0,0,0,0
"BH1  3",6275,5077,0,1,0,0,0,0,0,1,0,22,128,67,470,25,23,241,23,14,20,33,18,42,1,6,7,3,5,3,3,0,1,2,21,3,7,0,1,10,0,0,0,55,16,30,57,1,11,40,1,4,184,2,40,3,0,6,12,35,24,23,11,0,16,12,119,6,9,62,0,2,0,14,7,7,12,0,0,0,0,0,23,0,0,0,0,0,0,0,0,0,3,5,4,0,1,10,4,4,1,0,0,1
"BH1  4",8703,6914,0,0,0,0,0,0,0,0,0,30,279,68,976,18,17,715,33,18,49,38,35,34,4,5,4,0,2,1,1,1,0,1,11,3,3,1,0,4,0,0,0,44,57,36,47,1,16,15,6,9,45,8,3,4,1,11,3,0,3,0,10,1,0,1,143,8,13,54,5,19,1,7,1,27,8,0,0,1,1,0,41,1,0,0,0,0,1,0,4,0,0,20,4,0,4,7,9,9,2,2,0,0
"BH10 4",3957,3765,3,1,0,0,0,0,0,1,0,4,28,9,64,8,2,36,2,2,5,0,0,2,2,2,0,1,1,1,0,0,0,0,3,0,0,0,0,3,0,0,0,2,11,2,18,0,6,12,0,0,9,0,0,0,0,7,0,0,0,0,0,0,2,0,32,0,10,9,1,6,1,1,0,4,0,0,0,0,0,0,4,0,0,0,0,0,0,0,1,0,0,0,0,0,0,3,1,1,1,0,1,0
"BH10 5",6794,6601,0,1,0,0,0,0,0,1,0,7,15,9,66,7,10,33,2,3,2,0,3,2,0,1,2,0,1,0,0,0,0,0,1,0,0,1,0,0,0,0,0,3,4,9,13,0,0,13,0,0,18,1,0,1,0,8,2,0,0,2,4,0,0,0,32,2,6,13,4,5,0,2,0,0,0,0,0,0,0,0,8,0,0,0,0,1,0,1,1,0,0,4,0,0,0,1,1,1,6,4,1,1
"BH10 6",4888,4770,2,0,0,0,0,0,0,0,0,2,19,1,44,4,4,19,1,0,1,1,4,4,2,2,1,0,1,0,0,0,0,0,1,0,0,0,0,1,0,0,0,5,10,3,4,0,1,2,0,1,2,0,0,1,0,0,0,0,0,0,0,1,0,0,21,2,5,6,5,1,1,0,0,1,0,0,0,0,0,0,2,0,0,0,0,0,0,0,2,0,0,0,0,0,0,0,1,1,1,1,0,0
"BH10 7",3716,3589,0,0,0,0,0,0,0,0,0,4,5,6,40,8,7,19,0,0,2,1,0,2,0,0,1,0,0,0,0,0,0,0,1,0,0,0,1,0,0,0,0,13,8,9,5,0,0,5,0,0,11,0,0,0,0,1,0,0,0,5,1,4,0,0,19,1,4,13,0,0,0,1,0,0,0,0,0,0,0,0,1,0,0,0,0,0,0,0,0,0,0,1,0,0,0,0,5,5,0,0,0,0
"BH11 8",9515,9165,0,2,1,0,0,0,0,1,0,13,23,18,134,2,3,88,4,7,6,4,3,8,0,1,0,2,5,1,0,0,0,0,7,5,0,0,0,2,0,0,0,25,17,21,29,0,4,15,8,2,10,1,0,0,0,7,0,0,0,2,0,0,0,0,31,3,5,13,3,2,1,4,0,0,0,1,0,0,0,0,13,0,0,0,0,0,0,0,1,0,0,10,2,0,0,0,0,0,6,5,1,0
"BH11 9",9668,9501,1,1,0,0,0,0,0,1,0,7,14,11,60,2,9,34,4,0,1,0,3,2,1,0,3,0,0,1,0,0,0,0,3,0,1,0,2,0,0,0,0,5,3,7,6,0,0,5,0,1,19,0,1,2,0,0,4,0,0,4,2,0,6,0,25,1,3,5,1,0,0,9,0,6,0,0,0,0,0,0,4,0,1,0,0,0,0,0,0,0,0,1,1,0,0,1,0,0,1,0,0,1
"BH12 1",6019,5627,2,3,0,0,0,0,0,3,0,13,30,13,153,11,5,92,4,1,9,3,0,6,8,1,3,4,0,3,0,0,2,1,6,0,2,0,0,4,0,0,0,15,11,8,17,0,8,5,0,4,38,0,1,4,0,14,2,2,4,4,2,0,0,5,71,3,13,22,4,6,3,4,0,16,0,0,0,0,0,0,11,0,0,0,0,1,2,1,0,0,0,4,3,0,0,0,1,1,0,0,0,0
"BH12 2",7622,7240,1,1,0,0,0,0,0,0,1,5,36,12,186,5,12,119,4,2,4,13,4,4,7,3,1,1,0,6,1,0,0,0,10,0,0,1,0,9,0,0,0,11,10,3,15,0,1,9,3,2,32,1,2,1,0,21,1,0,0,0,4,0,0,2,54,3,4,13,0,0,1,15,1,17,0,0,0,0,0,0,0,0,0,0,0,0,0,0,0,0,0,0,0,0,0,0,0,0,6,6,0,0
"BH12 3",7703,7405,1,1,0,0,0,0,0,1,0,3,9,9,166,6,12,109,9,1,7,0,0,10,1,0,4,0,2,5,0,0,0,0,6,0,4,0,0,2,0,0,0,7,4,2,2,0,0,0,2,0,37,0,0,0,0,16,0,0,0,11,9,1,0,0,35,3,2,12,1,2,1,5,1,7,1,0,0,0,0,0,9,0,0,0,0,0,0,0,0,0,0,5,0,0,3,1,1,1,6,6,0,0
"BH12 4",8355,8040,1,0,0,0,0,0,0,0,0,4,42,13,138,4,8,100,7,2,9,0,2,2,0,1,1,1,1,0,0,0,0,0,5,3,0,1,0,1,0,0,0,11,3,6,7,1,0,4,1,1,24,0,0,3,0,5,0,0,0,4,12,0,0,0,42,2,0,14,3,0,1,5,1,15,1,0,0,0,0,0,15,0,0,0,0,0,0,0,0,0,0,11,2,0,1,1,2,2,2,1,1,0
"BH12 5",4221,3984,0,0,0,0,0,0,0,0,0,4,15,16,67,9,13,15,1,4,5,1,3,4,2,0,4,1,2,2,1,0,0,0,6,0,0,1,0,5,0,0,0,5,5,3,3,0,0,2,1,0,44,4,3,2,0,7,0,2,0,4,0,0,20,2,63,1,5,39,1,10,1,3,2,1,0,0,0,0,0,0,4,0,0,0,0,0,0,1,0,0,0,0,1,0,0,2,0,0,2,2,0,0
"BH13 6",4495,4334,0,0,0,0,0,0,0,0,0,11,9,5,82,6,8,39,6,7,0,2,0,2,0,2,2,3,0,1,4,0,0,0,3,0,0,0,0,3,0,0,0,1,8,1,9,0,1,5,2,1,7,1,0,0,0,0,0,0,0,2,2,0,1,1,25,0,0,11,7,0,0,4,0,3,0,0,0,0,0,0,0,0,0,0,0,0,0,0,0,0,0,0,0,0,0,0,0,0,0,0,0,0
"BH13 7",3662,3511,1,0,0,0,0,0,0,0,0,7,9,12,62,2,12,19,2,2,4,2,4,2,0,1,4,1,4,3,0,0,0,0,5,0,0,0,0,5,0,0,0,4,0,3,11,0,0,8,1,2,16,2,2,0,0,0,0,0,4,4,4,0,0,0,15,3,0,5,3,0,0,0,1,3,0,0,0,0,0,0,4,0,0,0,0,0,0,0,1,0,0,2,1,0,0,0,1,1,1,0,1,0
"BH14 0",6707,6382,1,2,0,0,0,0,0,0,2,10,8,15,142,3,7,99,5,0,2,3,0,11,1,5,2,1,0,1,1,1,0,0,1,1,0,0,0,0,0,0,0,5,11,2,2,1,1,0,0,0,38,0,0,0,0,18,0,0,0,5,14,0,0,1,79,3,0,24,1,1,0,6,0,41,3,0,0,0,0,0,8,0,0,0,0,1,0,0,0,0,0,6,0,0,1,0,0,0,1,1,0,0
"BH14 8",8956,8758,0,0,0,0,0,0,0,0,0,14,11,21,78,8,10,14,8,5,2,2,2,2,4,6,5,5,1,2,0,0,0,2,5,2,1,1,1,0,0,0,0,4,4,3,7,0,1,6,0,0,19,0,0,0,0,6,0,3,0,1,7,0,0,2,23,1,2,1,4,1,1,5,0,6,2,0,0,0,0,0,3,0,0,0,0,0,0,0,0,0,0,1,1,0,0,1,0,0,6,5,1,0
"BH14 9",6881,6560,1,0,0,0,0,0,0,0,0,24,8,11,132,2,14,91,3,6,0,1,2,5,0,2,3,1,0,1,1,0,0,0,2,0,0,0,1,1,0,0,0,10,11,11,12,1,2,7,0,2,26,0,3,0,0,10,0,1,1,3,5,0,0,3,64,0,3,33,4,1,0,6,1,15,1,0,0,0,0,0,7,0,0,0,0,1,2,0,0,0,0,0,0,0,0,4,1,1,1,1,0,0
"BH15 1",5927,5353,1,0,0,0,0,0,0,0,0,17,16,14,320,14,17,209,6,5,17,11,4,10,9,3,4,3,4,3,1,0,0,0,3,0,0,0,1,2,0,0,0,12,11,6,8,0,0,6,0,2,85,4,10,0,0,22,0,9,2,6,20,7,2,3,72,6,9,20,0,1,3,7,2,21,3,1,0,0,0,0,4,0,0,0,0,0,0,0,0,0,0,3,0,1,0,0,2,2,2,2,0,0
"BH15 2",5846,5316,0,0,0,0,0,0,0,0,0,8,6,4,239,8,13,164,5,7,13,4,6,4,4,1,1,0,1,0,8,0,0,0,2,0,1,0,1,0,0,0,0,16,9,8,2,0,0,1,0,1,163,6,12,2,0,14,2,6,0,12,109,0,0,0,57,3,0,14,0,0,0,4,2,23,11,0,0,0,0,0,11,0,0,0,0,0,0,0,0,0,0,4,2,1,1,3,2,2,3,3,0,0
"BH15 3",10958,10621,0,0,0,0,0,0,0,0,0,8,3,14,170,14,6,101,11,4,12,4,3,2,5,0,1,1,1,3,2,0,0,0,1,1,0,0,0,0,0,0,0,5,9,2,7,0,1,5,0,1,70,0,11,0,0,14,1,5,0,5,34,0,0,0,31,0,3,12,0,0,0,3,1,10,2,0,0,0,0,0,7,0,0,0,0,0,0,0,0,0,0,5,1,0,1,0,1,1,9,7,2,0
"BH15 4",9154,8885,0,1,0,0,0,1,0,0,0,3,2,8,163,4,9,120,1,3,5,2,1,4,1,3,3,3,0,2,2,0,0,0,0,0,0,0,0,0,0,0,0,7,3,5,6,0,1,5,0,0,30,3,0,2,0,8,0,0,5,4,0,0,6,2,36,1,2,20,0,2,2,3,1,5,0,2,0,0,0,0,2,0,0,0,0,0,0,0,0,0,0,1,0,1,0,0,0,0,1,0,1,0
"BH16 5",10531,10354,1,0,0,0,0,0,0,0,0,8,3,10,109,7,10,65,0,7,3,4,1,5,4,0,0,0,0,0,1,0,2,0,7,0,0,2,0,5,0,0,0,5,7,0,6,0,2,4,0,0,2,0,0,0,0,0,0,0,0,0,0,0,2,0,16,5,1,5,1,0,0,3,0,1,0,0,0,0,0,0,3,0,0,0,0,1,0,0,1,0,0,0,0,0,0,1,0,0,0,0,0,0
"BH16 6",4781,4738,0,0,0,0,0,0,0,0,0,2,3,4,23,1,3,12,2,0,0,0,0,0,0,1,0,1,2,1,0,0,0,0,3,0,0,0,0,3,0,0,0,0,0,0,0,0,0,0,0,0,1,0,0,0,0,1,0,0,0,0,0,0,0,0,7,0,0,2,0,0,0,4,0,0,1,0,0,0,0,0,0,0,0,0,0,0,0,0,0,0,0,0,0,0,0,0,0,0,0,0,0,0
"BH17 7",8554,8395,0,0,0,0,0,0,0,0,0,12,2,6,84,1,5,50,1,3,9,2,3,3,0,2,2,0,1,2,0,0,0,0,0,0,0,0,0,0,0,0,0,5,3,6,4,0,0,2,0,2,11,1,1,0,0,3,0,0,0,5,1,0,0,0,20,2,0,9,2,1,0,2,0,4,0,0,0,0,0,0,5,0,0,0,0,0,0,0,1,0,0,3,0,0,0,1,0,0,1,1,0,0
"BH17 8",7230,7056,1,0,0,0,0,0,0,0,0,4,6,6,84,3,6,50,5,3,0,8,2,0,1,0,4,0,1,0,1,0,0,0,0,0,0,0,0,0,0,0,0,2,1,1,3,0,0,3,0,0,28,2,0,2,0,10,0,0,4,0,8,0,2,0,25,5,6,8,0,0,0,5,1,0,0,0,0,0,0,0,7,0,0,0,0,0,0,0,0,0,0,5,0,0,2,0,0,0,6,6,0,0
"BH17 9",6318,6148,0,0,0,0,0,0,0,0,0,5,10,5,65,0,4,31,0,11,8,6,1,3,0,1,0,0,0,0,0,0,0,0,1,0,0,1,0,0,0,0,0,26,1,1,4,0,1,2,0,1,15,0,4,1,0,4,6,0,0,0,0,0,0,0,33,3,10,12,2,0,0,6,0,0,0,0,0,0,0,0,4,0,0,0,0,0,0,1,0,0,0,0,2,0,1,0,0,0,0,0,0,0
"BH18 8",4590,4540,0,0,0,0,0,0,0,0,0,1,0,4,18,2,2,2,2,1,0,0,0,3,5,0,0,0,0,1,0,0,0,0,0,0,0,0,0,0,0,0,0,1,1,0,1,0,0,0,0,1,10,0,1,0,0,0,0,0,0,8,0,1,0,0,13,1,2,5,0,0,2,1,0,2,0,0,0,0,0,0,0,0,0,0,0,0,0,0,0,0,0,0,0,0,0,0,0,0,1,1,0,0
"BH18 9",6333,6234,3,0,0,0,0,0,0,0,0,7,3,3,38,3,5,8,1,2,0,0,0,1,9,0,3,5,0,1,0,0,0,0,3,0,1,1,0,1,0,0,0,0,5,0,0,0,0,0,0,0,20,2,1,0,0,12,3,0,0,2,0,0,0,0,10,1,0,2,1,0,0,4,0,2,0,0,0,0,0,0,2,0,0,0,0,0,0,0,0,0,0,0,2,0,0,0,2,2,3,3,0,0
"BH19 1",3986,3922,0,0,0,0,0,0,0,0,0,6,4,3,29,1,1,25,0,0,0,0,0,2,0,0,0,0,0,0,0,0,0,0,1,0,0,0,0,1,0,0,0,1,4,0,0,0,0,0,0,0,8,0,0,0,0,4,0,0,0,0,0,0,4,0,5,0,0,1,0,0,0,1,0,3,0,0,0,0,0,0,1,0,0,0,0,0,0,0,0,0,0,0,0,0,0,1,1,1,1,0,1,0
"BH19 2",5393,5274,0,0,0,0,0,0,0,0,0,13,2,2,55,3,12,25,1,0,6,0,0,0,2,1,3,0,2,0,0,0,0,0,2,0,0,0,0,2,0,0,0,0,12,2,1,0,0,0,0,1,11,6,0,0,0,5,0,0,0,0,0,0,0,0,16,3,1,0,1,0,0,1,0,9,1,1,0,0,0,0,1,0,0,0,0,0,0,0,0,0,0,1,0,0,0,0,0,0,1,0,0,1
"BH19 3",1881,1860,0,0,0,0,0,0,0,0,0,4,0,0,13,1,3,4,1,0,0,0,2,1,0,0,0,1,0,0,0,0,0,0,0,0,0,0,0,0,0,0,0,0,0,0,0,0,0,0,0,0,0,0,0,0,0,0,0,0,0,0,0,0,0,0,3,1,0,0,0,0,0,2,0,0,0,0,0,0,0,0,1,0,0,0,0,0,0,0,0,0,0,1,0,0,0,0,0,0,0,0,0,0
"BH2  5",4346,3118,1,1,0,0,0,0,0,1,0,31,220,109,539,25,18,326,28,11,15,25,22,28,8,7,5,8,4,2,7,0,0,0,27,7,2,4,4,10,0,0,0,36,35,29,23,1,7,5,0,10,27,5,5,0,0,4,0,0,2,0,2,2,5,2,133,5,2,53,7,12,0,9,6,38,1,0,0,0,0,0,7,0,0,2,0,0,0,0,0,0,0,2,0,0,0,3,8,8,2,1,1,0
"BH2  6",3740,3211,0,1,0,0,0,0,0,1,0,26,55,49,215,15,17,123,5,6,9,6,15,2,1,3,5,1,2,4,1,0,0,0,9,2,0,0,2,5,0,0,0,31,17,27,19,0,1,11,1,6,24,2,1,0,0,7,2,0,0,3,0,0,7,2,50,2,13,15,1,6,0,9,0,4,0,0,0,0,0,0,3,0,0,0,0,0,0,0,0,0,0,2,0,0,0,1,2,2,1,1,0,0
"BH20 4",5338,5265,1,0,0,0,0,0,0,0,0,8,0,4,32,5,1,17,0,0,2,0,0,3,0,1,0,0,1,2,0,0,0,0,1,1,0,0,0,0,0,0,0,2,1,0,0,0,0,0,0,0,5,0,0,0,0,0,0,0,0,0,0,0,4,1,19,3,0,1,3,0,1,9,1,1,0,0,0,0,0,0,0,0,0,0,0,0,0,0,0,0,0,0,0,0,0,0,0,0,0,0,0,0
"BH20 5",3862,3824,1,0,0,0,0,0,0,0,0,1,0,6,21,1,9,2,2,1,1,0,0,0,1,0,4,0,0,0,0,0,0,0,0,0,0,0,0,0,0,0,0,0,1,0,0,0,0,0,0,0,4,0,0,0,0,4,0,0,0,0,0,0,0,0,0,0,0,0,0,0,0,0,0,0,0,0,0,0,0,0,3,0,0,0,0,0,0,0,0,0,0,0,2,0,0,1,0,0,1,0,0,1
"BH20 6",5738,5664,1,1,0,0,0,0,0,1,0,4,1,5,36,0,21,7,2,0,1,0,1,0,0,0,1,1,0,1,0,0,0,1,2,0,1,0,0,1,0,0,0,0,1,4,0,0,0,0,0,0,3,0,0,0,0,0,0,0,0,0,0,0,3,0,6,0,0,1,1,0,0,0,1,2,1,1,0,0,0,0,6,0,0,0,0,2,0,0,2,0,0,0,2,0,0,0,0,0,3,2,1,0
"BH20 7",4449,4410,0,0,0,0,0,0,0,0,0,4,1,3,13,2,1,4,0,0,0,0,0,1,0,0,1,3,0,0,0,0,0,1,1,0,0,0,0,1,0,0,0,6,2,0,1,0,0,1,0,0,0,0,0,0,0,0,0,0,0,0,0,0,0,0,4,0,2,0,0,0,0,1,0,1,0,0,0,0,0,0,2,0,0,0,0,0,0,0,0,0,0,0,0,0,0,2,2,2,0,0,0,0
"BH21 1",10208,10073,0,0,0,0,0,0,0,0,0,7,5,12,51,1,14,19,0,1,2,0,1,2,7,0,1,0,1,1,0,0,0,1,3,1,0,0,0,2,0,0,0,5,2,0,3,2,0,1,0,0,25,0,0,1,0,14,1,0,0,0,0,1,8,0,14,0,0,7,1,0,0,3,1,1,1,0,0,0,0,0,6,0,0,0,0,0,0,0,0,0,0,0,6,0,0,0,0,0,2,2,0,0
"BH21 2",8786,8708,2,0,0,0,0,0,0,0,0,5,5,8,36,2,5,10,1,0,1,2,0,1,0,1,11,1,1,0,0,0,0,0,0,0,0,0,0,0,0,0,0,0,0,0,0,0,0,0,0,0,8,0,0,0,0,5,0,0,0,0,0,0,2,1,7,0,1,0,1,0,0,3,0,2,0,3,0,0,0,0,3,0,0,0,0,0,0,0,0,0,0,1,2,0,0,0,0,0,1,0,0,1
"BH21 3",10377,10255,1,0,0,0,0,0,0,0,0,17,4,4,42,1,16,9,2,1,1,0,0,1,3,1,2,0,1,1,3,0,0,0,1,0,1,0,0,0,0,0,0,1,1,2,3,0,0,0,0,3,11,2,2,0,0,5,2,0,0,0,0,0,0,0,30,1,5,12,1,1,1,2,0,7,0,0,0,0,0,0,3,0,0,0,0,0,0,0,0,0,0,1,2,0,0,0,1,1,1,0,1,0
"BH21 4",2170,2157,0,0,0,0,0,0,0,0,0,2,0,0,5,0,0,0,0,0,3,1,0,0,0,0,1,0,0,0,0,0,0,0,0,0,0,0,0,0,0,0,0,0,0,0,0,0,0,0,0,0,4,0,0,0,0,4,0,0,0,0,0,0,0,0,2,0,0,2,0,0,0,0,0,0,0,0,0,0,0,0,0,0,0,0,0,0,0,0,0,0,0,0,0,0,0,0,0,0,0,0,0,0
"BH21 5",2350,2332,2,0,0,0,0,0,0,0,0,0,0,0,10,1,1,5,0,1,0,0,0,0,0,0,2,0,0,0,0,0,0,0,0,0,0,0,0,0,0,0,0,0,0,2,2,0,0,2,0,0,0,0,0,0,0,0,0,0,0,0,0,0,0,0,2,0,0,0,1,0,0,0,1,0,0,0,0,0,0,0,0,0,0,0,0,0,0,0,0,0,0,0,0,0,0,0,0,0,0,0,0,0
"BH21 6",1426,1400,2,0,0,0,0,0,0,0,0,1,2,1,6,1,0,3,1,1,0,0,0,0,0,0,0,0,0,0,0,0,0,0,1,0,0,0,0,1,0,0,0,0,0,1,0,0,0,0,0,0,9,1,0,0,0,6,1,0,0,0,1,0,0,0,2,0,0,2,0,0,0,0,0,0,0,0,0,0,0,0,1,0,0,0,0,0,0,0,0,0,0,1,0,0,0,0,0,0,0,0,0,0
"BH21 7",3747,3716,0,0,0,0,0,0,0,0,0,2,1,3,15,0,5,8,0,0,0,0,0,0,0,0,1,0,0,1,0,0,0,0,2,1,0,0,0,1,0,0,0,0,0,1,1,0,0,1,0,0,2,0,0,0,0,0,0,0,0,0,2,0,0,0,3,0,1,2,0,0,0,0,0,0,0,0,0,0,0,0,0,0,0,0,0,0,0,0,0,0,0,0,0,0,0,0,1,1,0,0,0,0
"BH21 8",503,495,0,0,0,0,0,0,0,0,0,2,0,0,3,0,1,2,0,0,0,0,0,0,0,0,0,0,0,0,0,0,0,0,1,0,1,0,0,0,0,0,0,1,0,0,0,0,0,0,0,0,0,0,0,0,0,0,0,0,0,0,0,0,0,0,1,0,0,0,0,0,0,0,0,1,0,0,0,0,0,0,0,0,0,0,0,0,0,0,0,0,0,0,0,0,0,0,0,0,0,0,0,0
"BH22 0",7415,7360,0,1,1,0,0,0,0,0,0,6,1,4,17,0,8,6,0,0,0,0,0,0,0,0,2,0,0,0,0,0,0,1,0,0,0,0,0,0,0,0,0,1,1,1,1,0,0,1,0,0,13,1,0,0,0,11,0,0,0,0,0,0,0,1,6,0,3,3,0,0,0,0,0,0,0,0,0,0,0,0,1,0,0,0,0,0,0,0,1,0,0,0,0,0,0,0,1,1,1,1,0,0
"BH22 8",10584,10427,3,0,0,0,0,0,0,0,0,3,7,6,60,4,16,9,4,3,4,2,0,2,3,1,4,4,1,1,1,0,0,1,4,0,0,0,0,4,0,0,0,5,3,5,4,0,0,3,0,1,22,0,0,0,0,21,1,0,0,0,0,0,0,0,28,4,2,13,3,1,0,2,0,2,1,0,0,0,0,0,6,0,0,0,0,0,0,0,0,0,0,0,5,0,0,1,0,0,1,1,0,0
"BH22 9",8224,8146,2,0,0,0,0,0,0,0,0,3,1,2,24,3,7,8,1,0,0,1,0,0,0,2,0,0,1,1,0,0,0,0,4,0,0,2,0,2,0,0,0,1,2,0,0,0,0,0,0,0,21,2,1,0,0,17,0,0,0,0,0,0,1,0,13,1,1,2,1,0,1,2,2,1,2,0,0,0,0,0,0,0,0,0,0,0,0,0,0,0,0,0,0,0,0,0,0,0,5,5,0,0
"BH23 1",5416,5283,0,1,0,0,0,0,0,1,0,9,6,11,44,3,4,30,1,0,0,0,1,0,0,2,2,0,1,0,0,0,0,0,1,0,0,1,0,0,0,0,0,0,1,0,4,1,0,1,0,2,20,3,6,0,0,2,0,0,0,0,9,0,0,0,33,3,5,11,1,2,0,9,0,2,0,0,0,0,0,0,2,0,0,0,0,0,0,1,0,0,0,0,1,0,0,0,1,1,0,0,0,0
"BH23 2",11685,11441,0,0,0,0,0,0,0,0,0,17,8,8,72,9,15,17,1,0,2,7,3,5,0,0,4,4,2,0,1,1,1,0,3,1,1,0,0,1,0,0,0,5,7,2,3,0,0,3,0,0,21,0,0,1,0,12,0,0,2,0,2,0,0,4,90,1,15,38,3,4,0,5,1,22,1,0,0,0,0,0,4,1,0,0,0,0,1,0,0,0,0,0,1,0,1,0,1,1,3,1,1,1
"BH23 3",8635,8500,2,1,1,0,0,0,0,0,0,8,6,5,54,2,10,25,3,2,0,4,0,2,3,0,3,0,0,0,0,0,0,0,3,0,0,0,2,1,2,2,0,1,4,1,0,0,0,0,0,0,22,0,3,0,0,9,9,0,0,0,0,0,0,1,21,2,0,5,0,0,0,6,1,6,1,0,0,0,0,0,2,0,0,0,0,0,0,0,0,0,0,1,1,0,0,0,1,1,2,0,2,0
"BH23 4",9480,9381,1,2,0,0,0,0,0,2,0,11,2,4,36,7,10,8,1,2,2,0,1,1,0,1,1,0,0,0,1,0,1,0,0,0,0,0,0,0,0,0,0,0,3,4,2,0,0,0,0,2,5,0,0,0,0,2,1,0,0,0,2,0,0,0,19,0,5,12,0,0,0,1,0,1,0,1,0,0,0,0,7,0,0,0,0,0,0,0,0,0,0,0,7,0,0,0,0,0,2,2,0,0
"BH23 5",6743,6623,2,1,0,0,0,0,0,1,0,8,1,4,55,1,10,26,2,0,0,0,2,10,0,1,2,0,0,1,0,0,0,0,1,0,0,0,1,0,0,0,0,1,12,0,0,0,0,0,0,0,0,0,0,0,0,0,0,0,0,0,0,0,0,0,30,0,8,11,0,1,0,5,0,3,2,0,0,0,0,0,5,0,0,0,0,0,0,0,0,0,0,0,0,0,0,5,0,0,0,0,0,0
"BH23 6",494,487,0,0,0,0,0,0,0,0,0,0,0,0,4,1,0,3,0,0,0,0,0,0,0,0,0,0,0,0,0,0,0,0,0,0,0,0,0,0,0,0,0,0,0,0,0,0,0,0,0,0,0,0,0,0,0,0,0,0,0,0,0,0,0,0,0,0,0,0,0,0,0,0,0,0,0,0,0,0,0,0,3,0,0,0,0,0,0,0,0,0,0,0,3,0,0,0,0,0,0,0,0,0
"BH23 7",4350,4286,2,0,0,0,0,0,0,0,0,2,0,1,29,3,9,10,0,0,2,0,0,3,2,0,0,0,0,0,0,0,0,0,0,0,0,0,0,0,0,0,0,1,7,1,2,0,0,1,0,1,1,0,1,0,0,0,0,0,0,0,0,0,0,0,16,0,3,4,0,0,1,0,1,6,1,0,0,0,0,0,0,0,0,0,0,0,0,0,0,0,0,0,0,0,0,0,1,1,1,0,1,0
"BH23 8",4629,4576,1,0,0,0,0,0,0,0,0,3,1,5,21,0,2,5,1,0,4,0,0,4,1,0,2,0,2,0,0,0,0,0,5,0,0,0,0,5,0,0,0,1,1,0,0,0,0,0,0,0,0,0,0,0,0,0,0,0,0,0,0,0,0,0,14,0,0,1,0,1,0,1,0,11,0,0,0,0,0,0,1,0,0,0,0,0,0,0,0,0,0,1,0,0,0,0,0,0,0,0,0,0
"BH24 1",10143,9978,0,0,0,0,0,0,0,0,0,10,4,2,82,6,6,32,5,0,5,0,0,0,0,1,23,0,4,0,0,0,0,0,2,0,0,1,0,1,0,0,0,2,4,0,7,0,5,0,0,2,16,1,0,1,0,2,0,0,0,0,9,0,3,0,20,1,1,2,0,0,2,6,0,8,0,3,0,0,0,0,9,0,0,0,0,0,0,0,1,0,0,0,3,0,0,5,1,1,3,2,1,0
"BH24 2",6768,6660,0,2,2,0,0,0,0,0,0,5,4,8,49,3,14,13,2,0,8,0,1,1,0,1,4,1,0,1,0,0,0,0,3,1,1,1,0,0,0,0,0,2,3,3,0,0,0,0,0,0,7,1,0,0,0,0,6,0,0,0,0,0,0,0,16,0,4,6,1,2,0,2,0,1,0,0,0,0,0,0,0,0,0,0,0,0,0,0,0,0,0,0,0,0,0,0,2,2,4,2,2,0
"BH24 3",4747,4673,0,0,0,0,0,0,0,0,0,6,0,3,32,2,5,9,0,0,6,1,0,0,3,0,3,1,2,0,0,0,0,0,2,1,0,0,0,1,0,0,0,6,1,0,2,0,1,0,1,0,9,0,0,1,0,5,0,0,0,0,3,0,0,0,9,0,1,1,1,1,1,1,0,2,1,0,0,0,0,0,3,0,0,0,0,0,0,0,1,0,0,0,0,0,0,2,0,0,1,1,0,0
"BH24 4",1350,1326,0,0,0,0,0,0,0,0,0,2,0,1,13,0,6,4,0,0,0,0,0,0,1,0,1,0,1,0,0,0,0,0,1,0,0,0,0,1,0,0,0,0,0,0,0,0,0,0,0,0,2,0,0,0,0,0,2,0,0,0,0,0,0,0,3,0,2,0,1,0,0,0,0,0,0,0,0,0,0,0,0,0,0,0,0,0,0,0,0,0,0,0,0,0,0,0,0,0,2,1,0,1
"BH25 5",11962,11746,0,0,0,0,0,0,0,0,0,10,4,8,105,9,25,38,2,3,5,12,1,2,4,0,1,2,0,1,0,0,0,0,0,0,0,0,0,0,0,0,0,1,1,4,1,0,0,0,1,0,18,0,2,0,0,3,7,0,0,0,4,0,2,0,55,0,9,5,1,1,0,4,0,35,0,0,0,0,0,0,6,0,0,0,0,1,0,0,0,0,0,2,0,0,0,3,2,2,1,1,0,0
"BH25 6",6433,6170,0,1,1,0,0,0,0,0,0,4,3,6,95,1,6,37,5,3,6,13,0,10,9,1,1,1,1,1,0,0,0,0,1,0,0,0,0,1,0,0,0,6,5,1,0,0,0,0,0,0,22,0,0,0,0,0,0,0,0,0,21,0,0,1,106,2,5,10,2,0,1,4,0,81,1,4,0,0,0,0,8,0,0,0,0,3,0,0,0,0,0,4,0,0,0,1,1,1,0,0,0,0
"BH25 7",6675,6558,0,0,0,0,0,0,0,0,0,7,5,5,60,1,9,29,5,1,5,2,0,0,3,0,2,1,1,0,0,0,1,0,4,0,0,2,0,2,0,0,0,5,0,1,0,0,0,0,0,0,4,0,0,0,0,0,0,2,0,0,2,0,0,0,24,1,3,7,1,0,0,5,0,5,2,0,0,0,0,0,1,0,0,0,0,0,0,0,0,0,0,0,0,1,0,0,0,0,1,1,0,0
"BH3  7",5575,5138,3,0,0,0,0,0,0,0,0,24,24,19,168,18,14,78,2,2,7,10,3,12,2,4,1,9,0,1,4,1,0,0,10,0,2,0,0,8,0,0,0,6,17,41,31,0,7,19,3,2,17,2,3,0,0,4,3,0,0,0,0,3,2,0,65,6,3,7,7,21,4,2,1,12,2,0,0,0,0,0,10,2,0,0,0,0,0,0,0,0,0,0,0,6,1,1,1,1,1,1,0,0
"BH31 6",9829,9757,1,0,0,0,0,0,0,0,0,7,3,4,31,4,3,6,0,0,4,5,0,1,0,0,6,0,0,0,0,0,2,0,4,1,0,0,0,3,0,0,0,0,1,2,0,0,0,0,0,0,12,1,0,0,0,8,1,0,0,0,2,0,0,0,5,0,1,2,0,0,0,1,0,1,0,0,0,0,0,0,0,0,0,0,0,0,0,0,0,0,0,0,0,0,0,0,1,1,1,0,0,1
"BH31 7",3110,3071,0,0,0,0,0,0,0,0,0,1,0,4,13,2,2,3,0,0,2,0,0,2,0,0,2,0,0,0,0,0,0,0,1,0,0,1,0,0,0,0,0,2,1,0,0,0,0,0,0,0,12,0,0,0,0,8,0,1,0,0,0,0,0,3,4,0,0,0,0,0,0,1,1,1,1,0,0,0,0,0,1,0,0,0,0,0,0,0,0,0,0,0,1,0,0,0,0,0,0,0,0,0
"BH4  8",5185,4792,1,0,0,0,0,0,0,0,0,16,29,35,165,13,22,76,11,1,0,9,4,14,1,2,3,3,3,2,0,0,1,0,5,1,3,1,0,0,0,0,0,17,10,15,22,2,3,12,0,5,19,0,6,0,0,9,0,0,0,0,0,0,2,2,45,1,6,7,1,10,1,0,2,17,0,0,0,0,0,0,10,0,0,0,0,0,0,0,0,0,0,6,4,0,0,0,3,3,1,0,0,1
"BH4  9",3945,3572,0,1,0,0,0,0,0,1,0,13,41,22,180,11,14,100,6,8,9,3,1,10,2,0,6,2,4,2,1,0,0,1,6,2,1,1,0,2,0,0,0,17,14,6,14,0,0,13,0,1,10,0,1,0,0,4,0,0,0,0,5,0,0,0,46,2,9,16,4,2,0,2,6,5,0,0,0,0,0,0,2,0,0,0,0,0,0,0,0,0,0,0,1,1,0,0,1,1,0,0,0,0
"BH5  1",6146,5037,0,1,1,0,0,0,0,0,0,22,80,51,678,15,41,467,12,8,29,24,6,30,9,5,10,11,5,4,0,0,0,2,47,7,2,2,0,36,0,0,0,22,12,23,32,0,7,18,2,5,42,6,3,1,0,0,11,4,0,6,4,0,5,2,87,9,5,35,7,6,0,12,0,8,5,0,0,0,0,0,11,1,0,0,0,0,0,0,2,2,0,2,0,0,0,4,1,1,0,0,0,0
"BH5  2",4707,4121,0,0,0,0,0,0,0,0,0,21,34,20,282,21,35,143,4,7,2,2,2,10,4,3,36,6,5,1,1,0,0,0,66,3,1,0,0,62,1,1,0,9,6,1,9,2,1,4,1,1,47,0,1,0,0,4,0,0,0,7,33,0,2,0,80,2,17,39,2,8,3,3,0,5,1,0,0,0,0,0,9,0,2,0,0,0,0,0,0,0,0,5,1,0,0,1,1,1,0,0,0,0
"BH6  3",8787,8372,0,0,0,0,0,0,0,0,0,23,18,22,211,11,26,118,3,3,9,5,5,9,4,1,6,5,2,1,2,0,1,0,19,0,0,2,0,17,0,0,0,18,7,14,9,2,5,2,0,0,15,0,6,1,0,2,3,1,0,0,0,0,1,1,49,4,10,15,1,6,1,4,1,7,0,0,0,0,0,0,5,0,0,0,0,0,1,0,0,0,0,0,0,0,0,4,2,2,3,0,1,2
"BH6  4",3552,3485,0,0,0,0,0,0,0,0,0,1,2,10,35,3,6,20,0,0,0,0,0,3,0,1,0,1,0,0,1,0,0,0,1,0,0,0,0,1,0,0,0,3,1,0,1,0,0,0,0,1,2,2,0,0,0,0,0,0,0,0,0,0,0,0,10,1,0,5,0,0,0,3,0,1,0,0,0,0,0,0,1,0,0,0,0,0,0,0,0,0,0,0,1,0,0,0,0,0,0,0,0,0
"BH6  5",9191,8831,0,0,0,0,0,0,0,0,0,15,19,19,149,15,13,78,7,1,7,2,2,3,2,1,5,1,7,4,1,0,0,0,10,0,1,1,0,8,0,0,0,1,27,16,15,1,6,6,2,0,39,1,0,0,0,10,0,0,1,4,20,0,3,0,42,2,6,14,3,6,2,2,0,6,1,1,0,0,0,0,4,0,0,0,0,0,0,0,0,0,0,3,1,0,0,0,2,2,1,0,0,1
"BH7  6",7790,7105,1,0,0,0,0,0,0,0,0,11,60,25,326,29,26,178,7,10,2,20,7,8,5,8,17,7,1,0,1,0,0,0,33,0,1,0,0,32,0,0,0,18,14,8,34,0,4,27,1,2,62,5,1,2,0,15,0,0,0,14,22,3,0,0,83,2,5,29,3,8,5,10,0,21,0,0,0,0,0,0,6,0,0,0,0,1,0,0,0,0,0,3,1,0,0,1,4,4,0,0,0,0
"BH7  7",3586,3377,1,0,0,0,0,0,0,0,0,7,9,5,59,4,9,23,1,2,9,0,2,2,1,5,0,0,0,1,0,0,0,0,4,3,0,1,0,0,0,0,0,6,6,14,8,0,1,7,0,0,38,11,0,0,0,0,5,0,3,14,2,3,0,0,47,0,5,18,5,5,2,3,4,3,2,0,0,0,0,0,2,0,0,0,0,0,0,0,0,0,0,2,0,0,0,0,1,1,2,2,0,0
"BH8  0",6962,6589,3,0,0,0,0,0,0,0,0,5,32,24,90,14,6,55,1,1,4,2,1,2,3,0,1,0,0,0,0,0,0,0,4,1,2,0,0,1,0,0,0,9,8,12,31,0,17,11,3,0,50,2,2,1,0,9,9,0,0,4,19,0,4,0,91,4,2,28,2,6,0,7,1,37,4,0,0,0,0,0,11,0,0,0,0,0,0,0,2,1,0,5,0,0,2,1,1,1,2,1,0,1
"BH8  8",12142,9982,2,1,0,0,0,0,0,1,0,48,205,159,822,34,24,550,32,10,46,27,26,29,10,14,3,7,3,4,2,0,0,1,23,16,0,3,0,4,0,0,0,40,79,81,151,1,48,62,11,29,175,9,22,3,1,27,12,3,10,28,30,0,23,7,327,22,14,128,13,41,13,36,15,40,5,0,0,0,0,0,38,0,0,0,1,0,4,1,3,0,0,13,5,4,3,4,5,5,4,3,0,1
"BH8  9",7819,7330,1,0,0,0,0,0,0,0,0,11,47,37,145,10,10,96,7,3,2,2,7,0,0,1,3,1,1,2,0,0,0,0,10,6,2,0,0,2,0,0,0,14,19,25,43,0,18,23,0,2,37,6,2,0,0,4,5,0,0,9,6,0,3,2,81,3,2,32,4,10,0,4,4,22,0,2,0,0,0,0,9,0,0,1,0,0,0,1,0,0,0,2,4,0,0,1,8,8,0,0,0,0
"BH9  1",12224,11166,2,2,1,0,0,1,0,0,0,41,52,79,328,25,34,168,11,10,11,9,7,13,10,4,6,3,2,10,2,0,1,2,26,1,7,0,1,17,0,0,0,28,49,30,58,1,20,26,9,2,81,3,3,1,0,16,1,5,0,8,19,4,15,6,245,12,23,74,13,44,10,35,4,22,8,0,0,0,0,0,29,1,0,0,0,0,0,0,1,0,0,6,4,6,3,8,2,2,6,5,1,0
"BH9  2",8587,8097,2,0,0,0,0,0,0,0,0,19,17,22,168,17,17,70,0,8,3,12,2,3,7,11,3,2,7,5,0,0,1,0,18,0,1,0,0,17,0,0,0,3,15,20,32,0,8,18,5,1,56,2,2,0,0,15,2,0,0,1,13,8,12,1,108,2,13,44,3,16,7,8,2,13,0,0,0,0,0,0,6,0,0,0,0,0,0,1,0,0,0,4,0,0,0,1,2,2,2,1,1,0
"BH9  3",9650,9290,2,0,0,0,0,0,0,0,0,23,14,21,79,10,13,37,0,4,0,1,0,6,0,2,2,1,2,1,0,0,0,0,5,1,1,0,1,2,0,0,0,9,12,31,34,1,8,19,3,3,52,0,0,0,0,14,0,0,0,2,20,0,16,0,55,3,2,17,2,5,2,12,0,12,0,0,0,0,0,0,19,0,0,0,0,3,0,0,1,0,0,13,0,0,1,1,2,2,2,1,0,1
"BL0  0",5403,5351,0,0,0,0,0,0,0,0,0,7,1,0,11,2,1,2,0,0,0,1,0,2,1,0,0,1,1,0,0,0,0,0,1,0,0,1,0,0,0,0,0,2,1,0,0,0,0,0,0,0,10,0,2,3,0,4,1,0,0,0,0,0,0,0,14,9,2,1,0,0,0,2,0,0,0,0,0,0,0,0,1,1,0,0,0,0,0,0,0,0,0,0,0,0,0,0,0,0,4,4,0,0
"BL0  9",11823,11720,3,0,0,0,0,0,0,0,0,6,0,2,34,8,4,12,3,2,0,0,0,2,0,0,1,0,1,1,0,0,0,0,4,0,3,0,0,1,0,0,0,2,2,1,4,0,1,3,0,0,19,6,1,2,0,2,2,0,0,4,0,0,2,0,11,0,0,4,1,0,1,1,0,4,0,0,0,0,0,0,4,0,0,0,0,0,0,0,1,0,0,0,0,0,2,1,0,0,11,9,1,1
"BL1  1",398,337,0,0,0,0,0,0,0,0,0,2,4,0,28,0,0,19,3,0,1,2,0,0,0,0,2,0,0,0,0,0,1,0,0,0,0,0,0,0,0,0,0,0,0,2,0,0,0,0,0,0,11,5,0,2,0,0,1,0,2,0,0,0,0,1,14,0,0,11,1,2,0,0,0,0,0,0,0,0,0,0,0,0,0,0,0,0,0,0,0,0,0,0,0,0,0,0,0,0,0,0,0,0
"BL1  2",4057,3254,2,0,0,0,0,0,0,0,0,13,20,1,134,0,1,93,2,10,1,2,0,8,0,5,1,2,7,0,0,0,2,0,21,12,9,0,0,0,0,0,0,6,9,59,74,0,49,23,0,2,323,98,0,53,2,2,155,0,0,5,3,0,2,3,46,6,3,25,0,3,2,2,0,0,5,0,0,0,0,0,88,1,0,37,1,0,1,1,1,0,13,7,0,0,2,24,3,3,4,2,2,0
"BL1  3",9339,7524,0,0,0,0,0,0,0,0,0,5,10,4,153,1,6,50,3,6,1,10,5,63,0,1,5,0,0,1,0,0,1,0,21,5,13,3,0,0,0,0,0,4,7,49,66,0,14,32,10,10,1365,207,7,199,1,10,892,0,0,7,13,3,4,22,43,9,1,18,0,1,0,8,0,3,3,0,7,0,0,0,72,0,0,39,0,0,1,1,2,0,1,1,1,2,3,21,5,5,4,2,2,0
"BL1  4",8676,7259,0,1,1,0,0,0,0,0,0,27,16,6,212,11,6,120,3,7,11,18,0,13,5,4,9,3,1,0,1,0,0,0,28,5,21,1,0,1,0,0,0,6,11,32,89,0,32,44,7,6,810,180,10,259,4,13,323,0,2,2,12,2,0,3,106,14,7,55,14,0,0,12,0,1,3,0,2,0,0,0,62,0,0,32,0,0,0,4,0,0,6,5,0,0,2,13,3,3,6,5,1,0
"BL1  5",11782,11336,0,0,0,0,0,0,0,0,0,8,6,4,128,7,8,77,3,1,0,4,0,12,0,1,5,2,6,2,0,0,0,0,5,0,1,4,0,0,0,0,0,6,3,15,25,0,2,20,0,3,174,31,13,22,0,7,69,2,2,2,1,0,0,25,26,0,5,8,2,3,0,1,5,2,0,0,0,0,0,0,40,0,0,8,0,0,0,6,2,0,0,5,0,0,1,18,2,2,4,4,0,0
"BL1  6",8345,8019,2,1,0,0,0,0,0,1,0,3,2,1,44,2,2,30,0,1,0,3,0,5,0,1,0,0,0,0,0,0,0,0,21,5,8,8,0,0,0,0,0,1,1,8,27,0,1,23,0,3,193,51,1,11,0,4,122,0,0,3,0,0,0,1,9,0,2,4,0,0,1,1,0,1,0,0,0,0,0,0,11,0,0,8,0,0,0,0,0,0,0,1,0,0,0,2,0,0,2,1,1,0
"BL1  7",8071,7795,0,0,0,0,0,0,0,0,0,7,2,4,36,5,3,12,0,2,0,3,0,7,0,1,3,0,0,0,0,0,0,0,10,4,5,0,0,1,0,0,0,2,10,3,21,0,2,11,6,2,142,9,3,7,0,0,114,0,5,2,0,0,0,2,24,1,6,10,0,0,0,2,1,2,2,0,4,0,0,0,9,0,0,6,0,0,0,1,0,0,0,0,0,0,0,2,1,1,1,1,0,0
"BL1  8",10446,8343,0,0,0,0,0,0,0,0,0,14,14,1,164,1,4,113,0,1,0,19,0,14,0,2,4,5,0,1,0,0,0,0,20,3,9,3,0,5,0,0,0,1,5,37,75,0,8,32,9,26,1645,106,7,78,0,1,1434,0,0,3,2,5,0,9,40,0,12,22,0,1,2,3,0,0,0,0,11,0,0,0,58,1,0,29,3,3,1,0,0,1,1,9,0,0,1,9,7,7,11,2,8,1
"BL2  1",3788,3205,0,2,1,0,0,1,0,0,0,9,8,1,122,4,0,82,23,1,0,0,2,5,0,4,1,0,0,0,0,0,0,0,11,0,1,10,0,0,0,0,0,1,1,4,20,0,13,2,5,0,311,87,5,89,1,0,115,0,0,1,2,6,1,4,57,0,3,41,2,1,0,1,0,6,3,0,0,0,0,0,35,0,12,0,0,0,5,5,3,0,0,3,0,1,3,3,1,1,0,0,0,0
"BL2  2",8009,7775,1,0,0,0,0,0,0,0,0,5,7,9,74,4,2,36,5,0,5,8,0,11,1,1,1,0,0,0,0,0,0,0,17,1,14,2,0,0,0,0,0,3,3,4,26,1,5,15,5,0,20,10,1,2,0,2,5,0,0,0,0,0,0,0,42,1,0,26,4,0,1,2,0,8,0,0,0,0,0,0,20,0,0,1,0,5,5,0,0,0,4,1,1,1,1,1,1,1,2,2,0,0
"BL2  3",8284,8153,0,1,0,0,0,0,0,1,0,5,5,2,43,9,4,20,2,0,0,3,2,0,0,1,0,1,1,0,0,0,0,0,3,0,0,3,0,0,0,0,0,2,2,2,6,0,0,2,0,4,35,4,0,0,0,0,31,0,0,0,0,0,0,0,12,0,5,6,0,0,0,1,0,0,0,0,1,0,0,0,7,0,0,0,0,0,0,0,0,0,2,1,0,0,0,4,1,1,4,4,0,0
"BL2  4",4586,4546,0,1,0,0,0,0,0,1,0,1,1,2,14,1,3,6,1,1,1,0,0,0,0,0,1,0,0,0,0,0,0,0,1,0,0,1,0,0,0,0,0,1,0,0,0,0,0,0,0,0,7,0,0,3,0,0,4,0,0,0,0,0,0,0,11,0,4,5,0,0,2,0,0,0,0,0,0,0,0,0,0,0,0,0,0,0,0,0,0,0,0,0,0,0,0,0,0,0,1,1,0,0
"BL2  5",8912,8517,2,1,0,0,0,0,0,1,0,22,4,4,200,4,5,122,9,7,0,40,5,3,1,3,0,0,1,0,0,0,0,0,1,0,0,1,0,0,0,0,0,2,9,5,30,0,6,19,0,5,24,9,3,4,0,0,8,0,0,0,0,0,0,0,42,3,2,9,0,0,0,0,0,24,4,0,0,0,0,0,42,0,0,4,0,1,5,0,1,0,0,11,0,0,6,14,1,1,6,6,0,0
"BL2  6",10241,10000,1,0,0,0,0,0,0,0,0,9,10,2,65,1,3,36,3,2,1,4,0,10,0,2,1,1,0,0,0,0,1,0,1,0,0,1,0,0,0,0,0,1,19,1,10,0,1,6,1,2,78,8,1,9,0,0,59,0,0,0,0,0,0,1,36,1,9,14,1,0,0,4,0,7,0,0,0,0,0,0,5,0,0,0,0,1,1,1,0,0,0,0,1,0,1,0,3,3,0,0,0,0
"BL3  1",11882,11705,0,0,0,0,0,0,0,0,0,10,6,3,33,3,1,13,0,0,4,7,0,0,0,0,2,0,2,0,0,0,1,0,1,0,1,0,0,0,0,0,0,2,1,18,23,0,3,12,5,3,53,9,0,9,1,0,32,0,0,0,0,0,0,2,13,2,1,2,1,0,0,2,0,5,0,0,0,0,0,0,7,0,0,6,0,0,0,0,0,0,0,0,1,0,0,0,0,0,7,4,3,0
"BL3  2",8851,6898,0,2,0,0,0,0,0,0,2,13,7,5,232,13,1,95,26,36,9,12,0,37,0,0,1,0,1,0,0,0,1,0,3,1,0,2,0,0,0,0,0,8,10,29,138,0,57,60,15,6,1360,766,11,160,3,12,346,4,1,4,40,0,2,11,32,0,3,5,0,1,2,4,0,11,6,0,3,0,0,0,101,3,12,36,0,1,0,5,3,0,3,6,1,3,3,25,5,5,5,4,1,0
"BL3  3",14055,11388,0,1,1,0,0,0,0,0,0,26,16,3,247,5,4,127,27,12,3,19,0,39,3,1,4,0,3,0,0,0,0,0,5,3,1,0,0,1,0,0,0,3,28,56,264,0,164,74,25,1,1773,485,13,188,4,23,1010,0,0,4,16,7,6,17,45,1,8,13,0,1,0,1,1,3,17,0,8,0,0,0,177,8,1,84,0,0,6,6,2,0,16,5,1,1,3,44,13,13,2,1,1,0
"BL3  4",13564,11487,2,0,0,0,0,0,0,0,0,15,12,5,198,4,13,84,14,13,0,28,4,20,2,7,8,0,0,0,0,0,0,1,9,6,1,1,0,1,0,0,0,13,30,47,189,0,65,53,61,10,1359,253,9,149,1,28,875,0,4,21,9,0,0,10,63,5,11,27,1,0,0,6,2,0,11,0,7,0,0,0,121,0,4,50,1,3,4,2,0,0,5,14,0,1,10,27,4,4,3,3,0,0
"BL3  5",7535,4947,1,0,0,0,0,0,0,0,0,23,26,3,226,6,0,89,30,35,2,21,0,28,2,4,1,0,7,0,0,0,1,0,4,2,0,0,1,1,0,0,0,4,7,107,279,0,94,96,72,17,1597,192,22,158,4,57,1125,0,4,10,1,0,0,24,60,1,11,24,0,5,4,1,0,3,11,1,12,0,0,0,221,6,15,127,0,3,2,3,3,3,3,8,0,1,0,47,12,12,5,1,1,3
"BL3  6",5186,3370,0,2,0,0,0,0,0,2,0,11,15,2,136,7,1,51,6,23,6,4,0,22,5,2,6,2,1,0,0,0,0,0,0,0,0,0,0,0,0,0,0,5,6,32,122,0,49,19,49,5,1362,208,25,82,1,12,1006,0,2,4,12,1,3,6,54,0,3,24,0,1,4,1,0,8,13,0,3,0,0,0,59,1,0,19,1,1,2,4,4,0,1,2,0,4,4,16,4,4,3,3,0,0
"BL4  0",9742,9248,0,0,0,0,0,0,0,0,0,3,7,1,92,3,1,60,3,4,0,1,3,13,0,0,3,0,0,1,0,0,0,0,4,0,4,0,0,0,0,0,0,9,7,7,32,0,19,12,1,0,241,82,0,21,0,28,45,0,1,4,59,0,0,1,61,1,6,9,0,0,1,3,0,39,2,0,0,0,0,0,28,0,0,0,0,0,5,10,4,0,2,5,0,0,0,2,0,0,2,0,1,1
"BL4  7",6442,5950,1,2,0,0,0,0,0,2,0,1,0,0,90,6,2,61,5,4,0,3,0,9,0,0,0,0,0,0,0,0,0,0,1,0,1,0,0,0,0,0,0,0,5,9,46,0,10,28,8,0,304,192,2,53,0,7,33,0,0,2,7,1,0,7,20,0,0,7,0,0,1,1,0,11,0,0,0,0,0,0,9,1,0,1,2,0,0,1,0,0,0,4,0,0,0,0,3,3,1,1,0,0
"BL4  8",7813,7640,0,1,1,0,0,0,0,0,0,5,1,1,54,6,6,27,2,1,4,6,0,0,0,0,1,1,0,0,0,0,0,0,1,0,0,1,0,0,0,0,0,0,3,6,17,0,11,4,2,0,43,15,0,1,0,5,5,0,0,1,11,0,0,5,27,0,5,15,0,0,1,3,0,3,0,0,0,0,0,0,10,0,0,0,0,0,0,0,1,0,5,0,0,0,2,2,1,1,3,2,1,0
"BL4  9",7954,7676,1,1,1,0,0,0,0,0,0,5,8,0,77,2,2,45,2,19,0,6,0,0,0,1,0,0,0,0,0,0,0,0,0,0,0,0,0,0,0,0,0,3,6,16,14,0,9,5,0,0,92,15,0,4,1,21,23,0,2,1,4,12,4,5,35,2,2,17,0,0,0,0,0,14,0,0,2,0,0,0,17,1,0,0,0,0,2,0,0,0,0,3,0,0,9,2,0,0,1,1,0,0
"BL5  1",2608,2589,0,0,0,0,0,0,0,0,0,0,1,1,0,0,0,0,0,0,0,0,0,0,0,0,0,0,0,0,0,0,0,0,0,0,0,0,0,0,0,0,0,0,2,1,2,0,0,2,0,0,9,0,0,2,0,0,7,0,0,0,0,0,0,0,1,0,0,0,0,0,0,1,0,0,0,0,0,0,0,0,2,0,0,1,0,0,0,0,0,0,0,0,0,0,0,1,0,0,0,0,0,0
"BL5  2",12123,11967,0,0,0,0,0,0,0,0,0,6,1,12,51,0,3,24,4,2,2,9,0,1,0,1,3,0,1,0,0,0,1,0,0,0,0,0,0,0,0,0,0,1,1,2,11,0,7,2,1,1,39,11,1,3,1,0,13,0,0,0,0,0,0,10,22,2,4,8,0,0,0,1,0,1,6,0,0,0,0,0,7,0,0,0,0,0,0,0,0,0,0,0,2,0,0,5,0,0,3,1,1,1
"BL5  3",11398,11242,1,0,0,0,0,0,0,0,0,2,2,2,39,9,2,21,1,1,1,1,0,0,1,0,2,0,0,0,0,0,0,0,0,0,0,0,0,0,0,0,0,3,7,3,6,0,2,4,0,0,53,2,4,2,0,2,24,0,1,12,5,0,0,1,29,0,13,6,0,0,0,3,0,7,0,0,0,0,0,0,3,0,0,0,0,0,0,0,1,0,0,1,0,0,1,0,1,1,5,4,0,1
"BL6  4",5806,5633,0,0,0,0,0,0,0,0,0,5,2,4,20,3,5,3,0,0,0,6,0,0,0,3,0,0,0,0,0,0,0,0,0,0,0,0,0,0,0,0,0,0,10,8,12,1,4,6,0,1,94,22,4,25,0,7,26,0,5,2,1,0,0,2,13,2,1,5,4,0,0,0,0,1,0,0,0,0,0,0,3,0,0,2,0,0,0,0,0,0,1,0,0,0,0,0,0,0,2,1,0,1
"BL6  5",9723,9624,0,1,1,0,0,0,0,0,0,3,4,2,39,2,3,27,0,0,2,0,0,1,0,0,1,0,2,1,0,0,0,0,2,2,0,0,0,0,0,0,0,2,2,2,2,0,1,1,0,0,12,6,0,0,0,0,6,0,0,0,0,0,0,0,23,0,2,15,1,0,0,4,0,1,0,0,0,0,0,0,2,0,0,2,0,0,0,0,0,0,0,0,0,0,0,0,2,2,1,0,1,0
"BL6  6",6655,6524,2,0,0,0,0,0,0,0,0,6,7,1,58,5,7,20,1,1,0,20,0,0,0,0,3,0,0,1,0,0,0,0,3,2,0,0,0,1,0,0,0,3,0,0,9,0,2,6,0,1,30,3,5,4,0,0,11,0,0,2,0,0,0,5,6,1,0,3,0,0,0,2,0,0,0,0,0,0,0,0,3,1,0,0,0,0,0,0,1,0,0,0,0,0,1,0,0,0,3,1,2,0
"BL6  7",6263,6195,5,0,0,0,0,0,0,0,0,4,4,1,28,2,1,17,0,4,0,0,0,0,0,2,1,1,0,0,0,0,0,0,0,0,0,0,0,0,0,0,0,2,1,4,5,0,3,2,0,0,4,0,0,0,0,0,2,0,0,0,2,0,0,0,6,1,3,2,0,0,0,0,0,0,0,0,0,0,0,0,0,0,0,0,0,0,0,0,0,0,0,0,0,0,0,0,0,0,4,3,0,1
"BL7  0",3097,3084,0,0,0,0,0,0,0,0,0,1,0,2,7,1,0,0,0,1,0,0,0,0,0,0,2,0,3,0,0,0,0,0,0,0,0,0,0,0,0,0,0,0,1,0,0,0,0,0,0,0,0,0,0,0,0,0,0,0,0,0,0,0,0,0,1,0,0,1,0,0,0,0,0,0,0,0,0,0,0,0,0,0,0,0,0,0,0,0,0,0,0,0,0,0,0,0,1,1,0,0,0,0
"BL7  8",673,671,0,0,0,0,0,0,0,0,0,0,0,0,2,1,1,0,0,0,0,0,0,0,0,0,0,0,0,0,0,0,0,0,0,0,0,0,0,0,0,0,0,0,0,0,0,0,0,0,0,0,0,0,0,0,0,0,0,0,0,0,0,0,0,0,0,0,0,0,0,0,0,0,0,0,0,0,0,0,0,0,0,0,0,0,0,0,0,0,0,0,0,0,0,0,0,0,0,0,0,0,0,0
"BL7  9",10826,10741,1,0,0,0,0,0,0,0,0,2,4,5,26,2,2,10,0,0,2,2,0,5,0,0,1,1,1,0,0,0,0,0,2,0,2,0,0,0,0,0,0,2,2,3,8,0,1,5,1,1,26,0,0,2,0,9,11,0,1,3,0,0,0,0,3,0,0,0,2,0,0,0,0,0,1,0,0,0,0,0,0,0,0,0,0,0,0,0,0,0,0,0,0,0,0,0,0,0,1,0,1,0
"BL8  1",12284,11984,2,0,0,0,0,0,0,0,0,4,4,7,94,13,2,62,1,3,1,2,3,1,2,2,0,0,2,0,0,0,0,0,5,4,1,0,0,0,0,0,0,4,0,23,10,0,1,6,3,0,102,48,1,36,0,7,6,1,0,2,0,0,1,0,30,4,10,11,0,0,0,2,0,2,1,0,0,0,0,0,12,0,0,0,0,0,0,0,1,0,1,1,0,2,1,6,2,2,1,0,1,0
"BL8  2",10088,9836,1,1,0,0,0,0,0,1,0,2,0,4,47,8,3,20,0,2,0,1,0,9,0,3,0,0,0,0,0,0,1,0,2,0,0,2,0,0,0,0,0,1,0,7,33,0,5,15,12,1,88,38,7,27,0,3,2,1,4,0,0,2,1,3,37,0,21,6,0,0,0,9,0,1,0,0,0,0,0,0,5,1,0,0,0,1,0,0,0,0,0,2,0,0,1,0,2,2,22,21,1,0
"BL8  3",8024,7971,0,1,0,0,0,1,0,0,0,5,1,1,15,1,3,5,1,1,1,0,0,0,0,0,1,0,0,1,0,1,0,0,3,0,2,0,0,1,0,0,0,1,1,0,4,1,0,3,0,0,10,4,0,4,0,0,2,0,0,0,0,0,0,0,8,0,3,2,0,0,0,2,0,1,0,0,0,0,0,0,2,0,0,0,0,0,0,0,2,0,0,0,0,0,0,0,0,0,1,1,0,0
"BL8  4",4293,4256,1,0,0,0,0,0,0,0,0,7,0,2,6,2,2,1,0,0,0,0,0,1,0,0,0,0,0,0,0,0,0,0,4,0,0,0,4,0,0,0,0,0,1,0,3,0,0,0,2,1,7,3,0,0,0,3,1,0,0,0,0,0,0,0,5,0,5,0,0,0,0,0,0,0,0,0,0,0,0,0,1,0,0,0,0,0,0,0,0,0,0,0,0,0,0,1,0,0,0,0,0,0
"BL9  0",2411,1874,0,0,0,0,0,0,0,0,0,9,0,3,62,4,1,46,0,2,0,4,0,2,0,0,0,0,2,1,0,0,0,0,2,0,0,2,0,0,0,0,0,1,1,4,84,0,5,32,47,0,350,186,0,145,15,3,0,0,0,0,0,0,1,0,10,2,1,4,0,0,1,1,0,0,1,0,0,0,0,0,10,1,1,0,0,1,0,0,0,0,0,5,0,0,0,2,0,0,1,1,0,0
"BL9  5",6426,5944,1,1,1,0,0,0,0,0,0,7,2,2,73,7,6,50,4,1,0,0,0,3,0,1,0,1,0,0,0,0,0,0,10,3,0,7,0,0,0,0,0,0,0,8,44,0,4,28,12,0,288,124,4,145,1,4,3,0,0,2,3,0,0,2,26,6,0,9,0,1,0,3,3,0,4,0,0,0,0,0,18,0,0,3,0,2,1,0,0,0,0,6,0,0,1,5,0,0,2,2,0,0
"BL9  6",8347,7940,0,0,0,0,0,0,0,0,0,14,2,4,92,11,2,65,1,0,0,1,7,0,1,0,2,0,0,0,0,0,1,1,11,7,0,4,0,0,0,0,0,5,6,34,41,1,7,15,18,0,134,52,0,56,2,7,0,0,0,0,0,0,3,14,31,3,0,4,0,4,0,7,0,8,5,0,0,0,0,0,25,0,2,0,0,5,0,0,1,0,1,4,0,0,1,11,2,2,6,6,0,0
"BL9  7",9486,8460,1,0,0,0,0,0,0,0,0,20,8,1,189,9,1,137,8,3,11,9,5,3,1,1,1,0,0,0,0,0,0,0,5,0,2,3,0,0,0,0,0,2,3,47,139,0,10,37,87,5,500,276,1,165,2,11,2,3,6,5,9,4,10,6,69,3,0,13,0,4,1,4,0,25,19,0,0,0,0,0,31,0,3,0,0,0,1,1,3,0,0,10,0,0,0,13,3,3,8,8,0,0
"BL9  8",9154,8872,4,2,0,0,0,0,0,2,0,2,1,9,68,14,3,30,0,1,0,10,0,3,0,1,2,2,1,1,0,0,0,0,17,1,1,13,2,0,0,0,0,0,1,1,27,6,6,12,3,0,129,54,3,48,1,12,9,2,0,0,0,0,0,0,18,0,2,9,0,2,0,0,1,3,1,0,0,0,0,0,0,0,0,0,0,0,0,0,0,0,0,0,0,0,0,0,2,2,1,0,0,1
"BL9  9",10354,9074,0,0,0,0,0,0,0,0,0,7,12,7,318,26,7,260,1,4,0,8,0,7,0,0,3,0,1,1,0,0,0,0,9,0,4,2,0,3,0,0,0,7,5,34,100,2,18,40,37,3,702,356,4,280,10,25,5,0,0,1,0,0,0,21,45,2,9,15,0,0,0,4,1,12,2,0,0,0,0,0,27,3,0,3,0,2,0,0,0,0,0,0,1,2,1,15,3,3,4,3,0,1
"BN1  1",1963,1526,0,2,0,0,0,2,0,0,0,29,18,39,174,23,14,32,11,3,0,3,9,6,4,59,4,3,1,2,0,0,0,0,5,0,0,0,0,5,0,0,0,14,8,20,21,0,0,15,0,6,27,0,2,0,0,10,2,3,1,0,4,0,5,0,75,8,4,35,12,0,2,13,1,0,0,0,0,1,1,0,4,0,0,0,0,0,0,0,3,0,0,0,0,1,0,0,0,0,0,0,0,0
"BN1  2",4841,3872,1,1,0,0,0,1,0,0,0,42,35,90,474,51,31,108,43,16,15,52,11,36,6,72,6,13,0,9,2,0,0,3,15,7,0,1,0,7,0,0,0,18,18,77,35,3,5,13,7,7,38,1,5,2,0,14,1,1,5,0,4,1,4,0,115,10,1,63,12,3,1,8,3,10,4,0,0,0,0,0,7,0,0,3,0,0,0,0,0,0,0,2,0,0,0,2,1,1,2,2,0,0
"BN1  3",9994,8890,3,2,2,0,0,0,0,0,0,122,59,98,514,80,72,99,32,27,11,15,15,28,8,60,20,27,5,6,2,0,0,7,21,3,7,4,0,7,0,0,0,27,10,52,32,2,3,18,1,8,28,4,4,0,0,12,3,0,2,1,0,0,1,1,122,5,11,50,18,4,0,21,2,9,2,0,0,0,0,0,11,1,0,1,0,0,0,0,2,0,0,0,1,1,2,3,1,1,2,2,0,0
"BN1  4",8585,7350,1,3,3,0,0,0,0,0,0,73,28,97,419,55,50,63,27,19,5,21,6,20,4,92,19,22,6,4,1,0,0,5,29,1,7,10,1,10,1,1,0,55,25,92,46,1,2,14,6,23,47,3,2,2,0,19,4,0,3,6,2,0,3,3,295,21,35,168,19,13,13,11,10,0,5,0,0,0,0,0,18,1,1,1,0,0,3,0,3,0,0,1,0,1,4,3,3,3,3,2,1,0
"BN1  5",9770,9262,1,0,0,0,0,0,0,0,0,44,14,50,203,25,31,55,13,9,1,4,5,9,1,9,8,15,8,2,3,0,2,3,10,4,3,1,0,2,0,0,0,7,5,29,40,2,2,28,6,2,39,5,2,5,0,16,8,1,0,0,0,1,1,0,58,1,5,23,12,1,3,7,0,4,2,0,0,0,0,0,7,0,1,0,0,1,0,0,0,0,0,0,0,0,1,4,0,0,1,0,1,0
"BN1  6",16569,15650,7,3,1,0,0,0,0,2,0,69,48,72,353,46,62,80,9,15,11,18,3,34,9,14,21,12,3,7,3,1,2,3,19,4,2,1,0,12,0,0,0,13,17,48,45,1,4,27,11,2,75,8,12,1,0,10,8,10,0,8,4,4,8,2,111,12,9,27,18,8,5,13,3,13,3,0,0,0,0,0,25,1,1,0,0,0,0,0,3,4,0,6,0,0,4,6,6,6,8,7,0,1
"BN1  7",8099,7582,0,0,0,0,0,0,0,0,0,29,22,40,161,32,24,33,2,4,4,6,0,2,9,23,5,4,2,3,5,1,0,2,9,4,4,1,0,0,0,0,0,10,13,48,30,0,2,13,15,0,47,7,2,1,0,21,4,0,0,0,1,0,7,4,82,7,12,36,6,2,4,6,1,7,1,0,0,0,0,0,21,0,1,0,0,4,0,0,0,0,0,4,1,0,6,5,2,2,3,2,1,0
"BN1  8",13996,13514,2,0,0,0,0,0,0,0,0,24,15,37,118,18,26,26,5,2,1,7,3,4,3,6,5,8,1,1,1,1,0,0,8,5,1,1,0,1,0,0,0,8,7,50,30,2,6,20,2,0,69,2,7,1,0,31,10,0,4,6,0,1,7,0,65,3,5,33,13,1,0,4,2,3,1,0,0,0,0,0,38,5,0,0,3,1,1,0,0,0,0,14,3,3,0,8,5,5,6,4,1,1
"BN1  9",8363,7290,2,1,1,0,0,0,0,0,0,52,12,33,197,22,37,19,3,4,9,9,4,5,5,62,1,4,4,6,2,0,0,1,15,4,2,0,0,9,0,0,0,11,26,83,55,1,6,29,6,13,152,31,13,2,0,39,19,8,3,14,4,7,6,6,393,10,49,268,13,17,8,10,11,4,3,0,0,0,0,0,35,1,3,0,0,5,6,0,6,0,0,0,0,8,1,5,2,2,4,1,1,2
"BN10 7",8823,8511,0,0,0,0,0,0,0,0,0,23,20,11,120,13,16,45,6,3,5,8,1,11,0,1,5,1,1,2,0,0,2,0,12,7,4,1,0,0,0,0,0,6,6,7,9,0,0,7,1,1,39,2,0,1,0,15,0,0,0,1,18,2,0,0,45,5,1,6,1,1,0,3,1,22,5,0,0,0,0,0,12,0,0,0,0,4,1,0,1,0,0,0,1,2,2,1,1,1,1,0,1,0
"BN10 8",9142,8822,0,2,0,1,0,1,0,0,0,12,16,22,129,14,20,46,5,3,12,2,1,9,1,4,3,2,0,5,0,0,2,0,3,1,0,1,0,1,0,0,0,8,2,21,11,1,4,5,0,1,34,2,1,1,0,4,6,0,3,5,8,4,0,0,40,0,1,4,4,1,0,3,0,26,1,0,0,0,0,0,13,0,1,0,0,1,2,1,1,0,0,2,0,0,4,1,1,1,6,6,0,0
"BN11 1",4389,3884,0,0,0,0,0,0,0,0,0,14,19,12,181,12,8,90,9,9,4,27,10,5,1,1,1,4,0,0,0,0,0,0,4,2,0,0,2,0,0,0,0,4,12,14,13,0,2,8,3,0,94,5,9,4,0,18,15,3,4,11,17,1,2,5,111,4,2,16,0,2,0,10,0,70,7,0,0,0,0,0,22,1,0,0,0,0,0,0,0,1,0,12,1,1,4,2,3,3,2,0,0,2
"BN11 2",8711,8053,0,4,2,0,0,0,0,2,0,25,18,18,233,33,19,79,7,4,9,42,3,8,8,8,4,4,1,2,0,0,0,2,7,0,1,4,1,1,0,0,0,14,13,10,20,0,5,10,0,5,112,5,3,0,0,36,14,0,9,10,2,23,7,3,157,5,5,16,3,2,3,8,0,113,2,0,0,0,0,0,16,0,2,3,0,0,1,0,0,0,0,5,3,0,2,0,4,4,7,1,0,6
"BN11 3",4052,3586,0,0,0,0,0,0,0,0,0,15,14,11,208,15,12,87,14,7,4,30,5,9,12,2,1,6,1,2,0,0,1,0,10,5,0,4,0,1,0,0,0,15,12,8,12,0,2,8,2,0,63,5,6,0,0,21,8,1,2,9,4,0,5,2,45,1,1,8,1,0,1,8,1,24,0,0,0,0,0,0,40,6,0,2,0,0,0,0,1,0,0,12,3,10,3,3,8,8,5,4,1,0
"BN11 4",8641,8081,0,0,0,0,0,0,0,0,0,24,21,20,239,20,11,100,16,15,1,34,9,10,5,0,8,8,2,0,0,0,0,0,3,1,0,2,0,0,0,0,0,19,16,11,15,1,5,8,0,1,83,4,13,2,0,25,4,3,5,9,14,2,1,1,62,5,3,2,2,0,8,12,0,28,2,0,0,0,0,0,38,3,0,1,2,0,0,0,1,3,0,11,2,3,4,8,3,3,6,1,1,4
"BN11 5",6192,5996,0,0,0,0,0,0,0,0,0,6,13,8,69,19,5,15,6,3,0,10,0,2,0,2,2,0,2,1,1,0,1,0,5,3,1,0,0,1,0,0,0,7,7,6,4,0,0,4,0,0,26,3,2,1,0,15,3,0,0,0,2,0,0,0,32,4,6,5,0,0,0,6,0,8,3,0,0,0,0,0,11,0,0,2,0,0,0,0,0,0,0,3,1,3,0,2,1,1,1,0,0,1
"BN12 4",7613,7435,1,1,1,0,0,0,0,0,0,9,2,6,50,12,12,10,1,1,0,1,3,3,0,0,5,1,0,1,0,0,0,0,5,0,0,0,0,5,0,0,0,3,3,9,8,0,0,7,0,1,40,2,1,0,0,31,4,0,0,0,2,0,0,0,35,2,4,15,1,0,3,3,0,6,1,0,0,0,0,0,3,1,0,0,0,0,0,0,0,0,0,1,0,0,1,0,0,0,3,3,0,0
"BN12 5",4352,4281,0,0,0,0,0,0,0,0,0,5,1,4,36,4,7,10,0,1,0,2,7,1,0,0,1,0,0,2,0,0,1,0,0,0,0,0,0,0,0,0,0,1,0,1,1,0,0,0,0,1,1,0,0,0,0,1,0,0,0,0,0,0,0,0,18,0,2,7,0,0,0,3,0,6,0,0,0,0,0,0,2,0,0,0,0,0,0,0,0,0,0,0,0,0,1,1,0,0,1,1,0,0
"BN12 6",7646,7408,0,0,0,0,0,0,0,0,0,5,14,5,62,15,2,17,2,1,0,9,4,4,4,0,1,3,0,0,0,0,0,0,1,0,1,0,0,0,0,0,0,2,4,6,3,0,0,3,0,0,85,6,0,2,0,56,4,0,2,7,6,0,0,2,38,1,5,10,0,1,5,4,3,8,1,0,0,0,0,0,10,0,0,0,0,0,0,0,1,0,0,5,0,0,0,4,0,0,3,3,0,0
"BN13 1",7820,7583,0,1,0,0,0,0,0,0,1,7,14,9,80,11,6,23,10,0,5,12,3,2,0,2,3,1,0,0,0,0,2,0,6,2,0,0,0,4,0,0,0,4,1,5,4,2,0,1,1,0,51,5,0,3,0,19,0,1,1,7,10,0,4,1,39,2,2,11,0,0,4,1,0,19,0,0,0,0,0,0,14,2,1,0,0,0,0,1,4,0,0,0,4,0,0,2,0,0,2,2,0,0
"BN13 2",10102,9884,1,0,0,0,0,0,0,0,0,11,7,8,53,10,4,15,0,4,1,14,1,0,1,0,0,1,0,0,1,0,1,0,4,2,0,0,0,2,0,0,0,6,8,9,17,5,4,7,0,1,39,2,2,3,0,15,3,0,0,10,0,0,4,0,37,0,6,12,0,0,0,7,2,9,1,0,0,0,0,0,6,0,1,0,0,0,0,1,0,1,0,2,0,1,0,0,1,1,11,8,0,3
"BN13 3",8612,8443,0,0,0,0,0,0,0,0,0,8,7,9,55,7,2,13,0,4,3,14,1,5,0,0,0,4,1,0,1,0,0,0,1,0,0,1,0,0,0,0,0,0,5,8,7,0,1,6,0,0,24,2,0,0,0,11,1,0,3,1,2,2,2,0,32,0,2,18,0,2,2,4,1,2,1,0,0,0,0,0,7,0,0,0,0,0,0,0,1,1,0,4,0,0,1,0,2,2,4,4,0,0
"BN14 0",5624,5544,2,0,0,0,0,0,0,0,0,8,3,1,24,2,5,4,1,3,1,0,0,0,0,1,2,1,2,0,0,0,2,0,2,0,0,0,0,2,1,1,0,0,5,1,13,0,0,11,1,1,11,0,0,1,0,4,0,0,0,2,0,0,4,0,6,0,0,3,1,0,0,1,0,1,0,0,0,0,0,0,1,0,0,0,0,0,0,0,0,1,0,0,0,0,0,0,0,0,2,1,1,0
"BN14 7",10340,9874,0,0,0,0,0,0,0,0,0,13,16,14,163,51,18,37,3,5,10,14,0,5,11,2,0,3,1,3,0,0,0,0,6,2,0,3,0,1,0,0,0,14,17,3,5,1,0,3,0,1,92,13,1,3,0,34,6,3,4,8,11,4,3,2,97,2,4,31,2,0,10,17,0,26,5,0,0,0,0,0,19,0,0,0,0,1,6,0,0,0,0,2,2,0,1,7,1,1,6,5,1,0
"BN14 8",6485,6211,0,1,0,0,0,1,0,0,0,4,7,9,72,19,7,19,7,4,3,7,0,0,3,3,0,0,0,0,0,0,0,0,5,0,3,0,0,2,0,0,0,7,4,4,10,0,6,4,0,0,71,5,2,0,0,24,4,3,4,4,3,8,13,1,62,1,6,12,4,0,3,13,0,23,0,0,0,0,0,0,11,0,0,0,1,0,0,0,0,0,0,6,2,0,0,2,3,3,4,4,0,0
"BN14 9",7179,7007,1,0,0,0,0,0,0,0,0,8,4,12,60,10,4,15,2,3,0,6,0,2,7,3,3,0,0,4,0,0,1,0,1,0,0,0,0,1,0,0,0,9,9,1,7,0,5,2,0,0,17,2,0,0,0,7,0,0,0,2,2,0,4,0,27,0,8,7,2,0,3,2,0,5,0,0,0,0,0,0,11,0,0,0,0,0,2,0,0,0,0,0,0,0,0,9,3,3,2,1,1,0
"BN15 0",8239,8007,0,0,0,0,0,0,0,0,0,18,4,7,72,8,9,15,6,4,3,0,4,9,6,6,1,1,0,0,0,0,0,0,3,0,0,3,0,0,0,0,0,19,3,11,1,0,0,0,0,1,14,1,0,0,1,9,2,0,0,0,1,0,0,0,74,5,16,30,2,14,0,7,0,0,0,0,0,0,0,0,2,0,0,0,0,0,0,0,0,0,0,1,0,0,0,1,1,1,3,3,0,0
"BN15 8",7553,7381,1,0,0,0,0,0,0,0,0,6,4,8,63,6,2,30,0,1,5,2,0,5,1,3,4,1,1,1,0,0,0,1,6,4,0,0,0,2,0,0,0,9,10,10,2,0,1,1,0,0,10,0,1,0,0,6,0,0,0,0,2,0,1,0,36,2,6,21,0,0,0,4,0,3,0,0,0,0,0,0,4,0,0,0,0,0,0,0,0,0,0,4,0,0,0,0,1,1,2,2,0,0
"BN15 9",10695,10511,1,1,0,0,0,1,0,0,0,9,6,5,59,7,1,22,3,4,2,0,1,5,4,2,4,1,0,2,0,0,0,1,4,3,0,0,0,1,0,0,0,5,3,17,9,0,3,6,0,0,22,0,0,2,0,14,2,0,0,0,0,0,3,1,25,0,4,8,3,0,0,6,3,0,1,0,0,0,0,0,13,1,0,0,0,0,1,1,1,0,0,2,0,0,0,7,1,1,4,2,1,1
"BN16 1",6469,6375,0,0,0,0,0,0,0,0,0,7,0,7,52,4,8,14,2,0,1,5,10,1,0,1,3,2,1,0,0,0,0,0,0,0,0,0,0,0,0,0,0,2,0,1,0,0,0,0,0,0,4,0,0,0,0,2,2,0,0,0,0,0,0,0,18,1,4,1,0,0,0,3,0,8,1,0,0,0,0,0,3,0,0,0,0,1,0,0,0,0,0,2,0,0,0,0,0,0,0,0,0,0
"BN16 2",6832,6714,1,0,0,0,0,0,0,0,0,8,8,3,50,2,8,12,0,0,0,7,5,4,0,4,5,0,3,0,0,0,0,0,6,0,0,0,4,2,0,0,0,5,2,1,0,0,0,0,0,0,10,0,0,0,0,0,7,0,0,3,0,0,0,0,16,0,0,4,0,0,0,8,0,4,0,0,0,0,0,0,5,0,0,0,0,0,0,0,0,1,0,2,2,0,0,0,0,0,3,3,0,0
"BN16 3",7791,7645,0,0,0,0,0,0,0,0,0,9,9,8,67,2,8,22,4,0,3,9,6,3,0,2,1,4,1,0,0,0,2,0,2,0,2,0,0,0,0,0,0,0,1,5,1,0,0,0,1,0,11,2,0,0,0,5,0,0,0,2,2,0,0,0,24,2,2,7,0,0,1,3,0,5,4,0,0,0,0,0,5,0,0,0,0,0,0,0,3,1,0,0,0,1,0,0,1,1,3,3,0,0
"BN16 4",6543,6417,0,0,0,0,0,0,0,0,0,7,19,9,55,9,7,17,0,2,0,10,0,1,1,1,2,3,1,0,0,0,1,0,0,0,0,0,0,0,0,0,0,5,2,1,0,0,0,0,0,0,8,0,0,0,2,5,0,0,0,0,1,0,0,0,15,1,0,6,3,0,0,0,1,4,0,0,0,0,0,0,3,0,0,0,0,0,0,0,0,0,0,0,0,1,0,2,0,0,2,1,1,0
"BN17 5",6279,5598,0,0,0,0,0,0,0,0,0,9,79,8,333,3,4,106,9,6,9,117,63,5,4,0,4,1,0,0,2,0,0,0,5,0,3,1,1,0,0,0,0,67,10,6,3,0,0,2,1,0,50,10,0,0,1,12,1,0,0,3,22,1,0,0,99,1,1,13,0,0,3,7,2,71,1,0,0,0,0,0,11,0,0,0,0,0,3,0,3,2,0,2,0,1,0,0,1,1,0,0,0,0
"BN17 6",13178,12796,1,0,0,0,0,0,0,0,0,10,38,11,188,11,5,68,5,3,4,64,17,4,1,2,2,0,1,0,1,0,0,0,10,0,5,1,3,1,0,0,0,24,2,8,5,0,0,5,0,0,38,6,0,1,0,10,7,0,0,2,12,0,0,0,31,1,2,4,2,0,0,9,1,12,0,0,0,0,0,0,13,0,0,0,0,2,0,0,2,0,0,0,8,0,0,1,0,0,3,3,0,0
"BN17 7",7783,7278,1,0,0,0,0,0,0,0,0,8,84,6,245,6,3,108,4,4,3,70,37,0,2,2,1,0,3,0,2,0,0,0,5,1,0,4,0,0,0,0,0,38,5,4,11,0,2,2,7,0,40,1,0,0,0,12,0,0,0,2,25,0,0,0,36,5,0,9,0,0,0,10,0,12,0,0,0,0,0,0,18,0,0,2,0,0,1,0,3,0,0,3,3,2,1,3,1,1,3,3,0,0
"BN18 0",8351,8128,0,1,0,0,0,0,0,1,0,16,18,9,95,3,5,48,1,0,3,12,1,6,6,0,5,3,0,2,0,0,0,0,3,1,2,0,0,0,0,0,0,1,3,8,0,0,0,0,0,0,31,3,0,3,0,9,2,0,0,1,9,2,2,0,28,3,7,6,1,0,1,2,1,7,0,0,0,0,0,0,8,0,0,0,0,0,2,1,1,0,0,0,0,1,3,0,1,1,1,0,0,1
"BN18 9",4738,4660,0,0,0,0,0,0,0,0,0,10,2,8,28,3,8,7,0,1,1,0,0,3,0,0,4,1,0,0,0,0,0,0,6,0,1,0,0,5,0,0,0,3,4,0,1,1,0,0,0,0,2,0,0,0,0,0,0,0,0,2,0,0,0,0,12,5,1,3,0,0,0,2,0,0,1,0,0,0,0,0,1,0,0,0,0,0,0,0,0,0,0,1,0,0,0,0,0,0,1,0,0,1
"BN2  0",6754,6011,0,2,1,0,0,0,0,0,1,31,20,60,218,22,32,63,10,11,4,10,2,10,20,14,4,6,6,0,1,0,2,1,6,2,0,0,0,4,0,0,0,19,5,71,32,1,6,20,5,0,56,3,3,2,0,18,5,4,6,6,3,3,0,3,156,5,38,69,5,7,1,25,1,4,1,0,0,0,0,0,8,2,0,0,0,3,0,0,0,0,0,0,0,0,0,3,6,6,53,50,0,3
"BN2  1",9928,8827,4,1,0,0,0,1,0,0,0,100,69,105,448,57,64,106,26,28,4,27,9,17,4,48,22,13,5,9,3,2,3,1,21,7,5,2,0,7,0,0,0,27,22,81,27,1,6,13,6,1,66,4,15,0,0,19,5,5,4,8,2,1,0,3,98,5,7,20,14,5,0,23,1,22,1,0,0,0,0,0,25,0,2,0,0,0,1,0,1,0,0,5,6,1,4,5,2,2,5,5,0,0
"BN2  3",12010,11069,1,1,1,0,0,0,0,0,0,80,22,88,416,55,55,104,24,27,12,26,3,23,9,35,8,20,1,10,1,0,1,2,20,1,4,1,5,9,0,0,0,20,11,53,29,2,6,15,5,1,60,1,7,0,0,26,6,1,2,10,1,1,0,5,117,12,14,56,9,7,3,9,4,0,3,0,0,0,0,0,15,0,1,0,0,0,0,0,5,0,1,1,1,0,1,5,4,4,4,4,0,0
"BN2  4",15667,14610,1,4,3,0,0,0,0,1,0,58,52,52,324,39,51,91,19,9,2,7,8,6,10,43,13,9,6,1,0,1,1,8,6,2,2,0,0,2,0,0,0,22,31,125,43,0,5,32,4,2,116,4,7,3,0,82,9,4,1,1,3,0,0,2,151,8,16,84,4,2,8,7,7,12,3,0,0,0,0,0,55,3,0,0,3,6,1,3,11,0,4,6,0,3,1,14,3,3,14,9,4,1
"BN2  5",12346,11238,1,2,1,0,0,0,0,1,0,38,32,60,348,40,30,119,12,9,1,31,11,34,9,20,9,6,6,2,2,0,0,7,17,12,0,1,1,3,0,0,0,31,17,115,28,1,3,21,2,1,84,4,3,1,0,33,8,3,0,6,20,0,6,0,283,10,60,95,3,15,2,17,4,73,4,0,0,0,0,0,39,5,3,0,1,0,1,0,5,0,0,11,2,2,3,6,4,4,9,8,1,0
"BN2  6",9448,9176,0,0,0,0,0,0,0,0,0,18,9,16,69,12,12,7,14,3,3,4,0,4,0,1,3,1,2,1,0,0,2,0,3,1,0,0,0,2,0,0,0,10,8,29,17,0,0,15,0,2,40,8,0,2,0,10,7,0,0,3,2,2,6,0,32,3,5,6,4,0,0,2,0,12,0,0,0,0,0,0,10,0,0,0,0,0,0,0,4,0,0,0,1,2,0,3,0,0,11,10,0,1
"BN2  7",4283,4049,0,1,1,0,0,0,0,0,0,27,5,22,71,6,21,8,0,9,0,2,0,2,1,5,9,7,0,1,0,0,0,0,5,1,2,0,0,2,0,0,0,4,7,16,9,0,0,7,0,2,15,7,0,0,1,5,1,0,1,0,0,0,0,0,44,0,1,31,2,0,5,2,1,1,1,0,0,0,0,0,6,0,0,0,0,0,0,0,1,0,0,0,1,0,4,0,1,1,1,0,0,1
"BN2  8",8303,8033,1,0,0,0,0,0,0,0,0,17,15,17,73,10,18,10,0,1,0,8,0,8,0,3,5,5,3,2,0,0,0,0,9,2,3,2,1,1,0,0,0,15,9,22,25,1,0,13,9,2,20,3,0,0,0,6,8,0,0,1,0,0,0,2,40,1,4,12,2,6,0,6,0,9,0,0,0,0,0,0,1,0,0,0,0,0,0,0,0,0,0,0,1,0,0,0,3,3,3,2,0,1
"BN2  9",11091,10222,2,1,1,0,0,0,0,0,0,44,24,77,328,46,49,70,27,12,7,29,6,9,6,30,10,16,2,7,1,0,1,0,21,8,2,1,0,10,0,0,0,21,6,100,27,0,5,17,5,0,67,0,2,1,0,44,14,1,0,0,0,0,5,0,115,11,21,41,11,1,1,13,9,7,0,0,0,0,0,0,24,2,1,0,0,0,0,0,2,0,4,2,1,0,4,8,3,3,9,6,0,3
"BN20 0",1590,1571,0,0,0,0,0,0,0,0,0,2,0,2,9,0,4,0,0,0,0,0,0,2,0,0,2,0,1,0,0,0,0,0,0,0,0,0,0,0,0,0,0,1,0,0,0,0,0,0,0,0,1,0,0,1,0,0,0,0,0,0,0,0,0,0,3,0,0,0,0,0,0,3,0,0,0,0,0,0,0,0,0,0,0,0,0,0,0,0,0,0,0,0,0,0,0,0,0,0,1,1,0,0
"BN20 7",5768,5386,0,0,0,0,0,0,0,0,0,32,8,23,131,9,30,31,2,3,7,6,6,7,2,14,8,2,2,0,0,0,1,1,10,3,0,3,0,4,0,0,0,16,3,10,20,0,7,9,0,4,7,1,0,1,0,0,2,0,0,2,1,0,0,0,112,3,14,76,13,4,2,0,0,0,0,0,0,0,0,0,5,0,0,0,0,0,0,1,0,0,0,1,0,0,1,2,1,1,4,0,0,4
"BN20 8",8057,7809,0,0,0,0,0,0,0,0,0,17,30,18,75,13,18,13,0,2,4,4,0,5,1,7,1,2,0,3,0,0,2,0,14,9,2,0,0,3,1,1,0,2,7,7,9,1,2,6,0,0,38,11,1,5,0,5,0,0,0,3,11,2,0,0,20,2,5,0,0,0,1,4,0,8,0,0,0,0,0,0,0,0,0,0,0,0,0,0,0,0,0,0,0,0,0,0,8,8,2,1,0,1
"BN20 9",5033,4961,0,0,0,0,0,0,0,0,0,7,0,3,23,1,6,6,0,0,0,0,1,0,0,3,1,1,2,2,0,0,0,0,0,0,0,0,0,0,0,0,0,0,4,2,7,0,0,7,0,0,16,0,1,1,0,4,0,0,1,1,2,1,3,2,7,0,0,1,1,0,0,3,0,2,0,0,0,0,0,0,0,0,0,0,0,0,0,0,0,0,0,0,0,0,0,0,1,1,2,2,0,0
"BN21 1",6764,6542,1,2,0,0,0,2,0,0,0,20,9,20,91,8,12,33,1,3,5,2,3,3,4,1,4,3,9,0,0,0,0,0,4,0,3,0,0,1,0,0,0,7,2,8,4,1,0,3,0,0,13,2,1,0,0,2,0,1,0,4,3,0,0,0,39,3,1,11,3,0,0,6,1,7,7,0,0,0,0,0,0,0,0,0,0,0,0,0,0,0,0,0,0,0,0,0,0,0,2,1,1,0
"BN21 2",8835,8145,2,0,0,0,0,0,0,0,0,25,43,39,272,19,32,129,8,12,9,7,8,7,8,7,10,6,2,4,4,0,0,0,10,4,3,1,0,2,0,0,0,8,7,14,29,0,3,25,0,1,118,14,6,0,0,5,2,0,1,13,25,25,12,15,85,3,4,11,9,1,0,7,1,43,6,0,0,0,0,0,20,1,0,0,0,1,1,0,0,0,0,8,3,0,1,5,12,12,6,3,0,3
"BN21 3",5281,4078,0,0,0,0,0,0,0,0,0,24,156,57,580,19,30,347,14,10,4,39,21,34,44,8,1,2,3,1,1,0,0,2,28,25,0,0,2,1,0,0,0,35,18,23,42,0,16,22,4,0,89,3,2,5,0,21,25,1,0,3,6,0,17,6,120,5,6,40,4,3,1,4,0,53,4,0,0,0,0,0,27,1,0,0,0,0,0,0,1,0,0,16,0,1,3,5,4,4,0,0,0,0
"BN21 4",4169,3595,1,1,0,0,0,0,0,1,0,13,56,52,257,10,30,107,12,3,5,18,12,18,13,13,3,6,0,2,5,0,0,0,11,8,0,0,0,3,0,0,0,34,0,10,33,1,5,19,0,8,11,0,0,0,0,1,2,0,0,1,6,0,1,0,84,2,18,28,4,3,0,3,1,25,0,0,0,0,0,0,11,0,0,0,0,0,0,0,1,0,0,2,0,0,2,6,0,0,0,0,0,0
"BN22 0",9186,8875,0,1,1,0,0,0,0,0,0,9,37,14,81,5,5,25,2,11,1,7,0,6,0,0,10,3,1,1,0,0,4,0,13,10,2,0,0,1,0,0,0,1,8,4,21,0,7,11,0,3,52,3,3,0,0,22,1,0,0,1,21,0,0,1,52,5,4,12,2,0,0,3,0,23,3,0,0,0,0,0,12,0,0,0,0,0,0,0,1,0,0,0,0,6,2,3,2,2,4,1,0,3
"BN22 7",4588,4303,0,0,0,0,0,0,0,0,0,12,27,15,109,7,4,63,7,0,0,10,0,11,1,3,1,0,0,0,0,0,0,2,10,6,0,0,4,0,0,0,0,7,3,7,17,0,10,6,1,0,24,1,0,4,0,14,2,0,0,0,2,0,0,1,33,4,7,13,1,1,0,2,0,4,1,0,0,0,0,0,12,0,0,0,0,0,0,1,1,0,0,7,1,0,0,2,1,1,8,1,0,7
"BN22 8",9951,9227,0,1,0,0,0,0,0,1,0,20,135,55,283,14,13,157,8,6,6,23,7,13,17,7,2,3,3,2,1,0,1,0,21,17,0,2,0,2,0,0,0,12,16,14,18,0,8,4,0,6,65,1,19,2,0,13,9,0,0,5,10,2,2,2,77,2,2,22,1,1,0,4,0,42,3,0,0,0,0,0,4,0,0,0,0,0,0,0,1,0,0,1,1,0,1,0,1,1,2,2,0,0
"BN22 9",7351,7073,1,0,0,0,0,0,0,0,0,4,65,24,75,12,4,32,0,0,1,6,1,5,8,2,0,2,0,2,0,0,0,0,13,12,0,0,0,1,0,0,0,5,4,9,15,0,2,12,1,0,23,0,0,1,0,10,4,0,0,0,4,3,1,0,31,2,4,4,2,0,2,3,0,14,0,0,0,0,0,0,6,0,0,0,0,0,0,0,1,0,0,2,0,0,2,1,0,0,3,3,0,0
"BN23 5",6026,5686,2,0,0,0,0,0,0,0,0,16,12,26,148,17,11,48,9,6,4,11,4,4,2,7,13,9,2,0,1,0,0,0,8,2,3,1,0,2,0,0,0,15,9,13,25,0,8,15,0,2,25,0,0,0,0,9,0,0,3,8,2,1,0,2,31,4,7,8,0,1,1,7,1,1,1,0,0,0,0,0,5,0,0,0,0,0,1,0,0,0,0,0,2,1,0,1,1,1,4,4,0,0
"BN23 6",6490,6249,0,2,2,0,0,0,0,0,0,12,29,7,69,5,8,33,0,1,2,0,2,5,1,1,2,1,4,2,0,0,2,0,11,5,5,0,0,1,0,0,0,8,7,11,22,0,8,10,0,4,23,0,0,0,0,15,2,0,0,3,0,0,0,3,30,6,1,15,0,0,1,2,0,1,4,0,0,0,0,0,8,0,0,0,0,0,0,0,0,0,0,6,0,0,0,2,1,1,1,1,0,0
"BN23 7",6992,6792,0,0,0,0,0,0,0,0,0,7,43,5,38,13,5,9,0,0,1,1,0,1,0,4,0,0,2,1,0,0,1,0,7,6,0,0,0,1,0,0,0,1,2,13,7,0,4,3,0,0,31,1,2,1,0,21,0,0,0,3,3,0,0,0,34,1,8,2,3,0,3,1,0,15,1,0,0,0,0,0,4,0,0,0,0,0,0,0,0,0,0,1,0,0,0,3,2,2,6,2,1,3
"BN23 8",7779,7505,0,0,0,0,0,0,0,0,0,8,53,14,83,5,7,49,3,4,1,5,0,1,0,2,1,3,0,1,0,0,1,0,9,5,1,3,0,0,0,0,0,1,7,14,6,0,4,2,0,0,20,0,0,0,0,12,2,0,0,2,4,0,0,0,44,0,7,6,0,1,2,8,0,12,8,0,0,0,0,0,7,0,0,0,0,0,1,0,0,0,0,4,1,0,0,1,3,3,5,5,0,0
"BN24 5",6093,6017,0,0,0,0,0,0,0,0,0,4,2,1,27,6,9,3,0,2,1,0,0,3,0,0,3,0,0,0,0,0,0,0,5,2,1,0,0,2,0,0,0,7,0,3,3,0,0,3,0,0,14,2,0,0,0,1,1,2,0,2,4,0,0,2,5,0,0,0,0,1,0,2,1,1,0,0,0,0,0,0,1,0,0,0,0,0,0,0,0,0,0,0,0,0,1,0,3,3,1,0,0,1
"BN24 6",2977,2929,1,0,0,0,0,0,0,0,0,2,0,1,23,4,3,9,3,0,0,0,0,1,0,1,0,1,1,0,0,0,0,0,0,0,0,0,0,0,0,0,0,0,4,0,1,0,0,0,0,1,11,0,0,0,0,3,2,0,0,0,4,1,1,0,5,0,0,1,0,0,3,0,0,1,0,0,0,0,0,0,0,0,0,0,0,0,0,0,0,0,0,0,0,0,0,0,0,0,0,0,0,0
"BN25 1",4533,4332,1,0,0,0,0,0,0,0,0,12,9,6,63,6,23,18,1,2,0,4,1,2,0,2,0,3,0,1,0,0,0,0,2,2,0,0,0,0,0,0,0,6,9,7,4,0,0,4,0,0,25,0,3,4,0,10,1,3,0,4,0,0,0,0,53,1,2,8,1,0,0,2,0,39,0,0,0,0,0,0,3,0,0,0,0,0,1,0,0,0,0,1,1,0,0,0,1,1,0,0,0,0
"BN25 2",7091,6951,0,0,0,0,0,0,0,0,0,9,6,6,58,7,20,14,3,1,0,0,1,2,0,2,4,3,1,0,0,0,0,0,3,0,1,1,0,1,0,0,0,1,1,1,1,0,0,0,0,1,18,0,1,0,0,8,4,0,0,5,0,0,0,0,27,4,4,5,0,0,2,3,1,6,2,0,0,0,0,0,3,0,0,0,0,0,0,0,0,0,0,0,2,0,0,1,0,0,6,4,1,1
"BN25 3",8559,8457,0,1,0,0,0,1,0,0,0,6,5,4,34,5,9,9,1,2,0,1,0,1,1,0,4,1,0,0,0,0,0,0,2,2,0,0,0,0,0,0,0,1,0,1,1,0,0,1,0,0,23,0,0,0,0,10,5,0,0,5,3,0,0,0,13,0,3,5,1,0,0,2,0,2,0,0,0,0,0,0,7,1,0,0,0,0,0,0,3,0,0,0,1,0,2,0,1,1,3,0,0,3
"BN25 4",2773,2737,0,1,0,0,0,1,0,0,0,4,3,0,13,0,5,1,0,0,0,1,0,2,0,0,4,0,0,0,0,0,0,0,1,0,0,0,0,1,0,0,0,6,0,0,0,0,0,0,0,0,5,0,0,0,0,5,0,0,0,0,0,0,0,0,2,0,2,0,0,0,0,0,0,0,0,0,0,0,0,0,0,0,0,0,0,0,0,0,0,0,0,0,0,0,0,0,0,0,1,0,0,1
"BN26 5",6153,6060,0,0,0,0,0,0,0,0,0,5,1,14,41,8,3,7,3,1,8,1,0,3,4,0,1,0,1,1,0,0,0,0,2,0,1,0,0,1,0,0,0,4,2,0,1,0,1,0,0,0,14,0,0,0,0,1,0,0,0,3,6,0,4,0,7,0,0,0,0,1,0,3,0,2,1,0,0,0,0,0,0,0,0,0,0,0,0,0,0,0,0,0,0,0,0,0,0,0,2,1,0,1
"BN26 6",4962,4893,0,0,0,0,0,0,0,0,0,1,0,5,33,1,5,8,2,2,7,0,0,4,0,0,2,1,0,1,0,0,0,0,0,0,0,0,0,0,0,0,0,3,3,1,0,0,0,0,0,0,13,0,0,0,0,0,0,0,0,2,11,0,0,0,7,0,1,1,2,0,0,0,1,2,0,0,0,0,0,0,2,0,0,0,0,0,0,0,0,0,0,0,1,0,1,0,0,0,1,1,0,0
"BN27 1",6037,5911,1,0,0,0,0,0,0,0,0,12,5,5,40,0,5,9,0,1,10,3,0,2,1,1,6,0,1,1,0,0,0,0,2,0,2,0,0,0,0,0,0,2,1,5,2,0,0,2,0,0,25,0,0,0,0,12,0,0,0,1,10,0,2,0,24,0,4,5,1,0,0,0,0,10,4,0,0,0,0,0,2,0,0,0,0,0,0,0,0,0,0,2,0,0,0,0,0,0,0,0,0,0
"BN27 2",4943,4867,0,0,0,0,0,0,0,0,0,2,13,2,20,3,3,2,0,1,0,0,0,2,2,2,3,1,0,0,0,0,1,0,1,0,1,0,0,0,0,0,0,1,0,1,1,0,0,1,0,0,19,0,0,0,0,7,0,0,0,7,2,0,1,2,13,1,2,1,1,0,0,0,0,8,0,0,0,0,0,0,3,0,0,0,0,0,0,0,2,0,0,0,0,0,1,0,0,0,0,0,0,0
"BN27 3",10634,10389,2,1,1,0,0,0,0,0,0,13,4,7,102,5,34,18,3,1,15,4,3,2,12,0,3,2,0,0,0,0,0,0,5,1,2,1,0,1,0,0,0,9,5,4,4,0,0,4,0,0,21,0,0,0,0,10,0,0,0,1,9,0,1,0,62,1,10,39,2,3,0,1,0,6,0,0,0,0,0,0,4,0,0,0,0,0,0,0,0,1,0,0,2,0,1,0,1,1,1,1,0,0
"BN27 4",4339,4282,1,0,0,0,0,0,0,0,0,6,0,9,22,2,11,4,0,2,0,0,0,1,1,0,1,0,0,0,0,0,0,0,1,0,0,0,0,1,1,1,0,2,1,3,1,0,0,1,0,0,4,0,0,0,0,3,0,0,0,0,1,0,0,0,4,0,0,2,0,0,0,0,1,1,0,0,0,0,0,0,1,0,0,0,0,0,0,0,0,0,0,0,1,0,0,0,0,0,1,0,0,1
"BN3  1",10140,8612,0,0,0,0,0,0,0,0,0,100,69,151,727,78,57,244,75,44,4,46,7,54,3,48,12,27,7,14,3,0,2,2,24,1,14,3,0,6,1,1,0,22,46,118,60,1,3,46,0,10,52,7,11,6,0,8,6,1,6,6,0,0,1,0,131,4,13,53,21,14,0,14,3,6,3,0,0,0,0,0,22,2,3,2,0,0,0,0,1,0,0,1,7,2,2,2,2,2,3,1,0,2
"BN3  2",6655,5891,1,0,0,0,0,0,0,0,0,56,44,53,363,54,42,89,34,19,8,15,9,32,0,23,13,14,1,4,2,0,0,4,18,7,4,3,0,4,0,0,0,18,16,46,40,3,3,27,3,4,20,2,6,2,1,4,3,0,1,0,1,0,0,0,70,10,2,12,8,3,2,16,1,14,2,0,0,0,0,0,11,0,3,0,0,0,0,0,0,0,0,0,3,1,0,4,5,5,3,2,0,1
"BN3  3",12141,10535,2,1,0,0,0,0,0,1,0,90,64,142,652,74,61,235,54,38,10,23,12,29,12,35,14,30,9,8,2,0,0,6,40,13,7,0,4,16,0,0,0,41,38,168,90,4,7,62,5,12,85,9,8,2,0,10,10,3,8,11,4,10,8,2,141,15,10,33,30,9,3,19,3,12,7,0,0,2,2,0,39,3,0,1,0,0,0,0,4,0,2,0,6,1,2,20,5,5,6,6,0,0
"BN3  4",7488,6926,0,0,0,0,0,0,0,0,0,34,21,49,193,23,20,56,14,12,2,9,4,12,8,7,10,9,2,3,0,0,2,0,15,4,2,0,0,9,0,0,0,6,15,79,34,3,1,26,1,3,42,1,2,0,0,22,10,1,0,3,0,0,2,1,56,4,10,21,5,0,0,7,3,6,0,0,0,0,0,0,14,0,0,0,0,0,1,0,1,0,0,4,0,0,1,7,3,3,1,1,0,0
"BN3  5",11347,10408,0,3,2,0,0,0,0,1,0,57,31,67,323,42,36,106,20,16,18,12,7,24,6,7,5,19,2,2,0,1,0,0,24,11,3,4,1,5,0,0,0,15,15,104,63,2,2,47,9,3,82,2,4,2,0,54,6,2,2,6,1,1,1,1,116,14,12,45,14,2,0,17,3,8,1,0,0,0,0,0,26,1,0,3,0,0,0,2,2,1,0,1,0,1,0,15,5,5,8,5,0,3
"BN3  6",11130,10381,1,0,0,0,0,0,0,0,0,41,25,51,251,38,23,77,16,5,5,5,4,27,1,18,10,11,6,1,1,0,2,1,11,2,0,1,1,7,0,0,0,15,12,83,83,1,4,66,9,3,81,13,5,3,0,17,32,0,0,5,3,1,1,1,71,5,9,27,9,2,3,4,1,11,0,0,0,0,0,0,10,0,0,2,0,0,0,0,0,0,0,1,1,3,0,3,1,1,13,12,0,1
"BN3  7",9998,9347,0,0,0,0,0,0,0,0,0,22,13,21,157,28,12,46,9,6,1,5,1,8,8,9,2,13,5,2,0,0,0,2,4,2,1,1,0,0,0,0,0,14,13,154,63,0,4,44,8,7,86,8,1,0,0,58,18,1,0,0,0,0,0,0,57,4,7,28,4,0,2,6,0,6,0,0,0,0,0,0,33,0,1,0,0,0,1,0,0,0,0,14,0,0,5,12,4,4,10,7,2,1
"BN3  8",7677,7108,0,0,0,0,0,0,0,0,0,17,17,14,103,12,8,41,7,1,0,13,0,9,1,2,4,3,0,1,0,0,0,1,15,11,4,0,0,0,0,0,0,5,7,194,48,1,3,38,5,1,111,7,3,2,0,95,0,0,0,1,1,0,0,2,30,3,1,11,2,5,0,1,0,7,0,0,0,0,0,0,6,0,1,0,0,1,0,0,0,0,0,0,0,0,0,4,1,1,1,0,1,0
"BN41 1",6217,5858,2,0,0,0,0,0,0,0,0,14,7,14,109,11,14,49,3,2,3,5,0,4,2,4,4,3,1,2,0,0,2,0,1,0,1,0,0,0,1,1,0,4,13,87,15,1,0,11,2,1,41,3,0,2,0,24,10,0,0,1,0,0,0,1,27,3,3,13,1,1,0,2,2,0,2,0,0,0,0,0,17,0,0,0,0,0,0,0,0,0,2,2,3,0,2,8,3,3,4,2,0,2
"BN41 2",13827,13409,0,0,0,0,0,0,0,0,0,13,23,20,83,18,9,27,9,2,0,2,0,5,0,3,1,3,1,0,0,0,2,1,7,2,2,0,0,3,0,0,0,2,12,98,19,1,1,9,3,5,65,5,2,0,0,43,9,2,0,2,0,0,2,0,51,2,6,22,2,0,4,9,0,5,1,0,0,0,0,0,16,0,1,0,0,0,0,0,0,0,1,10,0,1,1,2,3,3,6,5,0,1
"BN42 4",9664,9378,0,0,0,0,0,0,0,0,0,12,9,8,78,6,15,18,1,2,1,0,9,8,1,5,5,2,3,0,0,0,2,0,3,1,0,0,0,2,0,0,0,4,5,62,10,0,0,6,4,0,57,3,0,8,0,24,16,0,0,2,2,1,0,1,22,0,5,8,2,0,1,3,0,2,1,0,0,0,0,0,10,0,0,0,0,0,0,0,1,0,0,1,0,0,2,6,2,2,4,2,1,1
"BN43 5",10887,10689,0,0,0,0,0,0,0,0,0,18,5,13,75,8,21,10,1,2,2,0,0,3,2,5,5,10,0,3,0,0,2,1,5,1,0,1,0,3,0,0,0,3,3,20,1,0,0,1,0,0,20,1,0,0,0,14,3,0,0,1,0,0,0,1,22,4,4,5,2,0,1,2,2,2,0,0,0,0,0,0,11,0,0,0,0,0,1,0,0,0,0,2,4,0,2,2,0,0,2,0,1,1
"BN43 6",10762,10468,1,1,0,0,0,1,0,0,0,13,8,15,82,12,10,21,4,1,3,0,0,4,9,3,8,4,1,1,1,0,0,0,7,3,0,0,3,1,0,0,0,2,4,28,10,0,0,6,4,0,87,3,3,0,0,69,3,0,0,2,5,0,2,0,28,1,3,4,0,0,1,4,1,14,0,0,0,0,0,0,2,0,0,0,0,0,1,0,0,0,0,0,0,0,0,1,1,1,5,3,1,1
"BN44 3",9838,9701,0,0,0,0,0,0,0,0,0,11,1,7,59,5,11,13,1,2,3,1,1,2,1,2,7,7,2,1,0,0,0,0,2,0,0,0,0,2,0,0,0,1,1,1,1,0,0,1,0,0,9,2,1,0,0,3,0,0,0,0,3,0,0,0,36,1,5,14,5,0,0,3,0,7,1,0,0,0,0,0,7,0,0,0,0,0,2,0,0,2,0,0,2,1,0,0,1,1,0,0,0,0
"BN45 7",644,623,0,0,0,0,0,0,0,0,0,4,0,1,8,1,0,0,4,0,0,0,0,0,2,0,0,1,0,0,0,0,0,0,2,0,0,0,0,2,0,0,0,0,0,0,1,0,0,1,0,0,0,0,0,0,0,0,0,0,0,0,0,0,0,0,5,0,1,0,0,0,0,4,0,0,0,0,0,0,0,0,0,0,0,0,0,0,0,0,0,0,0,0,0,0,0,0,0,0,0,0,0,0
"BN5  9",6900,6767,0,0,0,0,0,0,0,0,0,11,7,1,50,2,10,22,1,1,3,2,0,0,1,0,1,5,0,2,0,0,0,0,2,1,0,0,0,1,0,0,0,3,5,0,5,0,2,3,0,0,6,0,4,0,0,2,0,0,0,0,0,0,0,0,36,0,4,2,1,0,0,5,0,21,3,0,0,0,0,0,3,0,0,0,0,3,0,0,0,0,0,0,0,0,0,0,2,2,2,2,0,0
"BN6  8",8415,8283,0,0,0,0,0,0,0,0,0,12,5,5,52,6,6,9,0,4,0,1,0,1,1,0,6,6,12,0,0,0,0,0,0,0,0,0,0,0,0,0,0,9,8,3,1,0,0,1,0,0,17,5,0,0,0,8,2,0,1,1,0,0,0,0,17,0,1,2,2,0,0,8,1,3,0,0,0,0,0,0,1,1,0,0,0,0,0,0,0,0,0,0,0,0,0,0,0,0,2,2,0,0
"BN6  9",8412,8315,0,0,0,0,0,0,0,0,0,15,3,4,41,4,9,7,3,4,1,0,0,5,0,1,1,3,0,1,0,0,2,0,5,2,1,0,0,2,0,0,0,2,2,0,0,0,0,0,0,0,1,0,0,0,0,0,0,0,0,0,1,0,0,0,19,0,0,7,0,0,0,3,0,9,0,0,0,0,0,0,3,0,0,0,0,0,0,0,0,0,0,1,2,0,0,0,1,1,1,0,0,1
"BN7  1",8400,8122,0,1,0,0,0,0,0,1,0,35,9,18,97,11,25,27,2,3,1,0,1,1,0,3,7,11,1,3,0,0,0,1,15,4,3,1,0,7,0,0,0,11,4,3,9,0,1,7,0,1,19,0,1,2,0,0,9,0,0,3,1,2,0,1,46,5,7,12,6,1,0,4,2,9,0,0,0,0,0,0,6,0,0,0,0,0,0,0,1,0,0,0,2,0,3,0,3,3,2,2,0,0
"BN7  2",8037,7755,0,0,0,0,0,0,0,0,0,12,3,17,116,17,28,37,2,3,2,1,0,6,1,3,4,5,5,0,0,1,0,1,5,3,0,1,0,1,0,0,0,5,0,3,3,1,1,1,0,0,23,2,0,0,0,12,1,0,0,0,8,0,0,0,86,6,21,30,12,2,2,5,3,3,2,0,0,0,0,0,3,0,0,0,0,0,0,0,0,0,0,0,0,0,2,1,2,2,4,3,0,1
"BN7  3",4094,4019,2,0,0,0,0,0,0,0,0,9,1,9,34,1,4,5,8,2,2,0,1,0,1,0,3,3,3,1,0,0,0,0,2,1,0,0,0,1,0,0,0,0,1,0,3,3,0,0,0,0,1,0,0,0,0,0,1,0,0,0,0,0,0,0,12,0,1,4,0,0,0,0,0,7,0,0,0,0,0,0,0,0,0,0,0,0,0,0,0,0,0,0,0,0,0,0,0,0,1,0,0,1
"BN8  4",5809,5693,0,0,0,0,0,0,0,0,0,6,5,13,52,6,9,6,2,1,1,5,12,1,0,0,5,2,1,1,0,0,0,0,1,0,0,0,0,1,0,0,0,7,0,1,0,0,0,0,0,0,9,2,0,3,0,4,0,0,0,0,0,0,0,0,9,2,0,3,1,0,0,1,0,2,0,0,0,0,0,0,10,0,2,0,0,0,0,0,0,0,0,1,6,0,0,1,0,0,3,1,2,0
"BN8  5",5930,5846,1,0,0,0,0,0,0,0,0,7,3,2,31,3,4,1,4,3,1,0,0,1,0,0,6,5,0,2,0,0,0,1,1,0,0,0,0,1,0,0,0,1,2,1,4,0,0,3,0,1,6,2,0,0,0,3,0,0,0,0,1,0,0,0,16,1,1,1,2,0,0,4,0,6,1,0,0,0,0,0,3,0,0,0,0,0,0,0,0,0,0,0,0,0,0,3,1,1,5,0,0,5
"BN8  6",4111,4051,1,0,0,0,0,0,0,0,0,3,0,2,34,7,4,9,3,1,1,0,1,4,0,0,2,1,1,0,0,0,0,0,2,1,0,0,0,1,0,0,0,2,1,2,3,0,0,3,0,0,3,0,0,0,0,0,0,0,0,3,0,0,0,0,5,0,1,2,0,0,0,0,0,2,0,0,0,0,0,0,1,0,0,0,0,0,0,0,0,0,0,0,0,0,0,1,0,0,1,0,0,1
"BN9  0",3806,3732,0,1,1,0,0,0,0,0,0,4,11,2,27,0,6,4,3,0,0,0,3,5,2,1,1,0,1,1,0,0,0,0,2,0,1,0,0,1,0,0,0,3,4,1,5,1,0,4,0,0,7,0,0,0,0,5,0,0,0,0,1,0,1,0,4,0,1,3,0,0,0,0,0,0,0,0,0,0,0,0,1,0,0,0,0,0,0,0,0,0,0,0,1,0,0,0,2,2,0,0,0,0
"BN9  9",9169,8891,0,0,0,0,0,0,0,0,0,15,26,15,129,12,14,51,8,6,3,4,1,6,11,1,5,0,0,3,0,0,0,4,1,1,0,0,0,0,0,0,0,9,6,7,5,1,1,0,3,0,36,0,1,0,0,7,2,4,1,4,0,0,16,1,20,4,3,4,2,0,0,3,0,4,0,0,0,0,0,0,4,0,0,0,0,0,0,0,0,0,0,2,0,1,1,0,0,0,5,5,0,0
"BR1  1",449,376,0,0,0,0,0,0,0,0,0,6,0,5,28,5,2,10,0,0,0,4,0,0,3,0,2,1,1,0,0,0,0,0,2,2,0,0,0,0,0,0,0,0,2,4,7,0,0,7,0,0,11,0,0,0,0,7,0,0,0,3,0,1,0,0,8,0,2,3,0,0,0,3,0,0,0,0,0,0,0,0,0,0,0,0,0,0,0,0,0,0,0,0,0,0,0,0,0,0,0,0,0,0
"BR1  2",11350,10740,1,1,0,0,0,1,0,0,0,21,8,35,181,35,21,39,8,3,11,18,0,2,10,9,9,9,4,1,0,0,0,2,32,18,3,7,0,4,0,0,0,20,27,31,23,6,0,16,1,0,118,15,21,3,0,12,26,0,0,35,0,5,0,1,85,6,7,26,25,0,2,9,0,9,1,0,0,0,0,0,20,0,0,0,0,5,0,0,1,0,0,3,9,0,2,0,2,2,5,3,0,2
"BR1  3",12068,11105,4,4,4,0,0,0,0,0,0,46,66,50,289,52,24,85,8,13,18,20,4,15,25,2,5,5,7,0,0,0,4,2,47,39,4,0,0,4,0,0,0,28,44,42,23,0,1,16,1,5,171,6,17,9,0,32,29,0,3,37,14,8,0,16,100,5,12,21,20,2,1,7,4,26,2,0,0,0,0,0,39,2,0,3,0,0,3,1,2,0,1,3,13,1,1,9,4,4,6,5,0,1
"BR1  4",13587,12323,0,8,2,0,0,3,0,3,0,65,67,46,311,27,26,92,12,13,32,38,2,11,21,21,4,6,3,1,0,1,1,0,56,41,5,8,0,2,0,0,0,28,112,29,32,0,8,17,5,2,281,10,7,15,0,25,35,3,5,141,31,4,2,3,105,4,9,38,9,0,10,9,0,19,7,0,0,1,1,0,102,5,0,16,0,26,15,9,3,4,0,4,9,3,3,5,5,5,16,10,4,2
"BR1  5",16390,14516,0,1,0,0,0,0,0,1,0,106,60,57,430,50,33,142,6,8,29,88,10,8,22,14,9,2,1,4,2,0,2,0,47,42,3,1,0,1,0,0,0,45,135,53,69,1,21,39,4,4,576,18,10,14,0,39,26,0,2,432,17,12,3,3,89,3,12,33,6,5,6,7,1,15,1,0,0,1,1,0,183,0,0,10,7,20,37,32,17,14,2,3,6,18,8,9,9,9,13,8,3,2
"BR2  0",11234,10327,1,0,0,0,0,0,0,0,0,64,39,49,310,46,34,71,16,2,28,22,1,9,34,10,15,5,7,2,7,0,0,1,17,7,2,7,1,0,0,0,0,66,34,45,32,2,7,15,6,2,139,22,17,4,0,17,21,2,11,25,8,4,0,8,78,2,7,22,11,1,2,11,0,21,1,0,0,0,0,0,31,1,0,4,0,0,1,0,1,0,0,7,15,0,0,2,1,1,1,1,0,0
"BR2  6",2271,2235,0,0,0,0,0,0,0,0,0,0,0,0,21,4,3,5,0,0,0,0,0,6,1,1,1,0,0,0,0,0,0,0,1,0,0,0,0,1,0,0,0,1,0,0,1,0,0,1,0,0,11,0,2,1,0,0,7,0,0,1,0,0,0,0,1,0,0,0,0,0,0,1,0,0,0,0,0,0,0,0,0,0,0,0,0,0,0,0,0,0,0,0,0,0,0,0,0,0,0,0,0,0
"BR2  7",8831,8619,0,1,0,0,0,0,0,1,0,11,4,6,72,8,8,22,0,3,2,8,0,4,1,9,3,1,2,0,0,0,1,0,6,2,4,0,0,0,0,0,0,5,18,3,6,1,4,1,0,0,41,2,0,0,0,5,9,0,0,20,4,0,0,1,34,0,3,21,1,0,1,4,1,3,0,0,0,0,0,0,4,0,0,0,0,0,1,0,0,0,0,0,2,1,0,0,0,0,1,0,1,0
"BR2  8",10343,9851,2,0,0,0,0,0,0,0,0,17,22,22,134,19,12,32,0,2,15,27,1,4,2,10,8,1,0,0,0,0,1,0,26,13,4,0,9,0,0,0,0,14,41,10,18,0,8,2,4,4,87,5,3,2,0,23,13,0,0,30,4,1,6,0,60,1,7,12,2,0,4,7,0,24,3,0,0,0,0,0,29,0,1,4,0,7,0,1,1,0,0,1,3,2,3,6,3,3,7,5,2,0
"BR2  9",10491,9810,0,0,0,0,0,0,0,0,0,40,34,36,174,30,24,38,4,0,5,21,1,5,17,8,6,9,3,2,1,0,0,0,11,5,1,2,1,2,0,0,0,23,29,58,12,1,0,9,0,2,141,22,15,11,0,7,18,1,4,27,4,19,4,9,97,0,6,30,8,3,2,6,2,36,4,0,0,0,0,0,24,0,0,3,0,2,3,0,1,0,0,0,12,0,2,1,0,0,2,2,0,0
"BR3  1",8591,7869,4,0,0,0,0,0,0,0,0,48,39,35,209,30,16,82,6,10,11,4,3,4,12,7,9,4,3,4,3,0,0,1,37,25,5,1,1,5,0,0,0,41,33,40,27,0,0,22,3,2,86,1,30,13,0,15,0,1,6,10,3,1,0,6,79,5,10,28,16,1,4,3,2,10,0,0,0,0,0,0,34,0,0,7,0,9,2,0,1,3,1,2,4,0,1,4,2,2,8,4,0,4
"BR3  3",12657,12114,1,2,0,0,0,2,0,0,0,36,14,35,145,22,16,32,1,3,14,5,0,7,2,17,11,4,5,2,1,0,3,0,20,15,3,0,0,2,0,0,0,11,34,15,20,3,8,9,0,0,127,9,4,9,0,21,39,0,0,30,5,2,2,6,58,2,8,23,9,0,1,3,4,6,2,0,0,0,0,0,16,0,0,2,0,1,2,1,3,1,0,0,3,2,1,0,3,3,6,5,0,1
"BR3  4",12184,11459,1,4,2,0,0,0,1,1,0,49,25,46,243,38,23,78,7,6,15,11,4,15,7,9,13,7,2,2,0,1,4,1,17,11,1,1,0,4,0,0,0,32,35,13,24,1,3,12,8,0,91,8,10,13,0,25,7,0,3,15,2,6,0,2,74,7,9,30,6,3,3,8,1,7,0,0,0,0,0,0,54,1,1,12,0,5,2,0,0,1,1,3,14,2,2,10,5,5,12,8,3,1
"BR3  5",6526,5982,3,1,0,0,0,1,0,0,0,37,23,37,190,21,15,73,5,0,11,7,0,9,21,12,4,5,3,2,0,0,1,1,17,13,2,1,0,1,0,0,0,24,22,11,23,0,2,19,2,0,63,8,4,3,0,7,21,0,2,12,1,3,2,0,56,1,4,22,11,1,4,8,1,3,1,0,0,0,0,0,33,2,5,0,0,1,5,3,2,1,0,0,8,0,0,6,0,0,4,4,0,0
"BR3  6",5514,5232,3,2,2,0,0,0,0,0,0,29,19,12,74,16,15,17,0,0,3,2,0,7,5,3,3,2,1,0,0,0,0,0,4,0,2,0,0,2,0,0,0,10,10,22,9,0,0,8,0,1,60,2,1,2,0,3,27,0,0,20,1,0,2,2,18,2,3,6,2,1,2,1,0,1,0,0,0,0,0,0,7,0,0,0,0,0,0,0,0,0,0,2,4,0,0,1,2,2,1,0,0,1
"BR4  0",8818,8521,0,0,0,0,0,0,0,0,0,19,7,10,71,6,10,18,2,2,6,8,1,3,1,4,6,1,1,0,1,0,0,1,9,6,1,0,0,2,0,0,0,6,34,5,8,1,0,6,0,1,84,3,1,3,0,10,32,0,2,31,0,1,1,0,40,0,3,17,9,0,0,5,3,2,1,0,0,0,0,0,3,0,0,2,0,1,0,0,0,0,0,0,0,0,0,0,0,0,1,1,0,0
"BR4  9",9660,9402,0,0,0,0,0,0,0,0,0,20,6,16,92,9,10,16,5,1,11,3,12,2,1,8,2,3,5,0,1,0,2,1,18,15,1,2,0,0,0,0,0,9,6,6,7,0,0,5,0,2,32,0,5,1,0,2,12,0,0,10,0,2,0,0,35,0,13,1,2,3,1,4,1,8,2,0,0,0,0,0,10,0,0,0,0,1,0,0,0,0,0,4,2,0,1,2,1,1,0,0,0,0
"BR5  1",11345,10895,3,0,0,0,0,0,0,0,0,20,6,21,144,17,18,28,0,1,8,9,1,5,13,12,18,5,5,3,0,1,0,0,10,1,2,1,2,4,0,0,0,5,24,4,7,3,1,2,0,1,122,3,21,12,0,22,9,0,0,29,4,16,3,3,71,3,14,17,7,1,5,4,2,16,2,0,0,0,0,0,7,0,0,0,0,1,1,0,0,0,0,2,0,0,0,3,5,5,1,1,0,0
"BR5  2",12254,11700,0,0,0,0,0,0,0,0,0,22,16,16,166,6,9,56,13,1,4,40,5,12,6,5,4,4,0,0,0,0,1,0,23,14,2,3,3,1,0,0,0,25,21,11,9,0,3,5,1,0,102,8,0,4,0,25,21,0,0,9,0,4,28,3,85,2,7,45,2,0,0,2,1,25,1,0,0,0,0,0,47,0,6,0,1,8,9,8,2,2,0,3,3,2,1,2,6,6,5,4,1,0
"BR5  3",10059,9479,1,0,0,0,0,0,0,0,0,20,46,23,187,12,10,62,2,3,16,47,0,7,17,3,2,0,2,2,0,0,2,0,28,12,10,4,1,1,1,1,0,22,20,12,13,0,0,13,0,0,64,12,5,1,0,8,23,1,0,6,0,0,6,2,71,8,13,21,5,2,3,4,1,14,0,0,0,0,0,0,60,0,0,0,2,8,24,2,1,2,0,7,2,0,4,8,1,1,11,9,1,1
"BR5  4",9954,9471,0,0,0,0,0,0,0,0,0,36,20,22,109,17,13,29,5,3,7,15,0,2,7,0,4,5,2,0,0,0,0,0,25,10,12,1,0,2,5,5,0,15,28,12,8,0,2,4,1,1,73,0,3,3,0,31,12,2,2,12,0,6,1,1,62,0,7,19,1,0,3,2,1,29,0,0,0,0,0,0,55,0,0,6,1,10,11,2,2,0,1,4,6,0,3,9,2,2,11,11,0,0
"BR6  0",9112,8607,1,0,0,0,0,0,0,0,0,20,14,21,96,19,11,28,1,1,0,0,4,5,12,4,4,3,1,1,0,0,2,0,5,1,2,1,0,1,0,0,0,17,34,5,22,0,9,7,6,0,124,5,15,2,0,13,9,3,6,29,6,5,27,4,119,0,20,53,4,0,6,3,0,32,1,0,0,0,0,0,22,3,2,0,0,4,0,4,0,0,0,1,6,0,1,1,2,2,3,3,0,0
"BR6  6",6429,6266,1,0,0,0,0,0,0,0,0,3,4,4,32,4,4,4,1,2,1,0,0,0,0,3,9,1,3,0,0,0,0,0,18,0,2,1,0,15,0,0,0,7,5,6,0,0,0,0,0,0,45,0,0,5,0,10,1,0,2,10,7,4,0,6,27,3,3,11,3,0,0,3,1,3,0,0,0,0,0,0,9,0,0,0,0,0,0,0,0,0,0,0,9,0,0,0,1,1,1,1,0,0
"BR6  7",7672,7424,0,0,0,0,0,0,0,0,0,12,3,14,54,8,11,6,2,4,2,2,0,4,0,5,1,3,6,0,0,0,0,0,17,13,2,0,0,2,0,0,0,4,14,3,7,0,0,3,4,0,60,8,9,7,0,4,6,0,9,15,0,1,0,1,45,0,0,5,3,1,0,6,1,29,0,0,0,0,0,0,10,0,0,1,0,1,2,1,0,0,0,0,1,1,1,2,4,4,1,1,0,0
"BR6  8",8031,7725,3,0,0,0,0,0,0,0,0,11,6,14,71,9,11,19,2,3,0,2,0,0,6,7,3,2,3,0,1,1,2,0,4,2,1,0,0,1,0,0,0,5,17,13,6,0,0,1,2,3,70,9,6,9,0,6,16,0,4,15,0,4,0,1,82,6,7,20,4,0,0,6,2,32,5,0,0,0,0,0,2,0,0,0,0,0,0,0,0,0,0,2,0,0,0,0,0,0,2,2,0,0
"BR6  9",14142,13623,1,0,0,0,0,0,0,0,0,29,9,19,91,6,16,26,0,6,8,12,1,2,1,4,3,1,1,0,0,0,4,0,17,13,0,0,0,4,0,0,0,17,14,19,4,0,0,2,2,0,152,19,18,10,0,10,16,7,5,50,5,3,7,2,97,6,15,29,18,2,0,4,1,21,1,0,1,0,0,0,39,0,0,0,0,2,8,4,3,0,0,4,11,2,2,3,4,4,6,4,2,0
"BR7  5",6386,6126,0,0,0,0,0,0,0,0,0,15,4,14,76,8,13,19,3,5,5,3,0,4,0,1,3,3,3,4,1,0,0,1,7,0,0,3,0,4,0,0,0,22,5,8,14,1,0,8,0,5,49,6,8,0,0,5,21,0,0,4,0,1,0,4,35,1,6,14,5,0,0,2,3,4,0,0,0,0,0,0,8,0,0,0,0,0,0,0,0,0,0,0,7,0,0,1,1,1,2,1,0,1
"BR7  6",10326,9751,1,1,0,0,0,1,0,0,0,21,12,8,151,13,15,61,0,6,10,6,0,9,4,4,4,10,4,4,1,0,0,0,11,1,6,0,2,2,0,0,0,17,49,8,19,0,2,13,1,3,132,18,8,22,0,41,13,2,1,14,0,0,7,6,116,4,16,62,10,5,1,8,2,8,0,0,1,0,0,0,24,2,1,0,0,2,4,0,1,1,0,1,9,0,1,2,3,3,1,1,0,0
"BR8  7",14355,14045,0,0,0,0,0,0,0,0,0,7,5,3,125,9,7,61,0,1,14,11,2,2,7,1,2,2,4,0,0,0,1,1,2,1,1,0,0,0,1,1,0,7,4,9,2,0,0,2,0,0,57,10,6,4,0,9,5,4,0,5,3,6,0,5,57,2,3,31,6,0,0,7,0,7,1,0,0,0,0,0,26,0,0,0,2,5,4,1,0,0,0,11,1,0,1,1,2,2,3,2,1,0
"BR8  8",6867,6707,0,0,0,0,0,0,0,0,0,8,7,2,44,8,12,13,1,0,6,0,0,0,1,0,1,0,0,0,0,0,1,1,3,1,1,0,0,1,0,0,0,3,7,1,3,0,2,1,0,0,19,0,0,1,0,5,2,0,0,4,7,0,0,0,41,6,14,13,1,0,0,1,0,5,1,0,0,0,0,0,19,0,0,0,0,1,7,1,1,1,0,4,3,1,0,0,1,1,2,1,0,1
"BS1  1",1196,911,1,0,0,0,0,0,0,0,0,14,6,41,85,19,6,21,2,1,2,4,8,0,1,8,0,7,1,3,1,0,0,1,1,1,0,0,0,0,0,0,0,9,2,19,2,1,1,0,0,0,10,1,3,2,0,3,0,0,0,0,0,0,1,0,91,16,8,54,1,1,0,1,9,1,0,0,0,0,0,0,2,0,0,1,0,0,0,0,1,0,0,0,0,0,0,0,1,1,1,1,0,0
"BS1  2",540,516,0,0,0,0,0,0,0,0,0,1,0,3,11,3,2,0,0,0,1,1,0,1,0,1,0,0,2,0,0,0,0,0,1,0,0,0,0,1,0,0,0,1,0,1,0,0,0,0,0,0,1,1,0,0,0,0,0,0,0,0,0,0,0,0,4,1,0,3,0,0,0,0,0,0,0,0,0,0,0,0,0,0,0,0,0,0,0,0,0,0,0,0,0,0,0,0,0,0,1,0,0,1
"BS1  3",2336,1714,3,0,0,0,0,0,0,0,0,19,11,23,224,20,14,27,0,4,6,4,1,2,12,110,12,7,0,2,1,1,0,1,7,1,3,0,0,3,0,0,0,16,7,24,14,1,9,4,0,0,24,2,5,4,0,5,2,1,0,1,1,1,1,1,213,7,13,140,5,4,1,20,16,5,2,0,0,0,0,0,35,0,0,21,0,0,0,1,2,0,3,3,1,2,1,1,2,2,0,0,0,0
"BS1  4",522,399,0,0,0,0,0,0,0,0,0,6,3,8,28,9,2,4,1,1,2,0,0,3,0,6,0,0,0,0,0,0,0,0,1,1,0,0,0,0,0,0,0,7,3,12,5,0,1,2,0,2,5,0,3,1,0,0,0,1,0,0,0,0,0,0,39,3,5,18,3,1,0,2,7,0,0,0,0,0,0,0,6,0,0,3,1,0,0,0,0,0,0,1,0,0,0,1,0,0,0,0,0,0
"BS1  5",3114,2232,0,0,0,0,0,0,0,0,0,34,12,66,158,20,21,39,5,4,3,7,5,3,6,25,4,5,3,5,0,0,0,3,8,0,2,1,0,5,0,0,0,10,18,19,17,3,3,6,0,5,58,15,12,6,0,2,2,2,1,8,0,2,1,7,463,38,14,334,11,8,3,33,18,0,4,1,0,0,0,0,15,0,0,9,0,0,0,0,0,0,0,0,2,0,0,4,3,3,0,0,0,0
"BS1  6",4054,3476,2,0,0,0,0,0,0,0,0,41,19,28,138,18,6,47,1,6,1,4,3,11,6,10,8,10,1,2,3,0,0,1,7,3,2,0,0,2,0,0,0,9,4,34,6,0,4,0,0,2,65,12,8,5,0,9,6,0,2,10,7,5,1,0,53,9,4,26,2,0,0,7,1,3,1,0,0,0,0,0,169,1,6,146,0,0,0,0,2,0,0,2,1,0,2,9,0,0,3,3,0,0
"BS10 5",8991,8173,0,1,1,0,0,0,0,0,0,34,22,11,305,20,12,187,10,5,9,7,18,10,18,1,3,1,1,0,1,0,0,2,4,2,0,1,0,1,0,0,0,7,12,32,19,0,5,14,0,0,141,5,10,14,0,15,9,0,0,17,51,3,1,16,110,1,3,10,1,3,6,10,1,74,1,0,0,1,1,0,113,1,0,70,4,5,1,0,2,0,0,9,1,0,7,13,4,4,2,2,0,0
"BS10 6",9783,8975,3,0,0,0,0,0,0,0,0,23,42,5,260,14,6,161,24,4,5,5,6,23,4,3,2,1,0,1,1,0,0,0,5,3,1,1,0,0,0,0,0,13,5,10,29,0,11,14,0,4,255,8,9,15,0,48,16,1,0,5,142,3,4,4,90,1,6,12,0,7,1,5,1,48,9,0,0,0,0,0,60,2,0,26,0,0,1,0,6,1,2,10,2,0,6,4,4,4,4,4,0,0
"BS10 7",7467,6995,1,0,0,0,0,0,0,0,0,10,13,8,265,15,9,156,16,1,8,3,14,32,1,2,4,0,2,0,0,0,1,1,7,5,0,2,0,0,0,0,0,14,5,13,8,0,4,4,0,0,54,9,3,6,2,18,1,0,0,2,10,0,1,2,32,2,3,13,1,1,0,1,0,11,0,0,0,0,0,0,28,0,0,3,0,3,4,0,2,7,0,3,1,2,1,2,4,4,10,9,1,0
"BS11 0",8987,8349,1,0,0,0,0,0,0,0,0,23,7,12,408,3,13,322,25,4,1,16,10,12,1,0,0,1,0,0,0,0,0,0,1,1,0,0,0,0,0,0,0,9,30,3,24,1,11,11,1,0,43,10,0,9,0,11,1,0,0,6,5,0,0,1,24,1,0,5,0,0,0,2,0,13,3,0,0,1,1,0,42,0,0,9,1,3,1,0,6,2,0,10,0,0,5,5,0,0,10,4,4,2
"BS11 9",7485,7065,0,0,0,0,0,0,0,0,0,5,9,8,268,4,3,220,16,3,7,3,3,6,2,0,1,0,0,0,0,0,0,0,2,0,0,1,0,1,0,0,0,6,10,8,1,0,1,0,0,0,55,3,2,12,0,5,6,0,0,0,22,0,5,0,25,0,4,2,1,8,3,0,1,6,0,0,0,0,0,0,17,0,0,1,0,0,0,0,2,0,0,1,4,0,9,0,4,4,2,1,0,1
"BS13 0",7041,6910,1,0,0,0,0,0,0,0,0,3,11,5,55,4,3,35,1,0,8,1,2,1,0,0,0,0,0,0,0,0,0,0,4,2,2,0,0,0,0,0,0,3,1,7,7,0,2,4,0,1,7,0,0,6,0,1,0,0,0,0,0,0,0,0,9,0,1,4,0,0,1,1,1,1,0,0,0,0,0,0,17,1,0,8,0,0,0,0,0,0,0,2,0,0,1,5,0,0,1,1,0,0
"BS13 7",7990,7790,0,2,0,0,0,0,0,2,0,1,7,6,115,4,3,83,6,2,3,4,0,5,0,1,2,0,0,1,0,0,1,0,0,0,0,0,0,0,0,0,0,3,2,5,6,1,0,2,3,0,20,2,0,1,0,3,2,0,0,5,7,0,0,0,17,0,6,5,0,0,0,3,0,3,0,0,0,0,0,0,13,0,0,9,0,0,0,0,0,0,0,1,1,0,2,0,2,2,1,0,0,1
"BS13 8",6969,6809,0,0,0,0,0,0,0,0,0,7,4,1,67,7,7,40,2,2,1,1,6,1,0,0,0,0,0,0,0,0,0,0,3,3,0,0,0,0,0,0,0,6,1,9,4,0,0,4,0,0,23,0,0,0,0,7,8,0,0,0,8,0,0,0,11,0,3,4,1,0,0,2,0,1,0,0,0,0,0,0,21,0,0,12,0,0,2,1,0,2,0,0,0,0,3,1,2,2,1,0,0,1
"BS13 9",6081,5934,0,0,0,0,0,0,0,0,0,4,8,1,63,4,2,44,6,2,0,0,0,1,0,1,1,1,0,1,0,0,0,0,7,5,0,1,1,0,0,0,0,3,1,0,8,0,6,1,0,1,31,3,1,3,0,0,0,0,0,5,16,3,0,0,13,0,0,2,0,0,0,4,0,7,0,0,0,0,0,0,6,0,0,0,0,0,0,0,1,0,0,1,0,2,0,2,2,2,0,0,0,0
"BS14 0",8569,8461,0,4,0,0,0,0,0,0,4,6,1,1,56,6,1,34,0,0,0,0,2,4,3,3,2,0,1,0,0,0,0,0,1,1,0,0,0,0,0,0,0,0,1,4,0,0,0,0,0,0,16,3,1,1,0,1,0,0,0,0,10,0,0,0,12,0,5,3,1,1,0,1,0,1,0,0,0,0,0,0,5,0,0,4,0,0,0,0,0,1,0,0,0,0,0,0,0,0,1,0,1,0
"BS14 8",7495,7343,1,1,0,0,0,0,0,1,0,3,3,13,58,10,5,25,3,1,1,0,0,10,0,2,1,0,0,0,0,0,0,0,0,0,0,0,0,0,0,0,0,3,2,7,5,0,0,3,1,1,33,3,1,5,0,7,12,0,0,0,5,0,0,0,12,4,0,2,0,0,5,1,0,0,0,0,0,0,0,0,9,0,0,1,0,0,0,0,1,0,0,4,1,1,0,1,0,0,2,2,0,0
"BS14 9",11089,10722,1,0,0,0,0,0,0,0,0,2,8,7,201,16,3,134,9,1,9,5,5,16,0,0,1,1,0,0,0,0,1,0,2,0,0,1,0,1,0,0,0,7,5,6,3,0,2,1,0,0,61,10,0,7,0,11,12,4,1,5,4,3,3,1,33,2,2,19,1,0,0,3,0,6,0,0,0,0,0,0,31,0,2,20,0,0,0,2,4,0,1,0,0,0,1,1,0,0,0,0,0,0
"BS15 1",11411,10828,3,1,0,0,0,0,0,0,1,19,8,19,217,15,10,109,8,7,16,11,4,10,8,11,4,3,0,0,1,0,0,0,4,3,1,0,0,0,0,0,0,4,28,8,15,0,4,9,0,2,114,17,11,14,0,24,9,2,0,12,19,0,1,5,58,1,6,13,0,0,1,8,0,25,4,0,0,1,1,0,77,0,0,51,0,2,0,2,4,0,0,10,2,0,2,4,0,0,7,6,0,1
"BS15 3",8559,8427,2,0,0,0,0,0,0,0,0,3,1,4,45,2,2,16,0,2,5,2,2,4,4,1,0,0,0,0,3,0,2,0,2,1,0,0,0,1,0,0,0,2,0,4,3,0,1,2,0,0,27,4,0,6,0,5,7,2,0,0,0,0,0,3,28,2,5,13,0,0,0,4,0,4,0,0,0,0,0,0,6,0,0,4,0,0,0,0,1,0,0,0,1,0,0,0,1,1,4,4,0,0
"BS15 4",10676,10463,0,0,0,0,0,0,0,0,0,3,21,4,89,5,5,45,3,0,6,10,2,2,5,0,3,0,2,0,0,0,1,0,8,6,0,1,0,1,0,0,0,5,11,3,5,0,4,1,0,0,19,2,0,0,0,4,3,3,0,1,6,0,0,0,11,0,6,0,0,0,0,4,0,1,0,0,0,0,0,0,17,2,0,4,0,0,0,0,1,0,0,7,0,0,1,2,3,3,14,14,0,0
"BS15 8",7042,6774,3,0,0,0,0,0,0,0,0,4,7,4,121,5,5,73,6,4,3,14,2,6,2,1,0,0,0,0,0,0,0,0,2,2,0,0,0,0,0,0,0,1,4,0,3,0,0,3,0,0,48,3,1,7,0,11,19,0,3,1,3,0,0,0,37,1,9,3,1,1,0,10,0,11,1,0,0,0,0,0,22,0,0,15,0,1,0,0,0,0,0,2,0,0,3,1,0,0,12,9,3,0
"BS15 9",7818,7651,0,0,0,0,0,0,0,0,0,7,5,4,61,2,3,27,0,1,9,4,6,4,1,1,2,1,0,0,0,0,0,0,0,0,0,0,0,0,0,0,0,1,4,3,4,0,2,1,0,1,41,0,0,10,0,21,3,0,0,6,0,0,0,1,23,2,2,6,0,1,0,1,1,8,2,0,0,0,0,0,6,0,0,0,0,0,0,2,1,0,0,2,1,0,0,0,0,0,8,6,2,0
"BS16 1",11824,11048,14,0,0,0,0,0,0,0,0,16,15,15,205,19,26,64,12,1,7,7,5,23,4,22,7,3,1,1,0,1,0,2,9,3,2,1,0,3,1,1,0,10,2,51,25,0,5,6,11,3,223,73,17,62,1,20,7,3,1,9,14,0,8,8,145,5,24,52,6,2,14,14,7,14,7,0,0,1,1,0,36,0,0,20,0,1,0,1,0,0,0,2,5,0,1,6,1,1,7,5,1,1
"BS16 2",8723,7986,2,0,0,0,0,0,0,0,0,15,18,13,209,13,7,121,3,5,30,3,4,10,1,6,3,1,0,2,0,0,0,0,15,12,1,1,0,1,0,0,0,8,35,17,21,0,6,15,0,0,216,58,6,49,0,54,13,0,3,0,23,0,9,1,40,0,12,12,2,0,3,0,1,10,0,0,0,1,1,0,121,0,0,85,0,4,4,0,3,3,0,13,2,1,0,6,3,3,3,3,0,0
"BS16 3",6516,5793,3,0,0,0,0,0,0,0,0,22,11,10,213,11,11,122,10,4,15,16,2,4,3,5,4,0,2,0,1,0,0,3,4,2,2,0,0,0,0,0,0,3,14,14,51,0,37,12,2,0,236,74,3,62,2,49,9,2,0,12,14,4,0,5,49,5,7,21,0,0,3,4,2,2,5,0,0,0,0,0,92,0,0,70,2,0,3,0,1,0,0,7,3,0,1,5,1,1,0,0,0,0
"BS16 4",8756,8215,1,3,1,0,0,0,0,2,0,10,12,11,134,6,5,91,6,2,4,2,5,6,0,2,2,0,1,1,0,0,0,1,1,0,0,1,0,0,0,0,0,2,15,6,11,1,4,2,4,0,152,28,7,21,1,32,20,0,0,6,30,4,1,2,61,4,9,16,2,0,0,7,1,21,1,0,0,0,0,0,115,1,0,88,10,0,1,0,4,0,0,1,1,0,5,4,1,1,6,4,0,2
"BS16 5",9591,9244,3,0,0,0,0,0,0,0,0,9,19,11,163,6,8,82,1,11,7,6,12,8,4,10,2,2,3,0,0,0,1,0,3,2,0,0,0,1,0,0,0,5,3,5,19,0,4,3,5,7,45,13,2,15,1,6,4,0,2,1,0,1,0,0,25,0,3,4,3,0,0,4,1,6,4,0,0,0,0,0,30,0,0,21,0,0,1,0,0,0,0,4,0,2,1,1,2,2,5,0,2,3
"BS16 6",10251,10053,4,1,0,0,0,0,0,1,0,5,1,6,67,8,4,26,13,2,5,0,0,3,0,2,2,0,0,2,0,0,0,0,6,4,1,1,0,0,0,0,0,5,5,9,2,0,1,1,0,0,37,7,6,18,0,4,1,0,1,0,0,0,0,0,40,5,18,7,1,0,0,3,0,5,1,0,0,0,0,0,2,0,0,0,0,0,0,0,0,0,0,2,0,0,0,0,1,1,7,7,0,0
"BS16 7",7418,7149,4,0,0,0,0,0,0,0,0,12,3,6,130,7,13,38,10,9,3,2,5,14,3,4,10,5,4,2,1,0,0,0,2,1,1,0,0,0,0,0,0,3,14,8,8,0,0,7,1,0,35,8,4,10,0,1,5,0,1,0,2,4,0,0,37,1,17,14,0,2,0,0,1,2,0,0,0,0,0,0,1,0,0,0,0,0,0,0,0,0,0,0,0,0,1,0,4,4,2,1,0,1
"BS16 9",9790,9607,4,0,0,0,0,0,0,0,0,5,15,2,72,2,1,31,13,1,4,2,4,7,1,1,2,1,0,0,0,0,2,0,1,1,0,0,0,0,0,0,0,4,12,4,4,0,3,1,0,0,26,3,0,17,0,3,2,0,0,0,0,0,0,1,28,1,3,3,1,0,3,8,3,5,1,0,0,0,0,0,4,0,0,0,0,0,0,0,0,0,0,0,4,0,0,0,0,0,2,2,0,0
"BS2  0",2799,2169,1,0,0,0,0,0,0,0,0,21,24,15,200,14,5,97,8,4,5,14,7,21,5,11,6,1,1,0,0,0,1,0,7,5,2,0,0,0,0,0,0,12,1,39,19,0,17,0,0,2,60,16,7,6,0,19,1,2,2,4,0,0,3,0,43,1,12,18,0,0,1,0,0,11,0,0,0,0,0,0,185,0,1,169,0,0,0,1,2,0,1,5,0,0,6,0,0,0,3,3,0,0
"BS2  8",5701,4438,6,0,0,0,0,0,0,0,0,32,19,71,224,18,9,89,5,7,8,14,3,13,4,32,8,3,1,1,2,1,1,5,8,1,1,1,1,4,0,0,0,15,5,43,39,1,21,11,0,6,115,22,15,7,0,12,12,1,3,9,23,6,0,5,186,13,20,105,6,0,6,7,10,19,0,0,0,0,0,0,487,0,8,448,0,2,2,0,12,1,2,3,1,3,0,5,6,6,7,5,2,0
"BS2  9",6328,5110,3,1,1,0,0,0,0,0,0,29,5,44,168,15,8,73,6,6,0,6,12,13,0,6,11,3,3,3,0,0,1,2,4,1,2,0,0,1,2,2,0,1,4,49,43,0,31,7,3,2,160,61,4,69,1,14,2,2,0,4,0,2,0,1,32,4,11,11,0,0,1,2,0,0,3,0,0,0,0,0,661,3,5,615,0,2,3,0,6,2,3,4,2,4,3,9,4,4,8,7,1,0
"BS20 0",4675,4597,0,0,0,0,0,0,0,0,0,10,5,4,35,3,2,16,0,0,2,0,0,9,0,2,0,1,0,0,0,0,0,0,1,0,0,0,0,1,0,0,0,3,1,4,2,1,0,1,0,0,0,0,0,0,0,0,0,0,0,0,0,0,0,0,10,2,3,3,0,0,0,2,0,0,0,0,1,0,0,0,1,1,0,0,0,0,0,0,0,0,0,0,0,0,0,0,0,0,1,1,0,0
"BS20 6",7714,7604,4,0,0,0,0,0,0,0,0,5,4,10,56,3,1,29,0,2,2,4,1,9,0,0,3,0,0,2,0,0,0,0,1,0,0,0,0,1,0,0,0,5,1,0,1,0,0,1,0,0,6,0,0,2,0,3,1,0,0,0,0,0,0,0,15,0,0,3,2,0,0,5,0,5,0,0,0,0,0,0,1,0,0,0,0,0,0,0,1,0,0,0,0,0,0,0,1,1,0,0,0,0
"BS20 7",10750,10486,4,0,0,0,0,0,0,0,0,17,2,9,132,16,14,56,3,9,2,6,1,2,0,4,11,4,2,1,0,0,0,1,2,0,0,0,0,2,0,0,0,7,7,5,7,1,1,5,0,0,35,1,0,4,0,13,3,0,2,3,8,0,0,1,33,0,2,12,1,2,0,9,2,4,1,0,0,0,0,0,3,0,0,0,0,0,0,0,2,0,0,0,0,1,0,0,1,1,0,0,0,0
"BS20 8",5719,5671,5,0,0,0,0,0,0,0,0,3,0,6,20,2,2,5,0,0,0,0,0,2,0,0,3,1,5,0,0,0,0,0,0,0,0,0,0,0,0,0,0,0,0,0,0,0,0,0,0,0,6,1,0,0,0,1,2,0,0,2,0,0,0,0,8,0,5,0,1,0,0,2,0,0,0,0,0,0,0,0,0,0,0,0,0,0,0,0,0,0,0,0,0,0,0,0,0,0,0,0,0,0
"BS21 5",4657,4527,0,0,0,0,0,0,0,0,0,1,1,3,79,4,6,47,6,1,1,3,2,0,1,1,5,1,1,0,0,0,0,0,2,0,0,0,0,2,0,0,0,5,1,2,1,1,0,0,0,0,21,0,0,0,0,16,0,0,0,3,1,0,0,1,12,1,2,2,0,0,0,1,0,6,0,0,0,0,0,0,1,0,0,0,0,0,0,0,0,0,0,0,0,1,0,0,0,0,1,0,0,1
"BS21 6",8653,8478,0,0,0,0,0,0,0,0,0,3,1,8,96,3,6,61,2,3,0,7,0,10,1,1,0,2,0,0,0,0,0,0,0,0,0,0,0,0,0,0,0,7,9,3,0,0,0,0,0,0,30,0,0,0,0,16,0,0,0,0,14,0,0,0,14,0,1,3,0,0,0,6,0,3,1,0,0,0,0,0,2,1,0,0,0,0,0,0,0,0,0,0,0,0,0,1,2,2,0,0,0,0
"BS21 7",9293,9153,2,0,0,0,0,0,0,0,0,14,0,4,79,2,12,55,5,0,0,0,1,1,0,0,0,1,0,1,0,0,1,0,1,0,0,0,0,1,0,0,0,4,2,0,1,0,0,1,0,0,9,0,1,0,0,3,0,0,1,2,2,0,0,0,19,4,1,1,1,0,0,8,0,4,0,0,0,0,0,0,1,0,0,0,0,0,0,0,0,0,0,1,0,0,0,0,0,0,4,0,0,4
"BS22 6",7753,7590,1,0,0,0,0,0,0,0,0,2,6,5,87,1,3,45,0,0,0,23,2,0,1,11,0,1,0,0,0,0,0,0,6,0,4,2,0,0,0,0,0,2,0,1,2,0,0,2,0,0,36,3,1,3,0,13,0,0,2,0,10,0,0,4,10,1,0,5,0,0,1,2,1,0,0,0,0,0,0,0,4,0,0,0,0,0,0,0,0,0,0,0,0,0,0,4,0,0,1,0,0,1
"BS22 7",9797,9579,1,1,0,0,0,0,0,1,0,6,11,6,114,2,6,45,12,5,6,14,8,4,6,5,1,0,0,0,0,0,0,0,7,0,0,3,0,4,0,0,0,6,1,5,10,0,4,6,0,0,22,1,0,0,0,13,0,0,0,0,8,0,0,0,25,2,4,10,3,0,0,1,2,2,1,0,0,0,0,0,3,0,0,0,0,0,0,0,0,0,0,0,2,0,1,0,0,0,0,0,0,0
"BS22 8",10178,9913,0,0,0,0,0,0,0,0,0,4,2,8,158,3,3,90,2,2,4,28,2,5,10,5,2,0,1,0,1,0,0,0,5,0,2,3,0,0,0,0,0,9,1,6,4,0,1,3,0,0,25,1,3,1,0,6,0,0,1,3,8,1,0,1,34,1,9,16,0,0,3,3,0,2,0,0,0,0,0,0,4,0,0,0,0,0,0,0,0,0,0,1,1,0,1,1,0,0,5,5,0,0
"BS22 9",8301,8213,2,0,0,0,0,0,0,0,0,3,1,9,46,1,2,30,1,1,4,1,0,0,1,2,1,1,1,0,0,0,0,0,1,0,0,1,0,0,0,0,0,4,0,0,2,0,1,0,0,1,0,0,0,0,0,0,0,0,0,0,0,0,0,0,13,0,3,2,2,0,1,0,4,1,0,0,0,0,0,0,2,0,0,0,0,0,0,0,0,0,0,1,0,0,0,1,0,0,5,5,0,0
"BS23 1",4801,4249,2,1,0,0,0,0,0,1,0,8,16,7,359,3,3,215,17,5,16,36,11,5,24,19,3,1,1,0,0,0,0,0,8,6,0,1,0,1,0,0,0,7,1,1,11,0,4,3,0,4,38,0,0,1,0,20,1,0,0,0,15,0,0,1,74,6,6,23,0,0,0,2,1,33,3,0,0,0,0,0,10,0,0,0,0,0,0,0,0,0,0,2,2,0,0,6,0,0,9,2,2,5
"BS23 2",8965,8544,2,0,0,0,0,0,0,0,0,8,10,10,294,4,4,185,4,1,9,15,3,11,44,5,2,1,1,0,2,0,0,3,10,3,1,6,0,0,0,0,0,5,3,8,2,0,0,2,0,0,15,0,0,2,0,5,4,0,0,0,0,0,0,4,32,2,3,5,0,0,4,5,1,11,1,0,0,0,0,0,15,0,0,0,0,0,5,0,1,0,0,3,1,0,0,5,4,4,3,0,0,3
"BS23 3",11678,11071,2,0,0,0,0,0,0,0,0,10,16,13,376,8,9,255,17,2,16,34,2,11,6,12,1,0,0,1,2,0,0,0,12,5,6,1,0,0,0,0,0,10,3,6,11,0,7,1,0,3,62,1,2,2,0,30,1,0,1,0,25,0,0,0,81,0,15,35,1,1,1,9,2,15,2,0,0,0,0,0,4,0,0,0,0,0,0,0,0,0,0,2,0,0,0,2,0,0,1,0,0,1
"BS23 4",7410,7131,5,0,0,0,0,0,0,0,0,10,9,2,160,4,8,88,6,5,3,7,6,9,16,5,0,1,2,0,0,0,0,0,0,0,0,0,0,0,0,0,0,4,7,2,8,0,6,2,0,0,38,2,1,0,0,7,0,0,0,3,22,1,0,2,14,0,0,5,0,0,4,1,0,4,0,0,0,0,0,0,9,0,0,0,0,0,0,0,0,0,0,1,4,0,1,3,5,5,6,1,0,5
"BS24 0",1993,1977,0,0,0,0,0,0,0,0,0,0,2,0,12,1,1,3,3,0,0,0,1,0,0,1,0,0,1,0,1,0,0,0,0,0,0,0,0,0,0,0,0,0,0,0,0,0,0,0,0,0,2,0,0,0,0,0,0,0,2,0,0,0,0,0,0,0,0,0,0,0,0,0,0,0,0,0,0,0,0,0,0,0,0,0,0,0,0,0,0,0,0,0,0,0,0,0,0,0,0,0,0,0
"BS24 6",353,353,0,0,0,0,0,0,0,0,0,0,0,0,0,0,0,0,0,0,0,0,0,0,0,0,0,0,0,0,0,0,0,0,0,0,0,0,0,0,0,0,0,0,0,0,0,0,0,0,0,0,0,0,0,0,0,0,0,0,0,0,0,0,0,0,0,0,0,0,0,0,0,0,0,0,0,0,0,0,0,0,0,0,0,0,0,0,0,0,0,0,0,0,0,0,0,0,0,0,0,0,0,0
"BS24 7",7689,7398,1,2,0,0,0,0,0,2,0,9,3,11,188,5,9,114,13,4,2,26,0,2,4,4,2,1,1,0,0,0,0,1,11,0,0,11,0,0,0,0,0,5,7,3,5,0,3,1,0,1,19,0,0,0,0,7,0,0,0,1,9,2,0,0,19,2,1,4,0,0,3,3,1,4,1,0,0,0,0,0,7,0,0,0,0,0,0,0,0,0,0,3,2,1,0,1,1,1,0,0,0,0
"BS24 8",2105,2078,0,0,0,0,0,0,0,0,0,2,0,1,5,0,0,4,0,0,0,0,0,0,1,0,0,0,0,0,0,0,0,0,3,0,1,1,0,1,0,0,0,3,0,1,0,0,0,0,0,0,2,0,0,0,0,0,2,0,0,0,0,0,0,0,6,0,0,6,0,0,0,0,0,0,0,0,0,0,0,0,1,0,0,0,0,0,0,0,0,0,0,0,1,0,0,0,0,0,3,2,0,1
"BS24 9",5791,5692,0,0,0,0,0,0,0,0,0,0,2,1,29,1,0,17,0,0,1,2,0,0,0,4,3,1,0,0,0,0,0,0,2,0,0,2,0,0,0,0,0,4,0,2,0,0,0,0,0,0,40,3,4,0,0,4,0,1,5,0,23,0,0,0,12,0,0,3,0,0,1,7,0,1,0,0,0,0,0,0,5,0,0,0,0,0,0,3,0,0,0,0,0,2,0,0,0,0,2,0,1,1
"BS25 1",4510,4355,0,0,0,0,0,0,0,0,0,6,1,4,46,3,21,11,2,0,0,3,3,1,0,0,1,0,1,0,0,0,0,0,4,0,1,2,0,1,0,0,0,12,2,0,2,2,0,0,0,0,0,0,0,0,0,0,0,0,0,0,0,0,0,0,75,1,10,55,0,1,0,3,1,3,1,0,0,0,0,0,2,0,0,0,0,0,0,0,0,0,0,0,2,0,0,0,0,0,1,0,0,1
"BS25 5",1585,1563,0,1,1,0,0,0,0,0,0,1,0,1,14,1,2,4,1,0,0,0,0,0,5,1,0,0,0,0,0,0,0,0,0,0,0,0,0,0,0,0,0,1,0,0,0,0,0,0,0,0,0,0,0,0,0,0,0,0,0,0,0,0,0,0,1,0,0,1,0,0,0,0,0,0,0,0,0,0,0,0,0,0,0,0,0,0,0,0,0,0,0,0,0,0,0,0,2,2,1,0,1,0
"BS26 2",5014,4945,0,0,0,0,0,0,0,0,0,1,0,2,39,0,4,14,5,1,2,1,0,3,2,0,1,3,1,1,1,0,0,0,4,0,1,0,0,3,0,0,0,1,1,3,0,0,0,0,0,0,1,0,0,0,0,1,0,0,0,0,0,0,0,0,16,0,0,1,2,0,0,5,0,8,0,0,0,0,0,0,0,0,0,0,0,0,0,0,0,0,0,0,0,0,0,0,0,0,1,1,0,0
"BS27 3",6890,6821,0,0,0,0,0,0,0,0,0,7,1,2,39,2,7,16,1,1,0,2,3,0,0,0,0,6,1,0,0,0,0,0,0,0,0,0,0,0,0,0,0,0,1,0,1,0,1,0,0,0,6,0,0,0,0,5,0,0,0,0,0,0,0,1,11,0,0,4,0,0,0,2,0,5,0,0,0,0,0,0,0,0,0,0,0,0,0,0,0,0,0,0,0,0,0,0,0,0,1,1,0,0
"BS28 4",3234,3208,0,0,0,0,0,0,0,0,0,1,3,0,14,0,3,3,0,2,0,1,0,0,0,0,0,5,0,0,0,0,0,0,0,0,0,0,0,0,0,0,0,1,3,0,1,1,0,0,0,0,0,0,0,0,0,0,0,0,0,0,0,0,0,0,3,0,0,0,0,0,0,3,0,0,0,0,0,0,0,0,0,0,0,0,0,0,0,0,0,0,0,0,0,0,0,0,0,0,0,0,0,0
"BS29 6",2849,2813,1,0,0,0,0,0,0,0,0,2,0,6,17,1,1,10,1,0,0,1,0,0,2,0,1,0,0,0,0,0,0,0,1,0,0,1,0,0,0,0,0,4,0,1,2,0,0,2,0,0,1,0,0,0,0,0,0,0,0,0,1,0,0,0,1,0,0,1,0,0,0,0,0,0,0,0,0,0,0,0,0,0,0,0,0,0,0,0,0,0,0,0,0,0,0,0,0,0,0,0,0,0
"BS3  1",8488,7898,2,2,2,0,0,0,0,0,0,38,10,61,307,46,39,125,7,4,1,9,8,19,6,15,10,6,1,6,1,1,1,2,9,5,0,2,0,2,0,0,0,11,6,14,12,1,6,3,0,2,20,6,1,4,0,3,0,0,1,2,1,2,0,0,48,6,5,19,3,3,0,10,0,2,0,0,0,0,0,0,43,0,2,31,0,1,0,0,3,0,0,0,1,0,2,3,2,2,5,5,0,0
"BS3  2",5838,5679,0,0,0,0,0,0,0,0,0,4,13,8,93,13,2,53,7,3,0,3,2,7,0,0,1,1,1,0,0,0,0,0,4,1,0,2,0,1,0,0,0,0,4,1,6,0,0,1,1,4,7,0,0,2,0,3,0,0,0,2,0,0,0,0,14,1,4,0,4,0,0,5,0,0,0,0,0,0,0,0,3,0,0,3,0,0,0,0,0,0,0,0,0,0,0,0,2,2,0,0,0,0
"BS3  3",5917,5524,4,0,0,0,0,0,0,0,0,23,17,20,226,12,16,97,22,9,4,14,4,29,1,1,6,4,2,2,0,0,2,1,3,1,0,0,0,2,0,0,0,2,1,10,9,3,0,6,0,0,38,6,2,1,0,9,1,0,2,9,8,0,0,0,23,1,1,10,4,0,0,4,2,0,1,0,0,0,0,0,15,0,0,7,0,0,0,0,2,0,0,0,2,0,0,4,0,0,2,2,0,0
"BS3  4",7250,6564,2,0,0,0,0,0,0,0,0,37,23,50,323,18,18,163,27,17,2,26,8,26,0,8,4,0,1,1,0,1,1,2,2,0,0,0,0,2,0,0,0,17,0,15,19,0,10,8,0,1,85,28,1,32,0,2,3,4,7,4,0,0,0,4,46,12,5,13,2,1,0,3,1,4,5,0,0,0,0,0,62,0,2,42,0,2,1,0,1,0,1,5,1,4,2,1,2,2,3,3,0,0
"BS3  5",7649,7138,2,3,1,0,0,1,1,0,0,19,11,24,225,11,11,128,13,8,5,20,3,12,0,6,4,3,1,0,0,0,0,0,7,7,0,0,0,0,0,0,0,7,8,14,8,1,2,4,1,0,84,28,2,24,0,9,0,0,1,10,3,4,0,3,67,1,3,10,1,0,0,5,0,44,3,0,0,0,0,0,29,0,0,19,0,0,2,0,0,0,0,3,0,0,4,1,2,2,1,1,0,0
"BS30 5",4897,4844,0,1,0,0,0,1,0,0,0,7,0,0,15,0,1,3,2,1,7,0,0,1,0,0,0,0,0,0,0,0,0,0,3,0,1,2,0,0,0,0,0,2,0,0,0,0,0,0,0,0,6,0,0,6,0,0,0,0,0,0,0,0,0,0,17,4,7,2,1,0,0,1,0,0,2,0,0,0,0,0,2,0,0,0,0,0,1,0,0,0,0,0,0,1,0,0,0,0,0,0,0,0
"BS30 6",3410,3389,1,0,0,0,0,0,0,0,0,0,1,1,7,2,1,4,0,0,0,0,0,0,0,0,0,0,0,0,0,0,0,0,0,0,0,0,0,0,0,0,0,0,0,0,0,0,0,0,0,0,7,0,0,0,0,1,0,0,0,6,0,0,0,0,4,0,1,1,0,0,1,0,1,0,0,0,0,0,0,0,0,0,0,0,0,0,0,0,0,0,0,0,0,0,0,0,0,0,0,0,0,0
"BS30 7",3545,3495,0,0,0,0,0,0,0,0,0,0,0,4,20,2,2,8,0,0,2,3,0,1,0,0,1,0,0,1,0,0,0,0,2,2,0,0,0,0,0,0,0,4,0,0,2,0,1,0,0,1,4,0,1,3,0,0,0,0,0,0,0,0,0,0,9,0,0,2,1,0,1,3,1,1,0,0,0,0,0,0,0,0,0,0,0,0,0,0,0,0,0,0,0,0,0,0,0,0,5,5,0,0
"BS30 8",9919,9795,2,0,0,0,0,0,0,0,0,8,7,4,49,3,2,18,10,6,0,0,3,2,0,0,2,2,1,0,0,0,0,0,2,0,0,2,0,0,0,0,0,3,7,2,1,0,0,1,0,0,12,0,0,1,0,0,6,0,0,1,2,2,0,0,20,2,4,6,1,0,1,6,0,0,0,0,0,0,0,0,5,0,0,0,0,0,0,0,0,0,0,2,2,0,0,1,2,2,0,0,0,0
"BS30 9",7629,7576,2,0,0,0,0,0,0,0,0,1,3,0,15,1,1,5,0,0,2,4,0,0,0,0,2,0,0,0,0,0,0,0,2,0,0,0,0,2,0,0,0,1,0,0,3,1,0,2,0,0,3,0,0,0,0,0,3,0,0,0,0,0,0,0,13,3,1,3,0,0,2,1,1,1,1,0,0,0,0,0,1,0,0,0,0,0,0,0,0,0,0,0,1,0,0,0,2,2,7,5,1,1
"BS31 1",7269,7160,3,1,1,0,0,0,0,0,0,2,1,5,32,5,5,14,2,1,0,1,0,0,0,1,1,1,1,0,0,0,0,0,4,2,1,0,0,1,0,0,0,6,3,5,0,0,0,0,0,0,16,2,0,1,0,3,0,0,0,1,9,0,0,0,24,4,3,11,1,0,1,2,1,1,0,0,0,0,0,0,5,0,0,0,0,0,0,0,0,0,0,4,0,0,0,1,0,0,2,2,0,0
"BS31 2",8156,8035,3,0,0,0,0,0,0,0,0,3,1,5,57,6,4,30,3,0,3,2,1,2,0,0,1,0,4,0,0,0,0,1,2,2,0,0,0,0,0,0,0,5,0,3,1,0,0,1,0,0,4,0,0,0,0,0,0,0,0,4,0,0,0,0,24,5,2,12,2,1,0,2,0,0,0,0,0,0,0,0,9,0,0,0,0,0,0,3,1,0,0,1,2,1,0,1,1,1,3,1,1,1
"BS31 3",3985,3940,0,0,0,0,0,0,0,0,0,5,0,4,14,1,4,3,0,0,0,0,0,0,0,3,1,1,1,0,0,0,0,0,0,0,0,0,0,0,0,0,0,2,0,2,2,0,0,2,0,0,10,0,0,0,0,1,2,0,0,3,4,0,0,0,4,0,0,2,0,0,0,2,0,0,0,0,0,0,0,0,0,0,0,0,0,0,0,0,0,0,0,0,0,0,0,0,0,0,2,2,0,0
"BS32 0",6954,6245,1,0,0,0,0,0,0,0,0,12,35,11,369,21,3,248,17,0,10,23,0,28,6,3,1,0,0,7,1,0,1,0,4,0,3,0,0,1,0,0,0,7,3,36,8,1,3,3,1,0,152,22,23,7,0,1,7,6,23,24,16,3,2,18,53,3,6,21,3,0,1,1,12,2,4,0,0,0,0,0,14,0,0,0,0,2,2,0,1,0,0,6,2,0,0,1,2,2,2,1,0,1
"BS32 4",4228,4167,1,1,0,0,0,0,0,1,0,8,4,2,26,0,1,13,0,0,2,0,3,5,0,0,1,0,1,0,0,0,0,0,0,0,0,0,0,0,0,0,0,0,1,0,5,0,1,4,0,0,9,0,0,7,0,2,0,0,0,0,0,0,0,0,1,0,0,0,0,0,0,0,1,0,0,0,0,0,0,0,2,0,0,0,0,0,0,0,0,0,0,0,2,0,0,0,0,0,1,0,0,1
"BS32 8",7939,7470,1,0,0,0,0,0,0,0,0,13,15,17,216,13,7,107,16,1,8,5,5,36,9,3,2,0,1,3,0,0,0,0,8,0,7,1,0,0,0,0,0,7,1,14,1,0,0,1,0,0,101,18,23,1,0,0,6,10,20,9,3,1,2,8,49,5,7,17,2,2,0,1,6,8,1,0,0,0,0,0,16,0,0,0,0,0,1,1,0,0,0,5,9,0,0,0,2,2,8,5,0,3
"BS32 9",4373,3838,1,0,0,0,0,0,0,0,0,6,17,18,222,8,11,140,12,3,8,11,1,21,1,0,1,0,0,0,4,1,0,0,3,0,3,0,0,0,0,0,0,6,1,19,11,0,0,9,2,0,169,25,24,3,0,8,1,5,33,28,7,0,5,30,53,8,7,18,4,2,3,3,6,2,0,0,0,0,0,0,7,0,0,0,0,0,0,0,0,0,0,1,3,0,1,2,0,0,2,1,0,1
"BS34 5",7741,7354,0,1,1,0,0,0,0,0,0,3,49,7,187,6,9,103,13,4,1,11,10,22,2,0,3,3,0,0,0,0,0,0,1,0,0,0,0,1,0,0,0,17,2,7,4,0,3,1,0,0,32,4,0,4,0,8,2,0,1,7,0,0,6,0,55,12,14,10,3,1,0,1,7,6,1,0,0,0,0,0,12,0,0,0,0,1,0,0,0,0,0,4,0,2,1,4,2,2,8,8,0,0
"BS34 6",6077,5879,0,0,0,0,0,0,0,0,0,2,7,6,93,3,2,46,9,7,0,6,2,14,1,0,0,2,0,0,0,1,0,0,1,0,0,1,0,0,0,0,0,3,7,1,13,0,4,8,0,1,27,0,1,4,0,0,4,0,4,12,0,2,0,0,28,0,2,16,1,0,0,1,5,1,2,0,0,0,0,0,7,0,0,0,0,0,0,2,0,0,0,3,0,0,1,1,2,2,1,0,0,1
"BS34 7",6771,6105,2,0,0,0,0,0,0,0,0,12,41,10,255,5,3,153,23,4,5,25,5,22,5,1,1,2,1,0,0,0,0,0,3,2,0,1,0,0,0,0,0,5,15,7,9,0,6,3,0,0,157,24,10,13,0,6,14,5,8,13,48,4,4,8,138,1,19,23,1,0,43,6,43,2,0,0,0,0,0,0,6,0,0,0,1,0,1,0,0,0,0,0,0,0,0,4,5,5,1,1,0,0
"BS34 8",7945,7582,1,0,0,0,0,0,0,0,0,8,19,11,135,10,14,55,2,1,4,8,0,25,7,4,3,0,2,0,0,0,0,0,5,1,3,0,0,1,0,0,0,2,5,4,20,0,3,14,3,0,61,13,8,0,0,1,4,9,7,12,3,0,0,4,71,2,11,39,1,5,0,5,8,0,0,0,0,1,1,0,10,0,0,1,0,2,0,0,3,0,0,0,0,0,1,3,1,1,9,8,0,1
"BS35 1",6445,6324,5,0,0,0,0,0,0,0,0,12,7,4,57,4,7,18,5,4,10,1,0,5,0,1,1,1,0,0,0,0,0,0,0,0,0,0,0,0,0,0,0,1,3,2,0,0,0,0,0,0,12,0,1,0,0,3,5,0,0,0,3,0,0,0,14,2,0,5,1,0,0,3,0,3,0,0,0,0,0,0,2,0,0,0,0,0,0,0,0,0,0,0,2,0,0,0,0,0,2,1,0,1
"BS35 2",6247,6145,4,0,0,0,0,0,0,0,0,4,2,4,60,4,4,21,7,3,1,2,3,10,0,1,2,1,0,1,0,0,0,0,2,1,0,0,0,1,0,0,0,1,5,2,0,0,0,0,0,0,5,0,0,0,0,4,0,1,0,0,0,0,0,0,4,1,0,1,0,0,0,1,0,1,0,0,0,0,0,0,3,0,0,0,0,0,0,0,1,0,0,0,2,0,0,0,4,4,2,0,0,2
"BS35 3",3002,2971,2,0,0,0,0,0,0,0,0,3,0,6,12,2,2,2,0,0,0,0,0,4,0,1,0,0,0,0,0,0,1,0,0,0,0,0,0,0,0,0,0,1,0,1,1,0,0,1,0,0,1,0,0,1,0,0,0,0,0,0,0,0,0,0,2,0,0,0,0,0,0,2,0,0,0,0,0,0,0,0,0,0,0,0,0,0,0,0,0,0,0,0,0,0,0,0,0,0,2,1,0,1
"BS35 4",4724,4628,0,0,0,0,0,0,0,0,0,7,1,1,65,4,1,29,3,0,3,8,4,8,0,0,1,0,2,1,0,0,1,0,2,0,0,0,0,2,1,1,0,1,0,5,5,0,0,4,0,1,5,0,0,5,0,0,0,0,0,0,0,0,0,0,1,0,0,0,0,0,0,1,0,0,0,0,0,0,0,0,2,0,0,0,0,0,0,0,0,0,0,0,0,1,1,0,0,0,0,0,0,0
"BS35 5",634,627,0,0,0,0,0,0,0,0,0,2,0,1,3,0,0,3,0,0,0,0,0,0,0,0,0,0,0,0,0,0,0,0,0,0,0,0,0,0,0,0,0,0,0,0,1,0,1,0,0,0,0,0,0,0,0,0,0,0,0,0,0,0,0,0,0,0,0,0,0,0,0,0,0,0,0,0,0,0,0,0,0,0,0,0,0,0,0,0,0,0,0,0,0,0,0,0,0,0,0,0,0,0
"BS36 1",6077,5990,1,0,0,0,0,0,0,0,0,8,6,0,18,3,6,1,0,2,1,0,0,0,0,0,1,1,1,1,1,0,0,0,0,0,0,0,0,0,0,0,0,5,0,5,0,0,0,0,0,0,19,0,0,9,0,1,4,0,0,3,2,0,0,0,17,2,0,10,0,0,0,3,0,2,0,0,0,0,0,0,3,0,1,0,0,0,0,0,0,0,0,0,2,0,0,0,0,0,5,2,0,3
"BS36 2",8970,8883,1,0,0,0,0,0,0,0,0,8,5,4,38,1,9,7,9,0,1,0,0,2,0,3,2,3,0,1,0,0,0,0,1,0,0,0,0,1,0,0,0,3,1,1,5,0,0,4,0,1,7,0,0,3,0,2,1,0,0,1,0,0,0,0,6,0,0,1,1,0,0,3,0,0,1,0,0,0,0,0,6,0,0,0,0,0,0,0,0,0,0,0,6,0,0,0,0,0,1,0,0,1
"BS37 4",7807,7610,2,0,0,0,0,0,0,0,0,4,11,5,118,1,2,71,29,0,1,3,0,0,3,1,3,2,1,1,0,0,0,0,1,1,0,0,0,0,0,0,0,4,2,4,1,0,0,1,0,0,16,6,1,0,0,0,1,0,0,0,8,0,0,0,19,1,3,1,1,0,0,6,0,5,2,0,0,0,0,0,2,0,0,0,0,0,0,1,0,0,0,0,1,0,0,0,4,4,4,3,0,1
"BS37 5",7431,7191,2,0,0,0,0,0,0,0,0,7,4,4,132,1,1,77,27,4,1,4,0,10,5,0,1,0,0,0,0,0,0,1,5,3,0,1,1,0,0,0,0,8,4,0,2,0,1,0,0,1,18,0,0,10,0,1,0,0,2,0,4,0,1,0,38,0,2,8,1,1,0,3,0,22,1,0,0,0,0,0,3,0,0,0,0,0,1,0,1,0,0,1,0,0,0,0,8,8,5,5,0,0
"BS37 6",7807,7730,2,1,0,0,0,0,0,0,1,11,1,3,30,2,6,6,5,3,3,0,0,1,0,0,1,2,1,0,0,0,0,0,2,1,0,0,0,1,0,0,0,1,1,0,1,1,0,0,0,0,12,0,1,1,1,3,4,0,0,1,0,1,0,0,12,1,0,2,0,0,4,5,0,0,0,0,0,0,0,0,0,0,0,0,0,0,0,0,0,0,0,0,0,0,0,0,0,0,0,0,0,0
"BS37 7",6764,6649,1,0,0,0,0,0,0,0,0,7,3,4,55,4,4,28,10,2,0,0,0,0,5,0,0,0,1,0,1,0,0,0,0,0,0,0,0,0,0,0,0,3,1,2,1,0,0,1,0,0,11,0,0,0,0,4,3,0,0,4,0,0,0,0,20,0,3,6,0,0,0,3,2,6,0,0,0,0,0,0,2,0,0,0,0,0,1,0,0,0,0,0,0,0,0,1,1,1,4,4,0,0
"BS37 8",6195,6060,1,0,0,0,0,0,0,0,0,3,6,0,70,0,7,28,26,3,0,1,0,0,3,1,0,0,0,1,0,0,0,0,5,4,1,0,0,0,0,0,0,1,10,2,0,0,0,0,0,0,18,5,0,4,0,0,1,0,0,0,8,0,0,0,10,0,0,0,0,0,3,1,0,5,1,0,0,0,0,0,1,0,0,0,0,0,0,0,0,0,0,0,0,0,0,1,0,0,8,7,1,0
"BS37 9",773,765,0,0,0,0,0,0,0,0,0,0,0,0,2,0,1,1,0,0,0,0,0,0,0,0,0,0,0,0,0,0,0,0,0,0,0,0,0,0,0,0,0,0,6,0,0,0,0,0,0,0,0,0,0,0,0,0,0,0,0,0,0,0,0,0,0,0,0,0,0,0,0,0,0,0,0,0,0,0,0,0,0,0,0,0,0,0,0,0,0,0,0,0,0,0,0,0,0,0,0,0,0,0
"BS39 4",2530,2513,0,0,0,0,0,0,0,0,0,1,0,1,8,1,2,0,0,1,0,0,0,1,0,0,2,0,0,1,0,0,0,0,1,0,0,0,0,1,0,0,0,0,1,0,0,0,0,0,0,0,2,1,1,0,0,0,0,0,0,0,0,0,0,0,2,0,1,1,0,0,0,0,0,0,0,0,0,0,0,0,0,0,0,0,0,0,0,0,0,0,0,0,0,0,0,0,0,0,1,1,0,0
"BS39 5",4428,4391,0,0,0,0,0,0,0,0,0,2,0,1,9,0,1,3,0,1,1,0,1,2,0,0,0,0,0,0,0,0,0,0,1,0,0,0,0,1,0,0,0,1,0,1,4,4,0,0,0,0,0,0,0,0,0,0,0,0,0,0,0,0,0,0,18,1,0,4,0,0,0,0,0,12,1,0,0,0,0,0,0,0,0,0,0,0,0,0,0,0,0,0,0,0,0,0,0,0,0,0,0,0
"BS39 6",2902,2859,0,0,0,0,0,0,0,0,0,2,0,0,15,1,1,9,1,0,1,0,0,0,0,0,2,0,0,0,0,0,0,0,1,1,0,0,0,0,0,0,0,7,0,1,1,0,0,0,1,0,0,0,0,0,0,0,0,0,0,0,0,0,0,0,15,0,0,2,2,0,0,1,0,10,0,0,0,0,0,0,0,0,0,0,0,0,0,0,0,0,0,0,0,0,0,0,0,0,1,0,0,1
"BS39 7",5089,5009,1,0,0,0,0,0,0,0,0,2,5,3,15,6,1,3,0,1,0,2,0,1,0,1,0,0,0,0,0,0,0,0,2,1,1,0,0,0,0,0,0,0,4,0,0,0,0,0,0,0,3,0,0,2,0,0,0,0,0,0,0,0,1,0,43,1,6,7,3,0,1,2,0,20,3,0,0,0,0,0,0,0,0,0,0,0,0,0,0,0,0,0,0,0,0,0,0,0,2,0,0,2
"BS4  1",12288,11557,0,0,0,0,0,0,0,0,0,13,28,15,362,15,7,262,16,3,6,13,7,11,13,3,3,2,0,1,0,0,0,0,4,2,0,2,0,0,0,0,0,13,17,7,9,0,3,6,0,0,55,25,1,12,0,3,3,0,1,0,2,2,6,0,133,0,9,16,1,0,1,7,8,91,0,0,0,0,0,0,62,0,0,19,0,0,15,1,1,1,0,17,1,0,3,4,5,5,8,5,2,1
"BS4  2",9541,8954,5,0,0,0,0,0,0,0,0,21,10,12,261,16,10,157,14,4,21,6,4,13,6,1,2,1,1,0,2,2,0,1,4,1,1,1,0,1,0,0,0,22,7,16,11,2,1,8,0,0,157,68,1,42,2,5,20,1,2,7,4,5,0,0,35,4,12,7,1,1,0,3,1,6,0,2,0,1,1,0,17,0,0,12,0,1,1,1,1,0,0,0,0,0,1,0,4,4,2,2,0,0
"BS4  3",8422,7818,3,0,0,0,0,0,0,0,0,18,15,12,331,38,9,185,24,9,1,19,7,19,8,5,2,3,1,1,0,0,0,0,6,3,1,2,0,0,0,0,0,29,2,4,7,0,3,1,0,3,76,20,5,21,0,3,4,0,3,1,6,0,13,0,45,6,11,10,6,1,0,4,6,0,1,0,0,0,0,0,44,0,0,31,0,0,4,0,0,0,0,3,1,1,0,4,7,7,5,4,1,0
"BS4  4",11821,11196,5,1,1,0,0,0,0,0,0,10,9,13,385,12,19,245,21,8,6,21,6,34,1,1,6,4,0,0,1,0,0,0,6,4,1,0,0,1,0,0,0,24,5,10,8,0,0,7,0,1,57,13,0,9,0,9,4,0,0,4,11,2,4,1,41,6,4,9,4,0,0,5,0,13,0,0,0,0,0,0,48,0,0,14,0,2,8,2,0,0,0,14,1,1,0,6,1,1,2,1,0,1
"BS4  5",3680,3528,1,0,0,0,0,0,0,0,0,2,1,3,68,4,6,32,2,1,4,7,4,7,0,0,0,1,0,0,0,0,0,0,4,1,0,3,0,0,0,0,0,2,2,6,4,0,0,1,0,3,32,17,0,2,0,1,2,2,1,0,6,0,1,0,15,0,9,4,0,0,0,2,0,0,0,0,0,0,0,0,9,0,0,3,0,0,0,0,0,1,0,2,0,1,1,1,0,0,3,1,1,1
"BS40 5",4371,4296,5,0,0,0,0,0,0,0,0,6,2,2,31,3,4,9,2,1,0,0,0,4,2,0,2,0,1,2,0,0,0,1,2,0,0,0,0,2,0,0,0,0,1,5,0,0,0,0,0,0,11,0,1,3,0,6,0,0,1,0,0,0,0,0,9,1,0,5,0,0,0,1,1,1,0,0,0,0,0,0,0,0,0,0,0,0,0,0,0,0,0,0,0,0,0,0,0,0,1,0,0,1
"BS40 6",2183,2165,0,0,0,0,0,0,0,0,0,3,2,1,8,3,1,4,0,0,0,0,0,0,0,0,0,0,0,0,0,0,0,0,1,0,0,1,0,0,0,0,0,0,0,0,0,0,0,0,0,0,0,0,0,0,0,0,0,0,0,0,0,0,0,0,3,0,0,0,0,0,0,2,0,1,0,0,0,0,0,0,0,0,0,0,0,0,0,0,0,0,0,0,0,0,0,0,0,0,0,0,0,0
"BS40 7",1525,1511,1,0,0,0,0,0,0,0,0,2,0,0,8,0,1,7,0,0,0,0,0,0,0,0,0,0,0,0,0,0,0,0,0,0,0,0,0,0,0,0,0,0,0,1,0,0,0,0,0,0,0,0,0,0,0,0,0,0,0,0,0,0,0,0,1,0,0,0,1,0,0,0,0,0,0,0,0,0,0,0,0,0,0,0,0,0,0,0,0,0,0,0,0,0,0,0,0,0,1,1,0,0
"BS40 8",3715,3695,0,0,0,0,0,0,0,0,0,2,0,1,11,0,3,5,0,0,0,0,0,0,2,0,1,0,0,0,0,0,0,0,1,0,0,0,0,1,0,0,0,1,0,1,0,0,0,0,0,0,0,0,0,0,0,0,0,0,0,0,0,0,0,0,3,0,0,1,1,0,1,0,0,0,0,0,0,0,0,0,0,0,0,0,0,0,0,0,0,0,0,0,0,0,0,0,0,0,0,0,0,0
"BS40 9",622,619,0,0,0,0,0,0,0,0,0,1,0,0,2,0,0,0,0,0,0,0,0,2,0,0,0,0,0,0,0,0,0,0,0,0,0,0,0,0,0,0,0,0,0,0,0,0,0,0,0,0,0,0,0,0,0,0,0,0,0,0,0,0,0,0,0,0,0,0,0,0,0,0,0,0,0,0,0,0,0,0,0,0,0,0,0,0,0,0,0,0,0,0,0,0,0,0,0,0,0,0,0,0
"BS41 8",805,799,0,0,0,0,0,0,0,0,0,0,0,0,4,0,0,1,0,0,1,0,1,0,0,0,0,0,1,0,0,0,0,0,0,0,0,0,0,0,0,0,0,0,0,0,0,0,0,0,0,0,2,0,0,2,0,0,0,0,0,0,0,0,0,0,0,0,0,0,0,0,0,0,0,0,0,0,0,0,0,0,0,0,0,0,0,0,0,0,0,0,0,0,0,0,0,0,0,0,0,0,0,0
"BS41 9",4954,4859,1,1,0,0,0,0,0,1,0,8,3,6,36,7,6,7,1,1,0,0,1,1,0,4,4,1,1,1,0,0,0,1,3,2,0,0,0,1,0,0,0,5,1,1,1,0,0,1,0,0,12,7,0,1,0,0,0,0,0,2,0,1,0,1,17,1,1,9,2,2,0,2,0,0,0,0,0,0,0,0,0,0,0,0,0,0,0,0,0,0,0,0,0,0,0,0,0,0,0,0,0,0
"BS48 1",5388,5322,2,0,0,0,0,0,0,0,0,3,8,5,20,2,1,9,0,0,0,0,0,2,1,0,1,1,1,1,0,0,1,0,1,0,0,0,0,1,0,0,0,2,0,0,2,0,0,2,0,0,7,1,0,0,0,0,3,0,0,3,0,0,0,0,15,1,3,0,1,0,0,0,0,9,1,0,0,0,0,0,0,0,0,0,0,0,0,0,0,0,0,0,0,0,0,0,0,0,1,1,0,0
"BS48 2",6665,6585,1,0,0,0,0,0,0,0,0,7,2,4,37,0,2,22,0,1,4,0,1,3,2,0,2,0,0,0,0,0,0,0,1,0,0,0,0,1,0,0,0,1,4,2,0,0,0,0,0,0,10,5,0,0,0,0,0,0,0,1,3,0,0,1,5,0,1,3,0,0,0,0,0,1,0,0,0,0,0,0,1,1,0,0,0,0,0,0,0,0,0,0,0,0,0,0,1,1,4,3,0,1
"BS48 3",5418,5368,1,0,0,0,0,0,0,0,0,9,1,1,17,1,3,8,0,1,0,0,0,0,1,0,2,1,0,0,0,0,0,0,1,0,0,0,0,1,0,0,0,3,1,2,0,0,0,0,0,0,2,0,1,0,0,0,1,0,0,0,0,0,0,0,10,0,0,0,0,0,0,1,0,9,0,0,0,0,0,0,0,0,0,0,0,0,0,0,0,0,0,0,0,0,0,0,0,0,2,0,0,2
"BS48 4",5374,5305,2,0,0,0,0,0,0,0,0,5,1,0,25,0,7,13,0,0,2,0,0,1,0,0,0,0,1,1,0,0,0,0,3,0,0,2,0,1,0,0,0,4,1,1,1,0,0,1,0,0,9,6,0,2,0,0,0,0,0,0,1,0,0,0,16,0,9,5,0,0,0,1,0,1,0,0,0,0,0,0,1,0,0,0,0,0,0,0,1,0,0,0,0,0,0,0,0,0,0,0,0,0
"BS49 4",8181,8071,0,0,0,0,0,0,0,0,0,1,1,10,39,2,3,15,3,0,1,2,0,2,0,1,5,3,1,1,0,0,0,0,3,0,1,0,0,2,0,0,0,2,0,2,5,2,0,3,0,0,8,0,0,0,0,1,3,0,0,4,0,0,0,0,35,4,2,6,1,0,0,4,0,18,0,0,0,0,0,0,0,0,0,0,0,0,0,0,0,0,0,0,0,0,0,0,1,1,3,1,0,2
"BS49 5",3398,3352,0,0,0,0,0,0,0,0,0,4,2,1,16,1,0,6,0,0,0,0,0,3,0,1,2,0,2,0,0,1,0,0,1,0,1,0,0,0,0,0,0,6,2,0,0,0,0,0,0,0,11,0,2,2,0,0,0,0,0,4,3,0,0,0,2,1,0,0,0,0,0,1,0,0,0,0,0,0,0,0,1,0,0,0,0,0,0,0,0,0,0,1,0,0,0,0,0,0,0,0,0,0
"BS5  0",8063,5485,4,9,0,0,0,0,0,0,9,49,46,21,254,10,13,136,8,9,14,7,6,17,3,4,11,2,0,13,0,0,1,0,8,6,0,1,0,1,0,0,0,8,13,109,105,0,68,22,15,0,626,204,7,197,1,118,26,2,1,19,13,1,31,6,49,7,4,21,1,2,4,1,3,3,3,1,0,1,1,0,1269,7,7,1181,5,0,8,5,4,1,3,7,0,4,26,11,3,3,3,3,0,0
"BS5  6",12317,9995,0,15,0,0,0,0,0,0,15,62,44,35,489,19,16,255,15,12,93,7,7,12,7,10,15,11,2,4,0,1,0,3,4,2,0,0,0,2,0,0,0,10,7,71,133,2,69,33,23,6,879,303,46,268,1,152,34,1,3,13,26,5,5,22,52,4,20,10,0,2,0,10,1,2,3,1,0,0,0,0,497,0,3,442,0,1,4,0,13,0,0,0,4,6,13,11,13,13,10,7,1,2
"BS5  7",10293,9230,2,0,0,0,0,0,0,0,0,26,17,16,422,9,13,274,13,4,42,14,6,27,3,1,7,3,0,0,1,2,3,0,13,7,1,2,0,3,0,0,0,7,20,40,28,0,22,4,1,1,239,66,5,61,0,26,6,0,2,21,47,4,0,1,49,0,3,13,2,2,5,4,1,17,2,0,0,0,0,0,176,0,0,132,0,2,2,2,8,2,0,16,1,2,6,3,0,0,8,6,2,0
"BS5  8",9157,8459,2,2,0,0,0,0,0,1,1,9,21,13,356,8,11,245,13,8,19,14,3,21,5,1,6,0,1,1,0,0,0,0,1,1,0,0,0,0,0,0,0,14,9,15,18,1,15,2,0,0,91,6,6,25,0,36,0,0,0,2,8,0,0,8,53,1,9,15,1,3,1,11,2,8,2,0,0,1,1,0,87,0,0,65,0,1,0,0,1,3,0,3,5,0,1,8,3,3,3,2,0,1
"BS5  9",9178,7195,0,4,0,0,0,0,0,0,4,51,39,42,694,23,17,442,28,15,38,34,29,36,5,5,9,8,0,4,0,0,1,0,6,1,3,1,0,1,0,0,0,31,13,95,61,0,55,6,0,0,200,58,11,35,0,48,13,2,1,9,17,0,4,2,57,2,5,10,2,1,3,7,2,21,4,0,0,0,0,0,681,2,5,618,0,0,9,0,5,0,2,15,0,2,7,16,7,7,2,1,0,1
"BS6  5",10437,9598,7,0,0,0,0,0,0,0,0,52,16,68,268,44,39,81,5,13,2,7,9,17,1,27,10,8,4,1,0,0,0,0,6,3,0,0,0,3,0,0,0,6,5,30,32,2,17,11,2,0,96,26,4,46,1,13,1,1,1,2,0,0,1,0,79,6,7,35,3,3,13,7,5,0,0,0,0,1,0,1,163,0,0,154,0,0,0,0,1,1,0,0,1,0,3,3,4,4,6,6,0,0
"BS6  6",12674,11893,16,3,2,0,0,0,0,1,0,99,25,80,241,45,34,54,5,2,12,8,5,5,6,27,10,18,4,5,0,0,0,1,19,2,3,3,0,11,2,1,1,18,9,32,15,1,2,8,0,4,37,3,5,4,0,6,2,1,2,8,1,1,1,3,129,7,7,70,19,1,5,15,3,1,1,0,0,0,0,0,40,2,0,27,0,0,0,0,0,0,0,2,3,0,0,6,3,3,13,12,0,1
"BS6  7",9667,9187,8,1,1,0,0,0,0,0,0,52,6,42,184,18,27,64,2,5,2,1,5,11,3,19,9,11,1,3,0,1,0,2,12,5,2,2,0,3,0,0,0,13,0,12,10,0,3,6,0,1,44,7,5,11,0,3,10,0,1,0,0,0,0,7,64,9,1,34,5,5,0,7,0,2,1,0,0,0,0,0,19,0,0,13,0,3,0,0,0,0,0,1,2,0,0,0,3,3,10,0,0,10
"BS7  0",14797,13164,9,0,0,0,0,0,0,0,0,74,58,41,592,54,20,349,26,9,21,26,15,33,4,8,13,5,3,4,0,0,0,2,12,11,1,0,0,0,0,0,0,24,14,36,73,1,22,42,8,0,371,36,40,59,0,54,21,1,13,27,81,8,5,26,139,11,13,55,2,9,18,7,8,15,1,0,0,0,0,0,173,1,2,124,1,7,0,2,5,0,0,9,2,4,8,8,5,5,12,10,1,1
"BS7  8",9835,9360,6,0,0,0,0,0,0,0,0,41,13,35,201,29,35,55,7,4,5,5,0,14,2,20,14,3,0,4,0,2,0,2,6,1,3,0,0,2,0,0,0,4,5,20,21,1,5,14,1,0,40,13,3,7,0,8,5,0,1,0,0,2,0,1,44,6,4,20,3,4,1,5,0,1,0,0,0,0,0,0,36,0,0,29,0,0,0,0,1,0,0,2,0,0,2,2,2,2,1,1,0,0
"BS7  9",14559,13383,11,0,0,0,0,0,0,0,0,56,20,54,435,35,35,253,13,7,14,13,5,21,2,8,14,4,0,5,0,2,1,3,8,4,1,0,1,2,0,0,0,15,3,41,46,2,19,20,1,4,253,43,8,38,0,95,31,1,0,5,23,1,3,5,89,5,13,21,2,3,6,9,6,23,1,0,0,0,0,0,126,1,4,93,0,4,3,0,0,0,0,0,3,2,11,5,7,7,12,11,0,1
"BS8  1",4804,4207,8,0,0,0,0,0,0,0,0,33,49,42,154,37,21,29,2,0,8,1,2,9,5,20,3,4,1,7,0,0,1,4,9,0,2,1,0,6,0,0,0,18,6,15,12,0,0,9,1,2,22,6,2,1,0,3,1,0,0,2,2,1,3,1,209,22,32,88,8,8,4,23,24,0,0,0,0,0,0,0,17,0,0,4,0,0,1,3,1,0,0,1,1,0,2,4,1,1,2,2,0,0
"BS8  2",7105,6555,10,2,2,0,0,0,0,0,0,56,30,65,160,28,34,27,3,0,9,4,8,15,3,11,6,6,1,1,0,0,1,3,2,0,1,0,0,1,0,0,0,7,4,10,16,0,5,8,2,1,27,10,3,2,0,6,1,0,0,0,2,0,1,2,151,15,14,89,8,8,0,10,3,1,3,0,0,0,0,0,8,0,0,1,0,0,0,0,0,1,0,2,3,0,0,1,2,2,0,0,0,0
"BS8  3",5078,4719,2,0,0,0,0,0,0,0,0,32,11,24,111,21,31,18,2,1,6,1,3,0,1,8,5,5,1,5,0,0,0,3,7,0,2,2,0,3,0,0,0,7,1,13,3,0,0,3,0,0,19,1,2,3,0,1,2,3,2,0,2,2,1,0,126,16,1,72,1,8,0,27,1,0,0,0,0,0,0,0,3,0,0,2,0,0,0,1,0,0,0,0,0,0,0,0,0,0,0,0,0,0
"BS8  4",8592,8100,9,0,0,0,0,0,0,0,0,57,7,55,170,29,22,31,1,6,9,9,1,12,9,10,9,9,4,5,1,0,0,3,15,3,3,0,1,8,0,0,0,7,3,47,4,1,2,0,0,1,27,5,1,1,0,2,2,2,1,5,4,3,0,1,72,5,7,34,5,2,3,11,4,1,0,0,0,0,0,0,11,0,0,4,0,0,0,0,0,0,0,0,4,0,2,1,3,3,5,3,2,0
"BS9  1",8176,7748,4,0,0,0,0,0,0,0,0,42,15,12,137,25,24,22,2,6,15,2,2,8,2,13,9,3,1,2,1,0,0,0,9,3,0,0,0,6,0,0,0,26,6,16,26,1,0,20,0,5,35,4,11,10,0,0,0,0,0,0,0,3,2,5,86,3,11,41,2,18,3,5,2,1,0,0,0,0,0,0,14,0,0,1,0,0,1,0,0,0,0,8,3,0,1,0,0,0,0,0,0,0
"BS9  2",6359,6136,0,0,0,0,0,0,0,0,0,10,5,9,99,15,7,36,3,3,5,1,0,8,7,8,4,0,1,1,0,0,0,0,1,0,0,0,0,1,0,0,0,4,1,9,16,4,0,9,2,1,23,4,0,8,0,4,3,0,0,2,0,0,2,0,31,0,7,2,4,6,0,4,0,6,2,0,0,0,0,0,10,0,0,6,0,0,0,0,1,0,0,1,0,0,1,1,0,0,5,5,0,0
"BS9  3",8184,7763,5,0,0,0,0,0,0,0,0,23,6,13,104,19,12,24,7,4,1,2,0,6,3,11,7,2,3,1,0,0,1,1,6,1,3,0,0,2,0,0,0,20,4,8,16,0,3,11,0,2,40,4,5,6,0,0,11,2,0,5,1,6,0,0,162,4,47,46,5,43,0,9,7,0,1,0,1,0,0,0,13,1,0,3,0,0,2,0,1,0,0,3,3,0,0,0,0,0,0,0,0,0
"BS9  4",7141,6852,1,1,0,0,0,0,0,1,0,28,5,17,115,27,11,32,6,6,0,4,3,13,1,2,3,3,0,0,0,1,0,3,0,0,0,0,0,0,0,0,0,17,4,4,13,0,0,12,0,1,50,3,8,7,0,1,13,0,8,4,0,2,4,0,26,7,3,8,3,2,0,1,0,1,1,0,0,0,0,0,6,0,0,5,0,1,0,0,0,0,0,0,0,0,0,0,0,0,2,2,0,0
"CA1  1",2167,1963,0,1,1,0,0,0,0,0,0,3,11,2,135,1,10,112,0,1,0,3,7,0,1,0,0,0,0,0,0,0,0,0,1,0,0,0,0,1,0,0,0,0,4,2,0,0,0,0,0,0,28,1,4,2,0,5,3,0,0,0,7,0,4,2,10,0,2,4,0,0,0,1,0,2,1,0,0,0,0,0,1,0,0,0,0,0,0,0,0,0,0,0,1,0,0,0,1,1,5,4,1,0
"CA1  2",10646,9964,0,2,0,1,0,0,0,1,0,5,71,9,405,3,7,332,10,6,1,12,4,14,4,4,5,1,1,1,0,0,0,0,6,0,1,4,0,1,0,0,0,3,7,11,2,0,0,1,0,1,101,3,5,2,0,26,0,0,5,2,1,0,56,1,46,2,11,21,0,1,0,7,0,4,0,0,0,0,0,0,0,0,0,0,0,0,0,0,0,0,0,0,0,0,0,0,6,6,8,6,1,1
"CA1  3",10438,10177,0,1,0,0,0,0,0,1,0,0,11,3,182,4,2,143,3,5,7,0,0,4,3,4,1,1,2,1,0,1,1,0,0,0,0,0,0,0,0,0,0,3,7,0,4,1,0,3,0,0,24,1,0,2,0,9,0,0,3,0,0,0,9,0,18,0,2,7,0,1,0,4,2,2,0,0,0,0,0,0,1,0,0,0,0,0,0,0,0,0,0,0,0,1,0,0,1,1,6,5,1,0
"CA10 1",5605,5576,0,1,1,0,0,0,0,0,0,0,0,0,17,2,2,9,0,0,1,0,0,1,0,1,0,0,1,0,0,0,0,0,0,0,0,0,0,0,0,0,0,1,0,3,0,0,0,0,0,0,0,0,0,0,0,0,0,0,0,0,0,0,0,0,2,1,0,1,0,0,0,0,0,0,0,0,0,0,0,0,2,0,0,0,0,0,0,0,0,0,0,0,2,0,0,0,0,0,3,1,1,1
"CA10 2",3208,3171,0,0,0,0,0,0,0,0,0,2,1,3,18,0,3,12,0,0,0,0,0,3,0,0,0,0,0,0,0,0,0,0,0,0,0,0,0,0,0,0,0,0,0,2,1,0,0,1,0,0,3,0,0,0,0,0,0,0,0,0,3,0,0,0,4,0,2,1,1,0,0,0,0,0,0,0,0,0,0,0,1,0,0,0,0,0,0,0,0,0,0,0,1,0,0,0,0,0,2,1,0,1
"CA10 3",4460,4420,2,0,0,0,0,0,0,0,0,1,2,3,16,0,3,10,0,0,1,0,1,0,0,0,0,0,0,0,0,0,1,0,0,0,0,0,0,0,0,0,0,0,0,0,0,0,0,0,0,0,10,0,0,0,0,9,0,0,0,0,0,0,1,0,5,0,3,1,0,0,0,1,0,0,0,0,0,0,0,0,1,0,0,0,0,0,0,0,0,0,0,0,1,0,0,0,0,0,0,0,0,0
"CA11 0",4318,4248,0,0,0,0,0,0,0,0,0,8,0,5,47,0,2,27,0,1,6,1,6,2,1,0,0,1,0,0,0,0,0,0,0,0,0,0,0,0,0,0,0,0,0,2,0,0,0,0,0,0,2,0,0,1,0,0,0,0,0,0,0,0,0,1,6,4,0,1,0,0,0,0,0,1,0,0,0,0,0,0,0,0,0,0,0,0,0,0,0,0,0,0,0,0,0,0,0,0,0,0,0,0
"CA11 7",3427,3232,0,0,0,0,0,0,0,0,0,5,6,1,141,5,2,86,1,1,17,6,15,0,5,0,1,0,1,0,0,1,0,0,2,0,1,1,0,0,0,0,0,0,1,0,3,0,0,3,0,0,21,0,2,0,0,4,1,0,1,0,10,0,3,0,15,0,4,10,0,0,0,0,0,1,0,0,0,0,0,0,0,0,0,0,0,0,0,0,0,0,0,0,0,0,0,0,0,0,0,0,0,0
"CA11 8",7655,7514,1,1,0,0,0,0,0,1,0,2,2,2,108,13,1,78,2,3,3,1,1,1,5,0,0,0,0,0,0,0,0,0,2,0,1,1,0,0,0,0,0,0,0,1,4,0,0,4,0,0,5,0,2,0,0,1,0,0,0,0,2,0,0,0,11,0,0,3,3,0,0,3,0,2,0,0,0,0,0,0,1,0,0,0,0,0,0,0,0,0,0,0,0,0,0,1,0,0,1,1,0,0
"CA11 9",6269,6131,3,2,2,0,0,0,0,0,0,0,1,1,101,4,3,68,1,2,8,2,6,2,5,0,0,0,0,0,0,0,0,0,0,0,0,0,0,0,0,0,0,3,0,0,1,0,1,0,0,0,5,0,2,0,0,0,0,0,3,0,0,0,0,0,19,0,1,10,1,0,0,4,1,1,1,0,0,0,0,0,1,0,0,0,0,0,0,0,0,0,0,0,1,0,0,0,0,0,1,0,0,1
"CA12 4",4653,4536,2,0,0,0,0,0,0,0,0,3,2,8,71,1,5,18,9,3,8,2,2,14,3,1,3,1,0,0,0,0,0,1,0,0,0,0,0,0,0,0,0,2,3,0,0,0,0,0,0,0,11,1,0,0,0,2,2,0,0,1,2,0,3,0,10,0,4,1,0,0,0,1,0,4,0,0,0,0,0,0,2,0,0,0,0,0,0,0,0,0,0,0,2,0,0,0,2,2,1,1,0,0
"CA12 5",3193,3041,0,0,0,0,0,0,0,0,0,1,1,11,91,2,3,20,8,2,9,9,1,28,1,1,2,1,0,1,0,0,2,1,1,0,0,1,0,0,0,0,0,2,6,1,1,1,0,0,0,0,12,0,3,2,0,5,0,0,0,0,2,0,0,0,24,0,2,1,0,0,0,7,2,11,1,0,0,0,0,0,1,0,0,0,0,0,0,0,0,0,0,0,1,0,0,0,0,0,0,0,0,0
"CA13 0",8362,8267,1,0,0,0,0,0,0,0,0,10,2,2,37,0,10,11,0,0,2,2,0,2,0,0,3,7,0,0,0,0,0,0,0,0,0,0,0,0,0,0,0,5,2,0,2,0,0,0,2,0,4,0,0,0,0,0,0,0,2,0,0,0,2,0,21,1,3,7,1,0,0,4,0,5,0,0,0,0,0,0,5,0,0,0,0,0,0,0,5,0,0,0,0,0,0,0,3,3,1,0,0,1
"CA13 9",6232,6161,0,0,0,0,0,0,0,0,0,9,1,2,30,5,4,6,0,1,2,0,0,1,2,0,2,5,1,1,0,0,0,0,2,0,0,2,0,0,0,0,0,2,1,1,1,0,0,1,0,0,15,0,0,1,0,12,2,0,0,0,0,0,0,0,7,1,2,2,1,0,0,0,0,1,0,0,0,0,0,0,0,0,0,0,0,0,0,0,0,0,0,0,0,0,0,0,0,0,0,0,0,0
"CA14 1",8142,8091,0,0,0,0,0,0,0,0,0,4,0,0,14,1,2,4,1,0,0,0,0,1,0,0,1,1,2,0,0,0,1,0,1,0,0,0,0,1,0,0,0,0,7,0,0,0,0,0,0,0,11,0,0,0,0,2,0,0,0,0,9,0,0,0,11,0,0,3,0,0,0,1,1,6,0,0,0,0,0,0,1,0,0,0,0,0,0,0,0,0,0,0,0,0,0,1,1,1,1,0,0,1
"CA14 2",4870,4794,1,0,0,0,0,0,0,0,0,1,0,0,50,0,2,33,6,1,7,0,0,0,0,0,1,0,0,0,0,0,0,0,0,0,0,0,0,0,0,0,0,1,0,0,2,0,0,2,0,0,7,1,0,0,0,2,0,0,0,0,0,0,4,0,14,2,3,4,0,0,0,4,0,1,0,0,0,0,0,0,0,0,0,0,0,0,0,0,0,0,0,0,0,0,0,0,0,0,0,0,0,0
"CA14 3",8168,8122,2,0,0,0,0,0,0,0,0,2,0,1,20,1,3,9,2,0,1,0,0,0,0,3,0,1,0,0,0,0,0,0,0,0,0,0,0,0,0,0,0,0,1,1,3,0,2,1,0,0,6,1,0,0,0,5,0,0,0,0,0,0,0,0,8,4,0,1,0,0,2,0,0,1,0,0,0,0,0,0,0,0,0,0,0,0,0,0,0,0,0,0,0,0,0,0,0,0,2,2,0,0
"CA14 4",6379,6327,0,0,0,0,0,0,0,0,0,1,1,4,34,0,2,14,5,0,0,4,0,1,0,1,2,3,0,0,2,0,0,0,0,0,0,0,0,0,0,0,0,0,1,0,1,0,1,0,0,0,0,0,0,0,0,0,0,0,0,0,0,0,0,0,6,0,2,1,0,0,0,1,0,2,0,0,0,0,0,0,1,0,0,0,0,0,0,0,0,0,0,0,0,0,0,1,1,1,2,2,0,0
"CA14 5",7014,6963,0,1,0,0,0,0,0,1,0,12,0,0,25,1,1,14,1,1,2,5,0,0,0,0,0,0,0,0,0,0,0,0,0,0,0,0,0,0,0,0,0,0,2,1,0,0,0,0,0,0,6,0,0,0,0,3,0,0,0,0,3,0,0,0,4,0,0,3,0,0,0,1,0,0,0,0,0,0,0,0,0,0,0,0,0,0,0,0,0,0,0,0,0,0,0,0,0,0,0,0,0,0
"CA15 6",4364,4305,3,0,0,0,0,0,0,0,0,3,2,0,40,1,2,11,6,0,0,8,0,0,10,0,2,0,0,0,0,0,0,0,0,0,0,0,0,0,0,0,0,1,1,0,0,0,0,0,0,0,0,0,0,0,0,0,0,0,0,0,0,0,0,0,7,1,1,3,0,1,0,0,0,1,0,0,0,0,0,0,1,0,0,0,0,0,0,0,0,0,0,0,1,0,0,0,0,0,1,0,0,1
"CA15 7",6504,6414,5,1,0,0,0,0,0,1,0,1,0,2,63,0,2,33,14,2,1,7,0,0,2,0,0,2,0,0,0,0,0,0,0,0,0,0,0,0,0,0,0,0,1,0,0,0,0,0,0,0,0,0,0,0,0,0,0,0,0,0,0,0,0,0,15,0,2,1,0,0,0,4,0,8,0,0,0,0,0,0,0,0,0,0,0,0,0,0,0,0,0,0,0,0,0,0,0,0,2,2,0,0
"CA15 8",4794,4742,0,0,0,0,0,0,0,0,0,0,0,1,43,0,1,19,13,0,0,9,0,0,0,0,0,1,0,0,0,0,0,0,1,0,0,0,0,1,0,0,0,1,0,2,0,0,0,0,0,0,0,0,0,0,0,0,0,0,0,0,0,0,0,0,4,0,0,0,0,0,0,3,0,0,1,0,0,0,0,0,0,0,0,0,0,0,0,0,0,0,0,0,0,0,0,0,0,0,0,0,0,0
"CA16 6",6031,5986,0,1,0,0,0,0,0,1,0,2,0,1,28,0,6,15,1,0,0,1,0,4,0,0,0,0,0,1,0,0,0,0,0,0,0,0,0,0,0,0,0,1,0,0,0,0,0,0,0,0,8,2,0,0,0,6,0,0,0,0,0,0,0,0,4,0,0,0,1,0,0,1,0,1,1,0,0,0,0,0,0,0,0,0,0,0,0,0,0,0,0,0,0,0,0,0,0,0,0,0,0,0
"CA17 4",4745,4701,0,0,0,0,0,0,0,0,0,1,0,1,34,0,6,19,0,0,3,0,4,0,1,0,0,0,1,0,0,0,0,0,1,0,0,0,0,1,0,0,0,1,0,0,0,0,0,0,0,0,0,0,0,0,0,0,0,0,0,0,0,0,0,0,6,0,2,0,0,1,0,0,0,3,0,0,0,0,0,0,0,0,0,0,0,0,0,0,0,0,0,0,0,0,0,0,0,0,0,0,0,0
"CA18 1",323,316,0,0,0,0,0,0,0,0,0,0,0,0,4,0,1,3,0,0,0,0,0,0,0,0,0,0,0,0,0,0,0,0,0,0,0,0,0,0,0,0,0,0,2,0,0,0,0,0,0,0,0,0,0,0,0,0,0,0,0,0,0,0,0,0,0,0,0,0,0,0,0,0,0,0,0,0,0,0,0,0,1,0,0,0,0,0,0,0,1,0,0,0,0,0,0,0,0,0,0,0,0,0
"CA19 1",1045,1026,0,0,0,0,0,0,0,0,0,0,0,1,5,0,2,1,0,0,0,0,1,0,0,0,1,0,0,0,0,0,0,0,1,0,0,0,0,1,0,0,0,2,0,0,0,0,0,0,0,0,2,0,0,2,0,0,0,0,0,0,0,0,0,0,6,0,0,3,0,0,0,3,0,0,0,0,0,0,0,0,2,0,0,0,0,0,0,0,2,0,0,0,0,0,0,0,0,0,0,0,0,0
"CA2  4",9842,9629,0,2,0,0,0,0,0,2,0,2,19,1,125,0,8,99,4,0,1,3,3,0,3,1,1,2,0,0,0,0,0,0,0,0,0,0,0,0,0,0,0,1,0,1,0,0,0,0,0,0,18,0,2,0,0,8,0,0,0,1,0,0,6,1,37,4,0,18,0,0,0,4,0,10,1,0,0,0,0,0,3,0,0,0,0,0,0,0,0,0,0,0,1,1,0,1,0,0,4,0,1,3
"CA2  5",7300,6963,1,1,0,0,0,0,0,1,0,5,34,13,188,16,12,123,9,4,0,9,1,4,3,3,0,1,0,3,0,0,0,0,1,0,0,1,0,0,0,0,0,1,2,2,6,0,0,5,1,0,52,3,4,1,0,34,0,0,0,0,1,0,5,4,27,5,6,10,0,0,0,4,0,1,1,0,0,0,0,0,2,0,0,0,0,0,0,0,0,0,0,0,1,0,0,1,2,2,0,0,0,0
"CA2  6",8947,8849,1,2,0,0,0,0,0,2,0,1,10,4,54,4,4,32,4,2,2,0,1,2,1,0,0,0,0,2,0,0,0,0,2,0,0,1,0,1,0,0,0,3,1,0,0,0,0,0,0,0,8,3,0,0,0,0,0,0,0,0,0,0,5,0,9,0,4,0,0,0,0,1,0,4,0,0,0,0,0,0,1,0,0,0,0,0,0,1,0,0,0,0,0,0,0,0,0,0,2,2,0,0
"CA2  7",11769,11394,0,1,0,0,0,0,0,1,0,4,22,6,219,8,12,158,13,3,6,0,2,3,12,1,0,0,0,0,0,0,0,1,2,0,1,0,0,1,0,0,0,1,7,11,1,0,0,0,0,1,59,12,9,2,0,0,3,0,2,2,3,0,16,10,36,2,1,9,0,0,2,7,4,10,1,0,0,0,0,0,3,0,0,0,0,1,0,0,0,0,0,2,0,0,0,0,0,0,3,3,0,0
"CA20 1",3282,3267,0,0,0,0,0,0,0,0,0,1,0,1,6,0,1,2,0,0,0,1,0,0,0,0,1,0,0,1,0,0,0,0,0,0,0,0,0,0,0,0,0,0,0,0,1,0,0,1,0,0,0,0,0,0,0,0,0,0,0,0,0,0,0,0,5,1,0,2,0,0,0,1,0,1,0,0,0,0,0,0,0,0,0,0,0,0,0,0,0,0,0,0,0,0,0,0,0,0,1,0,0,1
"CA21 2",1004,997,0,0,0,0,0,0,0,0,0,3,0,0,1,0,0,0,0,0,0,0,0,0,1,0,0,0,0,0,0,0,0,0,0,0,0,0,0,0,0,0,0,0,1,0,0,0,0,0,0,0,0,0,0,0,0,0,0,0,0,0,0,0,0,0,1,0,0,0,1,0,0,0,0,0,0,0,0,0,0,0,0,0,0,0,0,0,0,0,0,0,0,0,0,0,0,0,1,1,0,0,0,0
"CA22 2",8608,8547,3,0,0,0,0,0,0,0,0,3,1,0,25,1,3,16,0,0,0,1,0,1,1,0,2,0,0,0,0,0,0,0,0,0,0,0,0,0,0,0,0,1,0,0,2,0,1,1,0,0,7,2,0,0,0,1,0,0,0,0,0,4,0,0,14,0,0,5,1,0,0,4,0,4,0,0,0,0,0,0,3,0,0,0,0,0,0,0,0,0,0,3,0,0,0,0,0,0,2,1,1,0
"CA23 3",1383,1365,0,0,0,0,0,0,0,0,0,0,0,0,9,2,3,1,0,0,0,0,0,0,1,1,0,1,0,0,0,0,0,0,0,0,0,0,0,0,0,0,0,0,0,0,0,0,0,0,0,0,8,1,1,2,0,0,0,0,0,0,4,0,0,0,1,0,0,0,0,0,0,1,0,0,0,0,0,0,0,0,0,0,0,0,0,0,0,0,0,0,0,0,0,0,0,0,0,0,0,0,0,0
"CA24 3",1229,1217,0,0,0,0,0,0,0,0,0,0,0,2,2,1,0,1,0,0,0,0,0,0,0,0,0,0,0,0,0,0,0,0,0,0,0,0,0,0,0,0,0,0,1,1,0,0,0,0,0,0,6,0,0,0,0,4,0,0,0,2,0,0,0,0,0,0,0,0,0,0,0,0,0,0,0,0,0,0,0,0,0,0,0,0,0,0,0,0,0,0,0,0,0,0,0,0,0,0,0,0,0,0
"CA25 5",6001,5956,1,1,0,0,0,0,0,1,0,2,0,0,27,3,0,14,0,0,0,8,0,0,0,0,1,1,0,0,0,0,0,0,0,0,0,0,0,0,0,0,0,0,1,0,0,0,0,0,0,0,3,1,0,0,0,2,0,0,0,0,0,0,0,0,8,0,0,6,0,0,0,0,0,2,0,0,0,1,0,1,0,0,0,0,0,0,0,0,0,0,0,0,0,0,0,0,1,1,0,0,0,0
"CA26 3",3763,3747,1,0,0,0,0,0,0,0,0,2,0,1,4,1,0,1,0,0,0,1,0,0,1,0,0,0,0,0,0,0,0,0,0,0,0,0,0,0,0,0,0,0,2,1,0,0,0,0,0,0,0,0,0,0,0,0,0,0,0,0,0,0,0,0,4,0,0,0,0,0,0,3,1,0,0,0,0,0,0,0,0,0,0,0,0,0,0,0,0,0,0,0,0,0,0,0,1,1,0,0,0,0
"CA27 0",1591,1517,0,0,0,0,0,0,0,0,0,6,0,3,10,1,4,1,0,0,0,0,0,0,2,0,1,1,0,0,0,0,0,0,0,0,0,0,0,0,0,0,0,1,0,0,0,0,0,0,0,0,0,0,0,0,0,0,0,0,0,0,0,0,0,0,53,3,5,44,0,0,0,1,0,0,0,0,0,0,0,0,1,0,0,0,0,0,0,0,0,0,1,0,0,0,0,0,0,0,0,0,0,0
"CA28 6",9564,9458,0,0,0,0,0,0,0,0,0,3,1,3,37,1,2,14,1,0,1,15,0,0,2,0,1,0,0,0,0,0,0,0,1,0,1,0,0,0,0,0,0,0,6,0,2,0,0,1,0,1,28,5,2,1,0,9,2,0,1,0,6,1,0,1,24,1,5,4,0,1,0,5,0,8,0,0,0,0,0,0,1,0,0,0,0,0,0,0,0,0,0,0,1,0,0,0,0,0,0,0,0,0
"CA28 7",2750,2676,1,0,0,0,0,0,0,0,0,4,0,9,15,0,0,9,0,1,0,0,0,0,0,0,1,0,0,0,0,0,0,4,0,0,0,0,0,0,0,0,0,0,0,0,3,0,0,3,0,0,27,2,0,0,0,17,0,0,2,0,0,2,0,4,13,0,4,6,0,0,0,2,0,1,0,0,0,0,0,0,1,0,0,0,0,0,0,0,0,0,0,0,0,1,0,0,1,1,0,0,0,0
"CA28 8",8499,8359,0,2,0,0,0,0,0,2,0,4,1,1,32,0,1,9,0,5,5,2,0,0,3,1,2,1,0,0,3,0,0,0,1,0,0,1,0,0,0,0,0,2,1,7,3,0,0,1,2,0,47,5,5,2,0,8,9,2,2,2,2,5,3,2,34,2,3,10,1,0,0,0,0,14,4,0,0,0,0,0,3,0,0,0,0,0,0,0,0,0,0,0,0,3,0,0,2,2,0,0,0,0
"CA28 9",6795,6753,0,0,0,0,0,0,0,0,0,0,1,4,12,3,3,2,0,0,0,3,1,0,0,0,0,0,0,0,0,0,0,0,0,0,0,0,0,0,0,0,0,1,1,0,1,0,0,1,0,0,5,0,0,0,0,1,0,0,0,0,4,0,0,0,14,0,0,0,0,0,0,5,0,9,0,0,0,0,0,0,0,0,0,0,0,0,0,0,0,0,0,0,0,0,0,0,1,1,2,2,0,0
"CA3  0",5919,5794,0,0,0,0,0,0,0,0,0,1,3,3,48,3,3,20,1,0,2,4,0,4,6,2,1,1,0,0,0,0,1,0,2,0,2,0,0,0,0,0,0,0,5,0,1,0,0,1,0,0,26,1,1,3,0,9,1,0,0,0,0,0,9,2,32,2,13,13,0,0,1,2,0,1,0,0,0,0,0,0,2,0,0,0,0,0,0,0,0,0,0,2,0,0,0,0,0,0,2,0,2,0
"CA3  8",321,312,0,0,0,0,0,0,0,0,0,0,0,0,5,2,0,2,0,0,0,0,0,0,0,1,0,0,0,0,0,0,0,0,0,0,0,0,0,0,0,0,0,0,1,1,0,0,0,0,0,0,0,0,0,0,0,0,0,0,0,0,0,0,0,0,1,1,0,0,0,0,0,0,0,0,0,0,0,0,0,0,0,0,0,0,0,0,0,0,0,0,0,0,0,0,0,0,0,0,1,0,1,0
"CA3  9",7359,7189,0,1,0,0,0,0,0,1,0,0,3,5,96,0,10,74,0,0,0,0,1,3,1,3,0,2,2,0,0,0,0,0,6,0,0,1,0,5,0,0,0,0,6,1,0,0,0,0,0,0,24,3,6,0,0,8,0,0,2,0,1,0,4,0,21,1,5,6,1,1,4,2,1,0,0,0,0,0,0,0,2,0,0,0,0,0,1,0,0,0,0,0,0,0,1,0,2,2,3,0,1,2
"CA4  0",3136,3119,0,1,1,0,0,0,0,0,0,0,0,0,10,0,0,8,2,0,0,0,0,0,0,0,0,0,0,0,0,0,0,0,0,0,0,0,0,0,0,0,0,0,0,0,0,0,0,0,0,0,1,0,0,1,0,0,0,0,0,0,0,0,0,0,5,1,0,0,0,0,0,4,0,0,0,0,0,0,0,0,0,0,0,0,0,0,0,0,0,0,0,0,0,0,0,0,0,0,0,0,0,0
"CA4  8",5517,5460,0,0,0,0,0,0,0,0,0,0,2,8,24,4,3,15,1,0,0,0,0,0,0,0,0,1,0,0,0,0,0,0,0,0,0,0,0,0,0,0,0,2,2,0,0,0,0,0,0,0,9,2,1,0,0,2,0,0,0,1,1,0,2,0,9,0,4,0,0,0,0,4,0,1,0,1,0,0,0,0,0,0,0,0,0,0,0,0,0,0,0,0,0,0,0,0,0,0,0,0,0,0
"CA4  9",836,834,1,0,0,0,0,0,0,0,0,0,0,0,0,0,0,0,0,0,0,0,0,0,0,0,0,0,0,0,0,0,0,0,0,0,0,0,0,0,0,0,0,0,0,1,0,0,0,0,0,0,0,0,0,0,0,0,0,0,0,0,0,0,0,0,0,0,0,0,0,0,0,0,0,0,0,0,0,0,0,0,0,0,0,0,0,0,0,0,0,0,0,0,0,0,0,0,0,0,0,0,0,0
"CA5  6",3728,3713,0,0,0,0,0,0,0,0,0,0,2,0,4,0,1,0,0,0,0,0,0,0,0,0,3,0,0,0,0,0,0,0,1,0,1,0,0,0,0,0,0,0,1,0,0,0,0,0,0,0,3,0,0,0,0,0,0,0,0,0,0,0,3,0,0,0,0,0,0,0,0,0,0,0,0,0,0,0,0,0,0,0,0,0,0,0,0,0,0,0,0,0,0,0,0,0,0,0,4,3,0,1
"CA5  7",3232,3152,0,0,0,0,0,0,0,0,0,1,0,4,12,0,3,1,0,1,0,1,0,0,3,0,2,1,0,0,0,0,0,0,0,0,0,0,0,0,0,0,0,2,2,0,0,0,0,0,0,0,3,1,0,0,0,2,0,0,0,0,0,0,0,0,53,0,39,14,0,0,0,0,0,0,0,0,0,0,0,0,2,0,0,0,0,0,0,0,0,0,0,0,0,2,0,0,0,0,1,1,0,0
"CA6  4",4072,4029,1,0,0,0,0,0,0,0,0,0,0,1,28,4,9,15,0,0,0,0,0,0,0,0,0,0,0,0,0,0,0,0,0,0,0,0,0,0,0,0,0,1,4,0,0,0,0,0,0,0,2,0,0,0,0,0,0,0,0,0,2,0,0,0,6,1,2,0,2,0,0,0,0,0,1,0,0,0,0,0,0,0,0,0,0,0,0,0,0,0,0,0,0,0,0,0,0,0,0,0,0,0
"CA6  5",3250,3204,0,3,0,0,0,0,0,3,0,0,1,1,35,0,0,30,0,0,0,0,4,0,0,1,0,0,0,0,0,0,0,0,0,0,0,0,0,0,0,0,0,0,0,0,0,0,0,0,0,0,2,0,0,0,0,2,0,0,0,0,0,0,0,0,3,0,0,0,0,0,0,2,0,1,0,0,0,0,0,0,0,0,0,0,0,0,0,0,0,0,0,0,0,0,0,0,0,0,1,1,0,0
"CA6  6",1542,1528,0,0,0,0,0,0,0,0,0,1,0,0,11,1,3,4,0,0,0,2,0,0,0,0,0,1,0,0,0,0,0,0,1,0,0,0,0,1,0,0,0,0,0,0,0,0,0,0,0,0,0,0,0,0,0,0,0,0,0,0,0,0,0,0,1,0,0,0,0,0,0,1,0,0,0,0,0,0,0,0,0,0,0,0,0,0,0,0,0,0,0,0,0,0,0,0,0,0,0,0,0,0
"CA7  0",1677,1670,1,0,0,0,0,0,0,0,0,0,0,0,5,0,3,1,0,0,0,0,0,0,0,0,0,0,0,1,0,0,0,0,0,0,0,0,0,0,0,0,0,0,0,0,0,0,0,0,0,0,0,0,0,0,0,0,0,0,0,0,0,0,0,0,0,0,0,0,0,0,0,0,0,0,0,0,0,0,0,0,0,0,0,0,0,0,0,0,0,0,0,0,0,0,0,0,1,1,0,0,0,0
"CA7  1",1406,1394,0,0,0,0,0,0,0,0,0,1,1,0,8,0,1,6,0,0,1,0,0,0,0,0,0,0,0,0,0,0,0,0,0,0,0,0,0,0,0,0,0,0,0,0,1,0,0,1,0,0,0,0,0,0,0,0,0,0,0,0,0,0,0,0,0,0,0,0,0,0,0,0,0,0,0,0,0,0,0,0,1,0,0,0,0,0,0,0,0,0,0,0,0,0,0,1,0,0,0,0,0,0
"CA7  2",2620,2607,0,0,0,0,0,0,0,0,0,1,0,0,7,0,0,2,0,0,4,0,0,0,0,0,0,0,0,1,0,0,0,0,0,0,0,0,0,0,0,0,0,0,0,0,0,0,0,0,0,0,4,1,0,0,0,2,0,0,0,1,0,0,0,0,1,0,0,0,0,0,0,0,0,1,0,0,0,0,0,0,0,0,0,0,0,0,0,0,0,0,0,0,0,0,0,0,0,0,0,0,0,0
"CA7  3",2833,2823,0,1,0,0,0,0,0,1,0,2,1,0,5,0,1,1,0,0,0,0,0,0,0,0,3,0,0,0,0,0,0,0,1,0,0,0,0,1,0,0,0,0,0,0,0,0,0,0,0,0,0,0,0,0,0,0,0,0,0,0,0,0,0,0,0,0,0,0,0,0,0,0,0,0,0,0,0,0,0,0,0,0,0,0,0,0,0,0,0,0,0,0,0,0,0,0,0,0,0,0,0,0
"CA7  4",3991,3966,1,0,0,0,0,0,0,0,0,0,1,1,14,1,1,9,0,0,0,0,0,0,0,0,3,0,0,0,0,0,0,0,0,0,0,0,0,0,0,0,0,0,0,0,0,0,0,0,0,0,0,0,0,0,0,0,0,0,0,0,0,0,0,0,8,0,6,0,0,0,0,1,0,1,0,0,0,0,0,0,0,0,0,0,0,0,0,0,0,0,0,0,0,0,0,0,0,0,0,0,0,0
"CA7  5",1885,1879,0,0,0,0,0,0,0,0,0,2,0,0,1,0,0,1,0,0,0,0,0,0,0,0,0,0,0,0,0,0,0,0,0,0,0,0,0,0,0,0,0,1,0,0,0,0,0,0,0,0,0,0,0,0,0,0,0,0,0,0,0,0,0,0,0,0,0,0,0,0,0,0,0,0,0,0,0,0,0,0,2,0,0,0,0,0,0,0,0,0,0,0,2,0,0,0,0,0,0,0,0,0
"CA7  8",1850,1840,1,1,0,1,0,0,0,0,0,1,0,0,4,2,0,1,0,0,1,0,0,0,0,0,0,0,0,0,0,0,0,0,0,0,0,0,0,0,0,0,0,0,0,0,1,0,0,0,0,1,0,0,0,0,0,0,0,0,0,0,0,0,0,0,1,0,0,0,0,0,0,0,0,1,0,0,0,0,0,0,1,0,0,0,0,0,0,0,0,0,0,0,1,0,0,0,0,0,0,0,0,0
"CA7  9",5658,5632,0,1,0,0,0,0,0,1,0,1,0,0,9,0,3,5,0,0,0,0,0,0,0,0,1,0,0,0,0,0,0,0,1,0,0,0,0,1,0,0,0,0,0,0,0,0,0,0,0,0,0,0,0,0,0,0,0,0,0,0,0,0,0,0,10,0,3,3,0,0,0,3,1,0,0,0,0,0,0,0,0,0,0,0,0,0,0,0,0,0,0,0,0,0,0,0,0,0,4,3,0,1
"CA8  1",4603,4573,0,1,0,0,0,0,0,1,0,3,0,1,12,0,3,9,0,0,0,0,0,0,0,0,0,0,0,0,0,0,0,0,0,0,0,0,0,0,0,0,0,0,1,0,0,0,0,0,0,0,4,2,0,0,0,0,0,0,2,0,0,0,0,0,8,0,3,2,0,0,0,2,0,1,0,0,0,0,0,0,0,0,0,0,0,0,0,0,0,0,0,0,0,0,0,0,0,0,0,0,0,0
"CA8  2",1877,1870,0,0,0,0,0,0,0,0,0,1,0,0,4,0,0,3,0,0,0,0,0,0,0,0,1,0,0,0,0,0,0,0,0,0,0,0,0,0,0,0,0,0,0,0,0,0,0,0,0,0,0,0,0,0,0,0,0,0,0,0,0,0,0,0,2,0,0,2,0,0,0,0,0,0,0,0,0,0,0,0,0,0,0,0,0,0,0,0,0,0,0,0,0,0,0,0,0,0,0,0,0,0
"CA8  7",1394,1391,0,0,0,0,0,0,0,0,0,1,0,0,0,0,0,0,0,0,0,0,0,0,0,0,0,0,0,0,0,0,0,0,0,0,0,0,0,0,0,0,0,0,0,0,0,0,0,0,0,0,0,0,0,0,0,0,0,0,0,0,0,0,0,0,2,0,0,0,0,0,0,0,0,2,0,0,0,0,0,0,0,0,0,0,0,0,0,0,0,0,0,0,0,0,0,0,0,0,0,0,0,0
"CA8  9",2187,2173,0,0,0,0,0,0,0,0,0,0,0,1,8,1,1,0,0,0,0,0,0,1,0,0,0,0,2,3,0,0,0,0,0,0,0,0,0,0,0,0,0,1,0,0,0,0,0,0,0,0,1,0,0,0,0,0,0,0,0,1,0,0,0,0,2,0,0,0,0,0,0,0,0,0,2,0,0,0,0,0,1,0,0,0,0,0,0,0,0,0,0,0,1,0,0,0,0,0,0,0,0,0
"CA9  3",2043,2027,1,0,0,0,0,0,0,0,0,1,1,0,6,0,0,0,0,0,3,0,0,0,1,1,1,0,0,0,0,0,0,0,1,0,1,0,0,0,0,0,0,0,0,2,0,0,0,0,0,0,0,0,0,0,0,0,0,0,0,0,0,0,0,0,4,2,0,0,0,0,0,1,0,1,0,0,0,0,0,0,0,0,0,0,0,0,0,0,0,0,0,0,0,0,0,0,0,0,0,0,0,0
"CB1  1",3550,2856,0,1,0,0,0,0,0,1,0,50,22,60,244,46,41,39,3,4,11,20,1,10,15,22,14,2,10,2,0,1,0,3,17,1,5,1,0,10,0,0,0,16,21,50,20,7,0,4,2,7,33,5,1,2,0,11,10,0,0,2,0,1,1,0,156,13,19,85,22,7,4,3,1,2,0,0,0,0,0,0,2,0,0,0,0,0,1,0,0,0,0,0,0,0,0,1,2,2,0,0,0,0
"CB1  2",7364,5974,2,1,0,0,0,0,0,1,0,91,54,146,531,76,119,79,12,11,16,26,5,27,21,44,28,23,13,16,2,1,2,10,38,7,2,4,3,22,0,0,0,63,20,69,46,4,7,18,4,13,75,10,12,4,0,24,6,2,2,8,1,1,3,2,240,15,9,135,30,15,11,17,4,3,1,0,0,0,0,0,7,0,1,0,0,0,0,0,0,3,0,0,1,1,0,1,2,2,5,4,1,0
"CB1  3",17772,14760,7,4,4,0,0,0,0,0,0,156,97,184,1241,212,222,355,27,29,30,66,12,61,38,50,45,22,21,19,7,13,1,11,42,9,12,7,2,12,0,0,0,85,48,119,68,7,3,43,6,9,467,37,15,16,0,203,49,10,10,30,55,16,10,16,436,20,35,188,38,16,30,17,5,84,3,4,0,2,0,2,29,1,1,2,0,0,1,1,0,1,0,10,1,1,4,6,19,19,4,2,2,0
"CB1  7",4245,3648,2,0,0,0,0,0,0,0,0,41,17,40,247,39,57,61,6,3,5,17,0,12,4,8,20,7,7,0,0,0,0,1,6,1,1,0,0,4,0,0,0,11,8,27,18,1,0,14,2,1,62,6,2,0,0,26,1,2,2,8,9,5,0,1,114,2,5,47,15,8,1,2,3,30,1,0,0,0,0,0,3,0,0,0,0,0,1,0,0,0,0,0,0,0,2,0,1,1,0,0,0,0
"CB1  8",5483,4649,2,0,0,0,0,0,0,0,0,42,13,34,221,24,51,72,2,1,7,11,5,4,9,7,8,1,2,2,5,6,0,4,12,3,3,2,0,4,0,0,0,29,13,16,34,1,4,22,7,0,192,15,7,6,0,62,12,5,10,19,48,1,2,5,197,3,10,88,9,4,5,2,3,66,7,0,0,1,0,1,22,0,0,0,0,0,2,2,0,0,0,9,6,1,1,1,5,5,1,1,0,0
"CB1  9",9018,7482,2,0,0,0,0,0,0,0,0,47,39,36,416,54,37,170,13,10,26,22,3,42,2,5,13,7,3,7,2,0,0,0,23,1,12,4,0,6,0,0,0,51,24,53,27,7,1,11,1,7,394,38,27,10,0,65,19,1,11,25,152,7,15,24,371,16,15,134,9,22,7,7,1,149,11,0,0,0,0,0,32,2,0,1,0,5,2,2,0,0,0,0,4,7,3,6,16,16,5,4,0,1
"CB10 1",4458,4337,0,0,0,0,0,0,0,0,0,8,6,11,62,3,6,18,3,3,5,0,0,4,0,1,7,5,5,2,0,0,0,0,1,0,0,0,0,1,0,0,0,2,6,0,5,0,0,5,0,0,4,0,0,0,0,1,0,0,0,0,0,0,3,0,14,0,0,3,5,0,0,4,0,1,1,0,0,0,0,0,2,0,0,0,0,0,0,0,0,1,0,0,1,0,0,0,0,0,0,0,0,0
"CB10 2",8595,8341,2,0,0,0,0,0,0,0,0,15,3,6,133,6,12,67,2,3,3,4,6,9,6,0,5,5,3,2,0,0,0,0,2,0,0,0,0,2,0,0,0,2,3,1,0,0,0,0,0,0,42,1,3,1,0,5,0,0,0,3,0,2,27,0,33,0,0,4,6,0,2,12,1,8,0,1,0,0,0,0,8,0,0,0,0,1,0,0,1,0,0,0,1,0,1,4,1,1,2,0,0,2
"CB11 3",9304,8983,0,0,0,0,0,0,0,0,0,28,18,22,137,12,13,69,1,4,7,0,1,10,4,1,5,8,2,0,0,0,0,0,2,0,0,1,0,1,0,0,0,12,4,1,2,0,0,1,0,1,32,2,0,1,0,4,2,0,0,0,4,1,18,0,50,0,1,21,2,0,2,5,3,15,1,0,0,0,0,0,8,0,0,0,0,0,0,0,1,0,0,1,5,0,0,1,2,2,3,2,0,1
"CB11 4",8179,7907,1,1,0,0,0,1,0,0,0,15,3,12,125,6,13,59,4,4,6,2,1,12,1,0,8,7,2,0,0,0,0,0,2,0,0,0,0,2,0,0,0,8,11,2,6,4,0,2,0,0,50,0,2,0,0,12,10,0,0,5,4,0,17,0,34,1,0,10,3,0,0,7,0,13,0,0,0,0,0,0,1,0,0,0,0,0,0,0,0,0,0,1,0,0,0,0,1,1,0,0,0,0
"CB2  0",1151,828,0,0,0,0,0,0,0,0,0,8,7,12,86,12,10,14,8,2,7,3,1,9,5,9,0,3,3,0,0,0,0,0,5,0,1,4,0,0,0,0,0,12,3,24,13,0,1,7,0,5,48,4,5,1,0,3,6,0,2,11,9,5,0,2,82,2,5,32,7,5,8,2,0,21,0,0,0,0,0,0,22,0,0,0,0,0,0,1,0,0,0,8,4,2,2,5,1,1,0,0,0,0
"CB2  1",7480,6176,10,2,1,0,0,1,0,0,0,84,24,61,526,71,166,75,13,17,20,20,1,19,10,60,15,12,5,8,3,0,1,10,37,1,23,1,2,10,0,0,0,38,18,19,23,9,0,9,0,5,73,13,10,1,0,18,1,1,3,7,4,12,1,2,375,25,34,219,17,19,31,17,9,1,3,0,0,0,0,0,13,0,0,0,0,1,1,0,0,0,0,1,1,0,1,8,1,1,0,0,0,0
"CB2  3",2272,1969,4,0,0,0,0,0,0,0,0,23,8,14,113,18,39,11,2,3,2,5,0,0,2,14,7,3,3,3,0,1,0,0,14,0,6,1,1,6,0,0,0,7,11,3,2,1,0,0,1,0,14,2,2,0,0,6,1,0,0,1,0,2,0,0,85,7,6,53,3,5,1,6,1,3,0,0,0,0,0,0,5,0,0,0,0,0,0,0,0,0,0,4,1,0,0,0,0,0,0,0,0,0
"CB2  7",492,403,0,0,0,0,0,0,0,0,0,2,0,0,13,2,6,1,0,0,0,0,1,1,0,2,0,0,0,0,0,0,0,0,1,0,0,1,0,0,0,0,0,2,2,0,0,0,0,0,0,0,2,0,0,0,0,1,0,0,0,0,0,0,0,1,67,2,17,33,2,3,2,4,4,0,0,0,0,0,0,0,0,0,0,0,0,0,0,0,0,0,0,0,0,0,0,0,0,0,0,0,0,0
"CB2  8",3785,3195,3,1,0,0,0,0,1,0,0,27,11,30,209,25,47,41,4,5,4,11,0,6,7,31,11,4,4,1,4,0,1,3,6,0,1,3,0,2,0,0,0,21,18,45,16,2,0,12,0,2,28,2,6,1,0,4,2,0,1,6,5,1,0,0,169,13,4,102,24,4,7,2,6,4,3,0,0,0,0,0,6,0,1,0,0,0,0,0,1,1,0,0,2,0,0,1,0,0,0,0,0,0
"CB2  9",3038,2639,0,2,2,0,0,0,0,0,0,21,22,21,144,18,16,53,9,2,4,4,2,9,3,6,6,3,6,3,0,0,0,0,9,1,5,0,0,3,0,0,0,25,11,5,19,10,1,8,0,0,61,15,4,1,0,6,8,3,1,5,6,5,6,1,54,3,1,19,7,2,2,0,0,17,3,0,0,1,0,1,4,0,0,0,0,0,0,0,0,0,0,0,4,0,0,0,0,0,0,0,0,0
"CB21 4",8270,8138,1,0,0,0,0,0,0,0,0,23,6,3,57,8,13,7,0,5,6,0,0,2,1,1,7,2,1,1,0,1,2,0,1,0,0,0,0,1,0,0,0,0,4,1,3,0,0,0,0,3,14,0,2,0,0,10,0,0,0,0,2,0,0,0,18,1,2,1,7,3,0,2,0,2,0,0,0,0,0,0,1,0,0,0,0,0,0,0,0,0,0,1,0,0,0,0,0,0,0,0,0,0
"CB21 5",5379,5196,0,0,0,0,0,0,0,0,0,11,1,16,76,10,16,18,1,3,0,9,0,4,1,1,4,3,1,1,0,0,1,3,1,0,0,0,0,1,0,0,0,6,6,6,5,2,0,2,0,1,26,2,2,2,0,0,6,4,0,0,4,0,5,1,16,3,1,8,0,0,0,2,1,1,0,0,0,0,0,0,8,1,0,0,0,0,0,0,1,0,0,1,3,0,0,2,4,4,1,0,0,1
"CB21 6",1525,1482,2,0,0,0,0,0,0,0,0,1,0,5,23,3,5,1,1,0,0,3,0,0,0,0,2,8,0,0,0,0,0,0,0,0,0,0,0,0,0,0,0,0,1,2,0,0,0,0,0,0,4,0,0,0,0,0,2,0,0,0,0,0,0,2,4,1,0,2,0,0,0,1,0,0,0,0,0,0,0,0,1,0,0,0,0,0,0,0,1,0,0,0,0,0,0,0,0,0,0,0,0,0
"CB22 3",7522,7125,0,0,0,0,0,0,0,0,0,41,6,16,162,13,22,70,11,2,5,4,0,5,7,7,8,4,4,0,0,0,0,0,2,1,0,0,0,1,0,0,0,14,12,7,5,0,0,5,0,0,42,1,4,0,0,3,2,0,0,6,16,0,8,2,70,3,4,31,11,1,0,1,0,18,1,0,0,0,0,0,17,0,0,0,0,0,0,0,0,0,0,9,5,0,0,3,1,1,2,2,0,0
"CB22 4",4142,4028,0,0,0,0,0,0,0,0,0,7,1,5,67,12,8,12,4,2,1,1,1,4,4,5,5,5,1,2,0,0,0,0,2,2,0,0,0,0,0,0,0,5,4,0,2,1,0,1,0,0,5,1,1,0,0,0,0,0,1,2,0,0,0,0,11,0,0,6,3,0,0,0,1,0,1,0,0,0,0,0,5,0,0,0,0,0,0,0,0,0,0,3,2,0,0,0,0,0,0,0,0,0
"CB22 5",7363,7031,2,0,0,0,0,0,0,0,0,29,11,32,134,20,25,36,3,2,0,2,2,0,1,12,18,7,1,5,0,0,0,0,11,0,8,0,0,3,0,0,0,7,7,10,11,1,1,5,0,4,26,3,3,1,0,1,0,1,0,1,7,0,0,9,42,2,1,17,8,5,0,6,0,3,0,0,0,0,0,0,10,0,0,0,0,0,0,0,0,0,0,5,2,0,1,2,0,0,0,0,0,0
"CB22 6",1194,1176,0,0,0,0,0,0,0,0,0,3,1,2,4,0,2,2,0,0,0,0,0,0,0,0,0,0,0,0,0,0,0,0,2,0,0,0,0,2,0,0,0,0,0,0,2,0,0,2,0,0,3,0,0,0,0,0,3,0,0,0,0,0,0,0,0,0,0,0,0,0,0,0,0,0,0,0,0,0,0,0,1,0,0,0,0,0,0,0,0,0,0,1,0,0,0,0,0,0,0,0,0,0
"CB22 7",3009,2935,1,1,0,0,0,0,0,0,1,5,1,3,27,1,4,9,0,2,0,2,0,1,0,1,4,1,1,0,0,0,0,1,5,1,0,0,0,4,0,0,0,2,2,4,1,0,0,1,0,0,12,0,3,3,0,0,1,0,0,4,1,0,0,0,6,0,0,3,2,1,0,0,0,0,0,0,0,0,0,0,4,0,0,0,0,0,1,0,0,0,0,1,1,1,0,0,0,0,0,0,0,0
"CB23 1",2601,2558,0,0,0,0,0,0,0,0,0,5,1,4,24,2,6,4,3,0,0,0,0,1,0,0,4,1,3,0,0,0,0,0,2,1,0,1,0,0,0,0,0,0,1,0,0,0,0,0,0,0,0,0,0,0,0,0,0,0,0,0,0,0,0,0,5,0,0,2,1,0,0,1,1,0,0,0,0,0,0,0,0,0,0,0,0,0,0,0,0,0,0,0,0,0,0,0,0,0,1,0,0,1
"CB23 2",1907,1863,1,0,0,0,0,0,0,0,0,0,2,3,16,0,7,5,0,2,0,0,0,0,0,1,0,1,0,0,0,0,0,0,1,1,0,0,0,0,0,0,0,4,1,0,1,0,0,1,0,0,8,0,0,0,0,0,8,0,0,0,0,0,0,0,5,0,0,4,0,0,0,1,0,0,0,0,0,0,0,0,0,0,0,0,0,0,0,0,0,0,0,0,0,0,0,0,0,0,2,2,0,0
"CB23 3",3297,3045,0,0,0,0,0,0,0,0,0,5,2,6,55,5,4,20,2,0,0,14,1,0,0,1,2,0,4,0,0,0,2,0,0,0,0,0,0,0,0,0,0,3,4,8,1,1,0,0,0,0,95,3,0,2,0,6,0,0,0,9,70,3,2,0,52,0,0,5,1,1,0,1,2,42,0,0,0,0,0,0,15,0,0,0,0,0,3,1,0,0,0,3,7,1,0,0,2,2,4,3,0,1
"CB23 4",1051,1028,0,0,0,0,0,0,0,0,0,1,1,1,11,0,5,2,0,1,2,0,0,1,0,0,0,0,0,0,0,0,0,0,0,0,0,0,0,0,0,0,0,1,0,2,0,0,0,0,0,0,4,0,0,0,0,0,0,0,0,0,4,0,0,0,1,0,0,0,0,0,0,0,0,1,0,0,0,0,0,0,0,0,0,0,0,0,0,0,0,0,0,0,0,0,0,0,0,0,1,0,1,0
"CB23 5",2169,1974,1,0,0,0,0,0,0,0,0,9,1,6,56,9,7,21,5,1,1,0,1,0,1,0,6,0,0,2,0,2,0,0,1,1,0,0,0,0,0,0,0,8,2,7,2,0,0,2,0,0,55,9,12,0,0,0,5,0,4,3,20,2,0,0,34,7,3,13,0,1,0,0,0,10,0,0,0,0,0,0,12,0,0,0,0,0,4,2,0,0,0,0,6,0,0,0,0,0,1,1,0,0
"CB23 6",5377,4826,1,0,0,0,0,0,0,0,0,23,17,38,176,17,9,85,9,4,0,8,0,8,9,4,12,2,2,6,0,1,0,0,11,1,1,2,0,7,0,0,0,17,5,21,5,2,1,1,0,1,123,12,23,8,0,13,7,8,4,8,29,3,0,8,81,4,5,32,7,5,0,8,0,20,0,0,0,0,0,0,21,0,0,0,0,0,1,0,1,0,0,9,8,2,0,0,8,8,4,2,0,2
"CB23 7",8233,7890,1,1,1,0,0,0,0,0,0,18,8,16,134,10,15,23,0,3,10,15,1,9,4,8,16,15,1,1,0,0,3,0,8,1,2,4,1,0,0,0,0,21,7,10,11,6,0,4,0,1,43,2,4,3,0,0,11,0,1,5,8,9,0,0,50,5,8,16,7,4,3,3,2,2,0,0,0,0,0,0,13,0,0,0,0,0,0,0,0,0,0,0,12,0,0,1,2,2,0,0,0,0
"CB23 8",4889,4611,0,0,0,0,0,0,0,0,0,9,4,20,140,5,11,69,2,2,5,6,0,15,13,4,4,2,1,0,1,0,0,0,0,0,0,0,0,0,0,0,0,11,3,10,7,0,0,6,0,1,36,7,0,2,0,9,2,0,1,2,6,0,5,2,33,5,1,12,6,0,4,1,0,3,1,0,0,0,0,0,3,0,0,0,0,0,0,0,0,0,0,0,2,0,1,0,1,1,1,1,0,0
"CB24 3",3960,3783,1,1,1,0,0,0,0,0,0,13,0,17,71,4,9,12,0,2,8,1,0,9,2,2,11,3,3,0,0,0,5,0,1,0,0,1,0,0,0,0,0,9,1,2,7,0,2,5,0,0,22,4,0,4,0,1,3,0,0,0,7,0,0,3,24,0,0,10,6,0,1,1,2,4,0,0,0,0,0,0,5,0,0,0,0,0,0,0,1,0,0,0,3,0,0,1,2,2,1,1,0,0
"CB24 4",3216,3136,0,0,0,0,0,0,0,0,0,1,3,9,31,3,3,16,1,0,2,1,1,0,3,0,0,0,0,1,0,0,0,0,3,0,0,1,0,2,0,0,0,3,0,8,5,1,0,4,0,0,1,1,0,0,0,0,0,0,0,0,0,0,0,0,14,1,0,1,1,0,0,4,0,7,0,0,0,0,0,0,2,0,0,0,0,0,0,0,2,0,0,0,0,0,0,0,0,0,0,0,0,0
"CB24 5",6616,6494,1,0,0,0,0,0,0,0,0,8,1,6,51,5,8,4,0,2,6,7,3,5,3,0,4,2,1,1,0,0,0,0,3,0,0,0,0,3,0,0,0,5,2,0,5,1,0,4,0,0,9,0,0,2,0,1,0,3,0,0,0,1,1,1,16,0,0,5,1,0,0,3,0,7,0,0,0,0,0,0,14,0,0,0,0,1,0,0,0,0,0,5,8,0,0,0,0,0,1,0,0,1
"CB24 6",4071,3657,0,0,0,0,0,0,0,0,0,23,8,20,202,13,13,70,4,3,21,28,9,9,4,8,6,5,5,4,0,0,0,0,4,0,2,0,0,2,0,0,0,5,6,6,8,0,0,8,0,0,62,9,9,0,0,2,12,1,3,13,3,0,10,0,59,1,15,25,9,2,1,5,0,1,0,0,1,0,0,0,9,0,0,0,0,0,0,0,0,3,0,4,0,0,0,2,1,1,0,0,0,0
"CB24 8",6315,6062,0,0,0,0,0,0,0,0,0,21,4,8,106,3,8,30,7,2,2,21,13,9,1,3,1,2,3,1,0,0,0,0,7,0,4,1,1,1,0,0,0,14,2,5,4,0,0,1,0,3,29,1,1,3,0,6,0,0,0,0,18,0,0,0,45,2,2,8,0,2,1,2,0,27,1,0,0,0,0,0,6,0,0,0,0,0,0,0,0,0,0,2,3,0,1,0,0,0,2,2,0,0
"CB24 9",7653,7334,2,1,0,0,0,0,0,0,1,25,7,29,126,13,22,28,2,1,3,22,4,4,5,4,8,3,4,3,0,0,0,0,7,1,3,0,1,2,0,0,0,16,4,0,2,0,0,2,0,0,21,2,0,3,0,4,7,0,2,2,1,0,0,0,73,2,9,24,4,1,2,4,2,19,6,0,0,0,0,0,5,0,0,0,0,0,0,0,0,0,0,3,2,0,0,0,0,0,1,1,0,0
"CB25 0",7923,7784,2,0,0,0,0,0,0,0,0,10,16,5,56,7,11,9,0,2,1,4,3,4,1,0,7,0,3,1,3,0,0,0,4,1,2,0,0,1,0,0,0,4,4,2,1,0,0,1,0,0,8,2,0,2,0,2,0,0,0,2,0,0,0,0,24,0,4,13,3,0,0,2,0,2,0,0,0,0,0,0,2,0,0,0,0,0,0,0,0,0,0,0,2,0,0,0,0,0,1,1,0,0
"CB25 9",9639,9233,0,0,0,0,0,0,0,0,0,8,11,9,164,19,18,62,3,9,6,9,5,13,4,1,5,5,2,2,1,0,0,0,5,1,2,1,0,1,0,0,0,7,7,11,3,0,0,3,0,0,49,4,0,8,0,0,7,4,0,2,2,5,17,0,88,8,4,21,5,2,4,4,1,38,1,20,0,1,1,0,21,0,0,0,0,3,0,0,2,0,0,2,6,2,0,6,1,1,1,0,0,1
"CB3  0",8449,7349,2,2,2,0,0,0,0,0,0,61,34,54,447,63,129,63,6,17,14,17,2,22,9,49,21,22,2,4,3,2,2,0,27,1,16,1,1,8,0,0,0,23,12,23,24,3,1,14,0,6,73,12,14,4,0,8,6,0,8,9,4,5,0,3,305,17,14,176,34,40,7,6,8,1,2,0,0,0,0,0,12,0,0,0,0,0,0,0,0,2,0,0,3,0,0,7,1,1,0,0,0,0
"CB3  9",7425,6149,2,0,0,0,0,0,0,0,0,61,38,95,542,49,167,60,2,9,21,25,1,19,14,67,41,28,19,8,9,0,1,2,22,0,8,1,1,12,0,0,0,45,11,22,34,20,1,13,0,0,55,10,18,0,0,9,2,2,2,4,7,1,0,0,335,27,23,206,29,23,3,5,9,3,7,0,0,0,0,0,12,1,0,0,0,0,0,1,2,0,0,1,5,1,0,1,2,2,0,0,0,0
"CB4  1",15260,12627,2,5,3,0,0,2,0,0,0,162,82,178,1228,173,158,353,39,38,54,89,30,73,19,70,44,26,20,18,12,1,0,11,70,11,27,10,2,20,1,1,0,85,40,87,76,11,9,36,10,10,279,20,21,8,0,149,6,2,2,34,19,3,6,9,294,14,23,129,32,29,21,14,3,20,9,0,0,1,1,0,36,0,4,1,0,2,1,1,3,1,0,8,9,0,1,5,1,1,6,3,0,3
"CB4  2",13715,11278,4,1,1,0,0,0,0,0,0,74,59,120,1089,73,76,548,43,21,21,62,32,114,34,25,6,9,7,8,4,0,1,5,41,19,9,5,1,7,0,0,0,84,59,47,59,4,10,35,2,8,459,40,30,17,0,215,22,4,10,20,51,18,25,7,286,31,24,111,24,19,7,8,15,44,3,0,0,0,0,0,44,0,0,0,2,4,1,1,4,1,0,13,2,3,3,10,9,9,2,2,0,0
"CB4  3",11166,9094,1,3,1,0,0,1,0,1,0,149,47,137,836,106,137,288,16,20,32,35,7,44,27,32,32,18,14,4,11,5,1,7,27,4,9,0,1,13,0,0,0,57,37,37,39,11,5,16,0,7,329,15,13,11,0,227,7,0,13,12,10,16,5,0,343,24,30,131,38,43,15,20,6,28,8,0,0,0,0,0,22,0,0,0,0,0,0,1,2,1,0,8,5,3,1,1,6,6,2,0,1,1
"CB5  8",10506,8861,2,1,0,0,0,0,0,1,0,79,50,146,708,93,72,254,24,21,13,55,5,54,23,26,18,21,13,6,5,1,1,3,24,5,5,3,1,10,0,0,0,41,47,72,52,8,13,19,9,3,194,21,13,2,0,91,9,9,5,5,27,5,2,5,198,11,15,78,10,5,30,5,6,32,6,1,2,0,0,0,23,0,0,1,0,2,5,0,0,0,0,10,0,1,1,3,2,2,3,3,0,0
"CB6  1",11914,11432,0,5,0,0,0,0,0,5,0,28,32,17,266,5,19,112,6,5,3,91,8,5,3,4,3,0,1,0,0,0,1,0,3,1,0,1,0,1,0,0,0,15,9,15,1,0,0,0,0,1,43,3,0,10,0,12,2,0,0,5,11,0,0,0,35,4,2,4,2,0,5,3,0,15,0,0,0,0,0,0,9,0,0,0,0,0,0,0,0,0,0,6,2,0,0,1,1,1,3,3,0,0
"CB6  2",11483,11234,2,0,0,0,0,0,0,0,0,15,13,9,143,4,8,63,2,1,2,43,0,2,2,2,2,2,7,1,0,0,0,2,2,0,1,0,0,1,0,0,0,9,3,2,1,0,0,1,0,0,18,0,2,4,0,8,3,0,0,0,0,0,1,0,23,0,1,4,5,1,2,7,0,2,1,0,0,0,0,0,8,0,0,0,0,0,1,0,0,0,0,0,7,0,0,0,0,0,1,1,0,0
"CB6  3",13416,12956,3,0,0,0,0,0,0,0,0,17,24,27,248,10,12,137,3,6,5,54,1,1,6,1,4,2,4,0,0,0,2,0,4,1,0,1,0,2,0,0,0,18,12,10,4,2,0,0,0,2,26,3,4,6,0,2,7,0,0,2,0,0,0,2,48,2,11,16,5,0,0,8,0,6,0,0,0,0,0,0,13,1,0,0,0,1,0,0,0,0,0,1,10,0,0,0,1,1,5,4,0,1
"CB7  4",8224,7547,0,0,0,0,0,0,0,0,0,23,50,31,369,11,15,228,3,6,1,63,7,10,5,3,7,2,4,4,0,0,0,0,0,0,0,0,0,0,0,0,0,31,10,7,2,0,1,0,0,1,33,7,3,5,0,11,0,0,0,0,5,0,0,2,103,4,4,41,12,7,1,22,1,9,2,0,0,0,0,0,17,0,0,0,0,0,1,0,0,0,0,5,6,0,1,4,0,0,1,0,0,1
"CB7  5",17219,16374,1,1,0,0,0,0,1,0,0,18,148,14,545,6,14,378,18,10,7,81,2,10,8,3,2,2,2,2,0,0,0,0,3,0,2,1,0,0,0,0,0,17,10,5,5,0,4,1,0,0,33,7,1,15,0,2,2,0,0,4,2,0,0,0,30,2,3,5,4,1,3,6,0,6,0,0,0,0,0,0,14,0,0,0,0,0,0,1,3,0,0,0,9,0,0,1,1,1,0,0,0,0
"CB8  0",9258,8502,4,1,1,0,0,0,0,0,0,27,34,9,473,12,6,318,17,13,8,47,11,16,7,7,4,5,0,0,0,0,1,1,26,2,2,20,0,2,0,0,0,18,3,0,11,1,0,6,4,0,75,21,28,3,0,13,5,0,0,1,1,2,0,1,59,2,0,5,1,1,2,21,0,27,0,0,0,0,0,0,11,0,0,0,0,0,2,0,0,0,0,2,3,0,1,3,4,4,1,0,0,1
"CB8  7",6220,5692,2,0,0,0,0,0,0,0,0,12,15,10,352,9,6,234,11,9,10,38,7,10,2,1,4,8,3,0,0,0,0,0,8,0,1,4,0,3,0,0,0,7,4,1,2,0,0,2,0,0,67,25,12,1,1,15,1,0,0,6,4,0,2,0,28,1,0,5,3,0,0,10,0,9,0,0,0,0,0,0,14,0,0,0,0,1,0,0,0,0,0,8,3,0,0,2,3,3,3,3,0,0
"CB8  8",8861,8423,0,0,0,0,0,0,0,0,0,27,23,7,249,13,20,120,11,17,15,18,4,4,7,6,7,1,2,1,2,1,0,0,15,6,3,3,0,3,0,0,0,4,4,5,10,0,0,1,9,0,50,16,24,0,0,0,0,1,0,1,3,0,5,0,26,0,1,3,2,0,0,11,0,9,0,0,0,0,0,0,14,0,0,0,0,2,0,0,0,0,0,3,3,0,2,4,3,3,1,1,0,0
"CB8  9",7717,7393,1,2,2,0,0,0,0,0,0,16,16,20,138,12,10,53,3,6,10,16,3,11,1,1,8,1,2,0,0,0,1,0,13,7,2,4,0,0,0,0,0,16,2,6,17,0,5,2,8,2,36,9,3,4,0,8,5,0,2,2,0,0,3,0,24,4,1,10,2,1,4,1,0,0,1,1,0,0,0,0,8,0,0,3,0,0,0,1,2,0,0,0,2,0,0,0,8,8,0,0,0,0
"CB9  0",8058,7661,1,1,1,0,0,0,0,0,0,15,74,8,194,3,4,146,0,0,1,18,0,8,7,1,1,2,0,0,1,0,0,2,12,11,0,1,0,0,0,0,0,14,2,1,2,0,0,1,0,1,33,2,2,0,0,0,4,0,0,3,21,0,0,1,29,5,2,4,0,0,0,2,0,16,0,0,0,0,0,0,6,0,0,0,0,0,0,0,0,0,0,4,0,0,0,2,0,0,5,3,1,1
"CB9  7",9406,9175,0,0,0,0,0,0,0,0,0,14,24,10,107,3,10,63,3,3,9,2,1,2,6,1,3,0,0,0,1,0,0,0,3,0,2,0,0,1,0,0,0,1,1,1,2,0,1,0,1,0,21,1,0,0,0,2,2,1,1,6,5,0,3,0,31,1,3,4,0,2,0,5,0,16,0,0,0,0,0,0,12,0,0,0,0,0,0,3,0,0,0,4,5,0,0,0,1,1,3,2,0,1
"CB9  8",5772,5313,1,0,0,0,0,0,0,0,0,6,96,7,280,1,4,209,10,2,3,26,2,4,11,3,1,0,1,0,1,0,2,0,6,4,0,1,0,1,0,0,0,25,0,3,1,0,0,1,0,0,23,1,3,0,0,4,0,2,0,0,12,0,1,0,5,0,1,2,0,0,0,0,0,2,0,0,0,0,0,0,5,0,0,0,0,0,0,0,0,0,0,5,0,0,0,0,0,0,1,0,0,1
"CB9  9",8216,7871,0,1,1,0,0,0,0,0,0,6,34,4,163,0,1,113,4,3,14,5,0,7,9,2,5,0,0,0,0,0,0,0,1,1,0,0,0,0,0,0,0,7,19,8,0,0,0,0,0,0,40,2,1,2,0,5,10,0,0,3,15,0,2,0,59,0,10,6,1,0,0,3,0,38,1,0,0,0,0,0,3,0,0,0,0,0,0,1,0,0,0,2,0,0,0,0,0,0,0,0,0,0
"CH1  1",888,822,6,0,0,0,0,0,0,0,0,1,3,4,32,2,4,10,1,0,0,1,0,2,7,2,0,1,1,1,0,0,0,0,0,0,0,0,0,0,0,0,0,2,4,3,0,0,0,0,0,0,5,0,0,0,0,3,0,0,0,1,1,0,0,0,6,0,0,1,4,0,0,1,0,0,0,0,0,0,0,0,0,0,0,0,0,0,0,0,0,0,0,0,0,0,0,0,0,0,0,0,0,0
"CH1  2",933,896,2,0,0,0,0,0,0,0,0,5,0,0,23,2,3,7,0,0,1,0,0,0,2,3,4,0,1,0,0,0,0,0,0,0,0,0,0,0,0,0,0,1,0,0,2,0,0,1,0,1,1,0,0,0,0,0,0,0,0,0,0,0,0,1,3,0,0,1,2,0,0,0,0,0,0,0,0,0,0,0,0,0,0,0,0,0,0,0,0,0,0,0,0,0,0,0,0,0,0,0,0,0
"CH1  3",3552,3222,11,0,0,0,0,0,0,0,0,11,8,15,194,5,6,135,8,0,0,1,1,13,15,2,3,2,0,0,1,0,0,2,3,1,1,0,0,1,0,0,0,1,10,4,6,0,4,0,0,2,30,0,9,0,0,11,0,0,5,3,0,1,1,0,25,0,4,5,2,1,1,3,0,8,1,0,0,0,0,0,8,0,0,0,0,0,1,0,2,0,0,0,0,1,0,4,0,0,4,4,0,0
"CH1  4",6608,6217,29,0,0,0,0,0,0,0,0,12,4,17,227,14,16,126,6,2,3,1,1,22,16,1,1,3,1,7,3,0,2,2,1,0,0,0,0,1,0,0,0,4,8,2,6,0,0,2,0,4,33,0,8,3,0,14,2,0,4,1,0,0,0,1,40,2,1,14,4,0,0,15,0,4,0,0,0,0,0,0,3,0,0,0,0,0,0,0,0,0,1,0,1,0,0,1,0,0,5,3,2,0
"CH1  5",12838,12483,7,3,0,0,0,0,0,3,0,13,2,3,235,7,8,175,8,3,1,11,1,10,7,2,0,1,0,0,0,0,1,0,1,0,1,0,0,0,0,0,0,5,6,6,3,0,0,3,0,0,25,3,0,0,0,7,5,1,0,0,6,1,1,1,25,0,2,4,1,0,5,5,0,8,0,0,0,0,0,0,10,1,0,0,0,0,0,0,1,0,0,0,3,0,0,5,2,2,9,7,1,1
"CH1  6",4802,4721,8,0,0,0,0,0,0,0,0,5,0,2,33,0,2,23,0,0,1,2,0,1,0,0,4,0,0,0,0,0,0,0,0,0,0,0,0,0,0,0,0,1,2,2,0,0,0,0,0,0,15,0,0,0,0,9,0,0,0,0,6,0,0,0,3,0,0,0,0,0,0,3,0,0,0,3,0,0,0,0,2,0,0,0,0,0,0,0,1,0,0,0,0,0,0,1,1,1,4,4,0,0
"CH2  1",9104,8810,17,1,0,0,0,0,0,1,0,3,1,23,88,9,9,37,0,1,0,5,0,5,6,2,13,1,0,0,0,0,0,0,5,0,2,0,0,3,0,0,0,3,9,15,2,0,0,2,0,0,82,4,1,3,0,40,2,0,5,6,13,4,1,3,38,4,6,1,6,2,0,0,1,12,6,4,0,0,0,0,2,0,0,0,0,0,0,0,0,0,0,1,1,0,0,0,0,0,1,1,0,0
"CH2  2",7447,7063,11,0,0,0,0,0,0,0,0,16,5,13,170,13,12,103,6,5,5,1,0,6,7,4,4,0,0,1,1,0,1,1,3,0,0,0,0,3,0,0,0,9,10,6,9,0,3,4,0,2,72,11,8,5,0,33,0,0,3,3,5,2,0,2,49,1,8,5,8,0,0,7,5,12,3,0,0,0,0,0,5,0,0,0,0,0,2,0,0,0,0,1,2,0,0,0,2,2,4,4,0,0
"CH2  3",9292,8834,32,1,0,0,0,1,0,0,0,15,10,17,237,11,9,133,11,6,4,14,0,17,11,3,6,4,3,3,0,1,0,1,5,0,3,0,0,2,0,0,0,2,12,8,6,0,1,2,0,3,62,0,3,1,0,36,3,0,0,4,15,0,0,0,36,0,3,1,5,1,0,16,0,10,0,0,0,0,0,0,10,6,0,0,0,0,0,0,0,0,0,2,0,1,0,1,2,2,3,3,0,0
"CH2  4",7311,7178,13,0,0,0,0,0,0,0,0,2,4,6,46,2,4,26,6,0,0,2,0,1,0,1,3,1,0,0,0,0,0,0,1,0,0,1,0,0,0,0,0,1,2,2,3,0,0,3,0,0,19,6,0,1,0,2,0,0,0,6,2,0,0,2,17,0,4,1,1,0,0,2,1,8,0,8,0,0,0,0,2,0,0,0,0,0,0,0,0,1,0,0,0,1,0,0,2,2,5,5,0,0
"CH3  5",11843,11511,34,0,0,0,0,0,0,0,0,7,8,10,152,5,12,67,6,4,9,1,4,22,9,5,7,0,1,0,0,0,0,0,0,0,0,0,0,0,0,0,0,6,8,3,0,0,0,0,0,0,46,4,3,9,0,14,2,0,0,3,5,0,2,4,51,4,8,18,9,0,2,7,0,3,0,0,0,0,0,0,1,1,0,0,0,0,0,0,0,0,0,0,0,0,0,0,3,3,3,3,0,0
"CH3  6",4681,4610,8,0,0,0,0,0,0,0,0,3,1,11,27,0,7,11,1,2,1,4,0,1,0,0,0,0,0,0,0,0,0,0,1,0,0,0,1,0,0,0,0,0,0,1,2,1,0,1,0,0,4,0,1,0,0,3,0,0,0,0,0,0,0,0,13,0,1,3,3,0,0,4,2,0,0,0,0,0,0,0,0,0,0,0,0,0,0,0,0,0,0,0,0,0,0,0,0,0,0,0,0,0
"CH3  7",6723,6636,7,1,0,0,0,1,0,0,0,9,1,3,23,3,5,4,0,2,0,0,0,0,1,1,3,3,1,0,0,0,0,0,1,0,0,0,1,0,0,0,0,0,4,1,3,1,0,2,0,0,23,1,4,1,0,11,4,0,0,2,0,0,0,0,9,0,1,1,1,0,0,3,0,2,1,0,0,0,0,0,0,0,0,0,0,0,0,0,0,0,0,0,0,0,0,0,0,0,2,1,1,0
"CH3  8",3888,3853,2,0,0,0,0,0,0,0,0,4,2,1,8,0,5,1,0,2,0,0,0,0,0,0,0,0,0,0,0,0,0,0,0,0,0,0,0,0,0,0,0,1,6,1,0,0,0,0,0,0,5,0,0,0,0,0,0,0,0,0,0,0,3,2,3,1,0,0,0,0,0,0,0,2,0,0,0,0,0,0,2,0,0,0,0,0,0,0,0,0,0,0,1,0,1,0,0,0,0,0,0,0
"CH3  9",3958,3913,2,1,0,0,0,0,0,1,0,3,2,1,21,1,4,11,0,1,0,0,0,0,0,0,3,1,0,0,0,0,0,0,3,0,0,0,0,3,0,0,0,1,1,0,0,0,0,0,0,0,4,0,1,0,0,0,0,0,0,0,0,0,3,0,4,1,0,0,2,0,0,1,0,0,0,0,0,0,0,0,2,0,0,0,0,0,1,1,0,0,0,0,0,0,0,0,0,0,0,0,0,0
"CH4  0",9904,9786,0,3,3,0,0,0,0,0,0,3,3,5,56,4,5,28,0,1,0,1,0,12,1,1,1,2,0,0,0,0,0,0,1,0,0,0,0,1,0,0,0,1,3,0,2,0,2,0,0,0,17,0,0,0,0,15,0,0,0,2,0,0,0,0,16,1,4,5,3,1,0,1,0,1,0,0,0,0,0,0,2,0,0,0,0,0,0,0,1,0,0,0,0,0,0,1,0,0,6,4,1,1
"CH4  7",6870,6604,19,0,0,0,0,0,0,0,0,14,6,17,128,7,10,81,6,1,1,3,0,5,4,0,3,5,0,1,0,1,0,0,1,0,0,0,0,1,0,0,0,5,2,7,5,0,0,5,0,0,36,3,2,0,0,13,0,1,7,7,2,0,0,1,25,1,2,12,1,0,0,8,0,1,0,0,0,0,0,0,1,1,0,0,0,0,0,0,0,0,0,0,0,0,0,0,0,0,0,0,0,0
"CH4  8",10996,10620,16,0,0,0,0,0,0,0,0,10,1,14,227,15,4,153,4,2,2,16,0,5,11,1,5,2,4,0,0,0,0,3,4,0,0,2,1,1,0,0,0,6,5,1,7,0,1,5,0,1,39,4,2,0,0,19,2,0,2,9,0,0,0,1,30,1,10,11,2,0,1,4,0,1,0,0,0,0,0,0,4,0,0,0,0,0,0,1,1,0,0,0,2,0,0,0,7,7,5,4,1,0
"CH4  9",3438,3396,3,1,0,0,0,1,0,0,0,1,1,2,24,1,1,16,1,0,0,1,0,0,0,0,3,0,0,1,0,0,0,0,0,0,0,0,0,0,0,0,0,0,0,0,1,0,0,0,0,1,2,0,0,0,0,0,0,0,0,2,0,0,0,0,7,1,0,0,1,0,0,1,0,2,2,0,0,0,0,0,0,0,0,0,0,0,0,0,0,0,0,0,0,0,0,0,0,0,0,0,0,0
"CH41 0",3467,3431,0,0,0,0,0,0,0,0,0,0,0,4,6,0,0,1,0,0,4,0,0,0,0,1,0,0,0,0,0,0,0,0,1,1,0,0,0,0,0,0,0,0,0,0,2,0,2,0,0,0,6,0,0,0,0,0,0,0,0,0,6,0,0,0,16,5,2,3,0,0,0,1,0,5,0,0,0,0,0,0,1,0,0,0,0,0,0,0,0,0,0,0,1,0,0,0,0,0,0,0,0,0
"CH41 1",509,496,0,0,0,0,0,0,0,0,0,1,0,0,2,0,1,0,0,0,0,0,0,0,0,0,1,0,0,0,0,0,0,0,0,0,0,0,0,0,0,0,0,2,1,3,0,0,0,0,0,0,3,1,0,0,0,0,0,0,0,0,0,2,0,0,1,0,0,0,0,0,0,0,0,1,0,0,0,0,0,0,0,0,0,0,0,0,0,0,0,0,0,0,0,0,0,0,0,0,0,0,0,0
"CH41 2",2796,2598,0,0,0,0,0,0,0,0,0,6,1,0,43,1,1,33,2,0,0,3,0,0,0,2,0,0,0,1,0,0,0,0,2,0,1,1,0,0,0,0,0,4,4,4,2,0,1,1,0,0,77,4,0,0,0,62,0,0,0,0,8,2,0,1,54,2,13,27,1,0,5,1,1,4,0,0,0,0,0,0,0,0,0,0,0,0,0,0,0,0,0,0,0,0,0,0,0,0,1,1,0,0
"CH41 3",1226,1178,0,0,0,0,0,0,0,0,0,0,0,0,25,0,0,23,0,1,0,0,0,1,0,0,0,0,0,0,0,0,0,0,0,0,0,0,0,0,0,0,0,0,1,5,0,0,0,0,0,0,2,0,0,0,0,2,0,0,0,0,0,0,0,0,13,2,6,3,1,0,0,1,0,0,0,0,0,0,0,0,1,0,0,0,0,0,0,0,0,0,0,0,0,0,1,0,0,0,1,1,0,0
"CH41 4",2839,2754,0,2,0,0,0,2,0,0,0,1,0,1,15,0,0,10,1,0,3,0,0,0,0,0,1,0,0,0,0,0,0,0,0,0,0,0,0,0,0,0,0,0,2,0,2,0,1,1,0,0,29,0,5,0,0,23,0,0,0,0,0,1,0,0,26,2,13,11,0,0,0,0,0,0,0,0,0,0,0,0,0,0,0,0,0,0,0,0,0,0,0,0,0,0,0,0,2,2,5,5,0,0
"CH41 5",706,684,0,0,0,0,0,0,0,0,0,0,0,3,14,2,0,7,3,0,0,0,0,0,0,1,0,0,1,0,0,0,0,0,0,0,0,0,0,0,0,0,0,0,0,2,0,0,0,0,0,0,0,0,0,0,0,0,0,0,0,0,0,0,0,0,2,0,1,0,0,0,0,1,0,0,0,0,0,0,0,0,0,0,0,0,0,0,0,0,0,0,0,0,0,0,0,0,0,0,1,1,0,0
"CH41 6",144,137,0,0,0,0,0,0,0,0,0,0,0,0,5,0,0,4,0,0,0,0,0,0,1,0,0,0,0,0,0,0,0,0,0,0,0,0,0,0,0,0,0,0,0,1,0,0,0,0,0,0,0,0,0,0,0,0,0,0,0,0,0,0,0,0,1,0,0,1,0,0,0,0,0,0,0,0,0,0,0,0,0,0,0,0,0,0,0,0,0,0,0,0,0,0,0,0,0,0,0,0,0,0
"CH41 7",2111,2064,0,1,1,0,0,0,0,0,0,0,0,3,19,0,0,12,0,0,0,4,0,0,0,0,0,0,0,3,0,0,0,0,0,0,0,0,0,0,0,0,0,0,1,0,1,0,0,0,1,0,11,0,0,4,0,4,0,0,0,0,3,0,0,0,10,0,6,1,1,0,0,1,1,0,0,0,0,0,0,0,0,0,0,0,0,0,0,0,0,0,0,0,0,0,0,0,1,1,0,0,0,0
"CH41 8",2412,2362,0,2,0,0,0,0,0,2,0,0,0,2,34,0,0,30,0,0,4,0,0,0,0,0,0,0,0,0,0,0,0,0,0,0,0,0,0,0,0,0,0,0,5,1,0,0,0,0,0,0,2,0,0,0,0,0,0,0,0,0,0,0,0,2,4,1,2,1,0,0,0,0,0,0,0,0,0,0,0,0,0,0,0,0,0,0,0,0,0,0,0,0,0,0,0,0,0,0,0,0,0,0
"CH41 9",1534,1483,0,0,0,0,0,0,0,0,0,0,1,2,10,0,0,3,1,2,2,2,0,0,0,0,0,0,0,0,0,0,0,0,0,0,0,0,0,0,0,0,0,0,1,0,0,0,0,0,0,0,26,3,1,2,0,12,0,0,0,7,1,0,0,0,10,2,1,6,0,0,0,0,1,0,0,0,0,0,0,0,0,0,0,0,0,0,0,0,0,0,0,0,0,0,0,0,0,0,1,1,0,0
"CH42 0",2548,2319,1,0,0,0,0,0,0,0,0,1,3,3,53,1,0,36,2,0,2,4,0,6,0,0,0,0,0,1,0,0,0,1,1,0,0,1,0,0,0,0,0,2,3,1,4,0,4,0,0,0,131,0,0,0,0,105,2,0,0,2,20,0,0,2,25,0,10,14,0,0,0,0,0,1,0,0,0,0,0,0,1,0,0,0,0,0,0,0,0,0,0,1,0,0,0,0,0,0,0,0,0,0
"CH42 1",3144,3075,3,0,0,0,0,0,0,0,0,0,0,0,37,0,0,20,5,1,3,0,2,0,1,5,0,0,0,0,0,0,0,0,0,0,0,0,0,0,0,0,0,1,0,0,1,0,1,0,0,0,11,0,0,0,0,2,0,0,0,5,2,0,0,2,11,0,4,2,1,0,0,1,0,3,0,0,0,0,0,0,5,0,0,0,0,0,5,0,0,0,0,0,0,0,0,0,0,0,0,0,0,0
"CH42 2",2106,2049,1,0,0,0,0,0,0,0,0,1,0,0,13,2,1,5,0,0,0,0,0,2,1,1,1,0,0,0,0,0,0,0,0,0,0,0,0,0,0,0,0,0,1,0,1,0,1,0,0,0,13,0,0,0,0,8,0,0,0,5,0,0,0,0,24,0,11,9,0,0,0,1,0,3,0,0,0,0,0,0,1,0,0,0,0,0,0,0,0,0,0,1,0,0,0,0,0,0,2,0,0,2
"CH42 3",2525,2451,2,0,0,0,0,0,0,0,0,0,4,1,24,0,4,14,4,0,2,0,0,0,0,0,0,0,0,0,0,0,0,0,0,0,0,0,0,0,0,0,0,0,3,0,3,0,0,1,2,0,11,0,0,0,0,1,0,0,0,10,0,0,0,0,26,1,10,11,0,0,0,0,0,4,0,0,0,0,0,0,0,0,0,0,0,0,0,0,0,0,0,0,0,0,0,0,0,0,0,0,0,0
"CH42 4",3785,3729,0,0,0,0,0,0,0,0,0,0,2,0,11,0,1,7,0,1,0,0,0,1,1,0,0,0,0,0,0,0,0,0,1,0,0,0,0,1,0,0,0,3,0,2,0,0,0,0,0,0,9,0,0,0,0,5,0,0,0,0,4,0,0,0,26,1,4,10,2,0,1,0,0,8,0,0,0,0,0,0,0,0,0,0,0,0,0,0,0,0,0,0,0,0,0,0,1,1,1,1,0,0
"CH42 5",2869,2794,1,0,0,0,0,0,0,0,0,1,1,3,18,0,2,14,0,0,2,0,0,0,0,0,0,0,0,0,0,0,0,0,0,0,0,0,0,0,0,0,0,1,0,5,0,0,0,0,0,0,16,0,0,0,0,13,0,0,0,0,3,0,0,0,27,0,11,12,1,0,0,1,0,2,0,0,0,0,0,0,2,0,0,0,0,0,0,0,0,0,0,2,0,0,0,0,0,0,0,0,0,0
"CH42 6",4236,4158,3,0,0,0,0,0,0,0,0,0,0,2,11,2,2,0,2,0,1,2,0,0,0,0,1,0,0,1,0,0,0,0,0,0,0,0,0,0,0,0,0,0,1,0,1,0,0,1,0,0,26,0,0,3,0,23,0,0,0,0,0,0,0,0,31,0,14,8,0,0,0,0,1,7,1,0,0,0,0,0,1,0,0,0,0,0,0,0,0,0,0,0,0,0,0,1,2,2,0,0,0,0
"CH42 7",2202,2120,0,0,0,0,0,0,0,0,0,1,0,2,48,0,0,28,4,0,3,0,0,12,0,0,0,0,1,0,0,0,0,0,1,1,0,0,0,0,0,0,0,0,1,0,0,0,0,0,0,0,13,0,0,0,0,11,0,0,0,2,0,0,0,0,13,1,6,5,0,0,0,0,0,1,0,0,0,0,0,0,0,0,0,0,0,0,0,0,0,0,0,0,0,0,0,0,2,2,1,0,0,1
"CH42 8",2450,2427,0,0,0,0,0,0,0,0,0,0,0,1,8,1,0,6,0,0,0,0,0,0,0,1,0,0,0,0,0,0,0,0,0,0,0,0,0,0,0,0,0,0,0,0,0,0,0,0,0,0,4,0,0,0,0,1,0,0,0,3,0,0,0,0,6,0,2,3,0,0,0,1,0,0,0,0,0,0,0,0,1,0,0,0,0,0,0,0,0,0,0,1,0,0,0,0,0,0,3,2,1,0
"CH42 9",3720,3602,0,0,0,0,0,0,0,0,0,0,0,4,65,1,1,35,2,5,7,3,0,9,0,2,0,0,0,0,0,0,0,0,0,0,0,0,0,0,0,0,0,0,3,0,1,0,1,0,0,0,25,0,2,0,0,9,0,0,0,0,14,0,0,0,16,4,4,1,0,1,0,0,0,6,0,0,0,0,0,0,1,0,0,0,0,0,1,0,0,0,0,0,0,0,0,0,1,1,2,1,1,0
"CH43 0",5248,5200,2,0,0,0,0,0,0,0,0,4,0,0,8,2,0,3,0,0,0,0,0,0,0,2,0,0,0,1,0,0,0,0,0,0,0,0,0,0,0,0,0,0,0,0,0,0,0,0,0,0,12,4,0,2,0,2,0,0,0,0,2,2,0,0,22,2,11,3,0,0,0,2,0,4,0,0,0,0,0,0,0,0,0,0,0,0,0,0,0,0,0,0,0,0,0,0,0,0,0,0,0,0
"CH43 1",2685,2643,1,0,0,0,0,0,0,0,0,3,1,1,13,1,4,6,0,0,2,0,0,0,0,0,0,0,0,0,0,0,0,0,1,1,0,0,0,0,0,0,0,1,0,1,4,0,1,3,0,0,8,0,0,0,0,6,0,0,0,0,0,0,0,2,5,0,4,1,0,0,0,0,0,0,0,1,0,0,0,0,0,0,0,0,0,0,0,0,0,0,0,0,0,0,0,0,0,0,2,2,0,0
"CH43 2",4262,4186,2,0,0,0,0,0,0,0,0,5,1,2,21,2,2,10,1,0,2,0,0,0,0,0,2,1,1,0,0,0,0,0,0,0,0,0,0,0,0,0,0,2,0,0,1,0,0,0,0,1,18,1,0,1,0,11,0,0,0,3,2,0,0,0,23,0,9,11,0,0,0,0,0,3,0,0,0,0,0,0,0,0,0,0,0,0,0,0,0,0,0,0,0,0,0,0,0,0,1,0,0,1
"CH43 3",2523,2488,0,0,0,0,0,0,0,0,0,1,0,0,10,0,3,6,0,0,0,0,0,0,0,1,0,0,0,0,0,0,0,0,0,0,0,0,0,0,0,0,0,0,2,2,0,0,0,0,0,0,12,4,0,0,0,0,0,0,0,0,8,0,0,0,6,0,2,1,0,0,0,1,0,2,0,0,0,0,0,0,0,0,0,0,0,0,0,0,0,0,0,0,0,0,0,0,0,0,2,2,0,0
"CH43 4",2763,2695,3,0,0,0,0,0,0,0,0,2,0,2,25,0,0,18,0,3,0,0,0,1,0,1,1,0,1,0,0,0,0,0,0,0,0,0,0,0,0,0,0,0,0,6,1,0,1,0,0,0,7,1,0,0,0,3,0,0,0,0,3,0,0,0,19,0,3,10,0,0,0,4,0,2,0,0,0,0,0,0,2,0,0,0,0,0,0,0,0,0,0,0,0,0,0,2,1,1,0,0,0,0
"CH43 5",3459,3407,1,0,0,0,0,0,0,0,0,2,0,1,24,2,0,15,2,2,0,0,0,2,0,1,0,0,0,0,0,0,0,0,0,0,0,0,0,0,0,0,0,0,2,3,2,0,1,1,0,0,8,2,0,0,0,0,1,0,0,1,4,0,0,0,8,0,4,2,0,0,0,0,0,2,0,0,0,0,0,0,0,0,0,0,0,0,0,0,0,0,0,0,0,0,0,0,0,0,1,1,0,0
"CH43 6",1686,1653,2,0,0,0,0,0,0,0,0,1,1,0,8,1,1,3,1,0,0,0,0,0,0,0,2,0,0,0,0,0,0,0,0,0,0,0,0,0,0,0,0,2,0,1,1,0,0,1,0,0,6,1,2,0,0,1,0,0,0,2,0,0,0,0,11,0,0,4,1,1,0,0,0,5,0,0,0,0,0,0,0,0,0,0,0,0,0,0,0,0,0,0,0,0,0,0,0,0,0,0,0,0
"CH43 7",5438,5324,2,0,0,0,0,0,0,0,0,3,3,1,32,0,1,27,0,0,0,0,0,0,0,3,1,0,0,0,0,0,0,0,1,0,1,0,0,0,0,0,0,1,5,1,2,0,2,0,0,0,35,1,2,12,0,4,0,0,0,6,10,0,0,0,19,0,6,8,0,0,1,1,0,2,1,1,0,0,0,0,7,0,0,0,0,0,0,0,4,0,0,2,1,0,0,0,0,0,1,0,0,1
"CH43 8",1688,1669,3,0,0,0,0,0,0,0,0,2,0,1,4,0,1,1,0,0,0,0,0,0,1,0,0,1,0,0,0,0,0,0,0,0,0,0,0,0,0,0,0,1,0,0,1,0,0,1,0,0,4,0,0,3,0,0,0,0,0,0,0,1,0,0,3,0,0,2,0,0,0,0,0,1,0,0,0,0,0,0,0,0,0,0,0,0,0,0,0,0,0,0,0,0,0,0,0,0,0,0,0,0
"CH43 9",7895,7745,0,1,0,0,0,0,0,1,0,3,0,5,30,1,9,12,0,1,0,0,0,0,0,0,2,1,2,1,0,0,1,0,1,0,0,0,0,1,0,0,0,1,2,1,2,0,0,2,0,0,42,5,0,1,0,6,1,0,2,2,24,0,0,1,60,2,24,18,2,4,3,2,0,3,2,0,0,0,0,0,0,0,0,0,0,0,0,0,0,0,0,0,0,0,0,0,0,0,2,2,0,0
"CH44 0",2996,2927,2,0,0,0,0,0,0,0,0,2,1,2,33,0,1,22,0,1,5,0,0,2,0,1,0,0,0,0,1,0,0,0,0,0,0,0,0,0,0,0,0,0,0,0,1,0,0,1,0,0,17,0,1,5,0,9,0,0,0,0,0,0,0,2,7,0,0,7,0,0,0,0,0,0,0,0,0,0,0,0,4,0,0,0,0,0,0,0,3,0,0,1,0,0,0,0,0,0,0,0,0,0
"CH44 1",2623,2585,1,0,0,0,0,0,0,0,0,0,1,1,10,0,1,7,0,0,0,0,0,0,0,1,1,0,0,0,0,0,0,0,0,0,0,0,0,0,0,0,0,0,0,1,1,0,0,1,0,0,4,0,0,0,0,0,0,0,2,2,0,0,0,0,15,1,1,8,0,0,0,1,0,2,2,0,0,0,0,0,0,0,0,0,0,0,0,0,0,0,0,0,0,0,0,0,0,0,4,3,1,0
"CH44 2",2708,2670,1,0,0,0,0,0,0,0,0,1,1,1,8,1,0,1,2,3,0,1,0,0,0,0,0,0,0,0,0,0,0,0,0,0,0,0,0,0,0,0,0,1,0,0,2,0,0,2,0,0,10,0,0,0,0,4,0,0,0,6,0,0,0,0,11,0,7,2,0,0,0,0,1,0,1,0,0,0,0,0,0,0,0,0,0,0,0,0,0,0,0,0,0,0,0,0,0,0,2,2,0,0
"CH44 3",2401,2372,0,0,0,0,0,0,0,0,0,0,0,0,10,1,2,3,0,0,0,0,0,0,2,1,0,1,0,0,0,0,0,0,0,0,0,0,0,0,0,0,0,2,1,0,1,1,0,0,0,0,9,0,0,3,0,0,0,0,0,6,0,0,0,0,6,0,2,2,0,0,0,2,0,0,0,0,0,0,0,0,0,0,0,0,0,0,0,0,0,0,0,0,0,0,0,0,0,0,0,0,0,0
"CH44 4",4135,4055,1,0,0,0,0,0,0,0,0,2,4,0,29,0,0,22,4,0,0,0,0,3,0,0,0,0,0,0,0,0,0,0,1,0,0,0,0,1,0,0,0,2,1,5,1,0,1,0,0,0,13,1,0,3,0,9,0,0,0,0,0,0,0,0,14,2,4,6,0,0,1,1,0,0,0,0,0,0,0,0,1,0,0,0,0,0,0,0,0,0,0,0,1,0,0,0,0,0,6,6,0,0
"CH44 5",2947,2900,0,0,0,0,0,0,0,0,0,1,1,0,16,0,2,14,0,0,0,0,0,0,0,0,0,0,0,0,0,0,0,0,0,0,0,0,0,0,0,0,0,0,1,1,1,0,0,0,1,0,9,0,0,0,0,3,0,0,0,0,5,0,0,1,12,1,8,1,0,0,1,0,0,1,0,0,0,0,0,0,0,0,0,0,0,0,0,0,0,0,0,0,0,0,0,0,0,0,5,4,1,0
"CH44 6",2465,2432,0,0,0,0,0,0,0,0,0,0,0,0,8,0,0,7,0,0,1,0,0,0,0,0,0,0,0,0,0,0,0,0,0,0,0,0,0,0,0,0,0,1,1,0,2,0,1,1,0,0,9,0,0,0,0,6,0,0,0,2,0,1,0,0,10,2,0,4,0,0,0,0,0,4,0,0,0,0,0,0,2,0,0,0,0,0,0,0,0,0,0,0,0,0,2,0,0,0,0,0,0,0
"CH44 7",1692,1654,1,0,0,0,0,0,0,0,0,1,0,0,19,0,0,14,0,0,0,1,0,4,0,0,0,0,0,0,0,0,0,0,0,0,0,0,0,0,0,0,0,1,6,2,1,0,1,0,0,0,6,0,0,0,0,2,2,0,0,2,0,0,0,0,1,0,0,0,0,0,1,0,0,0,0,0,0,0,0,0,0,0,0,0,0,0,0,0,0,0,0,0,0,0,0,0,0,0,0,0,0,0
"CH44 8",3049,2964,1,0,0,0,0,0,0,0,0,0,0,2,42,0,1,33,0,4,3,0,0,0,1,0,0,0,0,0,0,0,0,0,0,0,0,0,0,0,0,0,0,1,3,1,1,0,0,1,0,0,15,0,0,2,0,11,0,0,0,1,0,0,0,1,13,0,4,4,0,0,0,0,0,5,0,0,0,0,0,0,0,0,0,0,0,0,0,0,0,0,0,0,0,0,0,0,0,0,6,4,0,2
"CH44 9",3625,3554,0,0,0,0,0,0,0,0,0,6,2,0,23,1,0,19,0,0,2,0,0,0,0,0,1,0,0,0,0,0,0,0,0,0,0,0,0,0,0,0,0,2,2,1,2,0,2,0,0,0,22,0,0,0,0,13,0,0,0,9,0,0,0,0,9,0,0,7,0,0,0,1,0,1,0,0,0,0,0,0,0,0,0,0,0,0,0,0,0,0,0,0,0,0,0,0,0,0,2,1,0,1
"CH45 0",1638,1625,1,0,0,0,0,0,0,0,0,1,0,0,1,0,1,0,0,0,0,0,0,0,0,0,0,0,0,0,0,0,0,0,0,0,0,0,0,0,0,0,0,0,0,0,1,0,1,0,0,0,5,0,0,0,0,3,2,0,0,0,0,0,0,0,2,0,0,0,0,0,0,0,0,1,1,0,0,1,0,1,0,0,0,0,0,0,0,0,0,0,0,0,0,0,0,0,0,0,1,1,0,0
"CH45 1",2704,2670,0,0,0,0,0,0,0,0,0,2,1,2,15,1,2,10,0,0,1,0,0,0,0,0,1,0,0,0,0,0,0,0,0,0,0,0,0,0,0,0,0,0,1,2,0,0,0,0,0,0,7,0,0,0,0,5,0,0,0,2,0,0,0,0,3,0,0,2,1,0,0,0,0,0,0,0,0,0,0,0,1,0,0,0,0,0,0,0,0,0,0,1,0,0,0,0,0,0,0,0,0,0
"CH45 2",2465,2377,2,0,0,0,0,0,0,0,0,2,1,3,59,3,3,40,2,1,0,1,0,5,0,0,1,1,0,2,0,0,0,0,2,0,0,0,1,1,0,0,0,0,0,0,2,0,0,2,0,0,6,0,0,0,0,3,3,0,0,0,0,0,0,0,6,4,0,1,0,0,0,0,1,0,0,0,0,0,0,0,1,0,0,0,0,0,0,0,0,0,0,1,0,0,0,0,0,0,4,2,0,2
"CH45 3",2497,2471,0,0,0,0,0,0,0,0,0,3,0,0,5,1,0,3,0,0,0,0,0,0,0,1,0,0,0,0,0,0,0,0,0,0,0,0,0,0,0,0,0,0,3,1,1,0,0,1,0,0,10,0,0,1,0,3,0,0,0,6,0,0,0,0,1,0,1,0,0,0,0,0,0,0,0,0,0,0,0,0,1,0,0,0,0,0,0,0,0,0,0,0,1,0,0,0,0,0,1,0,0,1
"CH45 4",3723,3689,1,0,0,0,0,0,0,0,0,0,0,0,12,0,1,2,1,1,0,0,0,0,0,5,0,1,0,0,0,0,1,0,0,0,0,0,0,0,0,0,0,0,0,3,1,0,1,0,0,0,1,0,0,0,0,0,0,0,0,0,1,0,0,0,14,0,2,9,1,0,0,0,0,2,0,0,0,0,0,0,1,0,0,0,0,0,0,1,0,0,0,0,0,0,0,0,0,0,1,1,0,0
"CH45 5",4651,4593,0,0,0,0,0,0,0,0,0,2,1,0,22,0,2,14,0,0,0,0,0,1,0,3,1,0,1,0,0,0,0,0,2,2,0,0,0,0,0,0,0,1,1,0,2,0,0,2,0,0,11,0,0,0,0,9,2,0,0,0,0,0,0,0,6,0,0,5,1,0,0,0,0,0,0,0,0,0,0,0,1,0,0,0,0,0,0,0,1,0,0,0,0,0,0,0,0,0,9,9,0,0
"CH45 6",2458,2448,1,0,0,0,0,0,0,0,0,0,1,0,0,0,0,0,0,0,0,0,0,0,0,0,0,0,0,0,0,0,0,0,0,0,0,0,0,0,0,0,0,0,0,0,0,0,0,0,0,0,2,0,2,0,0,0,0,0,0,0,0,0,0,0,4,0,0,2,1,0,0,1,0,0,0,0,0,0,0,0,1,0,0,0,0,0,0,0,0,0,0,0,0,0,1,0,0,0,1,1,0,0
"CH45 7",3359,3310,0,0,0,0,0,0,0,0,0,0,0,1,14,0,3,6,0,0,2,0,0,0,0,0,0,0,0,2,0,0,1,0,0,0,0,0,0,0,0,0,0,0,0,0,5,0,1,4,0,0,18,0,0,0,0,6,0,0,0,12,0,0,0,0,7,0,0,3,0,0,0,2,0,1,1,0,0,0,0,0,2,0,0,0,0,0,0,0,0,0,0,0,0,0,0,2,0,0,2,2,0,0
"CH45 8",4372,4314,2,0,0,0,0,0,0,0,0,0,0,3,27,0,1,23,0,0,0,0,0,1,0,1,0,0,0,0,0,0,1,0,1,0,1,0,0,0,0,0,0,2,0,2,0,0,0,0,0,0,5,0,0,1,0,0,0,0,0,4,0,0,0,0,16,0,10,3,0,0,2,1,0,0,0,0,0,0,0,0,0,0,0,0,0,0,0,0,0,0,0,0,0,0,0,0,0,0,0,0,0,0
"CH45 9",2037,1978,3,0,0,0,0,0,0,0,0,0,2,2,17,2,1,3,0,0,1,0,0,7,0,0,3,0,0,0,0,0,0,0,1,0,0,1,0,0,0,0,0,1,0,1,0,0,0,0,0,0,13,6,0,0,0,7,0,0,0,0,0,0,0,0,16,2,2,11,0,0,1,0,0,0,0,0,0,0,0,0,1,0,0,0,0,0,0,0,0,0,0,0,1,0,0,0,0,0,2,2,0,0
"CH46 0",3616,3575,1,0,0,0,0,0,0,0,0,2,0,1,13,0,2,8,0,0,0,0,0,0,0,2,1,0,0,0,0,0,0,0,0,0,0,0,0,0,0,0,0,0,0,0,2,0,2,0,0,0,13,0,0,1,0,7,0,0,0,4,0,0,0,1,6,0,1,1,1,0,1,2,0,0,0,0,0,0,0,0,0,0,0,0,0,0,0,0,0,0,0,0,0,0,0,0,0,0,3,2,0,1
"CH46 1",2615,2580,4,0,0,0,0,0,0,0,0,0,0,0,18,0,1,15,1,0,0,1,0,0,0,0,0,0,0,0,0,0,0,0,0,0,0,0,0,0,0,0,0,0,1,1,1,0,0,0,0,1,2,0,1,0,0,1,0,0,0,0,0,0,0,0,6,0,0,0,0,0,3,0,0,1,2,0,0,0,0,0,0,0,0,0,0,0,0,0,0,0,0,0,0,0,0,0,2,2,0,0,0,0
"CH46 2",2560,2521,0,0,0,0,0,0,0,0,0,0,1,0,17,0,1,13,0,0,1,0,0,0,0,0,0,0,0,0,0,0,0,2,0,0,0,0,0,0,0,0,0,0,0,1,0,0,0,0,0,0,4,0,0,0,0,0,0,0,0,0,4,0,0,0,13,0,3,6,0,0,0,1,0,1,2,0,0,0,0,0,1,0,0,0,0,0,0,0,0,0,0,0,0,0,0,1,0,0,2,2,0,0
"CH46 3",1757,1721,0,0,0,0,0,0,0,0,0,0,0,1,21,0,7,5,0,0,0,0,0,2,4,0,3,0,0,0,0,0,0,0,1,0,0,0,0,1,0,0,0,0,0,1,0,0,0,0,0,0,0,0,0,0,0,0,0,0,0,0,0,0,0,0,3,0,0,3,0,0,0,0,0,0,0,0,0,0,0,0,6,0,0,0,0,0,0,0,0,0,0,6,0,0,0,0,0,0,3,1,0,2
"CH46 5",514,510,1,0,0,0,0,0,0,0,0,0,0,0,0,0,0,0,0,0,0,0,0,0,0,0,0,0,0,0,0,0,0,0,0,0,0,0,0,0,0,0,0,1,0,0,0,0,0,0,0,0,0,0,0,0,0,0,0,0,0,0,0,0,0,0,2,0,0,1,0,0,0,0,0,1,0,0,0,0,0,0,0,0,0,0,0,0,0,0,0,0,0,0,0,0,0,0,0,0,0,0,0,0
"CH46 6",5188,5104,2,0,0,0,0,0,0,0,0,2,2,3,16,1,1,7,0,0,2,0,0,0,0,4,1,0,0,0,0,0,0,0,2,0,1,0,0,1,0,0,0,2,0,11,0,0,0,0,0,0,5,0,0,1,0,0,3,0,0,0,0,0,0,1,35,0,13,19,0,0,3,0,0,0,0,2,0,0,0,0,1,0,0,0,0,0,0,0,0,0,0,0,1,0,0,0,0,0,1,1,0,0
"CH46 7",2565,2543,0,0,0,0,0,0,0,0,0,0,0,0,3,1,1,1,0,0,0,0,0,0,0,0,0,0,0,0,0,0,0,0,1,0,1,0,0,0,0,0,0,0,0,0,0,0,0,0,0,0,4,0,0,0,0,4,0,0,0,0,0,0,0,0,12,0,1,8,0,0,0,3,0,0,0,0,0,0,0,0,0,0,0,0,0,0,0,0,0,0,0,0,0,0,0,0,0,0,2,1,1,0
"CH46 8",2911,2888,1,0,0,0,0,0,0,0,0,1,0,0,4,1,1,0,0,1,0,0,0,0,0,0,1,0,0,0,0,0,0,0,0,0,0,0,0,0,0,0,0,0,1,2,0,0,0,0,0,0,9,0,1,0,0,5,0,0,0,0,3,0,0,0,1,0,0,1,0,0,0,0,0,0,0,0,0,0,0,0,0,0,0,0,0,0,0,0,0,0,0,0,0,0,0,0,0,0,4,4,0,0
"CH46 9",2801,2760,0,0,0,0,0,0,0,0,0,0,0,2,9,0,4,0,0,0,2,0,1,1,0,0,1,0,0,0,0,0,0,0,0,0,0,0,0,0,0,0,0,0,0,1,0,0,0,0,0,0,2,0,0,1,0,1,0,0,0,0,0,0,0,0,24,1,4,7,0,0,0,5,0,7,0,1,0,0,0,0,0,0,0,0,0,0,0,0,0,0,0,0,0,0,0,0,0,0,2,2,0,0
"CH47 0",616,607,1,0,0,0,0,0,0,0,0,1,0,0,6,0,6,0,0,0,0,0,0,0,0,0,0,0,0,0,0,0,0,0,0,0,0,0,0,0,0,0,0,1,0,0,0,0,0,0,0,0,0,0,0,0,0,0,0,0,0,0,0,0,0,0,0,0,0,0,0,0,0,0,0,0,0,0,0,0,0,0,0,0,0,0,0,0,0,0,0,0,0,0,0,0,0,0,0,0,0,0,0,0
"CH47 1",654,652,0,0,0,0,0,0,0,0,0,1,0,1,0,0,0,0,0,0,0,0,0,0,0,0,0,0,0,0,0,0,0,0,0,0,0,0,0,0,0,0,0,0,0,0,0,0,0,0,0,0,0,0,0,0,0,0,0,0,0,0,0,0,0,0,0,0,0,0,0,0,0,0,0,0,0,0,0,0,0,0,0,0,0,0,0,0,0,0,0,0,0,0,0,0,0,0,0,0,0,0,0,0
"CH47 2",2033,1984,1,0,0,0,0,0,0,0,0,3,1,1,10,0,4,4,0,0,0,0,0,0,1,1,0,0,0,0,0,0,0,0,0,0,0,0,0,0,0,0,0,3,0,0,6,0,2,3,1,0,7,0,0,0,0,7,0,0,0,0,0,0,0,0,17,0,0,8,1,0,0,1,0,7,0,0,0,0,0,0,0,0,0,0,0,0,0,0,0,0,0,0,0,0,0,0,0,0,0,0,0,0
"CH47 3",2242,2210,0,0,0,0,0,0,0,0,0,1,0,0,10,2,2,0,1,0,0,0,0,0,1,2,2,0,0,0,0,0,0,0,0,0,0,0,0,0,0,0,0,0,1,3,4,0,0,4,0,0,2,0,2,0,0,0,0,0,0,0,0,0,0,0,10,0,3,5,0,0,0,2,0,0,0,0,0,0,0,0,1,0,0,0,0,0,0,0,0,0,0,0,1,0,0,0,0,0,0,0,0,0
"CH47 4",913,897,1,0,0,0,0,0,0,0,0,2,0,0,1,1,0,0,0,0,0,0,0,0,0,0,0,0,0,0,0,0,0,0,0,0,0,0,0,0,0,0,0,0,0,0,0,0,0,0,0,0,5,0,0,0,0,5,0,0,0,0,0,0,0,0,5,0,0,0,0,0,0,0,0,5,0,0,0,0,0,0,0,0,0,0,0,0,0,0,0,0,0,0,0,0,0,0,0,0,2,1,0,1
"CH47 5",761,757,0,0,0,0,0,0,0,0,0,0,0,0,1,0,1,0,0,0,0,0,0,0,0,0,0,0,0,0,0,0,0,0,0,0,0,0,0,0,0,0,0,0,0,0,0,0,0,0,0,0,0,0,0,0,0,0,0,0,0,0,0,0,0,0,3,0,0,0,0,1,0,0,1,0,1,0,0,0,0,0,0,0,0,0,0,0,0,0,0,0,0,0,0,0,0,0,0,0,0,0,0,0
"CH47 6",899,896,0,0,0,0,0,0,0,0,0,0,0,0,0,0,0,0,0,0,0,0,0,0,0,0,0,0,0,0,0,0,0,0,0,0,0,0,0,0,0,0,0,0,0,0,1,1,0,0,0,0,2,0,0,2,0,0,0,0,0,0,0,0,0,0,0,0,0,0,0,0,0,0,0,0,0,0,0,0,0,0,0,0,0,0,0,0,0,0,0,0,0,0,0,0,0,0,0,0,0,0,0,0
"CH47 7",1203,1187,0,0,0,0,0,0,0,0,0,0,0,0,3,1,0,0,0,0,0,0,0,0,0,0,0,0,0,2,0,0,0,0,0,0,0,0,0,0,0,0,0,0,7,1,0,0,0,0,0,0,1,0,0,0,0,0,0,0,0,0,0,0,0,1,4,0,4,0,0,0,0,0,0,0,0,0,0,0,0,0,0,0,0,0,0,0,0,0,0,0,0,0,0,0,0,0,0,0,0,0,0,0
"CH47 9",1298,1294,1,0,0,0,0,0,0,0,0,0,0,0,0,0,0,0,0,0,0,0,0,0,0,0,0,0,0,0,0,0,0,0,1,0,0,0,0,1,0,0,0,0,0,2,0,0,0,0,0,0,0,0,0,0,0,0,0,0,0,0,0,0,0,0,0,0,0,0,0,0,0,0,0,0,0,0,0,0,0,0,0,0,0,0,0,0,0,0,0,0,0,0,0,0,0,0,0,0,0,0,0,0
"CH48 0",1712,1678,1,0,0,0,0,0,0,0,0,1,2,1,17,2,4,7,0,0,0,0,0,0,0,3,1,0,0,0,0,0,0,0,0,0,0,0,0,0,0,0,0,1,0,3,2,0,2,0,0,0,0,0,0,0,0,0,0,0,0,0,0,0,0,0,4,0,0,0,0,0,0,0,1,3,0,0,0,0,0,0,1,0,0,0,0,0,0,0,0,0,0,0,1,0,0,0,0,0,1,0,1,0
"CH48 1",884,875,2,0,0,0,0,0,0,0,0,0,0,0,1,0,0,0,0,0,0,0,0,0,0,0,1,0,0,0,0,0,0,0,0,0,0,0,0,0,0,0,0,0,0,0,0,0,0,0,0,0,3,0,0,0,0,0,0,0,0,2,0,0,1,0,3,0,0,3,0,0,0,0,0,0,0,0,0,0,0,0,0,0,0,0,0,0,0,0,0,0,0,0,0,0,0,0,0,0,0,0,0,0
"CH48 2",1340,1317,4,0,0,0,0,0,0,0,0,1,0,8,3,0,0,1,0,0,0,0,0,0,1,1,0,0,0,0,0,0,0,0,0,0,0,0,0,0,0,0,0,0,0,4,0,0,0,0,0,0,0,0,0,0,0,0,0,0,0,0,0,0,0,0,2,0,0,0,0,0,0,1,0,0,1,0,0,0,0,0,0,0,0,0,0,0,0,0,0,0,0,0,0,0,0,0,0,0,1,1,0,0
"CH48 3",1341,1295,0,0,0,0,0,0,0,0,0,2,0,0,17,0,2,7,0,4,0,0,0,1,0,0,0,1,1,1,0,0,0,0,0,0,0,0,0,0,0,0,0,3,0,3,0,0,0,0,0,0,8,0,0,0,0,0,0,1,0,0,2,0,0,5,13,0,0,5,3,0,0,0,0,5,0,0,0,0,0,0,0,0,0,0,0,0,0,0,0,0,0,0,0,0,0,0,0,0,0,0,0,0
"CH48 4",785,768,1,0,0,0,0,0,0,0,0,0,1,0,8,0,7,0,0,0,0,0,0,0,0,1,0,0,0,0,0,0,0,0,1,0,0,1,0,0,0,0,0,2,0,0,0,0,0,0,0,0,1,0,0,0,0,0,1,0,0,0,0,0,0,0,3,0,1,0,1,0,0,0,0,1,0,0,0,0,0,0,0,0,0,0,0,0,0,0,0,0,0,0,0,0,0,0,0,0,0,0,0,0
"CH48 5",2621,2598,2,0,0,0,0,0,0,0,0,0,0,0,8,3,1,0,0,0,1,1,0,0,0,0,0,0,2,0,0,0,0,0,0,0,0,0,0,0,0,0,0,1,0,2,0,0,0,0,0,0,2,0,2,0,0,0,0,0,0,0,0,0,0,0,5,1,0,2,0,1,0,0,1,0,0,0,0,0,0,0,2,0,0,0,0,0,0,0,0,0,0,0,1,0,0,1,0,0,1,1,0,0
"CH48 6",2041,2002,2,0,0,0,0,0,0,0,0,0,0,7,21,1,9,5,0,0,2,0,0,0,3,0,0,1,0,0,0,0,0,0,0,0,0,0,0,0,0,0,0,0,0,3,1,0,1,0,0,0,0,0,0,0,0,0,0,0,0,0,0,0,0,0,3,0,0,0,0,0,2,1,0,0,0,0,0,0,0,0,0,0,0,0,0,0,0,0,0,0,0,0,0,0,0,0,0,0,2,2,0,0
"CH48 7",602,594,1,0,0,0,0,0,0,0,0,0,0,0,1,0,1,0,0,0,0,0,0,0,0,0,0,0,0,0,0,0,0,0,1,0,1,0,0,0,0,0,0,0,0,0,0,0,0,0,0,0,0,0,0,0,0,0,0,0,0,0,0,0,0,0,5,0,3,2,0,0,0,0,0,0,0,0,0,0,0,0,0,0,0,0,0,0,0,0,0,0,0,0,0,0,0,0,0,0,0,0,0,0
"CH48 8",1270,1255,0,0,0,0,0,0,0,0,0,1,0,1,7,0,4,1,0,0,0,0,0,0,0,1,0,0,1,0,0,0,0,0,0,0,0,0,0,0,0,0,0,1,0,0,0,0,0,0,0,0,5,0,1,1,0,0,0,1,0,2,0,0,0,0,0,0,0,0,0,0,0,0,0,0,0,0,0,0,0,0,0,0,0,0,0,0,0,0,0,0,0,0,0,0,0,0,0,0,0,0,0,0
"CH48 9",2236,2207,3,0,0,0,0,0,0,0,0,2,1,1,9,2,1,2,0,0,0,0,0,0,0,0,0,0,0,0,4,0,0,0,0,0,0,0,0,0,0,0,0,1,0,0,0,0,0,0,0,0,7,0,0,2,0,0,0,0,0,4,0,0,0,1,5,0,0,0,0,0,0,0,4,1,0,0,0,0,0,0,0,0,0,0,0,0,0,0,0,0,0,0,0,0,0,0,0,0,0,0,0,0
"CH49 0",1697,1677,0,0,0,0,0,0,0,0,0,1,0,0,1,1,0,0,0,0,0,0,0,0,0,0,0,0,0,0,0,0,0,0,0,0,0,0,0,0,0,0,0,0,0,0,0,0,0,0,0,0,3,0,0,0,0,0,0,0,0,0,3,0,0,0,15,0,3,4,0,0,0,1,0,5,2,0,0,0,0,0,0,0,0,0,0,0,0,0,0,0,0,0,0,0,0,0,0,0,0,0,0,0
"CH49 1",2389,2377,1,0,0,0,0,0,0,0,0,1,0,0,2,0,1,0,0,1,0,0,0,0,0,0,0,0,0,0,0,0,0,0,0,0,0,0,0,0,0,0,0,0,1,0,0,0,0,0,0,0,0,0,0,0,0,0,0,0,0,0,0,0,0,0,7,0,3,2,0,0,0,1,0,1,0,0,0,0,0,0,0,0,0,0,0,0,0,0,0,0,0,0,0,0,0,0,0,0,0,0,0,0
"CH49 2",3563,3520,0,0,0,0,0,0,0,0,0,3,0,3,5,0,0,1,1,0,0,0,0,0,0,3,0,0,0,0,0,0,0,0,0,0,0,0,0,0,0,0,0,2,0,4,0,0,0,0,0,0,13,0,0,0,0,5,2,0,0,1,0,2,0,3,11,0,1,8,0,0,0,2,0,0,0,0,0,0,0,0,0,0,0,0,0,0,0,0,0,0,0,0,0,0,0,0,0,0,2,1,0,1
"CH49 3",3234,3212,1,0,0,0,0,0,0,0,0,0,0,0,6,0,0,3,0,1,0,0,0,0,1,0,1,0,0,0,0,0,0,0,0,0,0,0,0,0,0,0,0,0,0,0,0,0,0,0,0,0,6,0,1,0,0,0,1,0,0,4,0,0,0,0,7,0,1,0,0,0,0,2,0,4,0,0,0,0,0,0,0,0,0,0,0,0,0,0,0,0,0,0,0,0,0,0,0,0,2,1,0,1
"CH49 4",4918,4877,2,0,0,0,0,0,0,0,0,3,3,1,9,0,1,5,0,1,0,0,0,0,0,2,0,0,0,0,0,0,0,0,0,0,0,0,0,0,0,0,0,0,0,2,1,1,0,0,0,0,8,2,2,0,0,3,0,0,0,0,0,0,1,0,10,1,5,2,0,0,0,1,0,1,0,0,0,0,0,0,0,0,0,0,0,0,0,0,0,0,0,0,0,0,0,0,1,1,1,1,0,0
"CH49 5",1516,1476,2,0,0,0,0,0,0,0,0,1,1,1,3,0,0,0,0,0,0,0,0,2,0,0,0,0,0,1,0,0,0,0,0,0,0,0,0,0,0,0,0,0,2,0,0,0,0,0,0,0,15,6,1,0,0,4,0,0,0,0,4,0,0,0,12,0,0,2,0,0,0,0,0,10,0,0,0,0,0,0,2,0,0,0,0,0,1,0,0,0,0,0,0,1,0,0,0,0,1,1,0,0
"CH49 6",3972,3934,2,0,0,0,0,0,0,0,0,6,0,2,6,1,1,0,0,0,0,0,0,0,0,2,0,1,0,0,0,0,1,0,2,0,0,0,2,0,0,0,0,0,0,0,0,0,0,0,0,0,4,2,2,0,0,0,0,0,0,0,0,0,0,0,16,0,2,5,0,0,0,2,0,7,0,0,0,0,0,0,0,0,0,0,0,0,0,0,0,0,0,0,0,0,0,0,0,0,0,0,0,0
"CH49 7",2198,2165,0,0,0,0,0,0,0,0,0,0,0,3,11,0,6,1,0,0,4,0,0,0,0,0,0,0,0,0,0,0,0,0,0,0,0,0,0,0,0,0,0,0,0,0,0,0,0,0,0,0,4,0,1,0,0,0,0,0,2,0,1,0,0,0,13,0,1,1,0,0,0,0,0,11,0,0,0,0,0,0,1,0,0,0,0,0,0,0,0,0,0,0,0,0,0,1,1,1,0,0,0,0
"CH49 8",2584,2560,1,0,0,0,0,0,0,0,0,2,0,0,3,0,1,1,0,0,0,0,0,0,0,1,0,0,0,0,0,0,0,0,1,1,0,0,0,0,0,0,0,0,0,0,0,0,0,0,0,0,8,5,0,0,0,0,0,0,0,0,3,0,0,0,7,0,0,0,0,0,0,1,0,5,1,0,0,0,0,0,1,0,0,0,0,0,0,0,0,0,0,0,1,0,0,0,0,0,1,1,0,0
"CH49 9",1798,1768,0,0,0,0,0,0,0,0,0,1,0,0,4,0,1,2,0,0,0,0,0,0,1,0,0,0,0,0,0,0,0,0,0,0,0,0,0,0,0,0,0,0,2,3,0,0,0,0,0,0,6,0,0,0,0,0,0,0,0,0,6,0,0,0,12,0,1,1,0,0,3,0,0,7,0,0,0,0,0,0,0,0,0,0,0,0,0,0,0,0,0,0,0,0,0,0,0,0,2,1,0,1
"CH5  1",8196,7758,0,0,0,0,0,0,0,0,0,1,19,2,299,7,4,160,11,1,17,59,0,30,8,0,1,0,0,0,1,0,0,0,1,0,0,0,1,0,0,0,0,12,4,3,5,0,5,0,0,0,46,3,5,2,0,15,3,0,0,0,18,0,0,0,32,0,0,30,0,0,0,1,0,1,0,0,0,0,0,0,4,0,0,0,0,0,0,0,1,0,0,0,0,0,1,2,4,4,6,5,1,0
"CH5  2",6972,6575,0,1,0,0,0,1,0,0,0,3,6,3,324,7,5,130,15,5,28,23,0,81,22,1,4,0,0,0,3,0,0,0,0,0,0,0,0,0,0,0,0,11,4,0,1,0,1,0,0,0,17,0,2,8,0,5,0,0,0,1,0,0,0,1,20,6,4,7,0,0,0,2,1,0,0,0,0,0,0,0,0,0,0,0,0,0,0,0,0,0,0,0,0,0,0,0,3,3,4,1,1,2
"CH5  3",9553,9423,0,0,0,0,0,0,0,0,0,1,4,9,57,2,0,36,3,1,3,7,0,2,0,1,1,1,0,0,0,0,0,0,0,0,0,0,0,0,0,0,0,0,2,5,0,0,0,0,0,0,20,0,2,2,0,8,3,0,0,2,3,0,0,0,25,2,0,7,11,0,0,2,0,2,1,0,0,0,0,0,6,0,0,0,0,0,0,0,0,0,0,0,0,0,0,6,0,0,1,1,0,0
"CH5  4",16057,15540,0,0,0,0,0,0,0,0,0,0,15,6,425,8,4,274,29,4,26,40,8,7,17,1,4,0,2,0,1,0,0,0,0,0,0,0,0,0,0,0,0,3,2,3,3,0,3,0,0,0,13,0,0,0,0,4,0,0,0,3,5,1,0,0,37,9,4,19,0,0,0,3,0,2,0,0,0,0,0,0,3,0,0,0,0,0,0,0,0,0,0,0,2,0,1,0,2,2,5,5,0,0
"CH6  5",12664,12209,0,0,0,0,0,0,0,0,0,4,0,0,387,3,4,321,25,0,2,17,0,0,11,0,4,0,0,0,0,0,0,0,1,0,0,0,0,1,0,0,0,1,1,2,7,0,3,0,0,4,17,4,0,0,0,2,0,0,0,0,11,0,0,0,27,0,5,6,6,0,0,9,0,1,0,0,0,0,0,0,2,0,0,0,0,0,0,0,1,0,0,0,0,0,0,1,1,1,5,2,1,2
"CH6  6",3757,3651,0,0,0,0,0,0,0,0,0,0,0,3,97,0,2,85,2,1,0,6,0,0,0,0,0,1,0,0,0,0,0,0,0,0,0,0,0,0,0,0,0,0,0,0,0,0,0,0,0,0,0,0,0,0,0,0,0,0,0,0,0,0,0,0,4,0,0,4,0,0,0,0,0,0,0,0,0,0,0,0,0,0,0,0,0,0,0,0,0,0,0,0,0,0,0,0,0,0,2,2,0,0
"CH60 0",1259,1247,3,0,0,0,0,0,0,0,0,0,1,0,1,0,0,0,0,0,0,0,0,0,0,0,1,0,0,0,0,0,0,0,1,0,0,0,0,1,0,0,0,1,0,2,0,0,0,0,0,0,2,0,0,0,0,0,0,0,0,2,0,0,0,0,1,0,0,0,0,0,0,0,1,0,0,0,0,0,0,0,0,0,0,0,0,0,0,0,0,0,0,0,0,0,0,0,0,0,0,0,0,0
"CH60 1",1856,1828,1,0,0,0,0,0,0,0,0,1,0,1,8,0,1,6,0,0,0,0,0,0,0,1,0,0,0,0,0,0,0,0,0,0,0,0,0,0,0,0,0,0,1,0,3,1,0,0,0,2,6,1,0,0,0,1,0,0,2,1,0,0,0,1,7,0,0,3,0,0,2,0,0,0,2,0,0,0,0,0,0,0,0,0,0,0,0,0,0,0,0,0,0,0,0,0,0,0,0,0,0,0
"CH60 2",1483,1464,0,0,0,0,0,0,0,0,0,0,1,2,5,0,0,1,0,0,0,0,0,0,0,3,0,0,0,0,0,0,1,0,0,0,0,0,0,0,0,0,0,0,0,2,0,0,0,0,0,0,7,0,2,0,0,0,0,0,0,2,1,0,0,2,0,0,0,0,0,0,0,0,0,0,0,0,0,0,0,0,0,0,0,0,0,0,0,0,0,0,0,0,0,0,0,0,0,0,2,2,0,0
"CH60 3",997,984,1,0,0,0,0,0,0,0,0,0,4,1,5,1,1,1,0,0,0,0,0,0,0,0,1,0,1,0,0,0,0,0,0,0,0,0,0,0,0,0,0,0,0,0,0,0,0,0,0,0,2,1,0,0,0,0,0,0,0,1,0,0,0,0,0,0,0,0,0,0,0,0,0,0,0,0,0,0,0,0,0,0,0,0,0,0,0,0,0,0,0,0,0,0,0,0,0,0,0,0,0,0
"CH60 4",775,768,1,0,0,0,0,0,0,0,0,0,0,0,2,0,0,0,0,0,0,0,0,0,0,1,0,0,0,1,0,0,0,0,0,0,0,0,0,0,0,0,0,0,0,1,0,0,0,0,0,0,1,0,0,0,0,1,0,0,0,0,0,0,0,0,1,0,0,0,0,0,0,0,0,1,0,0,0,0,0,0,0,0,0,0,0,0,0,0,0,0,0,0,0,0,0,0,1,1,0,0,0,0
"CH60 5",1855,1838,0,0,0,0,0,0,0,0,0,1,0,0,8,3,1,2,0,0,1,0,0,0,0,0,1,0,0,0,0,0,0,0,0,0,0,0,0,0,0,0,0,0,0,0,1,0,0,1,0,0,0,0,0,0,0,0,0,0,0,0,0,0,0,0,4,0,0,4,0,0,0,0,0,0,0,0,0,0,0,0,3,0,0,0,0,0,0,0,0,0,0,0,3,0,0,0,0,0,0,0,0,0
"CH60 6",1247,1210,3,0,0,0,0,0,0,0,0,1,0,2,9,0,5,0,0,0,0,0,0,0,0,2,0,0,0,0,0,0,2,0,0,0,0,0,0,0,0,0,0,1,0,1,2,0,0,0,2,0,8,7,0,0,0,1,0,0,0,0,0,0,0,0,3,0,0,0,0,0,0,3,0,0,0,1,0,0,0,0,5,0,0,0,0,0,0,0,0,0,0,5,0,0,0,0,0,0,1,0,0,1
"CH60 7",1176,1166,0,0,0,0,0,0,0,0,0,1,0,1,3,1,0,1,0,0,0,0,0,0,1,0,0,0,0,0,0,0,0,0,0,0,0,0,0,0,0,0,0,0,0,0,0,0,0,0,0,0,2,2,0,0,0,0,0,0,0,0,0,0,0,0,3,0,1,2,0,0,0,0,0,0,0,0,0,0,0,0,0,0,0,0,0,0,0,0,0,0,0,0,0,0,0,0,0,0,0,0,0,0
"CH60 8",947,941,1,0,0,0,0,0,0,0,0,0,0,1,2,0,1,0,0,0,0,0,0,0,0,0,1,0,0,0,0,0,0,0,0,0,0,0,0,0,0,0,0,0,0,0,0,0,0,0,0,0,0,0,0,0,0,0,0,0,0,0,0,0,0,0,2,0,0,0,0,0,0,2,0,0,0,0,0,0,0,0,0,0,0,0,0,0,0,0,0,0,0,0,0,0,0,0,0,0,0,0,0,0
"CH60 9",1196,1190,2,0,0,0,0,0,0,0,0,0,0,0,3,0,1,2,0,0,0,0,0,0,0,0,0,0,0,0,0,0,0,0,0,0,0,0,0,0,0,0,0,0,0,1,0,0,0,0,0,0,0,0,0,0,0,0,0,0,0,0,0,0,0,0,0,0,0,0,0,0,0,0,0,0,0,0,0,0,0,0,0,0,0,0,0,0,0,0,0,0,0,0,0,0,0,0,0,0,0,0,0,0
"CH61 0",482,479,2,0,0,0,0,0,0,0,0,1,0,0,0,0,0,0,0,0,0,0,0,0,0,0,0,0,0,0,0,0,0,0,0,0,0,0,0,0,0,0,0,0,0,0,0,0,0,0,0,0,0,0,0,0,0,0,0,0,0,0,0,0,0,0,0,0,0,0,0,0,0,0,0,0,0,0,0,0,0,0,0,0,0,0,0,0,0,0,0,0,0,0,0,0,0,0,0,0,0,0,0,0
"CH61 1",1203,1193,0,0,0,0,0,0,0,0,0,0,0,1,6,4,1,0,0,0,0,0,0,0,0,0,0,1,0,0,0,0,0,0,1,0,0,0,0,1,0,0,0,0,0,0,0,0,0,0,0,0,0,0,0,0,0,0,0,0,0,0,0,0,0,0,2,0,0,1,0,0,0,1,0,0,0,0,0,0,0,0,0,0,0,0,0,0,0,0,0,0,0,0,0,0,0,0,0,0,0,0,0,0
"CH61 2",614,609,1,0,0,0,0,0,0,0,0,1,0,0,2,2,0,0,0,0,0,0,0,0,0,0,0,0,0,0,0,0,0,0,0,0,0,0,0,0,0,0,0,0,0,0,0,0,0,0,0,0,1,1,0,0,0,0,0,0,0,0,0,0,0,0,0,0,0,0,0,0,0,0,0,0,0,0,0,0,0,0,0,0,0,0,0,0,0,0,0,0,0,0,0,0,0,0,0,0,0,0,0,0
"CH61 3",1536,1521,0,0,0,0,0,0,0,0,0,1,0,1,2,0,0,0,0,0,0,0,0,0,0,2,0,0,0,0,0,0,0,0,0,0,0,0,0,0,0,0,0,0,2,1,0,0,0,0,0,0,3,3,0,0,0,0,0,0,0,0,0,0,0,0,5,0,0,4,0,0,0,1,0,0,0,0,0,0,0,0,0,0,0,0,0,0,0,0,0,0,0,0,0,0,0,0,0,0,0,0,0,0
"CH61 4",2796,2789,0,0,0,0,0,0,0,0,0,0,0,1,0,0,0,0,0,0,0,0,0,0,0,0,0,0,0,0,0,0,0,0,0,0,0,0,0,0,0,0,0,0,0,0,0,0,0,0,0,0,3,0,0,0,0,0,0,0,0,2,0,0,1,0,3,0,0,0,0,0,0,3,0,0,0,0,0,0,0,0,0,0,0,0,0,0,0,0,0,0,0,0,0,0,0,0,0,0,0,0,0,0
"CH61 5",2538,2504,4,0,0,0,0,0,0,0,0,0,0,1,7,0,1,3,0,0,0,0,0,0,0,0,0,0,1,1,0,0,0,1,1,0,0,0,0,1,0,0,0,2,2,0,0,0,0,0,0,0,7,0,0,0,0,0,0,0,0,0,3,0,4,0,9,0,4,2,1,0,0,0,0,2,0,0,0,0,0,0,0,0,0,0,0,0,0,0,0,0,0,0,0,0,0,0,0,0,1,1,0,0
"CH61 6",2342,2328,0,0,0,0,0,0,0,0,0,0,0,1,3,2,0,1,0,0,0,0,0,0,0,0,0,0,0,0,0,0,0,0,1,0,1,0,0,0,0,0,0,1,2,0,0,0,0,0,0,0,0,0,0,0,0,0,0,0,0,0,0,0,0,0,3,0,2,0,0,0,0,0,1,0,0,0,0,0,0,0,0,0,0,0,0,0,0,0,0,0,0,0,0,0,0,0,0,0,3,2,0,1
"CH61 7",1873,1858,2,0,0,0,0,0,0,0,0,0,0,1,3,1,1,0,0,0,1,0,0,0,0,0,0,0,0,0,0,0,0,0,0,0,0,0,0,0,0,0,0,0,0,0,1,0,0,1,0,0,4,4,0,0,0,0,0,0,0,0,0,0,0,0,3,0,2,1,0,0,0,0,0,0,0,0,0,0,0,0,0,0,0,0,0,0,0,0,0,0,0,0,0,0,0,0,0,0,1,0,1,0
"CH61 8",2112,2099,2,0,0,0,0,0,0,0,0,1,0,1,3,1,1,1,0,0,0,0,0,0,0,0,0,0,0,0,0,0,0,0,0,0,0,0,0,0,0,0,0,0,0,2,0,0,0,0,0,0,2,0,0,1,0,0,1,0,0,0,0,0,0,0,1,0,0,0,0,0,0,0,0,0,1,0,0,0,0,0,1,0,0,0,0,0,0,0,1,0,0,0,0,0,0,0,0,0,0,0,0,0
"CH61 9",1671,1662,0,0,0,0,0,0,0,0,0,0,0,0,1,0,0,1,0,0,0,0,0,0,0,0,0,0,0,0,0,0,0,0,0,0,0,0,0,0,0,0,0,1,0,0,1,0,0,1,0,0,2,0,2,0,0,0,0,0,0,0,0,0,0,0,3,1,0,0,0,0,0,2,0,0,0,0,0,0,0,0,1,1,0,0,0,0,0,0,0,0,0,0,0,0,0,0,0,0,0,0,0,0
"CH62 0",1039,1032,0,0,0,0,0,0,0,0,0,1,0,0,2,0,0,0,0,0,0,0,0,2,0,0,0,0,0,0,0,0,0,0,0,0,0,0,0,0,0,0,0,0,0,0,0,0,0,0,0,0,2,0,0,0,0,2,0,0,0,0,0,0,0,0,1,0,0,1,0,0,0,0,0,0,0,0,0,0,0,0,1,0,0,0,0,0,0,0,1,0,0,0,0,0,0,0,0,0,0,0,0,0
"CH62 1",2983,2912,6,0,0,0,0,0,0,0,0,0,4,1,33,0,5,13,0,1,0,6,3,3,0,2,0,0,0,0,0,0,0,0,1,0,0,0,0,1,0,0,0,1,0,3,2,0,2,0,0,0,4,0,2,0,0,0,0,0,1,1,0,0,0,0,9,1,0,2,1,0,0,0,0,5,0,0,0,0,0,0,1,0,1,0,0,0,0,0,0,0,0,0,0,0,0,0,0,0,6,6,0,0
"CH62 2",3426,3388,0,0,0,0,0,0,0,0,0,1,0,4,18,0,3,7,0,1,3,0,0,3,0,1,0,0,0,0,0,0,0,0,0,0,0,0,0,0,0,0,0,1,0,0,0,0,0,0,0,0,3,0,0,0,0,3,0,0,0,0,0,0,0,0,9,1,0,4,0,0,0,3,0,1,0,0,0,0,0,0,2,0,1,0,0,0,0,0,0,0,0,0,1,0,0,0,0,0,0,0,0,0
"CH62 3",1092,1086,0,0,0,0,0,0,0,0,0,0,0,0,4,1,0,1,0,0,0,0,0,2,0,0,0,0,0,0,0,0,0,0,1,0,1,0,0,0,0,0,0,0,0,0,0,0,0,0,0,0,0,0,0,0,0,0,0,0,0,0,0,0,0,0,1,0,0,0,1,0,0,0,0,0,0,0,0,0,0,0,0,0,0,0,0,0,0,0,0,0,0,0,0,0,0,0,0,0,0,0,0,0
"CH62 4",1803,1768,0,0,0,0,0,0,0,0,0,3,1,0,12,0,4,3,1,0,0,0,0,3,0,1,0,0,0,0,0,0,0,0,0,0,0,0,0,0,0,0,0,1,0,0,1,0,1,0,0,0,7,0,1,0,0,6,0,0,0,0,0,0,0,0,7,0,4,0,0,0,0,1,0,2,0,0,0,0,0,0,1,0,0,0,0,0,0,0,0,0,0,0,1,0,0,0,0,0,2,2,0,0
"CH62 5",2261,2212,0,0,0,0,0,0,0,0,0,0,0,5,28,2,2,14,2,0,0,0,0,6,1,0,0,0,1,0,0,0,0,0,0,0,0,0,0,0,0,0,0,4,0,0,1,0,1,0,0,0,5,0,0,0,0,0,0,0,0,5,0,0,0,0,6,0,0,4,1,0,0,1,0,0,0,0,0,0,0,0,0,0,0,0,0,0,0,0,0,0,0,0,0,0,0,0,0,0,0,0,0,0
"CH62 6",3823,3794,1,0,0,0,0,0,0,0,0,1,0,0,6,0,1,3,0,0,0,0,0,0,0,0,2,0,0,0,0,0,0,0,0,0,0,0,0,0,0,0,0,3,0,0,0,0,0,0,0,0,9,0,0,0,0,0,0,0,0,9,0,0,0,0,9,0,2,3,0,0,0,2,0,2,0,0,0,0,0,0,0,0,0,0,0,0,0,0,0,0,0,0,0,0,0,0,0,0,0,0,0,0
"CH62 7",3330,3295,0,0,0,0,0,0,0,0,0,0,0,2,24,7,2,7,0,0,0,0,0,3,1,4,0,0,0,0,0,0,0,0,0,0,0,0,0,0,0,0,0,3,0,1,0,0,0,0,0,0,3,0,0,0,0,0,0,0,0,3,0,0,0,0,1,1,0,0,0,0,0,0,0,0,0,0,0,0,0,0,0,0,0,0,0,0,0,0,0,0,0,0,0,0,0,0,0,0,1,0,0,1
"CH62 8",4705,4663,4,0,0,0,0,0,0,0,0,1,0,2,12,1,1,6,0,1,0,1,0,0,0,1,0,1,0,0,0,0,0,0,0,0,0,0,0,0,0,0,0,2,3,3,0,0,0,0,0,0,3,0,0,0,0,3,0,0,0,0,0,0,0,0,8,1,2,2,0,0,0,3,0,0,0,0,0,0,0,0,0,0,0,0,0,0,0,0,0,0,0,0,0,0,0,0,1,1,3,3,0,0
"CH62 9",3236,3206,2,0,0,0,0,0,0,0,0,0,0,1,6,2,0,2,0,0,0,0,0,0,0,1,0,1,0,0,0,0,0,0,0,0,0,0,0,0,0,0,0,0,4,0,0,0,0,0,0,0,4,0,2,0,0,0,0,0,0,0,0,0,0,2,7,0,0,5,0,0,0,2,0,0,0,0,0,0,0,0,4,0,0,0,0,0,0,0,0,0,0,3,0,0,0,1,0,0,2,2,0,0
"CH63 0",4523,4500,4,0,0,0,0,0,0,0,0,0,1,0,8,0,1,1,1,0,1,0,0,1,0,1,1,1,0,0,0,0,0,0,0,0,0,0,0,0,0,0,0,1,0,1,0,0,0,0,0,0,1,0,0,0,0,0,0,0,0,0,1,0,0,0,3,0,0,0,0,0,0,0,0,3,0,0,0,0,0,0,1,0,0,0,0,0,0,0,0,0,0,0,0,0,1,0,1,1,2,0,1,1
"CH63 1",305,304,0,0,0,0,0,0,0,0,0,0,0,0,0,0,0,0,0,0,0,0,0,0,0,0,0,0,0,0,0,0,0,0,0,0,0,0,0,0,0,0,0,0,0,0,1,0,0,1,0,0,0,0,0,0,0,0,0,0,0,0,0,0,0,0,0,0,0,0,0,0,0,0,0,0,0,0,0,0,0,0,0,0,0,0,0,0,0,0,0,0,0,0,0,0,0,0,0,0,0,0,0,0
"CH63 2",4862,4801,9,1,0,0,0,0,0,0,1,4,1,2,16,3,2,5,1,0,0,0,0,0,0,0,5,0,0,0,0,0,0,0,0,0,0,0,0,0,0,0,0,2,0,2,0,0,0,0,0,0,12,0,2,0,0,2,0,0,0,0,4,2,0,2,11,0,0,7,1,0,0,0,0,3,0,0,0,0,0,0,1,0,0,0,0,0,0,0,0,0,0,1,0,0,0,0,0,0,0,0,0,0
"CH63 3",4270,4211,3,0,0,0,0,0,0,0,0,1,0,3,17,2,1,3,0,0,0,0,0,3,0,2,5,0,1,0,0,0,0,0,0,0,0,0,0,0,0,0,0,1,1,0,2,1,0,1,0,0,4,0,0,0,0,0,0,2,0,2,0,0,0,0,15,0,1,8,0,0,0,4,1,1,0,0,0,0,0,0,6,0,0,0,0,0,6,0,0,0,0,0,0,0,0,0,0,0,6,4,2,0
"CH63 4",325,322,0,0,0,0,0,0,0,0,0,0,1,0,0,0,0,0,0,0,0,0,0,0,0,0,0,0,0,0,0,0,0,0,0,0,0,0,0,0,0,0,0,0,0,0,0,0,0,0,0,0,2,0,0,0,0,0,0,0,0,2,0,0,0,0,0,0,0,0,0,0,0,0,0,0,0,0,0,0,0,0,0,0,0,0,0,0,0,0,0,0,0,0,0,0,0,0,0,0,0,0,0,0
"CH63 5",3976,3928,5,0,0,0,0,0,0,0,0,3,0,2,15,1,5,7,0,0,0,1,0,1,0,0,0,0,0,0,0,0,0,0,0,0,0,0,0,0,0,0,0,0,0,0,0,0,0,0,0,0,7,3,0,0,0,0,0,0,0,4,0,0,0,0,15,1,6,6,0,0,0,0,0,2,0,0,0,0,0,0,1,0,0,0,0,1,0,0,0,0,0,0,0,0,0,0,0,0,0,0,0,0
"CH63 6",522,519,0,0,0,0,0,0,0,0,0,0,0,0,1,0,0,0,0,0,0,0,0,0,0,0,1,0,0,0,0,0,0,0,1,0,0,0,1,0,0,0,0,0,0,1,0,0,0,0,0,0,0,0,0,0,0,0,0,0,0,0,0,0,0,0,0,0,0,0,0,0,0,0,0,0,0,0,0,0,0,0,0,0,0,0,0,0,0,0,0,0,0,0,0,0,0,0,0,0,0,0,0,0
"CH63 7",3800,3736,1,0,0,0,0,0,0,0,0,2,2,2,20,2,5,2,0,0,5,0,0,4,2,0,0,0,0,0,0,0,0,0,3,2,1,0,0,0,0,0,0,5,3,0,0,0,0,0,0,0,7,0,0,0,0,7,0,0,0,0,0,0,0,0,17,0,1,8,0,0,0,3,0,5,0,0,0,0,0,0,1,0,0,0,0,1,0,0,0,0,0,0,0,0,0,0,0,0,1,1,0,0
"CH63 8",2878,2832,4,0,0,0,0,0,0,0,0,1,0,1,3,0,2,1,0,0,0,0,0,0,0,0,0,0,0,0,0,0,0,0,0,0,0,0,0,0,0,0,0,0,0,4,0,0,0,0,0,0,11,2,1,0,0,0,0,0,0,5,3,0,0,0,18,1,6,7,0,0,0,1,0,3,0,0,0,0,0,0,0,0,0,0,0,0,0,0,0,0,0,0,0,0,0,0,0,0,4,3,0,1
"CH63 9",4296,4252,2,0,0,0,0,0,0,0,0,1,0,6,5,1,1,1,0,0,2,0,0,0,0,0,0,0,0,0,0,0,0,0,0,0,0,0,0,0,0,0,0,2,0,11,1,0,0,1,0,0,7,0,0,0,0,2,1,0,2,2,0,0,0,0,9,0,3,5,0,0,0,0,0,1,0,0,0,0,0,0,0,0,0,0,0,0,0,0,0,0,0,0,0,0,0,0,0,0,0,0,0,0
"CH64 0",2809,2790,4,0,0,0,0,0,0,0,0,1,0,2,4,0,0,3,0,0,0,0,0,0,0,1,0,0,0,0,0,0,0,0,0,0,0,0,0,0,0,0,0,1,0,2,0,0,0,0,0,0,4,0,0,0,0,0,0,0,0,0,0,4,0,0,1,0,0,0,0,0,0,1,0,0,0,0,0,0,0,0,0,0,0,0,0,0,0,0,0,0,0,0,0,0,0,0,0,0,0,0,0,0
"CH64 1",1400,1388,4,0,0,0,0,0,0,0,0,2,0,1,4,1,1,1,0,0,1,0,0,0,0,0,0,0,0,0,0,0,0,0,0,0,0,0,0,0,0,0,0,0,0,0,0,0,0,0,0,0,0,0,0,0,0,0,0,0,0,0,0,0,0,0,0,0,0,0,0,0,0,0,0,0,0,0,0,0,0,0,0,0,0,0,0,0,0,0,0,0,0,0,0,0,0,0,0,0,1,1,0,0
"CH64 2",1172,1164,1,0,0,0,0,0,0,0,0,5,0,0,1,0,1,0,0,0,0,0,0,0,0,0,0,0,0,0,0,0,0,0,0,0,0,0,0,0,0,0,0,0,1,0,0,0,0,0,0,0,0,0,0,0,0,0,0,0,0,0,0,0,0,0,0,0,0,0,0,0,0,0,0,0,0,0,0,0,0,0,0,0,0,0,0,0,0,0,0,0,0,0,0,0,0,0,0,0,0,0,0,0
"CH64 3",1918,1890,0,0,0,0,0,0,0,0,0,0,1,2,11,2,0,5,0,0,0,0,0,0,0,0,4,0,0,0,0,0,0,0,0,0,0,0,0,0,0,0,0,0,3,0,0,0,0,0,0,0,1,1,0,0,0,0,0,0,0,0,0,0,0,0,10,0,1,0,2,0,0,2,0,1,4,0,0,0,0,0,0,0,0,0,0,0,0,0,0,0,0,0,0,0,0,0,0,0,0,0,0,0
"CH64 4",2710,2673,3,1,1,0,0,0,0,0,0,1,1,1,15,2,2,9,1,0,0,0,0,0,0,0,1,0,0,0,0,0,0,0,0,0,0,0,0,0,0,0,0,0,5,1,0,0,0,0,0,0,1,0,0,0,0,0,0,0,0,1,0,0,0,0,8,0,0,5,0,0,0,0,1,0,2,0,0,0,0,0,0,0,0,0,0,0,0,0,0,0,0,0,0,0,0,0,0,0,0,0,0,0
"CH64 5",902,890,0,0,0,0,0,0,0,0,0,0,0,0,11,1,1,0,0,1,7,0,0,0,0,0,1,0,0,0,0,0,0,0,0,0,0,0,0,0,0,0,0,0,0,0,0,0,0,0,0,0,0,0,0,0,0,0,0,0,0,0,0,0,0,0,0,0,0,0,0,0,0,0,0,0,0,0,0,0,0,0,0,0,0,0,0,0,0,0,0,0,0,0,0,0,0,0,1,1,0,0,0,0
"CH64 6",2857,2828,1,0,0,0,0,0,0,0,0,3,1,2,8,0,3,3,0,0,0,0,0,0,0,0,1,0,0,1,0,0,0,0,0,0,0,0,0,0,0,0,0,2,1,0,1,0,1,0,0,0,9,0,0,3,0,0,0,0,0,0,0,0,0,6,1,0,0,0,0,0,0,1,0,0,0,0,0,0,0,0,0,0,0,0,0,0,0,0,0,0,0,0,0,0,0,0,0,0,0,0,0,0
"CH64 7",285,280,0,0,0,0,0,0,0,0,0,0,0,0,4,0,0,4,0,0,0,0,0,0,0,0,0,0,0,0,0,0,0,0,0,0,0,0,0,0,0,0,0,0,0,1,0,0,0,0,0,0,0,0,0,0,0,0,0,0,0,0,0,0,0,0,0,0,0,0,0,0,0,0,0,0,0,0,0,0,0,0,0,0,0,0,0,0,0,0,0,0,0,0,0,0,0,0,0,0,0,0,0,0
"CH64 8",150,150,0,0,0,0,0,0,0,0,0,0,0,0,0,0,0,0,0,0,0,0,0,0,0,0,0,0,0,0,0,0,0,0,0,0,0,0,0,0,0,0,0,0,0,0,0,0,0,0,0,0,0,0,0,0,0,0,0,0,0,0,0,0,0,0,0,0,0,0,0,0,0,0,0,0,0,0,0,0,0,0,0,0,0,0,0,0,0,0,0,0,0,0,0,0,0,0,0,0,0,0,0,0
"CH64 9",4242,4171,1,0,0,0,0,0,0,0,0,8,2,14,14,1,2,2,0,0,1,0,3,0,0,0,4,0,1,0,0,0,0,0,1,1,0,0,0,0,0,0,0,0,4,0,7,0,1,6,0,0,0,0,0,0,0,0,0,0,0,0,0,0,0,0,18,0,1,1,0,0,0,2,0,10,4,0,0,0,0,0,1,0,0,0,0,0,0,0,0,0,0,0,0,0,0,1,1,1,0,0,0,0
"CH65 0",1135,1119,0,0,0,0,0,0,0,0,0,0,1,1,12,0,0,5,2,3,0,2,0,0,0,0,0,0,0,0,0,0,0,0,0,0,0,0,0,0,0,0,0,0,1,0,0,0,0,0,0,0,0,0,0,0,0,0,0,0,0,0,0,0,0,0,0,0,0,0,0,0,0,0,0,0,0,0,0,0,0,0,0,0,0,0,0,0,0,0,0,0,0,0,0,0,0,0,0,0,1,1,0,0
"CH65 2",2481,2399,2,1,0,0,0,0,0,1,0,2,0,2,44,4,1,36,0,0,1,1,0,0,0,0,0,1,0,0,0,0,0,0,0,0,0,0,0,0,0,0,0,1,6,0,0,0,0,0,0,0,6,0,0,0,0,4,0,0,0,0,2,0,0,0,15,2,2,3,0,0,0,0,0,8,0,0,0,0,0,0,1,0,0,0,0,0,0,0,0,0,0,1,0,0,0,0,0,0,2,1,1,0
"CH65 3",1082,1051,2,1,1,0,0,0,0,0,0,2,5,0,20,0,0,18,0,0,2,0,0,0,0,0,0,0,0,0,0,0,0,0,0,0,0,0,0,0,0,0,0,0,1,0,0,0,0,0,0,0,0,0,0,0,0,0,0,0,0,0,0,0,0,0,0,0,0,0,0,0,0,0,0,0,0,0,0,0,0,0,0,0,0,0,0,0,0,0,0,0,0,0,0,0,0,0,0,0,0,0,0,0
"CH65 4",835,776,0,0,0,0,0,0,0,0,0,1,0,1,46,3,0,23,7,0,10,2,0,0,0,0,1,0,0,0,0,0,0,0,0,0,0,0,0,0,0,0,0,0,0,0,0,0,0,0,0,0,7,0,0,0,0,3,0,0,0,0,4,0,0,0,2,0,0,1,0,0,0,1,0,0,0,0,0,0,0,0,2,0,0,0,0,0,0,0,0,0,0,2,0,0,0,0,0,0,0,0,0,0
"CH65 5",3253,3153,1,0,0,0,0,0,0,0,0,5,6,1,53,0,0,37,0,0,4,0,6,0,2,0,0,0,0,0,0,4,0,0,3,0,0,0,3,0,0,0,0,0,0,0,1,0,0,1,0,0,11,2,1,0,0,6,0,0,0,0,2,0,0,0,15,0,2,0,0,0,0,2,0,11,0,0,0,0,0,0,3,0,0,0,0,0,1,0,0,0,0,0,2,0,0,0,1,1,0,0,0,0
"CH65 6",3138,3116,3,0,0,0,0,0,0,0,0,1,0,0,4,2,0,0,0,0,0,0,0,1,0,1,0,0,0,0,0,0,0,0,0,0,0,0,0,0,0,0,0,0,0,0,2,0,0,2,0,0,8,0,0,0,0,0,5,0,0,2,0,0,0,1,3,0,0,1,0,1,0,1,0,0,0,0,0,0,0,0,0,0,0,0,0,0,0,0,0,0,0,0,0,0,0,0,0,0,1,1,0,0
"CH65 7",3543,3473,1,0,0,0,0,0,0,0,0,3,0,1,35,1,1,16,5,0,1,4,0,2,2,0,2,0,0,1,0,0,0,0,0,0,0,0,0,0,0,0,0,0,10,0,0,0,0,0,0,0,10,3,1,0,0,0,0,4,0,0,2,0,0,0,4,0,1,0,0,0,0,0,0,2,1,0,0,0,0,0,6,0,0,0,0,0,0,0,0,0,0,0,0,6,0,0,0,0,0,0,0,0
"CH65 8",4450,4251,6,1,1,0,0,0,0,0,0,0,3,2,129,2,0,88,9,0,5,23,0,1,0,0,0,0,0,0,0,0,1,0,1,0,0,0,0,1,1,1,0,1,17,0,2,0,0,2,0,0,9,1,2,0,0,2,0,0,0,2,2,0,0,0,21,2,0,9,1,0,0,2,0,7,0,0,0,0,0,0,3,0,0,0,0,0,0,0,0,0,0,0,0,0,0,3,3,3,0,0,0,0
"CH65 9",5447,5317,1,0,0,0,0,0,0,0,0,4,1,8,38,0,1,25,7,0,0,2,0,0,0,0,1,1,0,0,1,0,0,0,0,0,0,0,0,0,0,0,0,0,13,6,3,0,0,0,0,3,6,1,1,0,0,4,0,0,0,0,0,0,0,0,47,1,8,35,0,0,1,2,0,0,0,0,0,0,0,0,2,0,0,0,0,0,0,0,0,0,0,0,2,0,0,0,0,0,1,1,0,0
"CH66 1",5871,5797,6,0,0,0,0,0,0,0,0,2,3,1,43,0,2,24,0,0,3,10,0,0,0,2,0,0,2,0,0,0,0,0,4,4,0,0,0,0,0,0,0,2,0,0,0,0,0,0,0,0,2,0,0,0,0,1,0,0,0,1,0,0,0,0,9,0,3,1,0,0,0,5,0,0,0,0,0,0,0,0,1,0,0,0,0,0,0,0,1,0,0,0,0,0,0,0,0,0,1,0,1,0
"CH66 2",12413,12256,7,0,0,0,0,0,0,0,0,5,5,10,37,1,9,19,2,2,0,0,0,0,0,3,0,1,0,0,0,0,0,0,1,0,0,0,1,0,0,0,0,8,6,5,4,0,1,1,2,0,21,0,1,7,0,3,0,0,3,2,3,0,0,2,40,2,11,12,1,2,1,4,1,6,0,0,0,0,0,0,2,0,0,0,0,0,1,0,0,0,0,1,0,0,0,0,0,0,6,3,0,3
"CH66 3",5782,5688,1,0,0,0,0,0,0,0,0,1,0,3,61,2,4,34,7,0,4,2,0,3,3,1,1,0,0,0,0,0,0,0,0,0,0,0,0,0,0,0,0,0,5,0,0,0,0,0,0,0,11,1,0,0,0,0,0,0,0,0,7,3,0,0,9,0,0,3,0,0,0,3,0,2,1,0,0,0,0,0,0,0,0,0,0,0,0,0,0,0,0,0,0,0,0,0,1,1,2,1,1,0
"CH66 4",8380,8290,5,1,0,0,0,1,0,0,0,1,2,4,33,1,4,13,7,3,0,3,0,0,0,0,1,1,0,0,0,0,0,0,0,0,0,0,0,0,0,0,0,2,1,4,0,0,0,0,0,0,19,1,3,0,0,9,0,0,0,0,6,0,0,0,13,1,2,3,1,0,0,2,0,4,0,0,0,0,0,0,3,0,0,0,0,0,0,0,0,0,0,0,3,0,0,0,0,0,2,2,0,0
"CH66 5",981,966,1,0,0,0,0,0,0,0,0,0,3,1,5,0,2,0,0,0,0,2,0,0,0,1,0,0,0,0,0,0,0,0,0,0,0,0,0,0,0,0,0,2,0,0,0,0,0,0,0,0,0,0,0,0,0,0,0,0,0,0,0,0,0,0,0,0,0,0,0,0,0,0,0,0,0,0,0,0,0,0,3,0,0,0,0,0,0,0,0,0,0,0,3,0,0,0,0,0,0,0,0,0
"CH66 6",375,374,0,0,0,0,0,0,0,0,0,0,0,0,0,0,0,0,0,0,0,0,0,0,0,0,0,0,0,0,0,0,0,0,1,0,0,0,0,1,0,0,0,0,0,0,0,0,0,0,0,0,0,0,0,0,0,0,0,0,0,0,0,0,0,0,0,0,0,0,0,0,0,0,0,0,0,0,0,0,0,0,0,0,0,0,0,0,0,0,0,0,0,0,0,0,0,0,0,0,0,0,0,0
"CH66 7",182,177,0,0,0,0,0,0,0,0,0,0,0,0,5,0,0,0,0,0,0,5,0,0,0,0,0,0,0,0,0,0,0,0,0,0,0,0,0,0,0,0,0,0,0,0,0,0,0,0,0,0,0,0,0,0,0,0,0,0,0,0,0,0,0,0,0,0,0,0,0,0,0,0,0,0,0,0,0,0,0,0,0,0,0,0,0,0,0,0,0,0,0,0,0,0,0,0,0,0,0,0,0,0
"CH7  1",9699,9545,0,0,0,0,0,0,0,0,0,4,2,7,80,11,2,33,6,2,4,13,0,0,0,0,4,3,0,1,0,1,0,0,1,0,0,1,0,0,0,0,0,1,7,0,0,0,0,0,0,0,21,2,2,5,0,9,0,0,0,1,0,0,2,0,25,0,5,13,1,0,0,5,0,1,0,0,0,0,0,0,2,0,0,0,0,0,0,0,0,0,0,0,2,0,0,0,2,2,2,0,0,2
"CH7  2",9172,9049,0,1,0,0,0,0,0,1,0,1,3,3,70,11,8,26,9,0,1,11,0,0,3,1,0,0,0,0,0,0,0,0,5,0,0,1,4,0,0,0,0,0,0,3,4,0,3,1,0,0,16,1,0,4,0,8,3,0,0,0,0,0,0,0,10,2,5,1,0,0,0,1,0,1,0,0,0,0,0,0,2,1,0,0,0,0,0,0,0,0,0,0,0,0,1,0,1,1,4,3,1,0
"CH7  3",6024,5967,0,1,0,0,0,0,0,1,0,0,0,2,35,6,1,23,0,2,0,0,0,0,0,0,2,1,0,0,0,0,0,0,0,0,0,0,0,0,0,0,0,1,0,0,0,0,0,0,0,0,9,0,0,2,0,3,0,0,1,0,0,0,0,3,6,2,2,0,0,0,0,1,1,0,0,0,0,0,0,0,0,0,0,0,0,0,0,0,0,0,0,0,0,0,0,0,1,1,2,2,0,0
"CH7  4",5880,5839,0,0,0,0,0,0,0,0,0,3,2,3,21,0,2,14,0,0,0,2,0,0,1,0,2,0,0,0,0,0,0,0,1,0,0,1,0,0,0,0,0,0,0,1,0,0,0,0,0,0,3,0,1,0,0,0,0,0,0,0,2,0,0,0,7,0,2,0,0,0,0,3,1,1,0,0,0,0,0,0,0,0,0,0,0,0,0,0,0,0,0,0,0,0,0,0,0,0,0,0,0,0
"CH7  5",6469,6428,0,0,0,0,0,0,0,0,0,2,1,1,22,2,1,14,1,0,0,2,0,0,0,0,1,0,0,1,0,0,0,0,0,0,0,0,0,0,0,0,0,1,0,0,0,0,0,0,0,0,4,0,1,0,0,0,3,0,0,0,0,0,0,0,6,2,0,2,0,0,0,2,0,0,0,0,0,0,0,0,0,0,0,0,0,0,0,0,0,0,0,0,0,0,0,0,0,0,4,2,0,2
"CH7  6",11180,11104,0,0,0,0,0,0,0,0,0,4,7,4,31,0,7,15,0,0,1,0,0,4,1,1,0,1,0,1,0,0,0,0,0,0,0,0,0,0,0,0,0,1,2,0,0,0,0,0,0,0,13,0,0,0,0,3,0,8,0,2,0,0,0,0,10,1,0,4,1,0,0,3,0,1,0,0,0,0,0,0,1,1,0,0,0,0,0,0,0,0,0,0,0,0,0,0,0,0,3,2,1,0
"CH8  7",8733,8611,0,0,0,0,0,0,0,0,0,2,4,7,64,7,1,37,4,0,0,8,0,0,1,0,3,2,0,1,0,0,0,0,0,0,0,0,0,0,0,0,0,1,7,0,1,0,0,1,0,0,12,0,0,2,0,3,0,0,0,1,6,0,0,0,21,4,0,6,0,0,0,7,0,2,2,0,0,0,0,0,0,0,0,0,0,0,0,0,0,0,0,0,0,0,0,0,0,0,3,1,2,0
"CH8  8",6039,5996,0,0,0,0,0,0,0,0,0,1,1,2,28,0,0,10,7,1,0,2,0,0,1,1,5,1,0,0,0,0,0,0,0,0,0,0,0,0,0,0,0,1,0,1,0,0,0,0,0,0,3,1,0,0,0,2,0,0,0,0,0,0,0,0,6,0,0,4,0,0,2,0,0,0,0,0,0,0,0,0,0,0,0,0,0,0,0,0,0,0,0,0,0,0,0,0,0,0,0,0,0,0
"CH8  9",5162,5110,0,0,0,0,0,0,0,0,0,0,2,1,25,0,2,13,2,0,3,0,0,3,0,0,0,1,0,0,0,0,1,0,1,0,0,0,0,1,0,0,0,2,3,0,0,0,0,0,0,0,0,0,0,0,0,0,0,0,0,0,0,0,0,0,15,4,0,1,1,0,0,1,2,4,2,0,0,0,0,0,1,0,0,0,0,0,0,0,1,0,0,0,0,0,0,0,0,0,2,2,0,0
"CM0  7",8065,8006,3,0,0,0,0,0,0,0,0,4,0,6,18,0,4,9,0,0,2,0,0,0,0,0,1,0,1,0,0,0,0,1,1,0,1,0,0,0,0,0,0,3,3,0,0,0,0,0,0,0,6,0,0,0,0,1,2,0,0,1,1,0,1,0,14,0,1,5,1,0,0,3,0,4,0,0,0,0,0,0,0,0,0,0,0,0,0,0,0,0,0,0,0,0,0,0,0,0,1,1,0,0
"CM0  8",7435,7341,0,1,0,0,0,0,0,1,0,6,3,4,36,2,4,17,0,0,1,2,0,2,0,1,3,1,2,0,0,0,1,0,3,2,0,0,0,1,0,0,0,5,2,1,1,0,0,0,0,1,5,0,0,0,0,0,0,0,0,5,0,0,0,0,20,0,4,4,1,0,0,5,1,5,0,0,0,0,0,0,3,0,0,0,0,0,0,0,0,0,0,0,1,0,1,1,1,1,3,0,1,2
"CM1  1",3450,3123,1,1,1,0,0,0,0,0,0,13,8,5,121,4,6,62,4,1,16,5,2,3,0,12,0,3,2,0,0,0,1,0,1,0,0,0,0,1,0,0,0,11,9,18,6,0,0,4,0,2,71,17,8,8,0,10,7,1,3,11,1,3,1,1,36,3,3,17,3,1,0,4,1,4,0,0,0,0,0,0,25,0,0,0,0,2,1,4,2,1,0,5,2,1,0,7,1,1,0,0,0,0
"CM1  2",15289,14570,2,1,0,0,0,0,0,1,0,25,20,20,233,18,16,110,14,2,10,7,17,10,4,6,6,6,2,3,0,0,2,0,14,5,2,2,1,4,3,3,0,16,16,17,13,1,4,6,1,1,180,24,9,1,0,65,4,4,4,26,33,1,6,3,100,12,10,26,9,0,4,5,0,27,7,0,0,0,0,0,45,0,1,0,0,12,3,0,4,0,0,17,1,0,1,6,1,1,13,9,1,3
"CM1  3",8238,7943,2,0,0,0,0,0,0,0,0,13,23,7,111,5,12,27,9,7,6,5,18,4,5,6,3,0,1,2,0,0,0,1,14,1,0,0,0,13,0,0,0,15,7,7,6,0,1,4,1,0,34,5,5,3,0,12,0,0,1,2,2,4,0,0,35,1,4,13,3,3,0,5,4,0,2,0,0,0,0,0,17,1,0,1,0,6,1,1,0,0,0,6,1,0,0,0,0,0,4,3,0,1
"CM1  4",12661,12224,0,0,0,0,0,0,0,0,0,23,6,7,141,12,14,58,4,8,8,6,2,5,4,3,2,3,2,7,1,0,2,0,1,1,0,0,0,0,0,0,0,10,8,21,7,1,0,6,0,0,132,27,10,4,0,21,22,0,0,8,24,3,5,8,56,0,13,9,5,0,0,8,0,14,7,0,0,0,0,0,18,0,1,0,0,2,0,0,0,0,0,11,2,0,0,2,3,3,4,2,0,2
"CM1  6",12865,12461,3,0,0,0,0,0,0,0,0,19,3,20,103,6,11,37,4,3,13,0,2,1,7,0,7,2,7,2,0,0,0,1,11,3,6,0,0,2,0,0,0,14,3,13,7,0,1,6,0,0,127,33,11,5,0,27,8,1,0,16,22,3,0,1,46,1,9,15,8,1,0,7,3,2,0,0,0,0,0,0,25,0,0,0,0,0,1,1,1,0,0,10,4,0,0,8,2,2,8,7,0,1
"CM1  7",8028,7720,0,1,0,0,0,0,0,1,0,8,9,9,91,23,5,22,2,6,14,1,0,3,10,2,1,0,1,1,0,0,0,0,1,0,0,0,0,1,0,0,0,12,0,32,13,1,2,9,1,0,84,10,20,5,0,2,4,3,9,17,3,4,0,7,29,3,1,5,2,0,0,4,0,8,6,0,0,0,0,0,12,0,2,0,0,2,0,0,2,0,0,5,0,1,0,0,4,4,3,3,0,0
"CM11 1",7027,6903,0,1,0,0,0,1,0,0,0,7,3,6,28,1,5,8,0,2,0,4,0,3,1,2,0,1,0,1,0,0,0,0,5,1,1,2,0,1,0,0,0,3,7,1,2,0,0,2,0,0,44,2,2,10,0,13,7,0,0,4,1,2,3,0,11,0,0,6,0,1,0,1,0,2,1,0,0,0,0,0,6,0,0,0,0,0,0,0,0,0,0,0,6,0,0,0,0,0,0,0,0,0
"CM11 2",11357,11176,2,0,0,0,0,0,0,0,0,27,9,14,62,5,7,21,2,5,2,3,2,0,0,5,3,6,0,0,0,0,1,0,3,1,0,0,1,1,0,0,0,8,10,13,1,0,1,0,0,0,20,4,1,0,0,8,0,0,0,5,2,0,0,0,4,0,0,2,0,0,0,2,0,0,0,0,0,0,0,0,7,0,0,0,0,3,0,0,0,0,0,0,4,0,0,0,0,0,1,1,0,0
"CM12 0",11914,11681,2,0,0,0,0,0,0,0,0,14,14,24,76,7,9,31,1,0,4,2,0,3,3,6,5,1,4,0,0,0,0,0,2,1,0,0,0,1,0,0,0,8,3,2,1,0,0,0,0,1,56,9,9,4,0,5,5,3,0,10,3,6,0,2,21,1,1,5,3,4,0,4,0,2,1,0,0,0,0,0,2,0,0,0,0,0,0,0,0,0,0,0,0,0,0,2,1,1,7,1,0,6
"CM12 9",7277,7142,4,0,0,0,0,0,0,0,0,14,4,2,35,5,2,10,1,4,3,0,0,0,0,2,4,2,1,1,0,0,0,0,4,2,1,0,0,1,0,0,0,2,1,3,2,0,0,2,0,0,26,2,1,2,0,5,2,0,5,2,0,5,2,0,26,0,1,8,4,0,0,11,1,1,0,0,0,0,0,0,10,0,0,0,0,0,2,1,0,0,0,2,5,0,0,0,0,0,2,2,0,0
"CM13 1",8107,7897,0,1,1,0,0,0,0,0,0,13,1,7,48,7,10,14,4,0,0,1,0,2,6,2,0,0,1,0,0,0,1,0,6,1,3,0,0,2,0,0,0,9,4,5,3,1,0,1,0,1,45,1,0,4,0,11,6,0,0,14,7,2,0,0,38,0,8,9,3,0,0,8,0,9,1,0,0,0,0,0,29,0,2,0,0,2,0,0,2,0,0,1,21,0,0,1,0,0,1,1,0,0
"CM13 2",9929,9668,1,0,0,0,0,0,0,0,0,13,3,12,83,7,10,10,5,2,7,8,3,1,8,5,9,3,1,2,1,0,1,0,3,0,0,1,0,2,0,0,0,9,11,14,0,0,0,0,0,0,60,5,5,9,0,8,17,0,2,12,2,0,0,0,37,1,6,9,0,0,0,3,0,18,0,0,0,0,0,0,11,0,0,0,0,0,0,1,0,0,0,0,10,0,0,0,3,3,1,1,0,0
"CM13 3",5721,5592,1,1,0,0,0,1,0,0,0,8,0,9,36,5,4,7,1,0,2,2,0,3,4,2,4,1,0,1,0,0,0,0,1,0,0,0,0,1,0,0,0,6,3,0,1,0,0,1,0,0,28,3,6,4,0,3,1,0,3,3,0,5,0,0,27,0,2,6,3,0,1,1,2,9,3,0,0,0,0,0,8,0,0,0,0,1,0,0,0,0,0,2,5,0,0,0,0,0,0,0,0,0
"CM14 4",10099,9645,1,0,0,0,0,0,0,0,0,18,27,32,147,19,28,56,2,3,8,9,4,4,4,4,3,1,0,1,1,0,0,0,6,2,1,0,0,3,0,0,0,10,12,3,9,2,0,7,0,0,94,3,5,1,0,20,15,0,12,24,10,4,0,0,67,5,17,18,2,3,0,6,2,7,7,0,0,0,0,0,22,0,0,0,0,0,0,0,0,0,0,8,7,0,4,3,6,6,0,0,0,0
"CM14 5",8866,8428,2,2,0,0,0,1,0,0,1,15,12,15,155,24,23,61,9,4,11,2,0,1,2,3,5,1,5,0,0,4,0,0,12,4,1,2,0,5,0,0,0,7,11,14,2,0,0,2,0,0,92,1,8,1,0,23,7,5,3,25,17,2,0,0,67,2,5,19,5,2,2,8,3,17,4,0,0,0,0,0,26,0,0,0,0,2,0,2,1,0,0,7,14,0,0,0,6,6,0,0,0,0
"CM15 0",8642,8581,0,0,0,0,0,0,0,0,0,6,1,3,19,1,1,2,3,2,3,0,0,0,0,1,5,0,0,1,0,0,0,0,1,0,0,0,0,1,0,0,0,0,1,0,0,0,0,0,0,0,5,1,0,1,0,0,0,0,0,0,1,2,0,0,16,1,5,3,0,0,0,2,0,5,0,0,0,0,0,0,7,0,0,0,0,0,2,0,0,0,0,0,5,0,0,0,0,0,2,1,0,1
"CM15 8",5567,5398,0,3,3,0,0,0,0,0,0,12,1,14,69,4,9,25,5,3,2,3,0,6,2,3,2,2,2,0,1,0,0,0,2,0,0,0,0,2,0,0,0,2,0,12,7,1,0,3,0,3,24,1,2,0,0,5,5,0,0,9,0,0,0,2,15,0,4,6,1,0,0,2,0,2,0,0,0,0,0,0,6,0,0,0,0,0,0,0,0,0,0,0,5,0,0,1,0,0,2,2,0,0
"CM15 9",8525,8317,3,0,0,0,0,0,0,0,0,11,4,8,65,11,4,24,2,1,7,2,1,6,1,0,3,1,2,0,0,0,0,0,4,2,1,1,0,0,0,0,0,1,2,0,5,0,0,2,0,3,57,12,0,5,0,20,3,0,2,5,3,6,0,1,35,0,5,0,1,2,0,6,0,13,8,0,1,0,0,0,5,0,0,0,0,0,0,0,0,0,0,3,2,0,0,0,5,5,2,2,0,0
"CM16 4",3556,3441,1,0,0,0,0,0,0,0,0,10,7,9,44,8,4,19,1,0,4,0,0,1,1,0,4,0,2,0,0,0,0,0,5,3,1,1,0,0,0,0,0,1,5,0,6,0,0,5,0,1,12,0,0,5,0,2,2,0,0,2,0,0,0,1,7,0,0,4,0,0,1,0,0,2,0,0,0,0,0,0,7,0,0,0,0,0,0,0,0,0,0,0,5,0,0,2,0,0,1,0,0,1
"CM16 5",3376,3306,0,1,1,0,0,0,0,0,0,5,2,2,21,3,2,5,2,2,1,0,0,0,1,3,0,1,1,0,0,0,0,0,5,2,1,1,0,1,0,0,0,4,6,0,4,0,0,0,0,4,6,0,0,0,0,2,2,0,0,2,0,0,0,0,4,1,0,1,1,0,0,1,0,0,0,0,0,0,0,0,6,0,0,0,0,0,0,0,0,0,0,1,5,0,0,0,4,4,0,0,0,0
"CM16 6",7757,7618,0,0,0,0,0,0,0,0,0,6,4,13,46,7,5,14,2,0,3,1,0,4,0,3,5,0,0,1,0,0,1,0,4,1,0,2,0,1,0,0,0,1,6,4,3,0,0,1,0,2,19,2,3,6,0,1,5,0,0,1,0,0,1,0,20,0,3,7,2,0,0,3,1,4,0,0,0,0,0,0,13,0,0,0,0,4,0,0,0,0,0,0,7,0,0,2,0,0,0,0,0,0
"CM16 7",6641,6515,0,0,0,0,0,0,0,0,0,7,1,11,36,8,4,7,3,0,1,3,0,3,1,2,2,0,1,0,0,0,1,0,2,0,1,1,0,0,0,0,0,9,5,0,4,1,0,0,0,3,20,1,0,3,0,5,2,0,0,5,0,4,0,0,12,2,1,3,0,0,1,4,0,1,0,0,0,0,0,0,15,0,0,0,0,0,0,0,0,0,0,0,12,0,0,3,2,2,2,0,2,0
"CM17 0",6632,6486,0,0,0,0,0,0,0,0,0,2,3,7,62,2,5,30,0,0,2,3,2,10,1,2,2,0,1,2,0,0,0,0,2,2,0,0,0,0,0,0,0,3,4,1,2,0,0,0,0,2,22,11,0,0,0,5,6,0,0,0,0,0,0,0,26,0,4,13,1,0,1,4,1,2,0,0,0,0,0,0,11,0,0,0,0,2,0,0,0,0,0,5,3,0,0,1,1,1,0,0,0,0
"CM17 9",13700,13144,2,0,0,0,0,0,0,0,0,20,14,10,187,11,5,64,11,8,18,23,0,7,9,5,21,1,1,2,0,0,0,1,9,8,0,1,0,0,0,0,0,9,16,36,10,0,0,6,2,2,113,32,7,13,0,15,12,0,3,6,11,0,10,4,75,1,30,15,2,1,5,13,0,5,3,0,0,0,0,0,48,0,0,0,0,5,3,4,6,0,0,17,7,0,1,5,4,4,3,3,0,0
"CM18 6",12330,11718,1,0,0,0,0,0,0,0,0,10,15,18,267,20,13,144,12,1,16,25,4,11,9,3,3,1,0,1,2,0,2,0,3,2,0,0,0,1,0,0,0,22,27,15,2,0,0,1,1,0,68,12,2,7,0,18,12,1,3,3,3,0,6,1,88,5,25,29,0,0,2,12,0,13,2,0,0,0,0,0,61,0,0,0,0,6,0,3,0,6,4,24,4,0,6,8,8,8,7,3,1,3
"CM18 7",11075,10442,3,2,0,0,0,1,0,1,0,11,8,8,345,35,17,167,6,7,14,28,23,25,3,6,6,1,0,0,5,0,0,2,13,4,8,1,0,0,0,0,0,17,12,6,15,0,0,13,2,0,64,16,4,5,0,17,11,0,2,5,3,0,0,1,61,2,22,24,0,0,2,5,1,5,0,0,0,0,0,0,66,0,0,0,0,8,0,5,1,4,0,41,6,0,1,0,2,2,0,0,0,0
"CM19 4",10379,9532,0,0,0,0,0,0,0,0,0,22,16,8,316,13,14,146,6,8,36,20,20,28,11,2,8,2,0,1,0,0,0,1,8,5,2,1,0,0,0,0,0,13,22,19,7,0,2,3,1,1,178,50,10,15,1,22,14,1,2,11,28,0,17,7,140,3,35,36,2,0,6,2,0,53,3,0,0,0,0,0,96,0,1,0,0,33,4,2,3,0,0,34,6,1,3,9,0,0,2,2,0,0
"CM19 5",7655,7344,0,0,0,0,0,0,0,0,0,10,10,7,134,19,4,74,2,1,3,9,5,11,1,2,2,1,0,0,0,0,0,0,13,4,5,2,1,1,0,0,0,12,21,8,2,0,0,2,0,0,27,7,2,3,0,10,2,0,0,0,2,0,0,1,35,1,13,9,1,0,0,4,1,5,1,0,0,0,0,0,24,1,0,0,0,4,0,0,2,1,0,1,10,0,0,5,1,1,7,7,0,0
"CM2  0",5053,4672,0,0,0,0,0,0,0,0,0,20,11,8,168,10,13,78,20,3,17,5,1,10,4,1,1,5,0,0,0,0,0,0,4,0,1,1,0,2,0,0,0,10,0,16,7,0,0,1,1,5,69,15,1,4,0,21,9,1,6,3,5,3,0,1,48,10,0,18,6,0,1,3,1,9,0,0,0,0,0,0,15,0,0,3,0,3,0,1,1,0,0,2,4,0,1,0,3,3,2,2,0,0
"CM2  6",14340,13833,1,0,0,0,0,0,0,0,0,17,23,34,184,48,15,59,5,8,12,9,7,2,3,3,6,1,3,1,0,0,2,0,7,0,4,1,0,2,0,0,0,13,15,7,8,2,0,4,0,2,93,25,6,3,0,18,12,1,6,6,3,1,4,8,68,9,10,24,5,1,1,11,2,1,4,0,0,0,0,0,22,0,0,1,0,1,0,6,0,0,0,6,0,0,0,8,0,0,15,12,0,3
"CM2  7",8172,7956,1,0,0,0,0,0,0,0,0,9,3,13,67,10,7,25,3,0,6,3,0,4,4,3,0,0,1,1,0,0,0,0,1,0,1,0,0,0,0,0,0,1,13,9,5,0,0,5,0,0,42,5,3,6,0,13,5,1,0,6,2,0,1,0,30,3,11,10,0,1,0,3,0,1,1,0,0,0,0,0,15,0,0,0,0,0,2,6,0,0,0,4,2,1,0,0,4,4,3,1,0,2
"CM2  8",14382,14168,2,0,0,0,0,0,0,0,0,12,7,16,72,12,12,25,4,1,4,3,0,2,0,5,1,1,0,1,1,0,0,0,4,0,1,0,0,3,0,0,0,3,10,5,1,0,0,1,0,0,32,2,4,1,0,14,4,0,1,2,1,0,0,3,32,1,5,9,4,0,0,6,1,4,2,0,0,0,0,0,16,0,0,0,1,0,0,0,2,0,0,4,5,2,1,1,0,0,2,0,2,0
"CM2  9",14049,13636,1,0,0,0,0,0,0,0,0,6,10,8,146,14,13,72,5,6,4,3,2,9,1,7,5,1,4,0,0,0,0,0,11,5,5,0,0,1,0,0,0,5,14,12,10,0,1,6,3,0,117,27,7,2,0,22,10,9,6,23,7,2,0,2,46,3,14,7,1,0,0,6,2,11,2,0,0,0,0,0,18,0,0,0,0,2,0,1,0,0,0,6,3,0,2,4,0,0,9,8,0,1
"CM20 1",6057,5377,0,0,0,0,0,0,0,0,0,13,9,6,190,6,11,81,26,7,9,7,5,17,0,12,6,0,1,0,2,0,0,0,8,8,0,0,0,0,0,0,0,12,0,19,15,0,0,7,8,0,241,27,45,20,0,37,7,2,7,26,51,4,1,14,115,1,11,25,1,1,0,2,0,73,1,0,1,0,0,0,49,1,1,0,0,6,6,3,2,0,0,19,2,4,1,4,2,2,0,0,0,0
"CM20 2",3836,3575,0,0,0,0,0,0,0,0,0,8,3,2,129,1,2,58,17,7,2,3,11,15,3,2,5,1,0,2,0,0,0,0,1,0,1,0,0,0,0,0,0,6,8,8,0,0,0,0,0,0,44,4,2,2,0,15,2,4,6,6,1,1,0,1,35,0,1,23,2,0,3,0,0,6,0,0,0,0,0,0,17,0,0,0,0,9,0,0,0,0,0,2,1,0,1,4,0,0,0,0,0,0
"CM20 3",10508,9717,1,0,0,0,0,0,0,0,0,20,12,7,315,16,11,182,16,4,10,31,14,21,3,2,1,1,0,0,0,0,3,0,3,0,0,2,0,1,1,1,0,13,14,8,16,0,1,10,4,1,181,38,1,14,0,81,9,4,2,2,17,2,11,0,112,9,42,21,3,2,5,5,0,21,4,0,0,0,0,0,74,3,1,0,0,22,0,1,3,1,0,29,5,0,0,9,5,5,9,7,2,0
"CM21 0",4195,4115,0,1,0,0,0,1,0,0,0,2,8,8,18,3,4,3,0,0,0,1,0,1,0,3,1,2,0,0,0,0,0,0,4,0,3,0,0,1,0,0,0,1,2,4,0,0,0,0,0,0,15,2,0,2,0,3,0,3,2,3,0,0,0,0,10,0,2,1,0,0,0,7,0,0,0,0,0,0,0,0,5,0,0,0,0,0,0,2,0,0,0,2,0,0,0,1,0,0,2,2,0,0
"CM21 9",6282,6151,1,0,0,0,0,0,0,0,0,13,15,9,43,1,4,19,3,1,2,2,0,4,0,0,0,3,1,0,1,0,1,1,0,0,0,0,0,0,0,0,0,3,3,0,1,0,0,0,0,1,16,1,0,0,0,11,3,0,0,0,0,0,1,0,15,0,2,6,0,0,0,0,0,6,1,0,0,0,0,0,9,0,0,0,0,2,0,0,1,0,0,0,4,0,0,2,2,2,1,1,0,0
"CM22 6",6621,6398,1,0,0,0,0,0,0,0,0,6,23,9,94,12,10,43,6,4,8,0,0,3,0,0,3,1,4,0,0,0,0,0,1,0,1,0,0,0,0,0,0,3,1,9,0,0,0,0,0,0,32,4,2,1,0,14,5,2,0,4,0,0,0,0,26,0,0,12,1,0,2,4,7,0,0,0,0,0,0,0,17,0,0,0,0,2,0,2,0,0,0,0,10,0,0,3,0,0,1,1,0,0
"CM22 7",6207,6081,0,0,0,0,0,0,0,0,0,6,3,10,60,5,7,22,0,4,1,1,0,1,7,2,3,4,1,0,1,0,0,1,1,0,1,0,0,0,0,0,0,4,3,1,1,0,0,0,0,1,15,0,0,2,0,3,4,0,0,4,0,0,0,2,14,0,0,3,0,0,0,2,1,8,0,0,0,0,0,0,6,0,0,0,0,0,0,0,2,0,0,0,3,0,0,1,1,1,1,0,0,1
"CM23 1",1513,1490,0,0,0,0,0,0,0,0,0,3,0,3,13,1,3,0,0,0,2,0,0,0,0,3,1,2,1,0,0,0,0,0,0,0,0,0,0,0,0,0,0,2,1,0,0,0,0,0,0,0,1,0,0,0,0,1,0,0,0,0,0,0,0,0,0,0,0,0,0,0,0,0,0,0,0,0,0,0,0,0,0,0,0,0,0,0,0,0,0,0,0,0,0,0,0,0,0,0,0,0,0,0
"CM23 2",7023,6596,0,0,0,0,0,0,0,0,0,23,52,22,234,21,13,112,9,14,4,9,3,16,6,5,12,2,4,0,4,0,0,0,7,1,2,0,0,4,0,0,0,8,3,4,1,0,0,0,0,1,16,1,1,1,0,7,0,0,0,5,1,0,0,0,45,0,12,15,3,1,3,2,0,6,3,0,0,0,0,0,7,0,0,0,0,0,1,0,0,0,0,2,4,0,0,0,3,3,2,1,0,1
"CM23 3",8946,8203,1,1,1,0,0,0,0,0,0,20,94,42,426,37,29,204,34,20,7,23,2,25,4,8,20,4,0,2,7,0,0,0,16,9,6,0,0,1,0,0,0,7,8,13,4,0,1,0,0,3,39,11,3,2,0,12,5,0,0,4,0,0,0,2,37,0,15,6,0,1,0,2,0,10,3,0,0,0,0,0,28,1,0,0,0,0,0,0,0,0,0,12,12,0,2,1,2,2,5,4,0,1
"CM23 4",12908,12500,2,0,0,0,0,0,0,0,0,22,46,21,143,11,17,71,5,5,6,0,4,7,2,0,5,5,2,0,0,0,3,0,4,1,1,0,0,2,0,0,0,16,8,9,8,0,0,8,0,0,54,8,4,11,0,20,9,0,1,1,0,0,0,0,62,1,15,10,7,1,1,6,3,17,1,0,0,0,0,0,7,1,0,0,0,0,0,0,0,0,0,0,5,0,0,1,2,2,4,2,0,2
"CM23 5",8831,8135,0,0,0,0,0,0,0,0,0,35,106,43,358,36,38,172,15,9,23,3,8,12,13,10,11,5,1,2,0,0,0,0,9,2,4,3,0,0,0,0,0,11,2,6,4,0,0,3,0,1,58,2,7,2,0,25,6,0,0,4,5,7,0,0,55,4,13,9,13,1,4,1,0,8,2,0,0,0,0,0,5,0,0,0,0,0,1,0,0,0,0,2,1,0,0,1,1,1,3,2,1,0
"CM24 8",6350,6122,1,0,0,0,0,0,0,0,0,6,26,10,119,11,5,49,3,3,12,4,7,9,7,0,4,3,2,0,0,0,0,0,3,1,1,0,0,1,0,0,0,3,3,3,1,0,0,0,0,1,31,1,1,0,0,27,0,0,0,0,0,0,0,2,18,0,2,4,1,0,0,3,0,8,0,0,0,0,0,0,3,0,0,0,0,0,0,0,0,0,0,0,2,0,0,1,0,0,1,1,0,0
"CM3  1",5396,5339,1,1,0,0,0,0,0,0,1,2,1,4,19,2,6,5,1,0,0,0,0,0,0,2,0,0,2,0,0,1,0,0,1,1,0,0,0,0,0,0,0,1,1,0,0,0,0,0,0,0,18,2,2,1,0,4,6,0,0,1,2,0,0,0,7,0,0,0,1,1,1,3,1,0,0,0,0,0,0,0,0,0,0,0,0,0,0,0,0,0,0,0,0,0,0,0,1,1,0,0,0,0
"CM3  2",5253,5188,0,0,0,0,0,0,0,0,0,2,2,4,29,2,4,18,1,0,0,1,0,0,0,0,3,0,0,0,0,0,0,0,0,0,0,0,0,0,0,0,0,2,2,2,0,0,0,0,0,0,9,0,0,0,0,2,0,0,0,5,2,0,0,0,5,0,0,0,0,0,1,0,0,2,2,0,0,0,0,0,7,0,0,0,0,0,0,0,0,0,0,6,1,0,0,0,1,1,0,0,0,0
"CM3  3",4762,4646,0,0,0,0,0,0,0,0,0,2,0,3,24,1,3,4,6,1,1,1,0,2,1,0,3,0,0,0,0,0,1,0,6,0,3,0,0,3,0,0,0,4,1,1,2,0,0,0,1,1,3,0,1,1,0,1,0,0,0,0,0,0,0,0,67,1,13,45,0,0,1,7,0,0,0,0,0,0,0,0,3,0,0,0,0,0,1,0,0,0,0,1,0,0,1,0,0,0,0,0,0,0
"CM3  4",9007,8873,0,1,1,0,0,0,0,0,0,4,2,11,41,3,10,8,4,0,0,2,0,0,0,0,9,0,3,1,0,0,1,0,3,1,0,0,0,2,0,0,0,2,10,14,2,0,0,2,0,0,6,1,0,0,0,1,3,0,0,1,0,0,0,0,28,0,1,8,1,0,0,3,0,14,1,0,0,0,0,0,8,0,0,0,0,0,0,1,2,0,0,0,3,1,0,1,0,0,2,1,0,1
"CM3  5",14367,14149,1,0,0,0,0,0,0,0,0,18,7,13,78,5,11,28,1,1,5,11,0,8,0,2,3,0,1,0,2,0,0,0,4,1,2,0,0,1,0,0,0,0,6,13,1,1,0,0,0,0,21,5,0,0,0,7,4,0,2,0,1,0,0,2,27,3,0,5,1,4,2,7,3,1,1,0,0,0,0,0,23,0,0,0,0,0,1,0,0,0,0,7,14,0,0,1,2,2,4,3,0,1
"CM3  6",9175,9099,1,0,0,0,0,0,0,0,0,4,3,2,35,1,4,15,0,0,5,2,0,0,0,0,4,1,1,0,0,1,1,0,0,0,0,0,0,0,0,0,0,4,2,1,1,0,0,1,0,0,5,2,1,1,0,1,0,0,0,0,0,0,0,0,14,0,3,1,0,0,0,9,0,1,0,0,0,0,0,0,3,0,0,0,0,0,0,0,0,0,0,0,2,0,0,1,0,0,1,1,0,0
"CM3  7",1519,1492,1,0,0,0,0,0,0,0,0,0,1,1,9,0,1,8,0,0,0,0,0,0,0,0,0,0,0,0,0,0,0,0,0,0,0,0,0,0,0,0,0,0,0,0,0,0,0,0,0,0,9,0,0,5,0,2,2,0,0,0,0,0,0,0,2,0,0,1,0,0,0,1,0,0,0,1,0,0,0,0,2,0,0,0,0,0,0,0,0,0,0,0,2,0,0,0,0,0,1,0,0,1
"CM3  8",2977,2940,0,0,0,0,0,0,0,0,0,1,5,3,10,0,4,2,0,0,0,1,0,2,0,0,1,0,0,0,0,0,0,0,0,0,0,0,0,0,0,0,0,2,1,1,0,0,0,0,0,0,2,0,0,0,0,0,0,0,0,0,2,0,0,0,9,0,3,3,0,0,0,1,0,1,1,0,0,0,0,0,3,0,0,0,0,0,0,0,0,0,0,0,3,0,0,0,0,0,0,0,0,0
"CM4  0",4481,4424,0,0,0,0,0,0,0,0,0,6,1,4,20,2,8,2,2,0,0,0,0,1,3,0,1,0,0,1,0,0,0,0,0,0,0,0,0,0,0,0,0,7,4,0,1,0,0,1,0,0,3,0,0,1,0,0,2,0,0,0,0,0,0,0,9,0,2,3,1,0,0,3,0,0,0,0,0,0,0,0,2,0,0,0,0,0,0,0,0,0,0,0,2,0,0,0,0,0,0,0,0,0
"CM4  9",5484,5401,0,0,0,0,0,0,0,0,0,5,4,4,30,2,5,10,2,0,0,1,0,1,6,1,0,1,0,0,0,0,1,0,2,0,0,0,1,1,0,0,0,2,5,1,3,1,0,2,0,0,10,0,2,0,0,3,1,0,0,4,0,0,0,0,15,0,2,2,1,0,0,5,0,5,0,0,0,0,0,0,1,0,0,0,0,0,0,0,0,0,0,0,0,0,0,1,0,0,1,1,0,0
"CM5  0",5225,5172,0,1,0,0,0,0,0,1,0,3,5,0,33,2,4,20,0,1,0,0,0,2,0,0,1,2,0,1,0,0,0,0,1,0,0,0,0,1,0,0,0,1,1,1,0,0,0,0,0,0,4,1,0,1,0,2,0,0,0,0,0,0,0,0,0,0,0,0,0,0,0,0,0,0,0,0,0,0,0,0,3,0,0,0,0,0,0,0,1,0,0,0,2,0,0,0,0,0,0,0,0,0
"CM5  9",5035,4985,0,0,0,0,0,0,0,0,0,3,1,0,12,2,1,2,0,1,1,0,0,0,0,0,2,2,0,0,0,0,0,1,0,0,0,0,0,0,0,0,0,1,5,0,4,1,0,3,0,0,7,0,0,4,0,2,0,0,0,1,0,0,0,0,14,0,2,6,1,0,0,5,0,0,0,0,0,0,0,0,2,0,0,0,0,0,0,0,0,0,0,0,1,0,1,0,1,1,0,0,0,0
"CM6  1",11258,10950,1,0,0,0,0,0,0,0,0,10,23,14,154,10,11,77,10,10,9,1,1,6,1,0,10,2,4,1,0,0,0,1,1,0,1,0,0,0,0,0,0,13,13,2,3,0,0,1,0,2,32,0,0,1,0,14,0,0,2,14,0,1,0,0,35,1,4,13,2,0,0,6,0,9,0,0,0,0,0,0,5,0,0,0,0,0,0,0,1,0,0,1,3,0,0,0,0,0,2,1,1,0
"CM6  2",6052,5975,2,0,0,0,0,0,0,0,0,2,9,4,33,1,2,11,2,0,4,2,0,0,2,1,1,6,0,1,0,0,0,0,0,0,0,0,0,0,0,0,0,1,1,3,1,0,0,1,0,0,7,0,0,0,0,3,0,0,1,0,0,0,3,0,8,0,0,2,1,0,0,1,0,3,1,1,0,0,0,0,3,0,0,0,0,0,0,0,0,0,0,0,1,0,0,2,0,0,2,2,0,0
"CM6  3",6987,6750,0,0,0,0,0,0,0,0,0,10,7,6,135,7,41,41,8,2,8,4,0,5,1,4,7,3,1,1,0,0,1,1,4,0,2,1,0,1,0,0,0,5,8,2,4,0,2,1,0,1,12,0,1,0,0,3,0,0,2,0,0,0,6,0,29,0,1,11,0,3,0,2,1,11,0,0,0,0,0,0,15,0,0,0,0,2,0,0,1,0,0,0,7,0,0,5,0,0,0,0,0,0
"CM7  1",8845,8452,0,0,0,0,0,0,0,0,0,7,39,8,199,16,2,133,7,3,9,16,3,3,2,0,2,2,0,0,1,0,0,0,3,1,1,0,0,1,0,0,0,6,5,4,4,0,0,4,0,0,51,5,2,10,0,20,2,0,0,7,0,0,5,0,54,0,2,6,0,0,1,7,0,34,4,0,0,0,0,0,12,0,0,0,0,0,0,1,0,0,0,4,7,0,0,0,0,0,1,1,0,0
"CM7  2",5301,5123,0,0,0,0,0,0,0,0,0,5,15,6,76,11,1,53,2,0,3,3,0,2,0,0,0,0,0,0,1,0,0,0,4,3,0,0,0,1,0,0,0,5,3,2,1,0,0,0,0,1,24,10,0,3,0,4,7,0,0,0,0,0,0,0,23,2,2,13,1,0,0,0,0,5,0,0,0,0,0,0,3,0,0,0,0,0,0,0,0,0,0,0,1,0,0,2,5,5,6,4,2,0
"CM7  3",10414,9656,0,3,2,0,0,1,0,0,0,11,28,11,497,22,12,351,10,3,9,36,3,35,2,4,5,3,0,1,0,0,1,0,3,2,0,1,0,0,0,0,0,26,14,7,4,1,1,1,0,1,61,2,5,3,0,17,5,0,0,9,7,4,7,2,69,7,8,22,1,0,1,6,1,22,1,1,0,0,0,0,12,0,0,0,0,0,0,0,0,0,0,5,5,0,0,2,1,1,10,8,1,1
"CM7  4",4125,4090,1,0,0,0,0,0,0,0,0,3,1,1,21,3,4,6,1,4,0,0,0,0,0,2,0,0,1,0,0,0,0,0,0,0,0,0,0,0,0,0,0,0,0,2,0,0,0,0,0,0,0,0,0,0,0,0,0,0,0,0,0,0,0,0,3,0,0,0,0,0,0,0,0,2,1,0,0,0,0,0,1,0,0,0,0,0,0,0,0,0,0,0,1,0,0,0,0,0,2,2,0,0
"CM7  5",9056,8876,1,1,0,0,0,0,0,1,0,9,16,7,86,5,4,53,1,1,3,7,1,3,2,1,3,0,2,0,0,0,0,0,2,1,0,1,0,0,0,0,0,1,3,0,1,0,0,1,0,0,17,1,1,0,0,3,5,0,2,5,0,0,0,0,18,2,3,3,1,0,1,7,0,1,0,0,0,0,0,0,4,0,0,0,0,0,0,0,1,0,0,0,1,0,1,1,0,0,14,11,1,2
"CM7  9",8897,8623,0,0,0,0,0,0,0,0,0,5,21,10,130,3,4,90,2,4,4,2,0,10,6,1,2,0,1,0,0,0,1,0,3,0,1,0,0,2,0,0,0,1,6,2,2,0,1,0,0,1,20,4,0,4,0,3,4,0,0,3,2,0,0,0,65,2,14,24,0,2,0,1,1,20,1,0,0,0,0,0,7,0,0,0,0,0,0,2,0,0,0,1,4,0,0,0,0,0,2,1,0,1
"CM77 6",2566,2522,0,0,0,0,0,0,0,0,0,2,7,2,19,1,4,6,0,1,2,0,0,3,0,0,2,0,0,0,0,0,0,0,0,0,0,0,0,0,0,0,0,0,2,0,0,0,0,0,0,0,7,0,0,1,0,4,0,0,0,1,0,1,0,0,3,1,0,1,0,0,0,1,0,0,0,0,0,0,0,0,2,1,0,0,0,0,0,0,0,0,0,0,1,0,0,0,0,0,0,0,0,0
"CM77 7",7177,7039,0,0,0,0,0,0,0,0,0,9,4,5,69,3,4,41,2,1,1,0,0,0,0,1,0,6,6,4,0,0,0,0,3,0,2,0,1,0,0,0,0,5,6,2,3,0,0,3,0,0,9,3,0,2,0,0,2,2,0,0,0,0,0,0,18,0,1,2,0,0,0,5,1,9,0,0,0,0,0,0,5,0,0,0,0,0,0,0,2,0,0,0,3,0,0,0,0,0,0,0,0,0
"CM77 8",5115,5054,1,0,0,0,0,0,0,0,0,1,2,7,30,1,3,17,0,0,0,2,0,0,0,0,3,0,2,1,0,0,1,0,1,0,0,1,0,0,0,0,0,0,4,0,0,0,0,0,0,0,2,0,0,0,0,0,1,0,0,1,0,0,0,0,9,0,0,0,0,0,2,3,0,4,0,0,0,0,0,0,2,0,0,0,0,0,0,0,0,0,0,0,1,0,0,1,0,0,2,1,0,1
"CM8  1",13336,12883,0,0,0,0,0,0,0,0,0,5,13,16,280,0,9,221,8,3,4,10,2,5,7,0,5,0,4,1,0,0,1,0,6,2,0,1,0,3,0,0,0,6,7,6,1,0,0,0,0,1,38,1,7,0,0,14,7,1,0,0,2,2,3,1,51,4,0,6,4,0,1,4,1,31,0,0,0,0,0,0,15,0,1,0,0,0,2,0,0,0,0,5,3,0,0,4,2,2,7,7,0,0
"CM8  2",11348,10995,1,1,1,0,0,0,0,0,0,6,6,22,233,4,2,182,5,1,2,15,0,5,1,9,2,2,0,1,0,0,2,0,2,0,2,0,0,0,0,0,0,2,12,2,1,0,0,1,0,0,30,0,2,0,0,0,8,0,0,6,4,2,8,0,29,0,3,3,2,0,0,5,1,15,0,0,0,0,0,0,4,0,1,0,0,0,0,0,0,0,0,0,1,0,0,2,0,0,2,2,0,0
"CM8  3",6696,6617,0,0,0,0,0,0,0,0,0,3,5,6,31,2,6,14,0,1,1,0,0,0,0,1,3,0,1,0,0,0,1,1,2,1,0,0,0,1,0,0,0,5,2,0,0,0,0,0,0,0,13,4,0,1,0,6,0,0,0,0,2,0,0,0,10,0,0,0,1,0,1,1,0,6,1,0,0,1,1,0,1,0,0,0,0,0,0,0,1,0,0,0,0,0,0,0,0,0,0,0,0,0
"CM9  4",8542,8451,1,0,0,0,0,0,0,0,0,5,5,3,31,2,5,18,0,1,1,0,0,0,0,3,0,1,0,0,0,0,0,0,3,2,1,0,0,0,1,1,0,1,6,1,2,0,2,0,0,0,20,0,0,3,0,11,0,0,0,1,4,0,0,1,5,0,0,0,0,1,0,2,1,1,0,0,0,0,0,0,2,0,0,0,0,0,0,0,0,0,0,0,0,0,0,2,4,4,1,1,0,0
"CM9  5",4135,4033,0,0,0,0,0,0,0,0,0,5,12,2,53,3,4,34,0,0,6,2,0,3,0,0,1,0,0,0,0,0,0,0,1,0,0,0,0,1,0,0,0,1,4,0,2,0,2,0,0,0,14,0,0,0,0,7,2,0,0,2,3,0,0,0,6,1,1,1,0,0,0,1,0,2,0,0,0,0,0,0,1,0,0,0,0,0,0,0,0,0,0,0,0,0,1,0,0,0,1,1,0,0
"CM9  6",11079,10933,0,0,0,0,0,0,0,0,0,7,6,4,45,0,7,21,0,2,3,0,0,2,3,0,1,2,2,2,0,0,0,0,2,0,1,0,1,0,0,0,0,0,5,0,3,1,0,1,0,1,30,0,0,0,0,23,3,0,0,0,2,0,0,2,40,0,6,15,0,1,1,2,0,15,0,0,0,0,0,0,2,0,0,0,0,0,0,0,0,0,0,2,0,0,0,0,1,1,1,1,0,0
"CM9  8",8750,8655,0,0,0,0,0,0,0,0,0,6,2,3,51,0,7,11,0,1,11,0,1,9,1,6,1,0,1,2,0,0,0,0,4,0,0,1,0,3,0,0,0,3,0,1,3,1,2,0,0,0,8,0,2,1,0,0,0,0,0,1,4,0,0,0,6,1,2,0,1,0,0,0,0,2,0,0,0,0,0,0,4,0,0,0,0,0,0,0,0,0,0,1,0,0,0,3,0,0,4,3,1,0
"CO1  1",4480,3921,0,0,0,0,0,0,0,0,0,23,24,17,202,12,19,106,1,4,12,8,10,1,6,11,2,7,2,1,0,0,0,0,6,1,2,0,0,3,0,0,0,11,17,42,23,0,8,15,0,0,86,19,3,1,0,21,7,1,5,13,3,2,3,8,87,8,6,33,5,3,0,8,3,20,1,0,0,0,0,0,15,0,0,0,0,0,0,2,4,0,0,3,6,0,0,0,2,2,4,2,0,2
"CO1  2",9795,8669,0,2,2,0,0,0,0,0,0,27,24,57,438,23,36,196,7,9,35,51,15,15,13,17,3,1,2,6,5,0,2,2,24,8,4,2,3,7,0,0,0,23,24,144,29,0,8,17,1,3,140,8,6,8,1,22,3,1,6,16,5,1,61,2,160,8,5,58,11,3,2,17,10,46,0,5,0,0,0,0,17,0,0,0,0,2,0,3,0,2,0,1,3,0,0,6,4,4,8,8,0,0
"CO10 0",12977,12784,0,0,0,0,0,0,0,0,0,9,2,5,101,5,7,65,9,1,3,2,1,1,0,0,3,1,2,0,0,0,1,0,0,0,0,0,0,0,0,0,0,6,6,3,0,0,0,0,0,0,13,3,0,0,0,7,0,0,0,3,0,0,0,0,35,0,3,7,2,0,2,0,0,17,4,0,0,0,0,0,4,0,1,0,0,0,1,0,0,0,0,1,1,0,0,0,0,0,9,9,0,0
"CO10 1",7978,7715,0,0,0,0,0,0,0,0,0,10,3,8,123,3,5,84,5,4,3,3,6,2,3,2,1,1,0,1,0,0,0,0,3,3,0,0,0,0,0,0,0,9,20,0,5,0,3,2,0,0,31,0,0,0,0,16,1,0,0,2,11,1,0,0,42,2,6,11,2,0,0,6,0,12,3,0,0,0,0,0,5,2,0,0,0,0,0,0,0,0,0,2,0,0,0,1,1,1,3,3,0,0
"CO10 2",4295,4183,0,0,0,0,0,0,0,0,0,4,3,5,62,2,5,40,3,0,3,2,1,3,0,1,0,2,0,0,0,0,0,0,1,0,0,0,0,1,0,0,0,0,3,0,1,0,0,1,0,0,12,0,0,0,0,7,1,0,0,0,2,0,0,2,20,1,4,1,1,1,0,1,0,11,0,0,0,0,0,0,1,0,0,0,0,0,1,0,0,0,0,0,0,0,0,0,0,0,0,0,0,0
"CO10 5",2213,2198,2,0,0,0,0,0,0,0,0,3,3,0,7,1,0,4,0,1,0,0,0,0,0,0,0,1,0,0,0,0,0,0,0,0,0,0,0,0,0,0,0,0,0,0,0,0,0,0,0,0,0,0,0,0,0,0,0,0,0,0,0,0,0,0,0,0,0,0,0,0,0,0,0,0,0,0,0,0,0,0,0,0,0,0,0,0,0,0,0,0,0,0,0,0,0,0,0,0,0,0,0,0
"CO10 7",6266,6197,0,0,0,0,0,0,0,0,0,1,0,6,43,3,2,24,3,1,1,1,0,3,0,1,2,0,0,1,1,0,0,0,1,0,0,0,0,1,0,0,0,2,1,1,1,0,0,1,0,0,5,0,0,0,0,1,0,0,0,0,4,0,0,0,5,0,0,0,0,0,0,3,0,2,0,0,0,0,0,0,1,0,0,0,0,0,0,0,0,0,0,0,1,0,0,0,0,0,2,2,0,0
"CO10 8",5232,5193,0,0,0,0,0,0,0,0,0,4,1,2,21,1,1,9,0,0,2,1,0,2,0,1,3,0,0,1,0,0,0,0,0,0,0,0,0,0,0,0,0,0,0,0,1,0,0,1,0,0,1,0,0,0,0,0,0,0,0,1,0,0,0,0,7,0,0,1,1,0,1,2,0,1,1,0,0,0,0,0,0,0,0,0,0,0,0,0,0,0,0,0,0,0,0,0,1,1,1,1,0,0
"CO10 9",6028,5970,2,0,0,0,0,0,0,0,0,12,2,5,21,1,3,5,5,0,1,3,0,0,0,0,1,0,0,1,1,0,0,0,0,0,0,0,0,0,0,0,0,1,5,0,3,0,0,3,0,0,2,0,1,0,0,0,0,0,0,0,0,1,0,0,0,0,0,0,0,0,0,0,0,0,0,0,0,0,0,0,3,0,0,0,0,0,0,0,0,0,0,1,2,0,0,0,1,1,1,1,0,0
"CO11 1",5467,5407,0,0,0,0,0,0,0,0,0,1,2,6,18,1,2,9,1,0,1,0,0,0,2,0,0,0,0,0,0,0,1,1,3,0,1,0,0,2,0,0,0,4,1,0,0,0,0,0,0,0,7,1,0,0,0,0,4,0,0,2,0,0,0,0,7,0,0,1,0,0,0,3,1,2,0,0,0,0,0,0,5,0,0,0,0,0,0,0,0,0,0,0,4,0,0,1,0,0,6,4,1,1
"CO11 2",7093,7011,0,0,0,0,0,0,0,0,0,4,4,1,34,1,7,10,2,3,2,3,0,0,0,0,3,1,2,0,0,0,0,0,2,0,0,0,0,2,0,0,0,2,2,4,1,0,0,1,0,0,7,0,0,0,0,0,1,0,0,0,6,0,0,0,9,0,0,4,2,0,0,3,0,0,0,0,0,0,0,0,5,0,0,0,0,0,0,0,0,0,0,0,4,0,0,1,0,0,7,3,1,3
"CO12 3",6717,6533,0,0,0,0,0,0,0,0,0,5,1,1,111,6,8,72,1,4,5,0,2,0,0,2,6,0,4,1,0,0,0,0,0,0,0,0,0,0,0,0,0,8,4,2,3,0,3,0,0,0,13,0,0,0,0,0,2,0,0,7,2,2,0,0,34,2,0,7,0,0,1,7,0,17,0,0,0,0,0,0,1,0,0,0,0,0,0,1,0,0,0,0,0,0,0,0,1,1,0,0,0,0
"CO12 4",10844,10737,0,2,0,0,0,0,0,2,0,2,3,1,54,1,7,27,0,0,2,0,0,0,2,1,8,0,5,0,0,1,0,0,3,2,0,0,0,1,0,0,0,3,1,0,4,0,2,2,0,0,8,0,0,1,0,1,4,0,0,1,0,0,0,1,22,1,7,8,0,0,1,3,0,2,0,0,0,0,0,0,2,0,0,0,0,0,0,2,0,0,0,0,0,0,0,0,0,0,2,1,0,1
"CO12 5",3879,3828,1,0,0,0,0,0,0,0,0,6,1,3,15,1,3,4,0,1,0,1,0,4,0,0,1,0,0,0,0,0,0,0,0,0,0,0,0,0,0,0,0,0,7,1,0,0,0,0,0,0,0,0,0,0,0,0,0,0,0,0,0,0,0,0,9,0,6,2,0,0,0,1,0,0,0,0,0,0,0,0,4,0,0,0,0,1,0,0,0,0,0,0,2,0,0,1,2,2,2,0,0,2
"CO13 0",7944,7885,0,0,0,0,0,0,0,0,0,1,0,4,25,1,4,13,1,2,2,0,0,0,0,0,1,1,0,0,0,0,0,0,0,0,0,0,0,0,0,0,0,1,3,0,0,0,0,0,0,0,10,0,1,0,0,5,0,0,0,0,3,0,1,0,10,0,2,0,0,0,0,5,0,3,0,0,0,0,0,0,4,0,0,0,0,0,0,0,0,0,0,0,4,0,0,0,0,0,1,1,0,0
"CO13 9",3920,3844,0,0,0,0,0,0,0,0,0,0,0,7,35,1,3,16,0,1,3,0,0,3,1,0,3,2,1,0,0,1,0,0,0,0,0,0,0,0,0,0,0,0,6,1,0,0,0,0,0,0,5,3,0,0,0,2,0,0,0,0,0,0,0,0,17,2,2,6,0,0,0,0,0,6,1,0,0,0,0,0,3,0,0,0,0,0,0,0,0,2,0,1,0,0,0,0,0,0,2,0,0,2
"CO14 8",6569,6450,2,0,0,0,0,0,0,0,0,6,1,3,50,2,6,18,1,2,6,0,3,2,0,2,1,4,1,0,1,1,0,0,0,0,0,0,0,0,0,0,0,1,0,0,0,0,0,0,0,0,15,0,0,2,0,5,2,0,0,0,3,0,3,0,38,0,2,7,1,0,2,3,1,20,2,0,0,0,0,0,1,0,0,0,0,0,0,0,0,0,0,1,0,0,0,0,0,0,2,1,0,1
"CO15 1",6993,6794,0,0,0,0,0,0,0,0,0,1,0,6,96,2,4,61,2,1,6,4,2,7,0,4,1,0,0,0,0,0,2,0,5,3,0,1,1,0,0,0,0,4,7,2,2,0,2,0,0,0,26,2,0,0,0,2,4,0,0,2,14,0,0,2,35,0,5,18,1,0,1,0,0,8,2,0,0,0,0,0,10,0,0,0,0,0,0,3,1,0,0,0,1,0,0,5,0,0,5,1,0,4
"CO15 2",6331,6267,0,0,0,0,0,0,0,0,0,1,1,4,28,2,8,6,0,0,3,2,3,1,0,0,2,0,1,0,0,0,0,0,0,0,0,0,0,0,0,0,0,2,1,6,1,0,1,0,0,0,6,0,0,0,0,0,2,0,0,2,2,0,0,0,7,0,3,1,0,0,0,2,1,0,0,0,0,0,0,0,2,0,0,0,0,0,2,0,0,0,0,0,0,0,0,0,0,0,5,5,0,0
"CO15 3",8195,7984,0,1,0,0,0,0,0,1,0,13,3,3,106,3,7,68,0,0,0,0,7,7,6,4,2,1,1,0,0,0,0,0,1,0,0,1,0,0,0,0,0,1,2,1,3,0,3,0,0,0,27,0,2,0,0,7,2,0,0,6,10,0,0,0,26,4,0,12,0,0,0,3,0,7,0,0,0,1,1,0,6,0,0,0,0,2,0,0,0,0,0,0,0,0,1,3,8,8,9,7,0,2
"CO15 4",7925,7863,0,0,0,0,0,0,0,0,0,2,1,1,21,2,4,4,0,0,2,0,0,0,3,3,0,2,1,0,0,0,0,0,0,0,0,0,0,0,0,0,0,1,5,0,0,0,0,0,0,0,10,0,0,0,0,0,0,0,0,7,2,0,1,0,16,0,6,5,0,0,0,2,0,2,1,0,0,0,0,0,0,0,0,0,0,0,0,0,0,0,0,0,0,0,0,0,0,0,5,4,0,1
"CO15 5",6632,6589,0,0,0,0,0,0,0,0,0,4,0,3,17,2,1,10,0,0,0,0,0,0,1,2,0,0,0,0,0,0,1,0,0,0,0,0,0,0,0,0,0,2,0,0,0,0,0,0,0,0,7,0,0,0,0,0,0,0,0,2,5,0,0,0,6,0,0,3,0,0,0,2,0,0,1,0,0,0,0,0,0,0,0,0,0,0,0,0,0,0,0,0,0,0,0,0,0,0,4,2,0,2
"CO15 6",5678,5511,0,0,0,0,0,0,0,0,0,5,0,4,95,6,4,60,0,1,1,0,3,2,11,3,1,0,1,1,0,0,0,1,6,2,1,3,0,0,0,0,0,3,7,3,0,0,0,0,0,0,21,0,0,0,0,3,4,0,0,4,9,0,1,0,17,0,2,3,0,0,0,3,0,8,1,0,0,0,0,0,4,0,0,0,0,0,0,0,0,0,0,2,0,0,0,2,1,1,1,0,0,1
"CO16 0",2960,2930,0,0,0,0,0,0,0,0,0,3,0,0,13,0,0,3,0,0,0,0,2,0,7,0,1,0,0,0,0,0,0,0,1,0,0,0,0,1,0,0,0,1,1,0,0,0,0,0,0,0,5,0,0,0,0,2,0,0,0,2,1,0,0,0,4,0,0,0,0,0,0,2,0,0,2,0,0,0,0,0,0,0,0,0,0,0,0,0,0,0,0,0,0,0,0,0,0,0,2,1,0,1
"CO16 7",4727,4681,1,0,0,0,0,0,0,0,0,3,1,2,19,1,0,10,0,0,0,0,3,1,0,2,2,0,0,0,0,0,0,0,0,0,0,0,0,0,0,0,0,1,0,1,0,0,0,0,0,0,9,0,0,0,0,4,1,0,0,2,0,2,0,0,7,0,3,4,0,0,0,0,0,0,0,0,0,0,0,0,0,0,0,0,0,0,0,0,0,0,0,0,0,0,0,0,0,0,2,1,0,1
"CO16 8",10535,10438,1,0,0,0,0,0,0,0,0,2,0,10,32,0,6,12,2,0,0,0,0,1,5,3,0,1,0,0,0,0,2,0,1,0,1,0,0,0,0,0,0,5,1,0,0,0,0,0,0,0,20,0,0,3,0,4,2,0,0,2,9,0,0,0,17,2,0,12,0,0,0,1,0,2,0,0,0,0,0,0,2,0,0,0,0,0,0,0,0,0,0,1,1,0,0,0,2,2,4,3,0,1
"CO16 9",5192,5150,0,0,0,0,0,0,0,0,0,3,0,2,8,1,2,0,0,0,0,0,0,0,0,2,2,0,0,0,0,0,1,0,2,1,0,0,0,1,0,0,0,1,1,0,1,0,1,0,0,0,12,0,0,3,0,7,2,0,0,0,0,0,0,0,10,0,1,2,0,0,0,1,0,6,0,0,0,0,0,0,0,0,0,0,0,0,0,0,0,0,0,0,0,0,0,0,0,0,2,1,0,1
"CO2  0",4356,4302,0,0,0,0,0,0,0,0,0,7,2,1,10,1,1,4,0,0,0,0,0,1,0,0,2,0,0,0,0,0,1,0,3,1,0,0,0,2,0,0,0,2,0,0,8,0,4,4,0,0,1,0,0,0,0,1,0,0,0,0,0,0,0,0,11,0,0,1,0,0,0,2,0,8,0,0,0,0,0,0,0,0,0,0,0,0,0,0,0,0,0,0,0,0,0,0,2,2,7,0,0,7
"CO2  7",8812,8324,0,1,1,0,0,0,0,0,0,9,2,17,175,7,24,75,1,1,25,19,4,4,2,4,2,0,2,5,0,0,0,0,8,4,0,2,0,2,0,0,0,19,1,28,29,0,9,20,0,0,133,2,3,1,0,17,2,0,2,4,0,0,102,0,46,5,2,17,2,0,3,3,4,10,0,0,0,0,0,0,16,1,0,0,0,4,4,0,0,0,0,3,2,1,0,1,2,2,2,1,0,1
"CO2  8",12129,10946,0,2,0,0,0,0,0,2,0,29,19,34,354,16,30,96,15,4,23,29,2,4,25,95,4,2,2,0,1,0,1,5,53,19,1,1,0,32,0,0,0,21,29,188,35,0,7,11,0,17,74,8,9,2,0,3,0,0,2,5,7,0,38,0,301,16,34,174,6,0,3,29,11,25,3,0,0,0,0,0,34,0,0,0,0,3,3,1,13,0,0,9,0,1,1,3,1,1,9,5,1,3
"CO2  9",8101,7692,1,2,0,0,0,0,0,2,0,11,3,11,70,5,12,25,0,1,5,5,1,4,2,4,1,1,2,1,0,0,1,0,8,3,0,0,0,5,0,0,0,0,2,1,8,0,1,6,1,0,158,4,5,3,0,1,0,0,0,1,1,2,140,1,40,2,7,8,2,0,1,5,3,9,3,50,0,0,0,0,28,0,0,0,0,5,1,0,0,0,0,1,13,0,4,4,6,6,10,8,1,1
"CO3  0",7436,7272,1,1,0,0,0,0,0,1,0,9,1,9,45,3,3,9,2,2,8,2,0,7,1,5,3,0,0,0,0,0,0,0,12,7,2,1,0,2,0,0,0,4,3,6,7,0,4,3,0,0,17,3,3,0,0,4,2,1,0,0,2,2,0,0,34,0,3,23,0,0,0,3,0,5,0,0,0,0,0,0,8,0,0,0,0,0,0,0,0,0,0,1,7,0,0,0,2,2,5,2,3,0
"CO3  3",7780,7307,0,2,0,0,0,1,0,1,0,21,12,26,157,10,14,67,7,8,15,5,4,0,2,5,6,7,2,4,0,0,1,0,6,1,0,0,1,4,0,0,0,6,13,47,35,0,6,27,0,2,58,10,3,0,0,15,4,0,3,7,4,0,12,0,80,4,20,18,5,5,1,8,0,12,7,2,0,0,0,0,5,0,0,0,0,0,0,0,0,0,0,0,3,0,0,2,1,1,2,1,0,1
"CO3  4",6546,6369,1,0,0,0,0,0,0,0,0,7,4,3,44,4,3,21,2,0,0,1,0,1,0,2,6,3,0,0,0,0,1,0,5,4,0,0,0,1,0,0,0,8,1,8,9,0,1,7,0,1,37,8,3,0,0,5,6,0,1,6,0,0,8,0,47,0,6,23,2,0,0,0,0,10,6,0,0,0,0,0,2,0,1,0,0,0,0,0,0,0,0,0,1,0,0,0,0,0,1,1,0,0
"CO3  8",794,770,0,0,0,0,0,0,0,0,0,1,0,1,7,1,0,3,0,0,1,1,0,0,0,1,0,0,0,0,0,0,0,0,0,0,0,0,0,0,0,0,0,0,1,0,2,0,0,2,0,0,4,0,0,0,0,1,0,0,0,3,0,0,0,0,8,0,0,8,0,0,0,0,0,0,0,0,0,0,0,0,0,0,0,0,0,0,0,0,0,0,0,0,0,0,0,0,0,0,0,0,0,0
"CO3  9",4778,4669,0,1,1,0,0,0,0,0,0,10,1,3,33,0,3,5,4,3,4,3,0,5,0,3,1,1,0,0,1,0,0,0,0,0,0,0,0,0,0,0,0,0,0,5,3,0,1,1,0,1,34,5,0,1,0,2,4,0,4,6,6,3,2,1,17,0,1,7,1,0,0,2,0,6,0,1,0,0,0,0,0,0,0,0,0,0,0,0,0,0,0,0,0,0,0,0,0,0,1,1,0,0
"CO4  0",7019,6717,0,1,0,0,0,0,0,1,0,9,3,6,132,6,9,74,2,4,2,13,1,9,0,5,3,0,2,1,0,0,1,0,4,1,0,0,0,3,0,0,0,3,7,16,6,1,2,1,0,2,55,11,7,0,0,17,0,0,3,9,1,1,5,1,46,4,15,7,3,0,3,2,0,12,0,0,0,0,0,0,9,0,0,0,0,0,2,2,0,0,0,1,1,0,0,3,1,1,4,2,0,2
"CO4  3",17355,14943,1,1,0,0,0,0,0,0,1,93,31,70,969,28,61,173,15,21,158,139,17,16,81,211,18,14,0,4,5,1,1,6,80,6,3,1,0,70,0,0,0,40,48,158,70,0,14,14,5,37,157,22,7,1,0,43,13,1,2,14,19,0,33,2,619,24,78,391,16,4,7,16,35,40,8,1,0,0,0,0,59,0,0,0,0,10,3,8,3,1,0,6,3,12,3,10,13,13,2,1,1,0
"CO4  5",13271,12435,0,0,0,0,0,0,0,0,0,26,29,19,268,5,15,123,6,5,23,24,13,15,5,9,9,6,4,2,1,0,1,2,7,0,0,2,0,5,0,0,0,26,7,41,28,4,8,11,2,3,139,10,6,3,0,7,16,1,9,42,21,10,5,9,184,4,7,29,5,1,0,6,1,125,6,0,0,0,0,0,54,1,2,1,0,1,4,2,13,0,0,5,16,5,0,4,1,1,7,5,0,2
"CO4  9",8335,7796,2,0,0,0,0,0,0,0,0,9,6,8,189,4,12,84,6,2,14,34,6,8,7,1,4,2,0,3,2,0,0,0,11,7,2,1,0,1,0,0,0,17,1,69,13,0,0,10,0,3,79,6,3,3,0,7,3,0,3,7,9,18,17,3,100,3,21,21,1,0,2,12,4,34,2,0,0,0,0,0,25,0,1,0,0,1,5,0,1,0,0,7,3,0,0,7,7,7,3,2,1,0
"CO5  0",9651,9572,1,0,0,0,0,0,0,0,0,2,1,4,41,2,4,16,0,8,0,0,0,0,5,1,4,0,1,0,0,0,0,0,1,0,0,0,0,1,0,0,0,0,1,3,0,0,0,0,0,0,3,0,0,0,0,3,0,0,0,0,0,0,0,0,14,0,3,6,2,0,0,0,0,3,0,0,0,0,0,0,4,0,0,0,0,0,0,0,0,0,0,0,2,0,0,2,0,0,4,2,0,2
"CO5  7",4355,4290,1,0,0,0,0,0,0,0,0,3,2,8,13,0,3,5,0,1,0,0,0,0,0,1,3,0,0,0,0,0,0,0,1,0,0,0,0,1,0,0,0,4,1,8,4,0,2,1,1,0,5,0,0,2,0,0,0,0,0,2,0,0,1,0,15,0,7,0,1,0,0,1,5,1,0,0,0,0,0,0,0,0,0,0,0,0,0,0,0,0,0,0,0,0,0,0,0,0,0,0,0,0
"CO5  8",7277,7206,0,0,0,0,0,0,0,0,0,8,1,0,37,3,7,5,0,2,0,4,0,4,0,1,7,1,1,2,0,0,0,0,0,0,0,0,0,0,0,0,0,1,1,1,1,0,0,0,0,1,1,0,0,0,0,0,0,0,0,0,0,0,1,0,14,0,5,1,0,0,0,3,1,4,0,0,0,0,0,0,3,0,0,0,0,3,0,0,0,0,0,0,0,0,0,0,0,0,3,3,0,0
"CO5  9",6169,6097,0,0,0,0,0,0,0,0,0,2,1,3,34,2,6,16,0,0,7,1,0,0,0,1,0,0,1,0,0,0,0,0,2,1,0,1,0,0,0,0,0,4,0,0,0,0,0,0,0,0,19,0,1,0,0,11,0,0,0,4,2,0,0,1,4,0,0,1,2,0,0,0,0,1,0,0,0,0,0,0,3,0,0,0,0,0,0,0,0,0,0,0,3,0,0,0,0,0,0,0,0,0
"CO6  1",9385,9283,0,0,0,0,0,0,0,0,0,12,2,3,42,5,6,13,0,0,0,6,0,2,0,3,5,0,1,0,0,0,1,0,1,0,0,0,0,1,0,0,0,2,1,1,1,0,0,1,0,0,7,0,0,0,0,3,0,0,0,0,0,0,4,0,15,0,1,9,3,0,0,1,1,0,0,0,0,0,0,0,10,0,0,0,0,0,0,0,1,0,0,0,8,0,0,1,1,1,4,1,0,3
"CO6  2",6090,6034,0,0,0,0,0,0,0,0,0,3,2,7,8,0,1,2,1,1,0,0,0,0,0,0,1,1,1,0,0,0,0,0,0,0,0,0,0,0,0,0,0,2,7,0,0,0,0,0,0,0,16,1,0,3,0,6,0,0,0,0,2,4,0,0,7,0,0,2,0,0,1,0,0,4,0,0,0,0,0,0,2,0,0,0,0,0,0,0,0,0,0,0,1,0,1,0,0,0,2,0,0,2
"CO6  3",6043,5971,0,1,0,0,0,0,0,1,0,4,0,3,26,1,4,5,1,0,3,6,0,4,0,0,0,2,0,0,0,0,0,0,2,0,1,0,0,1,0,0,0,1,1,0,1,0,0,0,0,1,11,1,1,0,0,0,1,0,0,2,0,0,6,0,20,1,1,3,1,0,0,2,0,12,0,0,0,0,0,0,0,0,0,0,0,0,0,0,0,0,0,0,0,0,0,0,2,2,0,0,0,0
"CO6  4",5681,5601,0,1,0,0,0,0,0,1,0,8,1,4,33,4,2,11,3,3,2,2,0,0,2,0,0,1,1,2,0,0,0,0,2,0,1,0,0,1,0,0,0,2,2,0,0,0,0,0,0,0,5,0,0,1,0,0,1,0,2,0,0,0,1,0,10,1,0,2,0,0,0,1,1,5,0,0,0,0,0,0,7,0,0,0,0,0,0,0,0,0,0,0,4,0,0,3,2,2,3,2,0,1
"CO6  5",835,822,0,0,0,0,0,0,0,0,0,2,0,0,11,0,0,1,1,0,0,1,8,0,0,0,0,0,0,0,0,0,0,0,0,0,0,0,0,0,0,0,0,0,0,0,0,0,0,0,0,0,0,0,0,0,0,0,0,0,0,0,0,0,0,0,0,0,0,0,0,0,0,0,0,0,0,0,0,0,0,0,0,0,0,0,0,0,0,0,0,0,0,0,0,0,0,0,0,0,0,0,0,0
"CO7  0",7853,7768,0,0,0,0,0,0,0,0,0,5,2,4,33,0,5,21,0,1,1,0,2,0,0,1,2,0,0,0,0,0,0,0,0,0,0,0,0,0,0,0,0,2,1,2,2,0,0,2,0,0,9,0,0,0,0,2,0,0,0,3,4,0,0,0,20,1,6,5,1,0,0,2,0,4,1,0,0,0,0,0,0,0,0,0,0,0,0,0,0,0,0,0,0,0,0,0,1,1,4,0,0,4
"CO7  6",5828,5767,2,0,0,0,0,0,0,0,0,3,1,6,21,2,5,3,2,1,0,0,0,0,2,0,2,4,0,0,0,0,0,0,1,0,1,0,0,0,0,0,0,2,1,0,0,0,0,0,0,0,5,0,0,0,0,0,0,0,0,5,0,0,0,0,14,0,1,11,1,0,0,0,0,1,0,0,0,0,0,0,3,0,0,0,0,0,0,0,0,0,0,0,2,0,0,1,0,0,2,0,1,1
"CO7  7",5364,5308,0,0,0,0,0,0,0,0,0,3,0,0,33,5,6,11,3,1,3,0,0,1,0,1,1,0,0,1,0,0,0,0,1,1,0,0,0,0,0,0,0,1,0,0,0,0,0,0,0,0,4,1,0,1,0,0,0,1,0,0,0,0,1,0,11,0,7,1,0,0,0,0,0,3,0,0,0,0,0,0,2,0,0,0,0,2,0,0,0,0,0,0,0,0,0,0,0,0,1,0,0,1
"CO7  8",5654,5600,0,0,0,0,0,0,0,0,0,6,0,1,23,5,2,6,0,1,2,4,0,0,0,0,2,0,1,0,0,0,0,0,0,0,0,0,0,0,0,0,0,3,0,1,0,0,0,0,0,0,8,0,0,0,0,0,0,0,0,2,0,0,6,0,11,0,2,5,0,0,1,0,0,3,0,0,0,0,0,0,0,0,0,0,0,0,0,0,0,0,0,0,0,0,0,0,0,0,1,0,0,1
"CO7  9",7419,7012,1,1,0,1,0,0,0,0,0,22,13,18,115,17,25,11,0,3,7,6,1,2,6,12,7,6,4,3,3,0,1,1,7,3,1,0,0,3,0,0,0,15,9,89,9,1,0,7,0,1,26,1,4,0,0,18,0,0,0,3,0,0,0,0,72,2,4,26,14,9,0,4,8,5,0,0,0,0,0,0,5,0,0,0,0,0,2,0,0,0,0,0,2,0,0,1,2,2,3,2,0,1
"CO8  5",2233,2215,1,0,0,0,0,0,0,0,0,3,1,0,6,1,0,1,0,1,0,0,1,0,0,0,1,0,1,0,0,0,0,0,0,0,0,0,0,0,0,0,0,1,1,1,0,0,0,0,0,0,2,0,0,0,0,0,0,0,0,0,0,0,2,0,2,0,0,0,0,0,1,0,0,1,0,0,0,0,0,0,0,0,0,0,0,0,0,0,0,0,0,0,0,0,0,0,0,0,0,0,0,0
"CO9  1",9022,8875,1,0,0,0,0,0,0,0,0,6,2,2,73,1,3,48,2,3,1,2,2,7,0,0,1,2,1,0,0,0,0,0,1,0,0,0,1,0,0,0,0,5,4,1,0,0,0,0,0,0,21,1,0,0,0,5,5,0,0,5,0,5,0,0,14,4,0,3,0,0,0,2,0,1,4,0,0,0,0,0,5,0,0,0,0,0,0,0,0,0,0,2,2,1,0,0,1,1,11,0,0,11
"CO9  2",5857,5743,0,0,0,0,0,0,0,0,0,3,0,0,56,2,2,27,0,0,3,2,0,17,0,0,1,1,0,0,0,0,1,0,2,2,0,0,0,0,0,0,0,2,0,1,1,1,0,0,0,0,14,0,3,0,0,4,0,0,0,1,2,2,2,0,29,0,1,4,4,0,0,6,0,14,0,0,0,0,0,0,2,0,0,0,0,0,0,0,0,0,0,0,2,0,0,0,0,0,4,4,0,0
"CO9  3",5465,5393,0,0,0,0,0,0,0,0,0,2,3,0,31,3,3,17,1,2,2,0,0,0,0,0,0,1,1,0,0,0,0,1,0,0,0,0,0,0,0,0,0,1,12,0,0,0,0,0,0,0,8,0,0,4,0,0,0,0,0,4,0,0,0,0,11,0,2,4,0,0,0,1,0,4,0,0,0,0,0,0,1,0,0,0,0,0,0,0,0,0,0,0,0,1,0,0,2,2,1,0,0,1
"CO9  4",4053,4001,0,0,0,0,0,0,0,0,0,3,0,3,19,2,3,4,1,3,0,0,0,0,0,1,0,1,4,0,0,0,0,0,1,0,0,0,0,1,0,0,0,0,3,1,0,0,0,0,0,0,5,0,0,0,0,4,0,0,0,0,0,0,0,1,14,1,3,5,0,0,0,3,0,2,0,0,0,0,0,0,1,0,0,0,0,0,0,0,0,0,0,0,1,0,0,0,1,1,1,0,0,1
"CR0  0",17276,16073,0,1,1,0,0,0,0,0,0,70,57,36,188,14,1,68,12,7,23,8,2,10,20,9,2,1,2,1,0,0,8,0,49,41,6,1,0,1,0,0,0,11,102,21,82,2,30,33,12,5,220,58,4,15,0,15,26,0,6,57,10,16,8,5,44,5,4,16,2,0,5,5,0,5,2,0,0,0,0,0,307,1,11,40,0,82,47,18,14,33,11,14,3,3,12,18,7,7,8,4,3,1
"CR0  1",8421,6529,1,0,0,0,0,0,0,0,0,92,93,73,619,44,8,290,28,9,54,62,4,40,45,11,8,7,1,4,1,0,2,1,37,15,12,2,4,4,0,0,0,39,57,69,79,0,39,22,11,7,438,95,35,9,0,23,50,6,15,130,38,23,13,1,163,23,20,58,2,0,8,15,6,21,10,0,0,0,0,0,115,5,7,18,4,15,5,4,8,8,6,7,11,0,2,15,10,10,7,6,0,1
"CR0  2",18111,13493,0,1,0,0,0,0,0,1,0,199,147,105,880,60,40,395,47,24,79,78,4,50,46,26,11,6,2,8,2,0,1,1,66,59,2,3,0,2,1,1,0,34,116,93,319,0,117,67,129,6,1894,432,63,83,1,109,192,22,35,598,281,30,14,34,230,22,19,81,18,1,3,9,1,69,7,0,1,3,3,0,424,12,25,60,2,114,16,32,13,24,11,26,10,18,27,34,77,77,28,18,0,10
"CR0  3",17695,12555,1,0,0,0,0,0,0,0,0,162,150,45,629,41,39,322,31,18,60,50,4,21,22,6,2,3,5,1,2,0,2,0,34,27,1,3,1,2,1,1,0,14,99,73,202,0,32,82,68,20,3070,417,38,97,2,78,369,4,5,1452,533,31,37,7,241,8,28,67,1,0,4,4,10,110,9,0,1,2,2,0,360,9,17,86,0,108,19,20,4,17,16,0,0,13,22,29,51,51,5,3,2,0
"CR0  4",15915,13681,2,1,1,0,0,0,0,0,0,112,77,67,533,44,28,271,25,9,32,31,0,41,31,7,7,2,1,1,1,0,2,0,51,33,12,2,0,4,0,0,0,25,66,57,120,0,22,70,12,16,679,85,26,47,0,44,109,3,4,273,51,18,10,9,210,21,23,89,6,8,12,9,2,30,10,2,2,1,1,0,187,12,8,17,1,46,12,16,5,13,3,8,5,8,13,20,35,35,7,5,2,0
"CR0  5",10328,8452,1,1,0,0,1,0,0,0,0,39,22,74,308,26,14,117,16,14,24,18,1,17,23,15,5,3,8,0,5,1,1,0,21,6,3,5,0,7,0,0,0,39,40,27,73,0,13,36,7,17,935,74,158,35,0,64,173,58,38,217,44,7,0,67,221,10,31,80,39,10,5,19,10,7,10,0,0,0,0,0,66,2,0,15,2,8,3,6,2,4,4,7,3,0,2,8,5,5,4,1,0,3
"CR0  6",20831,17500,2,0,0,0,0,0,0,0,0,153,114,104,918,72,57,428,23,33,70,49,11,55,65,13,13,10,4,2,0,1,5,7,58,38,7,8,1,4,0,0,0,46,128,66,161,0,65,69,21,6,1008,183,80,35,0,84,148,15,31,301,70,22,2,37,268,25,24,109,30,3,12,13,8,32,12,0,0,1,0,1,240,18,10,30,4,60,13,3,14,26,2,19,6,6,11,18,36,36,28,25,1,2
"CR0  7",15464,14071,0,1,0,0,0,0,0,1,0,83,47,51,281,33,15,115,4,16,14,22,1,6,22,16,3,4,3,0,0,0,7,0,25,22,3,0,0,0,0,0,0,11,95,19,96,1,30,55,7,3,436,63,20,34,0,41,112,2,2,136,17,5,0,4,85,10,15,33,5,0,2,5,2,10,3,0,2,2,0,2,133,0,3,22,4,24,10,10,2,12,12,11,4,4,7,8,7,7,19,14,3,2
"CR0  8",12444,11247,1,1,0,0,0,0,0,0,1,78,44,27,166,36,10,38,6,2,2,18,3,6,9,21,3,4,6,1,0,0,1,0,21,11,5,3,0,2,0,0,0,13,112,21,67,0,26,22,17,2,433,79,10,18,0,57,135,3,0,104,12,13,1,1,81,1,19,31,9,1,1,8,2,8,1,0,1,0,0,0,118,0,3,29,1,40,10,1,7,7,1,7,2,0,3,7,12,12,1,1,0,0
"CR0  9",10009,9283,0,0,0,0,0,0,0,0,0,46,38,20,178,14,14,78,6,5,6,16,0,1,15,8,8,2,1,2,0,0,1,1,10,5,3,0,1,1,0,0,0,9,28,19,18,1,2,13,2,0,153,25,20,13,0,16,19,8,0,35,6,9,0,2,30,1,3,18,0,0,2,3,0,2,1,0,1,1,1,0,163,4,7,27,7,40,21,10,4,0,4,13,2,3,10,11,8,8,4,3,0,1
"CR2  0",10602,9906,0,0,0,0,0,0,0,0,0,28,6,24,184,21,17,74,7,1,9,7,1,29,6,6,1,2,2,1,0,0,0,0,4,3,1,0,0,0,0,0,0,15,13,19,34,0,11,15,6,2,242,45,4,14,0,8,64,1,0,82,7,5,1,11,90,3,14,29,24,1,8,5,3,1,2,0,0,0,0,0,25,0,0,0,1,12,0,0,0,4,0,1,5,0,0,2,3,3,9,5,1,3
"CR2  6",10255,8831,1,0,0,0,0,0,0,0,0,73,51,50,405,29,18,220,15,8,37,12,1,19,13,12,8,9,2,1,0,0,1,0,24,6,9,5,2,2,0,0,0,19,53,31,70,0,19,41,8,2,358,57,24,27,0,16,72,6,11,98,19,19,2,7,145,10,18,32,13,0,5,20,1,39,7,0,0,1,1,0,125,4,1,24,0,33,4,3,9,11,0,8,6,2,6,14,10,10,8,7,0,1
"CR2  7",7918,7098,2,0,0,0,0,0,0,0,0,42,25,44,229,15,17,124,3,5,19,7,2,13,9,6,3,1,1,2,2,0,0,0,10,5,1,2,1,1,0,0,0,12,15,16,25,0,12,5,6,2,264,44,19,10,0,9,87,0,8,57,8,3,6,13,90,7,10,32,15,5,2,4,1,9,5,0,2,0,0,0,30,0,3,0,0,6,2,1,8,1,0,0,2,0,0,7,7,7,7,5,2,0
"CR2  8",10937,10285,1,0,0,0,0,0,0,0,0,33,16,17,106,12,8,40,8,3,2,10,3,7,5,3,2,1,0,1,0,1,0,0,14,9,1,4,0,0,0,0,0,15,24,17,36,0,6,25,5,0,258,49,4,27,0,27,83,0,0,51,7,9,1,0,54,1,7,13,4,4,3,7,0,14,1,0,0,0,0,0,50,0,0,6,0,14,5,5,0,2,1,4,5,1,4,3,9,9,2,0,1,1
"CR2  9",6863,6562,0,0,0,0,0,0,0,0,0,16,5,6,55,6,5,20,3,0,3,0,0,5,5,4,3,0,0,1,0,0,0,0,5,2,3,0,0,0,0,0,0,2,11,9,18,1,0,15,1,1,101,22,3,4,0,4,39,0,0,18,1,0,7,3,58,0,4,29,6,2,7,2,1,6,1,0,0,0,0,0,13,0,0,1,0,2,0,0,0,3,0,2,2,0,1,2,0,0,2,2,0,0
"CR3  0",4083,3931,0,0,0,0,0,0,0,0,0,12,7,9,42,6,7,11,0,0,3,9,0,3,0,1,0,0,0,2,0,0,0,0,2,0,1,0,0,1,0,0,0,1,3,0,1,0,0,1,0,0,41,12,3,1,0,0,13,0,0,4,4,4,0,0,26,3,3,9,3,0,0,6,0,0,2,0,0,0,0,0,7,0,0,0,0,0,0,0,0,0,0,3,2,0,1,1,1,1,0,0,0,0
"CR3  5",12249,11922,0,1,1,0,0,0,0,0,0,46,3,28,72,9,5,28,1,7,1,4,1,2,1,2,4,1,3,2,0,1,0,0,4,0,2,2,0,0,0,0,0,5,17,4,9,0,1,8,0,0,74,2,1,3,0,5,20,0,0,12,27,2,0,2,32,1,9,3,1,0,0,10,0,6,2,0,0,0,0,0,8,0,0,0,1,3,0,0,0,0,0,1,1,0,0,2,18,18,6,4,1,1
"CR3  6",9017,8606,1,0,0,0,0,0,0,0,0,21,13,15,103,9,15,19,3,4,11,8,1,3,11,4,6,4,1,3,0,0,0,1,12,6,1,1,0,4,0,0,0,25,15,6,25,0,13,9,0,3,30,3,1,1,2,5,3,0,0,9,5,0,0,1,121,2,33,55,9,1,1,7,1,11,1,0,0,0,0,0,11,0,0,0,0,0,0,0,0,0,0,5,4,2,0,0,9,9,4,4,0,0
"CR3  7",2096,1947,0,0,0,0,0,0,0,0,0,7,0,17,27,0,2,9,0,0,1,0,0,2,0,1,7,0,5,0,0,0,0,0,2,0,0,1,0,1,0,0,0,10,0,0,0,0,0,0,0,0,7,0,0,0,0,0,2,0,0,2,0,3,0,0,79,3,27,34,2,8,0,5,0,0,0,0,0,0,0,0,0,0,0,0,0,0,0,0,0,0,0,0,0,0,0,0,0,0,0,0,0,0
"CR4  1",16215,13055,1,0,0,0,0,0,0,0,0,89,195,61,812,49,34,481,4,4,51,62,1,15,56,26,10,1,2,4,6,0,4,2,27,16,7,0,0,4,1,1,0,27,27,63,67,0,15,29,22,1,1222,332,17,36,0,63,149,8,2,543,8,25,12,27,100,2,7,26,6,4,7,3,1,39,5,3,1,2,0,2,441,4,8,60,1,215,32,23,4,20,5,19,4,6,16,24,13,13,8,5,2,1
"CR4  2",12761,8296,2,0,0,0,0,0,0,0,0,131,115,79,1466,46,46,1107,10,7,36,37,2,16,121,10,13,0,9,0,1,0,4,1,28,19,5,1,1,2,0,0,0,25,34,69,116,0,17,54,41,4,1956,365,25,36,0,85,161,3,5,1187,19,37,9,24,156,5,14,37,12,6,3,5,4,58,12,0,1,2,0,2,246,4,3,62,1,83,15,3,2,17,1,5,3,5,10,32,38,38,1,1,0,0
"CR4  3",17802,12421,1,2,2,0,0,0,0,0,0,112,190,132,1674,76,32,1052,58,19,91,90,13,34,167,5,10,10,2,3,1,0,10,1,111,72,9,16,5,9,0,0,0,50,43,96,148,0,21,81,40,6,2041,377,24,37,0,159,108,4,5,1204,30,30,26,37,314,8,39,81,13,8,14,22,2,115,12,0,0,0,0,0,427,1,9,117,3,154,19,14,8,36,8,4,6,11,18,19,31,31,9,6,3,0
"CR4  4",9148,7361,1,1,0,0,0,0,0,1,0,37,40,65,530,29,11,300,6,5,57,38,0,24,46,3,0,3,1,4,0,0,3,0,33,22,6,3,0,2,0,0,0,25,13,42,27,0,7,7,7,6,705,117,5,6,0,24,53,0,0,441,13,20,8,18,109,2,11,17,2,4,21,1,2,41,8,0,0,0,0,0,138,2,5,27,0,40,8,8,4,7,4,8,6,5,9,5,14,14,7,5,2,0
"CR5  1",10229,9876,2,2,0,0,0,0,0,2,0,21,8,15,81,9,10,18,4,3,3,5,3,2,0,5,4,4,4,2,1,1,3,0,2,2,0,0,0,0,0,0,0,7,6,5,14,0,4,1,8,1,109,7,3,6,0,5,33,0,0,51,0,0,0,4,48,1,3,26,4,4,0,2,0,7,1,0,1,0,0,0,26,0,0,2,0,6,2,0,0,0,0,3,11,0,1,1,3,3,3,1,2,0
"CR5  2",8877,8385,0,2,2,0,0,0,0,0,0,26,24,17,76,10,9,16,7,0,1,10,1,10,5,2,0,1,3,0,0,0,1,0,16,12,2,0,1,1,0,0,0,11,13,20,30,0,5,17,2,6,169,30,10,12,0,16,66,1,1,27,5,0,1,0,44,1,10,15,4,0,4,3,0,4,3,0,0,0,0,0,28,0,2,1,0,4,4,5,4,3,0,2,1,0,1,1,11,11,5,4,0,1
"CR5  3",8787,8548,1,0,0,0,0,0,0,0,0,12,9,18,47,8,4,7,3,1,7,4,0,3,0,1,3,4,0,1,0,0,0,1,4,2,1,1,0,0,0,0,0,6,6,9,3,0,0,2,0,1,85,14,0,8,0,7,14,0,1,28,11,0,1,1,23,2,2,1,5,0,0,2,0,6,5,0,0,0,0,0,7,0,0,0,0,0,1,2,0,0,0,1,3,0,0,0,8,8,1,0,0,1
"CR6  9",9530,9312,0,0,0,0,0,0,0,0,0,20,3,11,73,4,9,23,2,3,4,9,0,0,5,1,6,1,5,0,0,0,1,0,4,0,2,1,0,1,0,0,0,2,10,2,7,0,0,2,0,5,45,6,1,1,0,9,19,0,0,9,0,0,0,0,24,1,5,2,6,0,0,3,0,4,3,0,1,0,0,0,10,0,0,0,0,0,0,1,0,5,0,2,2,0,0,0,4,4,2,2,0,0
"CR7  6",8641,6170,0,0,0,0,0,0,0,0,0,68,41,38,282,34,17,148,6,4,13,19,1,3,8,19,6,3,0,0,0,0,1,0,16,6,9,0,1,0,1,1,0,4,28,28,107,0,20,48,39,0,1593,363,31,98,2,64,623,0,8,332,38,16,8,10,78,2,10,30,0,0,2,2,0,26,6,0,4,0,0,0,160,7,3,17,0,57,10,4,7,7,7,16,0,5,15,5,14,14,9,4,3,2
"CR7  7",16748,12579,1,2,0,0,0,1,1,0,0,177,171,64,634,54,28,290,15,19,51,65,4,12,45,22,16,4,3,3,2,0,1,0,35,18,7,6,0,4,0,0,0,18,72,52,244,1,42,98,101,2,2186,515,61,132,0,69,667,1,2,559,126,5,22,27,112,10,2,32,3,1,5,5,3,45,6,0,2,3,2,1,339,11,11,44,2,114,35,24,18,20,4,8,4,5,22,17,45,45,12,7,1,4
"CR7  8",17079,13933,1,7,4,0,0,2,0,0,1,188,198,49,638,62,33,295,11,9,36,53,0,35,52,33,4,3,5,3,1,0,2,1,21,15,2,1,2,1,3,3,0,14,96,55,202,1,69,58,71,3,1088,305,30,111,2,141,265,0,0,170,31,3,17,13,123,13,21,49,5,2,7,5,4,12,5,0,1,1,1,0,421,12,15,87,3,124,30,15,9,10,15,15,4,10,30,42,28,28,12,6,4,2
"CR8  1",4706,4367,0,2,1,0,0,0,0,1,0,18,5,16,57,12,7,11,0,3,0,1,3,5,0,11,2,1,1,0,0,0,0,0,5,1,2,0,1,1,0,0,0,7,14,8,12,1,6,4,0,1,111,38,5,4,0,9,23,2,0,24,5,0,0,1,52,1,1,9,28,0,3,7,0,3,0,0,0,0,0,0,22,1,0,0,0,1,0,9,0,0,0,5,3,0,1,2,5,5,5,5,0,0
"CR8  2",7916,7091,0,2,2,0,0,0,0,0,0,53,15,32,188,8,8,87,6,6,4,8,0,19,11,10,7,5,7,2,0,0,0,0,14,10,1,0,0,3,0,0,0,11,20,21,28,0,7,20,1,0,260,35,8,21,0,19,65,2,0,56,25,18,5,6,105,8,4,26,20,6,0,8,3,30,0,0,0,0,0,0,46,2,0,8,0,6,7,0,4,5,0,2,8,0,2,2,17,17,13,11,0,2
"CR8  3",4885,4463,1,1,0,0,0,0,0,0,1,14,2,6,61,7,5,7,2,1,7,5,0,4,3,9,4,2,1,1,2,1,0,0,2,1,0,0,0,1,0,0,0,8,5,4,20,0,2,17,1,0,250,49,9,18,0,7,100,2,1,45,8,5,0,6,31,0,3,15,7,0,0,2,0,4,0,1,0,0,0,0,8,0,0,0,0,1,2,0,0,0,0,0,2,1,1,1,2,2,6,3,0,3
"CR8  4",5852,5372,0,0,0,0,0,0,0,0,0,23,27,20,98,14,12,29,8,2,11,3,1,2,0,8,5,1,1,0,0,0,1,0,12,6,3,0,0,3,0,0,0,4,6,8,26,0,6,3,8,9,168,38,3,11,0,13,45,0,2,36,11,4,1,4,55,2,7,14,11,1,3,6,1,9,1,0,0,0,0,0,22,1,5,0,0,2,3,0,0,0,0,3,4,0,0,4,1,1,10,2,1,7
"CR8  5",7977,7503,0,0,0,0,0,0,0,0,0,29,16,24,108,15,15,26,4,6,2,2,0,10,7,6,5,0,5,1,0,4,0,0,8,6,0,0,0,2,0,0,0,12,17,21,27,0,4,19,4,0,116,27,0,0,0,3,37,0,1,29,9,5,1,4,66,2,6,17,12,0,0,4,2,18,5,0,0,0,0,0,24,0,0,0,0,7,6,2,0,0,0,0,5,0,2,2,0,0,6,5,1,0
"CT1  1",14013,12206,4,12,3,0,0,0,0,9,0,81,30,44,635,28,31,115,76,7,182,27,6,2,55,67,14,7,0,6,9,0,1,2,36,18,6,3,0,9,0,0,0,54,46,50,57,0,8,24,6,19,417,22,3,10,0,31,0,0,3,20,50,6,271,1,269,7,15,72,23,12,25,6,90,12,7,16,0,0,0,0,43,4,2,3,1,2,0,1,1,1,0,17,3,1,1,6,4,4,9,7,1,1
"CT1  2",4188,3549,1,0,0,0,0,0,0,0,0,85,18,40,233,30,41,26,8,5,21,12,2,7,6,62,5,0,3,0,1,0,0,4,2,1,0,0,0,1,0,0,0,23,30,45,15,0,3,7,0,5,29,0,2,1,0,4,2,0,4,2,0,3,8,3,101,8,18,39,10,7,0,8,6,5,0,0,0,0,0,0,8,2,0,0,0,0,0,0,0,0,0,2,4,0,0,0,6,6,3,3,0,0
"CT1  3",11569,10409,0,3,1,0,0,0,0,2,0,80,28,42,472,34,47,100,41,5,58,15,7,15,51,68,10,6,6,2,2,0,2,3,31,20,8,1,0,2,0,0,0,46,13,29,34,0,0,14,3,17,157,18,6,1,1,15,3,1,6,8,35,21,39,3,178,7,30,55,20,11,13,12,13,15,2,0,0,0,0,0,33,0,0,0,0,0,3,1,1,0,0,10,8,7,0,3,2,2,12,8,1,3
"CT10 1",6928,6686,0,1,0,0,0,1,0,0,0,20,7,3,90,20,8,25,9,4,2,3,2,4,3,0,2,0,6,1,0,1,0,0,12,6,0,4,0,2,0,0,0,16,5,10,4,2,0,1,0,1,34,2,0,1,0,11,6,0,0,8,0,0,5,1,29,0,1,2,7,4,0,5,0,10,0,0,0,0,0,0,4,0,0,0,0,0,0,2,0,0,0,0,2,0,0,0,0,0,7,7,0,0
"CT10 2",10267,10035,1,0,0,0,0,0,0,0,0,15,4,10,75,9,13,17,3,3,3,3,2,7,3,6,6,0,0,0,0,0,0,0,6,2,2,1,0,1,0,0,0,3,5,4,10,0,2,4,2,2,39,3,2,3,0,5,6,0,0,8,1,4,6,1,50,0,9,22,4,6,0,0,1,7,1,0,0,0,0,0,0,0,0,0,0,0,0,0,0,0,0,0,0,0,0,0,2,2,8,5,0,3
"CT10 3",7120,6925,0,1,0,0,1,0,0,0,0,13,5,5,67,5,27,7,3,7,0,1,3,1,3,7,1,0,0,0,0,0,2,0,2,2,0,0,0,0,0,0,0,1,7,7,4,0,0,1,1,2,53,18,0,5,0,5,9,0,0,8,2,0,6,0,9,1,0,3,2,0,0,1,0,1,1,0,0,0,0,0,11,0,0,0,0,0,0,0,1,0,0,4,4,0,0,2,0,0,10,3,0,7
"CT11 0",7237,7079,0,0,0,0,0,0,0,0,0,6,0,7,82,3,7,48,3,1,6,3,0,1,1,2,4,0,2,0,0,0,1,0,3,1,0,1,0,1,0,0,0,3,13,0,8,0,6,2,0,0,12,1,0,0,0,0,0,0,0,10,0,1,0,0,21,1,2,12,3,0,0,1,0,2,0,0,0,0,0,0,2,0,0,0,0,0,0,0,0,0,0,0,2,0,0,0,0,0,1,1,0,0
"CT11 7",8711,8384,1,0,0,0,0,0,0,0,0,12,4,9,111,3,13,52,3,5,2,18,3,6,1,1,0,0,4,0,0,0,0,0,4,0,3,1,0,0,0,0,0,9,6,2,10,0,2,7,1,0,73,2,5,0,0,4,0,0,1,11,1,0,49,0,74,4,8,45,2,3,0,9,0,3,0,0,0,0,0,0,8,0,0,0,0,0,2,2,0,0,0,0,2,0,2,0,1,1,3,3,0,0
"CT11 8",5504,5082,0,0,0,0,0,0,0,0,0,10,1,10,255,8,11,99,5,18,15,45,33,1,5,3,1,5,5,0,1,0,0,0,9,7,0,1,0,1,0,0,0,27,24,8,11,0,3,5,3,0,27,4,2,6,0,9,1,0,3,1,1,0,0,0,18,2,2,2,1,1,0,3,0,6,1,0,0,0,0,0,11,0,1,0,0,0,1,0,0,0,0,1,6,0,0,2,4,4,7,7,0,0
"CT11 9",6482,6074,0,2,0,0,0,0,0,2,0,24,9,17,206,15,11,109,4,4,12,23,12,2,2,1,2,4,3,0,1,0,1,0,5,2,0,0,0,3,0,0,0,17,19,9,1,1,0,0,0,0,44,2,4,1,0,5,2,2,3,10,0,0,12,3,39,3,1,12,6,3,1,4,0,9,0,0,0,0,0,0,10,0,3,0,1,1,0,0,1,0,0,1,0,0,0,3,0,0,6,6,0,0
"CT12 4",3775,3728,0,0,0,0,0,0,0,0,0,5,0,2,24,1,2,8,5,3,2,1,0,0,0,0,1,0,0,0,1,0,0,0,1,0,0,1,0,0,0,0,0,0,1,0,1,0,0,0,1,0,10,2,2,0,0,0,0,0,0,2,0,2,2,0,3,0,2,0,0,0,0,1,0,0,0,0,0,0,0,0,0,0,0,0,0,0,0,0,0,0,0,0,0,0,0,0,0,0,0,0,0,0
"CT12 5",2655,2609,0,0,0,0,0,0,0,0,0,2,0,5,18,0,6,4,0,0,0,0,5,0,0,0,2,0,1,0,0,0,0,0,4,0,3,1,0,0,0,0,0,0,0,1,3,0,0,3,0,0,7,0,1,0,0,0,0,0,0,2,0,0,4,0,3,0,1,0,1,0,0,0,0,1,0,0,0,0,0,0,2,2,0,0,0,0,0,0,0,0,0,0,0,0,0,0,0,0,1,0,1,0
"CT12 6",10782,10540,0,0,0,0,0,0,0,0,0,9,5,1,102,1,6,61,2,0,4,11,0,6,6,2,2,1,0,0,0,0,0,0,1,1,0,0,0,0,0,0,0,9,18,0,10,1,1,6,0,2,45,5,0,0,0,9,5,0,0,9,3,5,0,9,23,0,5,13,0,0,0,3,0,1,1,0,0,0,0,0,2,0,0,0,0,0,0,0,0,0,0,0,0,0,0,2,1,1,16,14,0,2
"CT13 0",5790,5732,0,0,0,0,0,0,0,0,0,9,1,2,19,3,4,2,0,2,0,1,2,0,0,1,0,3,0,1,0,0,0,0,0,0,0,0,0,0,0,0,0,2,1,0,5,4,0,1,0,0,4,0,0,0,0,1,0,2,0,0,0,0,0,1,9,0,2,2,2,0,0,0,2,1,0,0,0,0,0,0,4,1,0,0,0,0,0,0,2,0,0,0,0,1,0,0,0,0,2,0,0,2
"CT13 9",2877,2773,0,0,0,0,0,0,0,0,0,15,0,5,40,6,8,0,12,1,0,0,1,2,0,1,2,4,1,1,0,0,0,1,4,2,0,0,0,2,0,0,0,3,0,3,0,0,0,0,0,0,6,0,1,0,0,1,0,0,0,0,0,0,4,0,24,1,8,11,0,2,0,2,0,0,0,0,0,0,0,0,4,0,0,0,0,0,1,0,0,0,0,2,1,0,0,0,0,0,0,0,0,0
"CT14 0",2910,2853,1,1,0,0,0,0,0,0,1,11,4,3,21,0,2,4,5,0,0,4,0,0,1,1,0,4,0,0,0,0,0,0,2,0,0,0,0,2,0,0,0,0,0,0,0,0,0,0,0,0,8,2,0,0,0,0,0,0,0,4,0,0,2,0,3,0,0,0,2,1,0,0,0,0,0,0,0,0,0,0,1,0,0,0,0,0,0,0,0,0,0,0,1,0,0,0,0,0,2,1,1,0
"CT14 6",5195,5082,1,0,0,0,0,0,0,0,0,15,2,7,33,5,4,12,1,5,0,0,1,0,0,1,2,1,0,0,1,0,0,0,5,0,2,2,1,0,0,0,0,6,9,3,0,0,0,0,0,0,11,0,0,0,0,3,3,0,0,4,0,0,1,0,16,2,0,8,3,0,0,2,0,1,0,0,0,0,0,0,0,0,0,0,0,0,0,0,0,0,0,0,0,0,0,0,1,1,4,3,0,1
"CT14 7",8952,8736,0,2,0,0,0,1,1,0,0,27,6,5,83,13,23,10,8,6,2,4,1,0,1,1,9,3,0,1,1,0,0,0,2,0,0,1,0,1,0,0,0,3,7,3,6,2,0,4,0,0,33,1,2,1,0,3,0,2,0,0,20,0,4,0,28,0,2,3,3,0,1,4,3,12,0,0,0,0,0,0,5,0,1,0,0,0,1,0,0,0,0,0,3,0,0,0,0,0,6,4,0,2
"CT14 8",2633,2581,0,0,0,0,0,0,0,0,0,3,0,0,35,1,5,17,3,0,0,0,0,1,0,0,4,0,1,0,0,3,0,0,1,1,0,0,0,0,0,0,0,2,1,0,0,0,0,0,0,0,0,0,0,0,0,0,0,0,0,0,0,0,0,0,3,0,0,1,0,0,0,0,0,2,0,0,0,0,0,0,3,0,0,0,0,0,0,0,0,0,0,0,3,0,0,0,1,1,3,0,1,2
"CT14 9",14386,14201,1,0,0,0,0,0,0,0,0,31,2,10,72,11,11,11,9,5,0,7,1,0,4,1,9,1,0,0,0,1,1,0,3,3,0,0,0,0,0,0,0,3,4,3,1,0,1,0,0,0,25,0,1,0,0,3,5,0,0,2,4,0,9,1,19,0,2,5,2,1,0,4,0,4,1,0,0,0,0,0,1,0,0,0,0,0,0,0,1,0,0,0,0,0,0,0,2,2,8,1,0,7
"CT15 4",3570,3503,0,0,0,0,0,0,0,0,0,7,1,5,21,1,4,6,0,0,2,2,1,1,1,0,0,0,2,0,0,0,1,0,1,0,0,0,0,1,0,0,0,2,4,2,1,0,0,0,1,0,7,0,1,1,0,1,0,0,0,2,2,0,0,0,10,0,0,5,0,2,0,2,0,1,0,0,0,0,0,0,3,0,0,0,0,0,0,0,0,0,0,0,2,0,0,1,3,3,0,0,0,0
"CT15 5",3177,2640,0,0,0,0,0,0,0,0,0,8,0,5,45,0,3,25,2,10,0,1,0,0,0,0,2,1,0,1,0,0,0,0,0,0,0,0,0,0,0,0,0,1,4,3,8,0,7,1,0,0,450,0,0,0,0,5,0,0,0,0,4,3,436,2,8,0,2,4,1,0,0,0,1,0,0,1,0,0,0,0,3,0,0,0,0,0,1,0,0,0,0,1,0,1,0,0,1,1,0,0,0,0
"CT15 6",2448,2417,1,0,0,0,0,0,0,0,0,5,0,3,13,1,4,5,0,0,0,0,0,0,0,0,3,0,0,0,0,0,0,0,1,0,1,0,0,0,0,0,0,0,1,0,1,0,0,1,0,0,0,0,0,0,0,0,0,0,0,0,0,0,0,0,5,0,0,0,1,0,0,0,0,4,0,0,0,0,0,0,1,0,0,0,0,0,0,0,0,0,0,0,0,0,0,1,0,0,0,0,0,0
"CT15 7",3662,3614,0,0,0,0,0,0,0,0,0,8,1,0,20,0,7,5,0,2,0,1,3,1,0,0,0,0,0,0,0,0,0,1,0,0,0,0,0,0,0,0,0,2,0,0,1,0,0,0,0,1,4,0,1,0,0,0,0,0,0,3,0,0,0,0,7,0,3,0,0,0,0,3,0,0,1,0,0,0,0,0,4,0,0,0,0,0,0,0,0,0,0,4,0,0,0,0,0,0,1,1,0,0
"CT16 1",3359,2972,4,0,0,0,0,0,0,0,0,17,5,7,202,4,2,97,43,17,3,20,4,0,0,0,12,0,0,0,0,0,0,0,3,1,2,0,0,0,0,0,0,12,2,3,26,0,17,4,4,1,78,3,2,1,0,9,1,0,0,6,9,0,47,0,21,0,2,17,0,0,0,0,0,1,1,0,0,0,0,0,5,0,0,0,0,0,0,0,0,0,0,0,1,0,1,3,2,2,0,0,0,0
"CT16 2",10085,9679,0,1,0,0,0,0,0,1,0,15,7,3,219,10,6,89,51,16,3,19,18,3,0,0,2,1,0,0,1,0,0,0,11,6,0,5,0,0,0,0,0,10,8,3,10,0,9,0,0,1,87,0,0,0,0,14,2,0,0,9,3,1,58,0,25,2,3,12,0,0,0,2,0,4,2,0,0,0,0,0,3,0,0,0,0,0,0,0,0,0,0,0,0,0,1,2,3,3,1,0,0,1
"CT16 3",5437,5346,0,0,0,0,0,0,0,0,0,13,1,3,35,8,6,13,1,1,3,0,0,0,1,0,1,1,0,0,0,0,0,0,0,0,0,0,0,0,0,0,0,6,1,0,1,0,0,0,0,1,18,1,0,0,0,0,0,0,0,2,0,0,15,0,7,0,3,1,0,0,0,1,2,0,0,0,0,0,0,0,2,0,0,0,0,0,0,1,0,0,0,0,0,0,0,1,0,0,4,1,1,2
"CT17 0",11663,11195,0,3,0,0,0,0,0,1,2,17,1,7,252,6,15,64,94,19,4,12,22,3,4,0,7,1,1,0,0,0,0,0,5,3,0,0,1,1,0,0,0,25,0,7,12,0,9,3,0,0,96,0,9,2,0,11,1,0,2,16,16,0,37,2,36,0,1,25,1,0,0,2,0,4,3,0,0,0,0,0,2,0,0,0,0,0,0,0,0,0,0,0,2,0,0,0,3,3,2,1,0,1
"CT17 9",9400,8712,0,0,0,0,0,0,0,0,0,28,16,11,421,13,17,93,160,58,8,20,32,6,0,4,4,1,1,0,0,0,2,2,7,6,0,0,0,1,0,0,0,40,7,25,15,0,6,1,5,3,55,3,3,4,0,13,2,0,0,4,13,0,13,0,47,4,9,9,1,1,4,4,1,14,0,0,0,0,0,0,11,1,2,0,0,1,2,1,1,0,0,0,0,1,0,2,2,2,3,2,1,0
"CT18 7",10400,10039,0,0,0,0,0,0,0,0,0,23,0,9,60,2,6,19,4,12,1,1,0,2,0,2,6,4,1,0,0,0,0,0,4,3,0,0,0,1,0,0,0,14,26,4,2,0,2,0,0,0,178,2,0,2,0,6,0,0,0,6,0,0,159,3,23,2,3,7,1,0,0,6,0,4,0,0,0,0,0,0,7,0,0,0,0,0,0,0,2,0,0,0,4,0,0,1,6,6,5,4,0,1
"CT18 8",3012,2966,1,0,0,0,0,0,0,0,0,1,2,1,18,1,4,4,0,6,0,0,0,0,0,0,1,1,1,0,0,0,0,0,0,0,0,0,0,0,0,0,0,0,2,0,0,0,0,0,0,0,14,0,0,0,0,0,0,0,0,0,0,0,14,0,5,0,0,3,0,0,0,1,0,1,0,0,0,0,0,0,1,0,0,0,0,0,0,0,0,0,0,0,1,0,0,0,1,1,0,0,0,0
"CT19 4",8857,7975,0,0,0,0,0,0,0,0,0,11,4,3,62,6,7,7,12,14,0,0,0,8,1,4,0,2,1,0,0,0,0,0,2,2,0,0,0,0,0,0,0,0,4,2,8,0,4,3,1,0,758,0,2,0,0,13,3,0,1,15,5,0,714,5,16,0,2,8,0,0,0,2,0,3,1,0,0,0,0,0,5,0,0,0,0,0,0,1,1,0,0,0,3,0,0,0,3,3,4,2,0,2
"CT19 5",9817,9420,0,4,0,0,0,1,0,3,0,28,5,15,161,11,11,41,27,27,13,9,0,3,1,6,8,3,0,0,0,0,1,0,11,10,0,1,0,0,0,0,0,4,17,8,16,0,11,3,2,0,80,8,2,0,0,19,4,0,0,11,2,0,34,0,31,3,3,13,1,0,1,1,0,8,1,0,0,0,0,0,13,0,2,0,0,1,0,0,0,0,0,4,3,0,0,3,2,2,2,1,0,1
"CT19 6",9013,8743,0,1,0,0,0,0,0,1,0,16,2,1,150,2,4,25,59,21,1,10,0,6,12,2,2,3,1,0,0,0,2,0,11,9,2,0,0,0,0,0,0,2,12,3,10,0,9,1,0,0,40,3,0,4,0,10,4,0,0,4,5,0,10,0,13,0,1,5,1,0,0,2,0,4,0,0,0,0,0,0,4,0,0,0,0,0,0,0,0,0,0,3,0,0,0,1,0,0,5,2,2,1
"CT2  0",5731,5585,0,0,0,0,0,0,0,0,0,12,4,2,45,6,10,8,2,3,6,0,0,2,0,0,0,2,4,1,0,0,1,0,7,1,3,3,0,0,0,0,0,9,6,10,3,1,0,1,0,1,12,3,0,2,0,1,0,0,0,0,0,0,6,0,32,3,5,5,1,3,0,2,5,7,1,0,0,0,0,0,0,0,0,0,0,0,0,0,0,0,0,0,0,0,0,0,1,1,3,3,0,0
"CT2  7",13274,11631,1,1,1,0,0,0,0,0,0,178,33,58,521,49,58,73,10,10,58,23,8,13,28,113,19,17,9,19,4,2,0,8,47,30,4,2,0,11,0,0,0,23,36,83,31,2,6,15,0,8,127,25,17,11,0,13,9,1,1,11,14,4,17,4,458,32,64,276,25,4,4,14,36,1,2,0,0,0,0,0,32,6,1,0,0,2,1,1,6,0,0,1,0,2,4,8,11,11,3,3,0,0
"CT2  8",7347,6668,4,1,0,0,0,0,0,1,0,46,16,24,241,29,37,42,12,5,23,6,12,2,11,45,6,4,1,1,0,1,0,4,8,1,1,3,0,3,0,0,0,17,18,25,21,1,7,5,5,3,86,2,5,2,0,15,3,1,0,2,37,4,14,1,148,3,18,84,13,8,1,1,17,3,0,0,0,0,0,0,19,1,1,0,0,0,2,0,4,0,0,4,3,0,0,4,4,4,1,0,0,1
"CT2  9",3676,3403,0,0,0,0,0,0,0,0,0,17,4,9,72,6,22,4,0,3,3,0,0,3,11,6,9,0,5,0,0,0,0,0,12,8,1,3,0,0,0,0,0,13,7,8,18,0,4,5,1,8,20,2,2,0,0,1,5,0,0,1,0,0,9,0,84,4,9,59,5,0,0,3,3,0,1,0,0,0,0,0,6,2,0,0,0,0,0,1,0,0,0,0,0,0,0,3,0,0,3,1,0,2
"CT20 1",6716,5958,0,0,0,0,0,0,0,0,0,28,18,17,419,7,15,93,110,76,27,17,4,35,10,5,3,6,0,8,1,2,0,0,12,11,0,1,0,0,0,0,0,11,19,2,28,0,16,6,6,0,120,4,6,0,0,22,2,0,6,8,14,0,56,2,55,3,5,14,1,0,0,5,0,25,2,0,0,0,0,0,23,0,0,0,0,0,0,0,4,0,0,12,0,0,1,6,3,3,3,3,0,0
"CT20 2",7343,6827,2,0,0,0,0,0,0,0,0,61,7,16,264,11,27,87,27,25,20,6,0,17,20,10,7,3,3,1,0,0,0,0,9,3,4,2,0,0,5,5,0,9,16,9,14,0,1,5,7,1,45,4,3,2,0,2,1,0,0,4,5,1,23,0,41,3,8,6,4,0,1,2,2,15,0,0,0,0,0,0,16,2,2,0,0,1,0,0,1,0,0,6,3,1,0,0,1,1,1,1,0,0
"CT20 3",7579,6454,1,0,0,0,0,0,0,0,0,15,2,0,71,6,9,18,9,12,0,3,0,1,4,3,2,1,1,2,0,0,0,0,5,1,1,1,0,2,0,0,0,2,7,0,5,0,0,0,5,0,982,2,0,0,0,4,2,0,0,11,0,0,958,5,28,2,3,8,0,0,0,6,0,5,4,0,0,0,0,0,5,0,0,0,0,0,1,0,0,0,0,2,0,0,0,2,1,1,1,1,0,0
"CT21 4",4279,4226,0,0,0,0,0,0,0,0,0,4,1,1,20,2,6,0,0,1,4,0,0,1,0,0,3,2,0,1,0,0,0,0,0,0,0,0,0,0,0,0,0,0,1,0,2,0,0,2,0,0,10,0,0,0,0,0,0,0,0,0,0,0,10,0,8,5,0,1,0,0,0,2,0,0,0,0,0,0,0,0,2,0,0,0,0,0,0,0,0,0,0,1,1,0,0,0,4,4,0,0,0,0
"CT21 5",6267,6042,1,3,0,0,0,3,0,0,0,18,1,7,70,8,18,14,5,3,2,2,1,0,7,1,6,0,0,3,0,0,0,0,2,0,0,0,0,2,0,0,0,4,2,0,3,0,0,3,0,0,99,0,1,0,0,5,1,0,0,0,6,0,86,0,11,1,1,1,2,0,0,2,0,1,3,0,0,0,0,0,1,0,0,0,0,0,0,0,0,0,0,1,0,0,0,0,1,1,2,0,0,2
"CT21 6",6128,5962,2,1,0,0,0,1,0,0,0,13,4,6,56,13,13,16,0,4,0,3,0,0,1,2,2,1,1,0,0,0,0,0,1,0,0,0,0,1,0,0,0,1,5,1,1,0,1,0,0,0,45,2,3,0,0,11,1,4,0,6,1,0,17,0,19,0,4,2,1,0,0,4,1,6,1,0,0,0,0,0,0,0,0,0,0,0,0,0,0,0,0,0,0,0,0,0,0,0,11,8,3,0
"CT3  1",5700,5610,1,1,0,0,0,0,0,1,0,12,2,1,38,1,7,11,2,1,6,0,0,0,0,1,5,1,1,2,0,0,0,0,4,0,3,0,0,1,0,0,0,0,1,2,0,0,0,0,0,0,8,2,0,0,0,3,1,0,0,0,2,0,0,0,9,0,1,4,1,0,0,1,0,1,1,0,0,0,0,0,7,0,0,0,0,0,0,0,0,0,0,0,7,0,0,0,0,0,4,3,0,1
"CT3  2",3251,3211,0,0,0,0,0,0,0,0,0,4,0,0,21,2,6,5,4,0,0,0,0,0,3,0,1,0,0,0,0,0,0,0,0,0,0,0,0,0,0,0,0,0,1,1,0,0,0,0,0,0,10,0,0,0,0,0,3,0,0,0,4,0,3,0,2,0,0,0,0,0,0,1,0,1,0,0,0,0,0,0,0,0,0,0,0,0,0,0,0,0,0,0,0,0,0,0,0,0,1,0,1,0
"CT3  3",4272,4224,0,0,0,0,0,0,0,0,0,1,2,0,18,1,2,3,2,0,1,5,0,0,0,2,1,1,0,0,0,0,0,0,0,0,0,0,0,0,0,0,0,1,10,2,1,0,1,0,0,0,0,0,0,0,0,0,0,0,0,0,0,0,0,0,12,0,0,3,0,0,1,2,3,3,0,0,0,0,0,0,0,0,0,0,0,0,0,0,0,0,0,0,0,0,0,0,0,0,1,1,0,0
"CT3  4",3481,3356,0,0,0,0,0,0,0,0,0,6,3,3,52,7,4,15,1,2,4,11,0,1,1,1,3,2,0,0,0,0,0,0,6,6,0,0,0,0,0,0,0,16,6,7,1,0,1,0,0,0,14,0,2,0,0,3,2,1,0,0,0,0,6,0,8,0,0,1,0,1,0,1,0,5,0,0,0,0,0,0,2,0,0,0,0,0,1,0,0,0,0,0,0,0,0,1,0,0,1,0,0,1
"CT4  5",4080,3966,1,0,0,0,0,0,0,0,0,26,0,1,44,4,5,13,0,2,1,8,1,1,0,0,3,1,0,0,5,0,0,0,2,0,0,0,0,2,0,0,0,1,4,6,0,0,0,0,0,0,11,2,0,0,0,2,0,2,0,0,0,2,1,2,13,0,3,2,1,0,1,2,1,2,1,0,0,0,0,0,4,0,0,0,0,0,0,0,0,0,0,0,3,1,0,0,0,0,1,0,0,1
"CT4  6",5002,4950,2,0,0,0,0,0,0,0,0,7,1,3,25,1,10,2,2,1,0,0,0,0,1,0,3,2,1,1,1,0,0,0,0,0,0,0,0,0,0,0,0,0,1,1,0,0,0,0,0,0,7,0,0,0,0,0,1,0,0,0,0,0,6,0,5,1,3,0,0,0,0,0,0,1,0,0,0,0,0,0,0,0,0,0,0,0,0,0,0,0,0,0,0,0,0,0,0,0,0,0,0,0
"CT4  7",5247,5097,1,0,0,0,0,0,0,0,0,16,0,7,56,4,11,8,1,2,6,0,5,5,0,2,5,7,0,0,0,0,0,0,4,2,1,0,0,1,0,0,0,6,2,5,8,0,1,6,1,0,23,6,1,2,0,1,5,1,0,0,3,0,0,4,15,1,0,8,1,1,0,2,0,1,1,0,0,0,0,0,7,0,0,0,0,0,0,0,0,0,0,1,4,0,0,2,0,0,0,0,0,0
"CT4  8",1817,1790,0,3,0,0,0,0,0,0,3,2,0,0,11,2,5,1,1,0,0,0,0,0,0,0,2,0,0,0,0,0,0,0,0,0,0,0,0,0,0,0,0,0,0,2,0,0,0,0,0,0,1,0,0,0,0,1,0,0,0,0,0,0,0,0,3,0,0,2,0,0,0,0,1,0,0,0,0,0,0,0,5,0,0,0,0,0,0,0,0,0,0,0,4,0,0,1,0,0,0,0,0,0
"CT5  1",7273,7117,0,1,1,0,0,0,0,0,0,6,5,5,74,4,11,25,7,3,2,1,0,3,0,5,7,2,2,2,0,0,0,0,5,2,0,0,0,3,0,0,0,6,4,1,1,0,0,1,0,0,27,0,0,1,0,10,8,0,0,0,5,1,0,2,15,4,6,3,0,0,0,0,1,1,0,0,0,0,0,0,2,0,0,0,0,0,0,0,0,0,0,1,0,0,0,1,2,2,2,2,0,0
"CT5  2",8019,7898,1,2,2,0,0,0,0,0,0,5,0,2,40,7,8,4,3,3,2,0,0,1,1,1,2,5,1,0,1,0,0,1,3,0,2,1,0,0,0,0,0,2,6,2,0,0,0,0,0,0,14,0,0,6,0,5,1,0,0,0,1,0,1,0,32,3,2,5,1,0,1,2,0,9,9,0,0,0,0,0,6,0,0,0,0,0,0,4,1,0,0,0,0,0,1,0,5,5,1,0,0,1
"CT5  3",6608,6507,0,0,0,0,0,0,0,0,0,5,3,2,34,3,11,3,2,0,3,0,3,0,0,6,1,1,1,0,0,0,0,0,2,2,0,0,0,0,0,0,0,5,4,3,1,0,0,0,1,0,24,1,2,2,0,5,5,0,0,4,0,1,0,4,17,0,0,6,7,0,1,2,0,0,1,0,0,0,0,0,0,0,0,0,0,0,0,0,0,0,0,0,0,0,0,0,0,0,1,0,1,0
"CT5  4",10195,10024,1,0,0,0,0,0,0,0,0,25,0,9,48,2,15,6,3,4,5,0,0,2,0,2,6,2,1,0,0,0,0,0,1,0,0,0,0,1,0,0,0,1,1,1,6,0,2,0,4,0,38,3,0,2,0,7,7,0,0,5,12,0,2,0,20,1,2,7,1,0,1,5,0,2,1,0,0,0,0,0,14,0,1,0,0,1,0,2,0,1,0,2,1,0,5,1,1,1,5,4,1,0
"CT6  5",7177,6987,0,0,0,0,0,0,0,0,0,8,4,5,55,3,2,21,0,2,6,8,0,0,2,1,1,8,0,1,0,0,0,0,1,0,0,0,0,1,0,0,0,3,16,3,4,0,2,2,0,0,32,3,2,0,0,7,5,0,0,9,4,0,1,1,45,3,6,19,5,0,3,3,1,4,1,0,0,0,0,0,7,0,0,0,0,2,0,0,0,0,0,0,0,1,3,1,3,3,4,4,0,0
"CT6  6",9553,9444,1,0,0,0,0,0,0,0,0,6,4,7,43,6,8,8,1,2,1,0,0,0,9,1,4,1,1,1,0,0,0,0,4,2,2,0,0,0,0,0,0,3,11,0,0,0,0,0,0,0,7,0,0,0,0,0,1,0,0,0,4,0,2,0,14,2,7,1,0,0,0,2,0,1,1,0,0,0,0,0,2,0,1,0,0,0,0,1,0,0,0,0,0,0,0,0,0,0,7,0,0,7
"CT6  7",12165,12052,0,1,0,0,0,0,0,1,0,11,3,5,45,5,5,12,2,1,4,0,4,2,1,5,2,0,0,0,0,0,0,2,0,0,0,0,0,0,0,0,0,1,2,5,2,1,0,1,0,0,16,0,0,2,0,0,2,0,1,2,6,0,3,0,19,0,5,2,1,0,0,8,1,2,0,0,0,0,0,0,1,1,0,0,0,0,0,0,0,0,0,0,0,0,0,0,0,0,2,2,0,0
"CT6  8",8347,8254,1,0,0,0,0,0,0,0,0,4,2,10,21,3,6,1,2,1,1,0,2,1,1,1,1,0,1,0,0,0,0,0,3,0,1,0,0,2,0,0,0,0,8,1,1,0,0,0,0,1,19,0,0,6,0,0,2,0,0,1,10,0,0,0,17,3,2,5,0,0,1,2,0,3,1,0,0,0,0,0,4,0,0,0,0,0,1,0,0,0,0,0,0,0,0,3,1,1,1,1,0,0
"CT7  0",3939,3891,0,0,0,0,0,0,0,0,0,2,0,0,19,3,7,2,0,1,1,2,1,0,0,1,1,0,0,0,0,0,0,0,1,0,0,0,0,1,0,0,0,1,2,0,3,0,0,3,0,0,9,1,2,0,0,0,2,0,0,2,2,0,0,0,10,1,0,0,1,0,0,0,0,8,0,0,0,0,0,0,0,0,0,0,0,0,0,0,0,0,0,0,0,0,0,0,0,0,1,1,0,0
"CT7  9",7276,7147,1,1,0,0,0,1,0,0,0,11,0,9,41,4,7,7,2,2,0,0,0,2,0,4,9,2,0,1,0,0,0,1,1,0,0,0,0,1,0,0,0,4,4,7,5,0,0,3,1,1,14,0,0,2,0,3,0,0,0,3,5,0,0,1,25,0,0,8,3,0,0,2,1,11,0,0,0,0,0,0,0,0,0,0,0,0,0,0,0,0,0,0,0,0,0,0,0,0,6,6,0,0
"CT8  8",7105,6939,0,1,1,0,0,0,0,0,0,7,4,3,56,14,3,26,2,1,0,2,1,0,0,4,2,0,0,0,0,0,0,1,8,3,4,0,0,1,0,0,0,6,9,4,3,0,1,1,0,1,15,0,0,0,0,6,4,0,0,3,1,0,1,0,30,0,1,7,0,0,4,2,0,13,3,0,0,0,0,0,1,0,0,0,0,0,1,0,0,0,0,0,0,0,0,0,0,0,19,18,0,1
"CT9  1",6383,5593,0,0,0,0,0,0,0,0,0,10,12,2,485,7,8,162,101,76,8,30,65,5,0,12,1,2,0,1,0,7,0,0,19,11,3,5,0,0,0,0,0,21,21,13,12,0,1,3,7,1,57,8,3,2,0,4,6,0,1,6,22,0,4,1,51,0,6,11,1,0,1,2,0,27,3,0,0,0,0,0,22,0,0,0,0,1,0,0,8,0,0,1,1,1,2,8,4,4,61,55,5,1
"CT9  2",10224,8551,0,2,0,0,0,0,0,0,2,18,18,7,1308,6,5,318,560,180,12,57,143,4,7,5,4,0,1,0,3,3,0,0,22,10,7,2,2,1,0,0,0,57,24,13,51,0,9,25,13,4,52,11,0,4,0,5,3,2,0,8,10,2,7,0,57,1,13,22,1,1,0,1,0,18,0,0,0,0,0,0,27,1,0,0,0,0,5,2,2,0,0,0,2,1,3,11,2,2,15,12,2,1
"CT9  3",10673,10349,2,1,1,0,0,0,0,0,0,3,1,5,137,7,13,51,24,6,0,8,6,3,0,9,4,0,2,3,1,0,0,0,6,5,0,1,0,0,0,0,0,6,36,5,12,0,0,4,5,3,61,18,1,0,0,17,5,0,1,10,9,0,0,0,29,0,3,9,2,1,2,4,1,6,1,0,0,0,0,0,7,0,0,0,0,0,0,0,1,0,0,0,2,0,1,3,2,2,11,10,1,0
"CT9  4",3703,3558,0,0,0,0,0,0,0,0,0,4,0,4,43,3,5,9,4,2,7,3,6,1,0,2,1,0,0,0,0,0,0,0,4,1,3,0,0,0,0,0,0,2,3,9,5,0,1,1,3,0,31,8,9,1,0,4,0,0,2,0,7,0,0,0,22,0,2,4,3,0,0,0,0,11,2,0,0,0,0,0,8,0,0,0,0,0,0,2,0,0,0,0,3,0,0,3,2,2,8,7,0,1
"CT9  5",10591,10253,0,0,0,0,0,0,0,0,0,15,7,1,143,3,7,52,20,6,0,5,15,11,2,17,2,2,1,0,0,0,0,0,11,8,2,1,0,0,0,0,0,9,17,6,14,0,2,9,2,1,46,0,1,4,0,9,3,0,0,6,12,0,11,0,37,2,3,13,2,0,1,1,1,14,0,0,0,0,0,0,10,0,0,0,0,0,1,0,2,0,2,2,0,0,2,1,1,1,21,14,7,0
"CV1  1",432,202,0,0,0,0,0,0,0,0,0,4,3,2,54,1,2,8,0,2,7,4,0,1,4,25,0,0,0,0,0,0,0,0,0,0,0,0,0,0,0,0,0,6,6,28,11,1,2,6,1,1,7,2,3,0,0,0,0,1,0,0,1,0,0,0,104,6,2,78,0,1,1,15,1,0,0,0,0,0,0,0,5,0,0,0,0,0,0,0,2,0,0,1,0,1,0,1,0,0,0,0,0,0
"CV1  2",6556,4744,0,0,0,0,0,0,0,0,0,75,8,16,533,9,14,233,32,3,102,4,36,9,55,23,8,4,1,0,0,0,0,0,15,1,12,2,0,0,0,0,0,16,13,203,57,0,18,27,7,5,430,40,45,75,0,39,40,12,24,95,37,3,3,17,341,29,12,255,2,10,9,19,1,4,0,0,0,0,0,0,99,1,11,14,0,12,9,2,11,2,3,14,0,4,7,9,3,3,3,2,1,0
"CV1  3",4843,3821,3,0,0,0,0,0,0,0,0,76,6,16,281,10,7,108,10,5,50,4,14,4,25,30,9,4,0,0,0,0,1,0,17,7,4,3,0,3,0,0,0,9,16,129,46,0,19,20,4,3,80,3,17,23,0,13,8,2,0,9,1,1,1,2,244,25,27,148,2,2,2,7,30,0,1,0,0,0,0,0,90,2,9,21,0,2,4,0,12,0,0,16,0,4,2,18,8,8,1,1,0,0
"CV1  4",7698,5222,1,0,0,0,0,0,0,0,0,50,14,7,539,4,7,285,18,2,63,40,64,11,13,20,9,3,0,0,0,0,0,0,24,10,12,0,1,1,0,0,0,26,15,187,215,0,110,60,41,4,1076,282,80,227,15,87,286,0,19,48,12,3,0,17,137,22,4,91,1,1,3,5,4,4,2,0,2,1,0,1,170,10,13,30,2,2,4,5,35,0,3,33,2,11,3,17,9,9,3,2,1,0
"CV1  5",10288,6663,1,2,1,0,0,0,0,1,0,78,12,11,625,7,12,184,101,37,116,18,40,10,40,45,13,2,0,0,0,0,0,0,94,16,71,4,0,3,0,0,0,59,25,279,341,0,185,98,53,5,1380,210,68,158,8,483,289,15,39,58,34,2,2,14,228,41,11,141,2,4,9,5,9,4,2,0,3,0,0,0,467,18,37,178,0,7,4,9,91,4,6,33,0,14,16,50,12,12,8,5,2,1
"CV10 0",12154,11944,2,0,0,0,0,0,0,0,0,5,3,5,80,4,6,54,0,2,2,0,1,2,0,3,5,0,1,0,0,0,0,0,2,1,1,0,0,0,0,0,0,7,1,8,0,0,0,0,0,0,67,1,2,15,0,0,12,0,0,1,0,0,36,0,14,0,3,6,0,1,1,2,0,1,0,0,0,0,0,0,6,0,0,0,0,0,0,0,0,0,0,4,0,0,0,2,1,1,9,8,0,1
"CV10 7",10632,10285,1,0,0,0,0,0,0,0,0,2,2,0,91,7,2,69,1,0,1,0,5,0,1,3,0,0,1,0,0,0,1,0,5,2,1,2,0,0,0,0,0,10,0,4,1,0,1,0,0,0,193,9,13,56,0,3,48,0,5,4,38,0,14,3,29,3,5,13,0,2,0,5,0,1,0,0,0,0,0,0,7,0,0,0,0,1,0,0,0,0,0,2,0,0,0,4,0,0,2,1,0,1
"CV10 8",11470,11149,0,0,0,0,0,0,0,0,0,5,2,2,155,9,0,132,2,2,4,0,1,2,0,1,0,1,0,0,0,1,0,0,0,0,0,0,0,0,0,0,0,8,1,0,12,0,4,4,4,0,111,10,3,36,0,3,13,0,0,3,6,0,35,2,16,2,3,3,0,1,0,4,0,2,1,0,0,0,0,0,8,0,0,0,0,0,0,0,0,2,0,5,0,0,0,1,0,0,1,0,0,1
"CV10 9",13543,13273,0,3,0,0,0,0,0,3,0,3,1,4,165,3,7,131,6,1,0,9,0,2,3,1,1,0,0,0,0,0,1,0,3,1,2,0,0,0,0,0,0,2,0,3,2,0,0,1,1,0,55,3,0,20,0,0,13,0,0,0,0,0,18,1,13,1,2,3,0,0,0,4,0,3,0,0,0,0,0,0,11,0,0,0,0,0,0,0,1,0,0,5,0,0,2,3,2,2,3,1,1,1
"CV11 4",11544,11127,0,1,0,0,0,0,0,1,0,4,5,6,103,6,3,71,0,6,1,0,9,1,5,0,1,0,0,0,0,0,0,0,7,2,1,0,2,2,0,0,0,10,3,2,4,0,1,3,0,0,236,10,5,51,0,2,18,0,0,9,1,0,132,8,28,4,7,6,0,0,0,1,1,5,4,0,0,0,0,0,3,0,0,0,0,0,0,0,0,0,0,0,2,1,0,0,0,0,5,5,0,0
"CV11 5",10558,8850,0,0,0,0,0,0,0,0,0,10,4,12,336,12,1,296,6,1,2,0,4,11,1,0,0,0,1,0,1,0,0,0,2,1,0,0,0,1,0,0,0,14,13,22,36,0,10,12,12,2,1198,127,9,90,0,6,626,2,2,12,41,0,263,20,32,0,4,15,0,0,0,6,1,5,1,0,2,0,0,0,23,0,0,0,0,1,0,5,3,0,0,8,1,0,1,4,0,0,4,2,1,1
"CV11 6",15858,15283,3,0,0,0,0,0,0,0,0,6,6,11,66,2,10,32,2,1,0,1,0,0,1,4,9,2,1,1,0,0,0,0,3,2,0,1,0,0,0,0,0,2,0,5,6,0,1,2,3,0,427,32,7,107,0,15,28,1,4,6,0,0,225,2,19,1,2,11,0,0,0,1,1,2,1,0,0,0,0,0,9,0,0,0,0,1,0,0,0,0,0,1,0,0,0,7,4,4,8,4,2,2
"CV12 0",8729,8419,0,2,0,0,0,0,0,2,0,1,15,3,80,2,2,53,8,4,0,0,0,1,0,5,2,2,1,0,0,0,0,0,2,1,0,0,0,1,0,0,0,5,3,3,3,0,0,2,1,0,169,2,15,105,0,2,10,0,0,15,0,0,20,0,12,0,1,7,0,0,0,2,0,2,0,0,0,0,0,0,11,0,0,0,0,0,0,0,3,0,0,6,0,0,0,2,1,1,0,0,0,0
"CV12 8",10340,10198,1,0,0,0,0,0,0,0,0,3,0,2,36,1,4,22,0,4,0,0,1,2,1,0,0,0,1,0,0,0,0,0,1,1,0,0,0,0,0,0,0,0,0,0,2,0,0,2,0,0,79,0,1,61,0,0,9,0,0,3,0,0,5,0,11,1,4,5,0,0,0,1,0,0,0,0,0,0,0,0,7,0,0,0,0,0,0,0,0,0,0,6,1,0,0,0,0,0,0,0,0,0
"CV12 9",11446,11281,0,2,0,0,0,0,0,2,0,6,0,0,53,4,4,31,0,1,4,0,3,1,3,1,1,0,0,0,0,0,0,0,1,0,0,0,0,1,0,0,0,4,3,1,2,0,0,1,1,0,77,6,1,40,0,0,4,0,1,8,0,5,10,2,10,3,0,5,0,0,0,1,0,1,0,0,0,0,0,0,0,0,0,0,0,0,0,0,0,0,0,0,0,0,0,0,2,2,4,0,2,2
"CV13 0",6240,6183,0,0,0,0,0,0,0,0,0,6,1,2,28,1,3,6,1,0,4,0,0,1,5,0,3,3,1,0,0,0,0,0,1,0,0,0,0,1,0,0,0,4,2,0,0,0,0,0,0,0,5,0,0,1,0,0,0,0,0,4,0,0,0,0,7,0,2,1,0,0,0,4,0,0,0,0,0,0,0,0,1,0,0,0,0,0,0,0,0,0,0,0,1,0,0,0,0,0,0,0,0,0
"CV13 6",4212,4156,0,0,0,0,0,0,0,0,0,6,2,4,12,1,1,3,0,0,2,0,0,0,1,0,4,0,0,0,0,0,0,0,0,0,0,0,0,0,0,0,0,2,1,3,0,0,0,0,0,0,16,5,0,0,0,7,4,0,0,0,0,0,0,0,10,1,4,0,0,2,1,1,0,1,0,0,0,0,0,0,0,0,0,0,0,0,0,0,0,0,0,0,0,0,0,0,0,0,0,0,0,0
"CV2  1",11272,9966,2,8,2,0,0,1,0,4,1,122,64,7,358,8,8,248,19,9,15,9,25,6,5,0,3,2,0,1,0,0,0,0,19,8,9,1,1,0,0,0,0,31,9,51,48,0,22,22,3,1,233,13,14,137,0,14,7,4,2,35,2,3,0,2,28,1,0,7,2,0,3,1,0,14,0,0,0,0,0,0,322,4,18,21,0,7,3,1,122,0,21,48,1,5,11,60,1,1,3,2,1,0
"CV2  2",12040,10841,2,0,0,0,0,0,0,0,0,33,11,2,258,9,9,184,10,0,0,4,10,19,0,4,6,0,0,0,0,2,1,0,19,1,15,2,0,1,0,0,0,19,1,36,56,0,11,33,12,0,548,42,18,188,2,8,60,2,18,74,117,7,4,8,154,5,17,11,1,0,6,3,3,102,6,0,0,0,0,0,54,1,0,0,0,5,1,2,4,0,0,26,1,1,0,13,2,2,4,2,1,1
"CV2  3",12449,11072,2,2,1,0,0,0,0,1,0,24,11,7,416,5,6,302,34,1,14,2,19,11,10,3,1,1,4,1,1,0,1,0,29,19,9,1,0,0,0,0,0,19,3,26,102,1,21,64,11,5,604,66,36,306,1,24,55,4,9,58,37,6,0,2,47,4,5,12,0,1,0,0,0,25,0,0,0,0,0,0,74,3,5,11,0,6,1,0,9,0,0,13,0,2,2,22,4,4,7,6,1,0
"CV2  4",13016,9810,1,1,1,0,0,0,0,0,0,93,27,14,1119,12,12,719,73,20,97,27,64,14,35,6,30,1,8,1,0,0,0,0,42,21,15,5,1,0,0,0,0,70,5,161,129,3,63,38,17,8,1123,85,104,431,14,100,174,5,42,83,75,1,5,4,144,14,5,79,2,6,10,6,9,12,1,0,1,0,0,0,267,1,25,78,0,9,17,5,30,3,2,28,0,16,11,42,6,6,3,2,1,0
"CV2  5",11521,10579,4,0,0,0,0,0,0,0,0,26,6,9,215,12,4,151,7,0,5,11,10,1,6,3,4,0,0,0,0,0,0,1,16,8,5,2,1,0,0,0,0,7,12,26,36,0,21,10,4,1,425,18,20,242,0,7,75,0,2,43,13,2,0,3,67,0,5,8,1,0,2,4,0,46,1,0,0,0,0,0,82,11,10,5,0,4,1,0,18,0,0,14,1,7,2,9,0,0,11,7,4,0
"CV21 1",9336,8488,3,2,0,0,0,0,0,2,0,10,55,7,493,3,4,367,43,12,0,8,17,25,0,1,5,2,1,5,0,0,0,0,2,2,0,0,0,0,0,0,0,22,8,8,1,0,1,0,0,0,144,26,2,14,0,8,62,0,2,16,0,0,14,0,38,3,8,14,1,2,0,6,0,2,2,0,0,1,1,0,48,0,0,0,0,10,0,2,8,0,0,22,0,0,0,6,2,2,4,4,0,0
"CV21 2",7594,6313,2,1,0,0,0,0,0,1,0,20,72,8,748,0,6,567,66,16,17,9,28,30,0,3,1,3,1,0,1,0,0,0,4,3,1,0,0,0,0,0,0,14,8,7,3,0,0,3,0,0,324,20,11,15,0,21,197,0,3,25,5,2,15,10,32,2,2,6,1,3,0,6,1,6,5,0,1,0,0,0,32,0,0,0,0,9,0,1,5,0,0,11,1,0,0,5,2,2,3,2,1,0
"CV21 3",9772,8394,5,0,0,0,0,0,0,0,0,12,137,8,686,9,13,408,74,22,10,16,74,47,0,1,5,0,0,1,4,1,1,0,5,3,1,0,0,1,0,0,0,28,10,7,9,0,5,2,1,1,353,70,15,60,1,21,143,1,4,12,12,5,5,4,59,4,4,18,2,0,0,10,2,17,2,4,1,0,0,0,53,0,0,0,0,7,0,0,2,1,0,25,0,1,11,6,1,1,0,0,0,0
"CV21 4",7327,7080,1,0,0,0,0,0,0,0,0,0,6,13,151,4,7,91,28,5,1,0,1,4,3,6,0,0,0,0,0,0,0,1,2,0,0,0,2,0,0,0,0,8,0,0,2,0,0,2,0,0,46,0,2,9,0,3,11,0,0,10,0,0,11,0,9,0,1,2,0,0,1,3,0,0,2,0,0,0,0,0,5,0,0,0,0,0,2,0,0,0,0,3,0,0,0,0,0,0,4,3,1,0
"CV22 5",9098,8727,2,0,0,0,0,0,0,0,0,25,23,5,125,8,6,67,6,1,9,2,10,5,0,2,5,2,1,0,0,0,1,0,1,0,0,1,0,0,0,0,0,18,5,4,5,0,0,4,1,0,89,2,5,21,0,3,32,1,6,11,4,0,2,2,56,2,10,16,8,3,0,3,0,13,1,0,1,0,0,0,9,0,0,0,0,0,3,0,1,2,0,0,1,0,0,2,1,1,2,1,0,1
"CV22 6",10173,9660,0,0,0,0,0,0,0,0,0,14,27,15,265,5,6,179,11,5,3,7,8,18,11,1,2,4,0,1,1,0,3,0,0,0,0,0,0,0,0,0,0,12,2,1,5,0,3,2,0,0,114,8,3,31,0,26,22,0,2,16,0,2,4,0,39,2,6,12,0,1,0,10,0,7,1,0,0,0,0,0,15,1,0,0,0,4,0,0,0,2,0,2,0,0,2,4,0,0,4,0,0,4
"CV22 7",14816,13972,2,1,0,0,0,0,0,1,0,30,40,16,507,9,14,366,43,8,23,4,7,20,0,6,4,1,1,1,0,0,0,0,5,3,0,2,0,0,0,0,0,9,13,19,4,1,1,2,0,0,104,9,0,32,0,16,20,0,4,12,4,0,7,0,63,2,10,37,1,1,0,8,0,4,0,0,0,0,0,0,20,1,0,0,0,1,2,0,1,0,0,2,10,0,1,2,0,0,11,4,4,3
"CV23 0",9258,8896,2,3,3,0,0,0,0,0,0,9,14,17,172,4,6,109,15,4,10,1,3,12,0,2,2,0,1,0,3,0,0,0,1,0,0,0,0,1,0,0,0,12,4,1,6,0,0,3,3,0,77,2,4,14,0,0,20,2,0,2,2,0,31,0,30,0,4,13,1,0,0,5,1,6,0,2,0,0,0,0,7,0,0,0,0,0,0,0,1,0,0,4,2,0,0,0,1,1,4,1,0,3
"CV23 8",5514,5395,3,6,2,0,0,4,0,0,0,3,0,3,48,5,1,23,2,1,4,4,0,1,0,0,5,0,0,0,2,0,0,0,8,5,3,0,0,0,0,0,0,0,6,1,4,0,0,3,1,0,24,11,1,2,0,2,3,0,1,0,1,0,0,3,9,0,2,2,0,0,0,4,0,1,0,0,0,0,0,0,2,0,0,1,0,0,0,0,0,0,0,0,0,0,1,0,1,1,1,0,0,1
"CV23 9",6407,6231,0,0,0,0,0,0,0,0,0,4,16,5,103,3,8,71,6,1,2,1,8,0,0,0,2,1,0,0,0,0,0,0,2,0,1,0,0,1,0,0,0,4,0,2,0,0,0,0,0,0,14,0,0,4,0,0,2,0,0,6,0,2,0,0,14,1,0,5,0,0,0,4,0,3,1,0,0,0,0,0,10,0,0,0,0,1,2,0,0,0,0,4,0,0,0,3,0,0,2,1,0,1
"CV3  1",8367,6885,0,1,0,1,0,0,0,0,0,91,9,12,602,12,6,430,35,4,35,9,21,7,19,11,6,3,3,0,1,0,0,0,18,12,1,3,0,2,0,0,0,33,6,38,79,0,26,32,16,5,277,36,20,85,1,22,53,0,0,40,14,0,3,3,40,2,2,14,0,1,0,4,0,16,1,0,0,0,0,0,268,2,15,70,1,1,5,8,49,1,11,52,2,7,9,35,4,4,4,4,0,0
"CV3  2",15785,14918,6,2,0,0,0,1,0,1,0,43,7,5,208,15,14,114,9,3,12,15,9,7,0,1,5,1,2,0,0,0,0,1,15,2,12,1,0,0,0,0,0,17,6,11,32,0,7,24,1,0,396,21,21,224,0,10,90,0,4,5,11,3,1,6,51,0,18,13,1,0,1,3,2,13,0,0,0,0,0,0,62,2,0,10,1,2,0,0,9,0,4,14,2,1,0,17,1,1,5,3,2,0
"CV3  3",7384,6599,0,2,0,0,0,0,0,2,0,119,18,3,300,3,9,223,15,3,1,22,11,3,1,1,6,0,2,0,0,0,0,0,5,3,0,2,0,0,0,0,0,27,8,17,18,0,7,9,0,2,50,0,15,14,0,0,3,0,0,15,0,0,0,3,8,0,0,3,0,0,2,3,0,0,0,0,0,0,0,0,203,9,8,32,2,8,4,0,46,0,9,40,2,0,9,34,4,4,3,2,0,1
"CV3  4",4085,3874,1,0,0,0,0,0,0,0,0,4,2,2,93,1,0,63,6,5,0,8,0,5,1,1,1,1,0,0,1,0,0,0,0,0,0,0,0,0,0,0,0,6,2,11,8,0,0,8,0,0,62,1,5,21,1,3,3,2,0,14,10,2,0,0,5,0,0,5,0,0,0,0,0,0,0,0,0,0,0,0,13,0,0,0,0,0,0,0,0,0,0,8,2,1,0,2,2,2,0,0,0,0
"CV3  5",12984,11603,2,2,1,0,0,0,0,1,0,27,10,13,291,6,10,161,14,1,31,27,2,8,3,17,8,1,1,0,0,0,1,0,10,4,0,3,1,2,0,0,0,7,9,61,50,0,9,37,1,3,724,38,17,300,4,90,192,14,4,37,8,13,0,7,100,6,7,65,6,2,1,13,0,0,0,0,1,0,0,0,62,1,4,11,0,3,0,0,1,0,0,17,0,2,6,17,3,3,9,9,0,0
"CV3  6",12171,11044,0,1,0,0,0,1,0,0,0,8,9,12,136,12,8,70,0,3,1,0,17,1,7,10,1,1,1,0,0,0,2,2,8,1,3,3,0,1,0,0,0,16,6,42,30,1,4,21,3,1,728,52,19,422,3,73,131,7,3,16,0,0,0,2,100,6,8,58,3,10,0,3,5,6,1,0,1,0,0,0,23,0,0,6,0,1,0,0,1,0,0,2,1,4,0,8,3,3,4,4,0,0
"CV31 1",11649,10291,2,0,0,0,0,0,0,0,0,45,196,24,470,47,33,273,8,8,16,6,23,16,5,19,3,12,1,0,0,0,0,0,9,2,2,0,0,5,0,0,0,19,27,7,19,3,6,5,4,1,484,13,15,416,0,2,0,0,2,10,18,0,2,6,41,2,1,19,5,0,1,5,3,5,0,0,0,0,0,0,12,0,1,0,0,0,1,0,0,0,1,0,2,0,4,3,1,1,2,2,0,0
"CV31 2",11839,10842,1,1,1,0,0,0,0,0,0,19,37,17,316,44,18,188,4,8,3,1,16,10,11,7,1,1,1,0,2,0,0,1,2,0,2,0,0,0,0,0,0,7,25,1,19,1,5,6,6,1,492,7,12,438,0,3,5,4,2,9,9,0,0,3,43,2,6,16,4,0,1,4,1,9,0,0,0,0,0,0,8,0,0,0,0,0,0,0,1,0,0,2,1,0,1,3,3,3,6,6,0,0
"CV31 3",6846,6048,0,0,0,0,0,0,0,0,0,32,43,33,297,25,22,161,4,3,16,7,16,8,3,18,3,5,2,3,1,0,0,0,8,1,4,0,0,3,0,0,0,3,13,13,23,0,2,8,6,7,253,13,17,192,0,7,3,1,0,9,9,0,0,2,68,7,12,27,4,1,3,3,2,8,1,0,0,0,0,0,5,0,0,0,0,0,0,0,1,0,0,0,0,0,3,1,6,6,1,1,0,0
"CV32 4",3058,2817,1,0,0,0,0,0,0,0,0,23,11,16,93,13,23,22,2,1,1,0,1,3,4,8,4,6,3,1,1,0,0,0,2,0,1,0,0,1,0,0,0,5,4,2,5,3,1,0,0,1,54,0,3,39,0,5,3,2,0,0,1,0,0,1,17,2,2,5,5,2,0,0,0,1,0,0,0,0,0,0,7,0,1,0,0,0,0,0,0,0,0,0,0,1,3,2,0,0,1,1,0,0
"CV32 5",8005,7392,1,1,0,0,0,0,1,0,0,44,35,42,229,39,39,36,4,15,8,0,2,12,1,37,5,19,1,6,1,0,1,3,9,0,4,1,0,4,0,0,0,13,10,11,20,0,0,5,0,15,82,6,3,56,0,3,3,0,2,7,1,0,0,1,103,6,24,47,10,1,1,4,1,9,0,0,0,0,0,0,13,0,1,0,0,0,0,0,2,0,0,2,2,1,0,5,0,0,0,0,0,0
"CV32 6",7221,6808,1,0,0,0,0,0,0,0,0,25,17,37,84,8,15,20,2,1,3,0,1,4,6,1,12,6,1,1,1,0,1,1,7,1,2,1,0,3,0,0,0,5,12,6,10,3,0,4,3,0,153,2,9,127,0,2,5,2,3,0,0,2,1,0,33,2,3,14,8,0,1,1,0,3,1,0,0,0,0,0,2,0,0,0,0,0,0,0,0,0,0,1,1,0,0,0,1,1,20,20,0,0
"CV32 7",13289,12768,0,0,0,0,0,0,0,0,0,25,42,26,151,20,19,65,2,3,4,5,2,8,8,6,5,1,2,1,0,0,0,0,8,5,2,0,1,0,0,0,0,6,11,15,11,0,0,3,8,0,151,8,4,126,0,1,7,0,0,3,0,0,0,2,62,1,9,20,1,2,2,1,3,21,2,0,0,0,0,0,7,0,1,0,0,1,0,0,1,0,0,1,0,0,0,3,3,3,3,2,0,1
"CV33 9",5929,5859,0,0,0,0,0,0,0,0,0,8,3,4,24,1,3,7,1,2,3,0,0,0,0,0,6,0,1,0,0,0,0,0,1,0,0,0,0,1,0,0,0,1,0,0,0,0,0,0,0,0,5,1,0,2,0,0,0,0,0,0,2,0,0,0,19,0,0,5,2,0,0,12,0,0,0,0,0,0,0,0,3,0,0,0,0,0,0,0,0,0,0,0,3,0,0,0,2,2,0,0,0,0
"CV34 4",4676,4447,1,0,0,0,0,0,0,0,0,13,5,9,65,9,10,26,1,0,2,3,0,0,3,3,0,4,1,2,0,0,1,0,4,0,1,3,0,0,0,0,0,5,7,5,1,0,0,1,0,0,49,3,5,29,0,3,0,0,2,0,1,1,0,5,62,1,17,35,3,2,0,2,0,2,0,0,0,0,0,0,2,0,1,1,0,0,0,0,0,0,0,0,0,0,0,0,1,1,0,0,0,0
"CV34 5",13613,13078,2,0,0,0,0,0,0,0,0,21,18,21,137,10,14,57,11,1,7,10,1,8,0,6,4,2,2,1,0,0,0,3,0,0,0,0,0,0,0,0,0,5,4,12,18,1,10,3,1,3,186,8,2,115,0,2,9,0,8,7,26,0,0,9,93,0,8,35,11,7,0,10,0,21,1,0,0,0,0,0,10,2,0,0,0,0,0,0,0,1,0,0,0,1,0,6,3,3,5,2,2,1
"CV34 6",11716,11052,1,3,1,0,0,0,0,2,0,27,29,38,118,12,12,54,1,2,1,0,4,4,3,11,2,7,1,0,2,0,1,1,3,1,0,0,1,1,0,0,0,1,20,19,15,0,0,13,2,0,299,4,14,231,0,13,8,2,4,8,9,0,5,1,70,5,24,15,7,1,0,12,3,1,2,0,0,0,0,0,17,0,0,0,0,0,0,0,0,0,0,5,6,4,0,2,2,2,2,2,0,0
"CV35 0",5629,5559,1,0,0,0,0,0,0,0,0,3,2,6,25,1,1,9,0,0,4,0,0,5,0,1,0,3,1,0,0,0,0,0,1,1,0,0,0,0,0,0,0,1,1,2,1,1,0,0,0,0,8,0,0,0,0,0,2,0,0,0,4,0,2,0,14,0,0,3,1,0,1,1,0,7,1,0,0,0,0,0,3,0,0,0,0,0,0,0,0,0,0,1,2,0,0,0,0,0,2,0,0,2
"CV35 7",5142,5054,1,0,0,0,0,0,0,0,0,4,7,5,40,5,9,10,1,1,2,0,3,4,0,0,3,1,1,0,0,0,0,0,1,0,0,0,0,1,0,0,0,6,0,1,0,0,0,0,0,0,12,0,0,3,0,2,0,0,0,1,5,0,0,1,7,0,0,2,2,0,0,3,0,0,0,0,0,0,0,0,4,0,0,0,0,0,0,0,0,0,0,0,3,0,0,1,0,0,0,0,0,0
"CV35 8",5517,5458,2,0,0,0,0,0,0,0,0,2,1,6,22,8,3,5,0,0,0,0,0,2,0,1,1,0,1,0,0,0,0,1,1,0,0,0,0,1,0,0,0,2,1,0,5,1,0,4,0,0,12,1,0,6,0,0,1,0,4,0,0,0,0,0,2,0,0,0,1,0,0,1,0,0,0,0,0,0,0,0,2,0,0,0,0,0,0,0,0,0,0,0,1,0,1,0,1,1,0,0,0,0
"CV35 9",7624,7516,2,0,0,0,0,0,0,0,0,3,1,14,58,3,4,24,4,1,1,3,0,2,1,1,5,3,0,3,0,0,3,0,1,0,0,1,0,0,0,0,0,1,3,2,0,0,0,0,0,0,3,0,0,2,0,0,0,0,0,0,1,0,0,0,12,0,2,7,1,2,0,0,0,0,0,0,0,0,0,0,5,0,0,0,0,0,0,2,0,0,0,1,2,0,0,0,0,0,3,1,0,2
"CV36 4",6307,6218,0,0,0,0,0,0,0,0,0,11,1,5,46,3,8,21,2,0,1,6,1,0,0,0,2,0,1,1,0,0,0,0,2,0,0,0,0,2,0,0,0,0,1,0,2,1,0,0,0,1,2,0,0,0,0,0,0,0,0,0,2,0,0,0,19,0,5,5,2,0,0,0,0,7,0,0,0,0,0,0,0,0,0,0,0,0,0,0,0,0,0,0,0,0,0,0,0,0,0,0,0,0
"CV36 5",2716,2691,1,0,0,0,0,0,0,0,0,4,0,0,13,1,5,2,4,0,0,0,0,0,0,0,0,1,0,0,0,0,0,0,0,0,0,0,0,0,0,0,0,0,0,0,0,0,0,0,0,0,3,0,0,3,0,0,0,0,0,0,0,0,0,0,3,0,0,0,1,0,0,2,0,0,0,0,0,0,0,0,0,0,0,0,0,0,0,0,0,0,0,0,0,0,0,0,1,1,0,0,0,0
"CV37 0",6495,6097,6,0,0,0,0,0,0,0,0,17,3,3,288,4,11,227,5,2,12,5,5,10,5,1,1,0,0,0,0,0,0,0,1,0,1,0,0,0,0,0,0,6,9,10,2,0,0,0,2,0,18,2,6,1,0,0,3,0,6,0,0,0,0,0,26,0,4,7,7,0,0,3,0,5,0,2,0,0,0,0,6,0,0,0,0,0,0,0,0,0,0,0,5,0,0,1,0,0,1,0,0,1
"CV37 6",6520,6030,3,0,0,0,0,0,0,0,0,16,0,13,353,15,15,259,6,6,13,16,5,1,7,1,5,0,0,0,1,1,2,0,4,2,1,0,0,1,0,0,0,10,6,2,4,0,0,4,0,0,26,0,6,4,0,0,3,0,4,1,7,0,0,1,48,4,11,2,4,3,0,8,0,16,0,0,0,0,0,0,4,0,0,0,0,0,0,0,0,0,0,0,2,0,0,2,1,1,0,0,0,0
"CV37 7",8363,8042,4,0,0,0,0,0,0,0,0,13,3,10,212,6,12,136,1,4,8,13,1,0,8,6,9,4,2,1,1,0,0,0,5,1,1,1,0,2,0,0,0,5,2,3,7,0,1,3,3,0,10,1,0,6,0,0,1,0,0,2,0,0,0,0,44,6,4,11,8,6,0,2,2,5,0,0,0,0,0,0,2,0,0,0,0,0,0,0,0,0,0,0,2,0,0,0,0,0,1,0,0,1
"CV37 8",6762,6651,1,0,0,0,0,0,0,0,0,3,2,4,64,4,1,25,3,5,9,3,4,7,0,0,1,0,2,0,0,0,0,0,1,1,0,0,0,0,0,0,0,4,0,2,0,0,0,0,0,0,9,0,0,5,0,0,0,0,0,0,0,0,4,0,15,0,1,2,4,2,0,1,0,5,0,0,0,0,0,0,3,0,0,0,0,0,0,0,0,0,0,0,3,0,0,0,0,0,3,1,0,2
"CV37 9",11632,10988,5,0,0,0,0,0,0,0,0,33,2,10,334,16,10,241,5,6,14,8,2,5,8,5,2,1,5,5,1,0,0,0,3,1,0,0,0,2,0,0,0,21,6,10,12,0,0,6,0,6,10,0,3,4,0,1,0,0,0,0,1,0,0,1,190,6,20,128,5,14,0,8,1,7,1,0,0,0,0,0,5,0,0,0,0,0,0,0,0,0,0,0,2,0,0,3,0,0,3,3,0,0
"CV4  7",8772,6782,2,0,0,0,0,0,0,0,0,74,20,35,347,39,61,49,3,5,10,33,4,6,28,61,5,24,2,5,2,1,1,8,20,1,6,1,0,12,0,0,0,51,37,50,45,3,0,19,7,16,381,54,56,154,0,21,49,0,1,14,9,14,1,8,897,48,86,581,24,33,27,47,43,1,7,0,0,0,0,0,23,0,3,0,0,0,1,3,0,0,0,0,1,4,3,8,6,6,2,1,0,1
"CV4  8",7691,6882,2,0,0,0,0,0,0,0,0,24,9,18,198,5,29,66,5,3,12,35,11,3,13,4,8,0,1,0,0,1,0,2,8,3,2,0,0,3,0,0,0,19,6,21,36,1,6,16,8,5,179,18,12,82,1,18,22,4,3,12,3,2,0,2,244,5,30,133,6,12,6,5,47,0,0,0,0,0,0,0,42,1,0,7,0,2,2,0,8,0,0,7,1,1,2,11,2,2,1,1,0,0
"CV4  9",15701,14881,0,0,0,0,0,0,0,0,0,47,14,16,343,25,23,183,11,3,22,8,18,8,3,20,10,3,3,2,0,0,1,0,15,9,2,2,2,0,0,0,0,10,1,36,39,1,11,23,1,3,97,17,1,48,0,7,13,0,1,6,4,0,0,0,120,9,19,65,0,5,2,8,9,2,1,3,0,0,0,0,68,1,0,7,1,0,3,0,3,1,2,14,0,1,0,35,2,2,9,9,0,0
"CV47 0",2134,2108,0,2,1,0,0,1,0,0,0,2,6,1,6,2,0,0,0,0,0,1,0,1,0,0,0,0,1,0,1,0,0,0,0,0,0,0,0,0,0,0,0,0,1,0,0,0,0,0,0,0,3,0,0,0,0,0,0,0,0,3,0,0,0,0,5,0,0,0,0,0,0,4,0,1,0,0,0,0,0,0,0,0,0,0,0,0,0,0,0,0,0,0,0,0,0,0,0,0,0,0,0,0
"CV47 1",4233,4185,2,2,0,0,0,2,0,0,0,4,3,2,11,3,5,0,0,0,1,0,0,0,0,0,0,0,0,0,1,0,1,0,0,0,0,0,0,0,0,0,0,1,1,1,2,0,0,1,1,0,3,0,0,3,0,0,0,0,0,0,0,0,0,0,13,1,2,5,0,1,0,3,0,0,1,0,0,0,0,0,1,0,0,0,0,0,0,0,0,0,0,0,1,0,0,0,0,0,2,1,1,0
"CV47 2",4945,4875,1,0,0,0,0,0,0,0,0,8,5,2,28,2,3,9,3,1,1,0,0,1,2,0,2,1,3,0,0,0,0,0,0,0,0,0,0,0,0,0,0,0,1,0,0,0,0,0,0,0,9,0,2,1,0,0,0,0,0,0,0,0,6,0,11,0,0,3,3,0,0,4,0,0,1,0,0,0,0,0,3,0,0,0,0,0,0,0,2,0,0,0,1,0,0,0,0,0,2,1,0,1
"CV47 7",731,721,0,0,0,0,0,0,0,0,0,0,3,0,5,1,1,2,1,0,0,0,0,0,0,0,0,0,0,0,0,0,0,0,0,0,0,0,0,0,0,0,0,0,0,0,0,0,0,0,0,0,2,0,0,0,0,0,0,0,0,2,0,0,0,0,0,0,0,0,0,0,0,0,0,0,0,0,0,0,0,0,0,0,0,0,0,0,0,0,0,0,0,0,0,0,0,0,0,0,0,0,0,0
"CV47 8",2420,2400,0,0,0,0,0,0,0,0,0,0,0,1,10,0,3,1,0,0,0,0,0,4,0,0,0,0,2,0,0,0,0,0,0,0,0,0,0,0,0,0,0,2,0,0,2,0,0,2,0,0,1,0,0,0,0,0,0,0,0,1,0,0,0,0,1,0,0,0,0,0,0,1,0,0,0,0,0,0,0,0,1,0,0,0,0,0,0,0,0,0,0,0,0,0,0,1,0,0,2,0,1,1
"CV47 9",1950,1931,0,1,0,0,0,0,0,1,0,0,0,2,15,0,5,6,0,0,0,0,0,0,2,0,0,0,2,0,0,0,0,0,0,0,0,0,0,0,0,0,0,0,0,0,0,0,0,0,0,0,1,0,0,1,0,0,0,0,0,0,0,0,0,0,0,0,0,0,0,0,0,0,0,0,0,0,0,0,0,0,0,0,0,0,0,0,0,0,0,0,0,0,0,0,0,0,0,0,0,0,0,0
"CV5  6",11609,10507,2,1,1,0,0,0,0,0,0,53,21,30,345,41,51,124,3,3,22,17,12,5,22,28,7,4,1,1,1,1,2,0,10,0,6,3,0,1,0,0,0,17,15,22,14,0,1,13,0,0,216,38,29,65,7,14,16,1,11,8,10,2,3,12,311,13,74,130,7,15,9,13,39,10,1,0,0,0,0,0,31,1,0,2,0,1,3,11,3,0,0,3,0,1,5,1,4,4,10,6,4,0
"CV5  7",11614,11341,0,0,0,0,0,0,0,0,0,11,2,11,88,2,9,53,7,2,3,0,2,3,0,4,0,1,1,0,0,0,0,1,3,2,0,1,0,0,0,0,0,5,7,6,5,0,2,3,0,0,83,8,0,46,0,5,15,0,4,5,0,0,0,0,46,6,2,21,0,3,1,8,1,4,0,0,0,0,0,0,2,1,0,0,0,0,0,0,0,0,0,1,0,0,0,0,2,2,2,1,1,0
"CV5  8",11832,10896,2,1,1,0,0,0,0,0,0,31,14,15,283,13,17,147,26,1,20,22,7,2,3,6,9,4,3,0,1,1,0,1,2,0,1,1,0,0,0,0,0,13,8,42,39,0,14,18,0,7,262,72,24,83,2,8,18,4,10,30,3,0,1,7,183,14,36,70,3,4,11,4,35,6,0,0,0,0,0,0,32,0,0,2,0,3,3,0,5,0,0,11,1,2,1,4,4,4,5,3,1,1
"CV5  9",9493,9256,3,2,0,0,0,0,0,1,1,8,1,1,80,3,4,51,7,1,4,1,0,1,1,1,1,0,2,1,0,0,1,1,7,2,3,1,0,1,0,0,0,0,0,10,8,0,1,7,0,0,87,5,2,24,3,8,15,5,1,2,5,14,0,3,20,0,2,7,0,1,3,2,0,5,0,0,0,0,0,0,5,0,0,0,0,0,0,0,1,0,0,0,3,0,0,1,3,3,2,1,0,1
"CV6  1",13200,12136,4,2,2,0,0,0,0,0,0,19,3,16,394,9,4,302,4,6,12,1,22,7,7,7,5,3,0,3,0,0,2,0,8,2,4,0,0,2,0,0,0,10,4,18,39,1,7,26,2,3,433,108,10,184,3,9,51,2,6,42,7,5,1,5,53,3,1,25,0,7,3,4,2,6,2,0,1,0,0,0,50,0,2,2,0,7,1,0,4,0,0,8,0,3,5,18,5,5,5,2,2,1
"CV6  2",11703,11112,1,0,0,0,0,0,0,0,0,24,6,7,151,5,10,110,0,1,1,3,10,6,1,2,2,0,0,0,0,0,0,0,18,4,9,5,0,0,0,0,0,3,3,7,13,1,4,6,1,1,300,4,5,201,2,0,53,1,0,31,2,0,0,1,26,6,1,7,2,0,0,3,0,7,0,0,1,0,0,0,23,3,0,0,0,0,0,0,2,0,0,8,2,0,1,7,3,3,5,4,0,1
"CV6  3",10225,8417,1,0,0,0,0,0,0,0,0,22,5,5,493,7,17,361,5,10,2,7,43,10,1,7,21,0,1,0,1,0,0,0,20,7,1,12,0,0,0,0,0,21,16,68,93,0,27,54,9,3,937,147,25,378,6,21,126,0,2,198,19,2,0,13,48,1,6,25,1,0,0,7,4,4,0,0,0,0,0,0,73,3,8,14,0,8,9,11,3,0,1,6,0,2,0,8,3,3,3,2,1,0
"CV6  4",12425,10558,2,0,0,0,0,0,0,0,0,32,8,3,530,24,12,380,16,6,13,9,49,4,0,0,12,1,2,1,0,1,0,0,18,6,7,4,0,1,0,0,0,13,11,21,81,0,27,31,20,3,1034,74,27,614,9,6,127,0,0,158,14,0,1,4,37,1,6,18,0,1,3,3,0,3,2,0,0,0,0,0,68,0,4,1,0,11,2,1,9,0,2,20,0,0,1,17,2,2,7,7,0,0
"CV6  5",12493,7599,0,3,0,0,0,0,0,3,0,82,12,1,761,4,10,371,11,3,173,18,103,13,25,0,22,1,6,0,0,0,0,1,54,24,15,8,0,7,0,0,0,42,19,182,486,0,252,171,57,6,2723,822,59,955,103,243,378,6,8,94,9,4,4,38,67,5,2,25,3,0,3,5,6,14,4,0,2,2,2,0,442,4,13,189,0,7,6,1,74,0,10,49,1,6,12,70,7,7,9,7,1,1
"CV6  6",10123,8558,1,2,0,0,0,0,0,1,1,22,4,1,422,10,22,293,10,5,25,4,35,6,5,1,3,1,1,0,0,0,1,0,18,4,11,2,0,1,3,3,0,24,2,14,38,0,13,17,8,0,917,92,26,588,12,12,110,2,0,61,3,4,0,7,31,1,6,10,1,0,1,5,0,3,4,0,0,2,2,0,59,0,3,10,0,2,2,1,4,1,1,24,0,0,0,11,0,0,5,2,2,1
"CV6  7",11784,9954,0,3,1,0,0,0,0,2,0,47,14,2,349,17,16,245,13,7,18,1,19,2,1,3,5,0,1,0,1,0,0,0,36,14,10,11,0,1,0,0,0,30,8,31,52,0,6,23,20,3,1125,127,31,642,13,52,75,1,2,160,9,2,0,11,25,3,2,8,1,0,1,2,1,6,1,0,0,0,0,0,105,0,5,25,0,2,2,2,16,0,2,15,2,6,3,25,1,1,2,0,1,1
"CV7  7",10485,10356,9,1,0,0,0,0,0,1,0,3,0,10,42,1,5,15,4,2,4,0,0,0,1,1,4,1,4,0,0,0,0,0,4,2,0,1,0,1,0,0,0,0,0,9,5,2,1,0,2,0,24,1,1,12,0,0,5,0,0,4,0,1,0,0,12,0,2,7,2,0,0,1,0,0,0,0,0,0,0,0,7,0,0,0,0,0,0,0,0,0,0,0,7,0,0,0,1,1,2,2,0,0
"CV7  8",8223,7998,0,0,0,0,0,0,0,0,0,8,1,1,138,3,9,112,4,0,1,1,5,0,0,0,2,1,0,0,0,0,0,0,3,1,0,1,0,1,0,0,0,7,2,1,3,0,0,3,0,0,52,4,1,34,0,0,5,0,0,6,2,0,0,0,7,1,0,4,0,0,0,2,0,0,0,0,0,0,0,0,1,0,0,0,0,0,0,0,0,0,0,0,0,1,0,0,0,0,1,0,0,1
"CV7  9",8476,7875,0,0,0,0,0,0,0,0,0,6,2,6,133,6,3,100,4,0,0,0,11,2,2,0,2,0,1,0,0,0,2,0,4,1,0,3,0,0,0,0,0,0,2,0,6,0,0,3,3,0,402,7,10,330,0,5,25,0,0,9,0,0,16,0,20,0,11,3,0,0,0,1,1,4,0,1,0,0,0,0,12,0,0,0,0,0,6,0,0,0,0,2,0,0,0,4,0,0,7,3,0,4
"CV8  1",10732,10515,3,1,1,0,0,0,0,0,0,18,3,17,87,10,27,9,3,4,1,1,0,4,7,2,6,6,1,3,0,0,3,0,2,0,0,2,0,0,0,0,0,4,1,10,2,1,0,0,0,1,20,0,0,6,0,2,0,2,0,7,0,2,0,1,42,0,2,19,3,5,0,6,1,6,0,0,0,0,0,0,3,0,0,0,0,0,1,0,0,0,0,0,1,0,0,1,1,1,3,1,0,2
"CV8  2",12847,12486,4,0,0,0,0,0,0,0,0,25,11,12,134,11,41,18,8,8,6,0,2,0,5,12,13,3,6,1,0,0,0,0,3,0,0,0,0,3,0,0,0,21,7,4,12,1,0,3,5,3,38,2,3,6,0,2,1,0,3,8,10,1,0,2,78,9,6,21,9,10,1,10,3,9,0,0,0,0,0,0,8,1,0,0,0,0,1,0,0,0,0,0,2,0,1,3,1,1,3,1,0,2
"CV8  3",6560,6427,3,0,0,0,0,0,0,0,0,15,1,3,48,3,6,7,6,1,0,0,8,1,6,0,5,0,0,0,0,5,0,0,4,1,3,0,0,0,0,0,0,2,1,2,2,0,0,2,0,0,42,2,1,23,0,0,5,0,3,0,0,4,4,0,9,0,4,1,1,0,0,1,1,0,1,0,0,0,0,0,1,1,0,0,0,0,0,0,0,0,0,0,0,0,0,0,0,0,0,0,0,0
"CV9  1",5610,5528,0,0,0,0,0,0,0,0,0,2,2,1,54,0,1,48,0,0,2,0,0,1,0,0,1,0,0,1,0,0,0,0,2,2,0,0,0,0,0,0,0,2,0,2,0,0,0,0,0,0,15,0,0,7,0,0,4,0,0,4,0,0,0,0,1,0,0,1,0,0,0,0,0,0,0,0,0,0,0,0,1,0,0,0,0,0,0,0,1,0,0,0,0,0,0,0,0,0,0,0,0,0
"CV9  2",8676,8580,0,0,0,0,0,0,0,0,0,3,3,0,44,2,5,29,0,0,2,1,0,3,1,0,0,0,0,0,1,0,0,0,1,0,1,0,0,0,0,0,0,2,4,1,0,0,0,0,0,0,18,0,0,7,0,4,1,0,0,0,0,2,3,1,15,0,1,10,0,0,0,3,1,0,0,0,0,0,0,0,4,0,0,0,0,0,0,0,0,0,0,0,4,0,0,0,0,0,1,0,0,1
"CV9  3",6245,6203,0,1,0,0,0,0,0,1,0,1,1,2,20,0,0,9,0,3,3,0,0,1,0,0,2,0,2,0,0,0,0,0,1,0,0,0,1,0,0,0,0,0,2,0,0,0,0,0,0,0,6,0,0,3,0,0,0,0,0,0,2,0,0,1,3,0,0,1,0,0,0,0,1,0,1,0,0,0,0,0,2,0,2,0,0,0,0,0,0,0,0,0,0,0,0,0,1,1,2,2,0,0
"CW1  2",1431,1238,0,0,0,0,0,0,0,0,0,1,2,2,148,1,3,125,10,0,2,0,0,6,0,1,0,0,0,0,0,0,0,0,0,0,0,0,0,0,0,0,0,2,7,1,6,0,6,0,0,0,20,0,5,0,0,3,1,0,3,0,0,0,0,8,1,0,0,0,0,0,0,1,0,0,0,0,0,0,0,0,3,0,0,0,0,0,0,2,0,0,0,0,0,0,0,1,0,0,0,0,0,0
"CW1  3",16424,15159,9,3,1,0,0,0,0,2,0,4,21,12,1037,9,16,878,62,14,2,14,1,10,21,1,4,0,0,2,0,3,0,0,0,0,0,0,0,0,1,0,1,6,3,3,15,1,11,0,0,3,59,11,4,3,0,11,2,2,5,11,6,0,0,4,75,3,13,28,0,3,0,9,1,17,1,0,0,0,0,0,10,0,0,0,0,6,0,0,0,0,0,1,0,0,0,3,4,4,3,3,0,0
"CW1  4",11117,10722,1,0,0,0,0,0,0,0,0,3,3,7,287,7,2,229,12,11,3,10,1,4,5,3,0,0,0,0,0,0,0,0,0,0,0,0,0,0,0,0,0,10,13,1,11,1,0,5,0,5,43,2,2,4,0,26,0,0,1,0,2,0,1,5,10,1,0,0,0,0,0,6,0,3,0,0,0,0,0,0,2,0,0,0,0,0,0,0,0,0,0,2,0,0,0,0,0,0,4,1,1,2
"CW1  5",10475,10312,5,0,0,0,0,0,0,0,0,6,3,6,72,1,6,46,0,0,1,1,2,1,2,7,4,0,1,0,0,0,0,0,1,0,0,0,0,1,0,0,0,5,3,4,4,0,0,4,0,0,8,1,0,0,0,1,3,0,0,3,0,0,0,0,39,5,6,23,0,0,0,2,0,2,1,0,0,0,0,0,6,0,0,0,0,0,1,0,1,0,0,2,0,0,0,2,0,0,1,0,0,1
"CW1  6",1122,1095,0,0,0,0,0,0,0,0,0,0,0,0,22,0,0,18,0,0,2,0,0,1,1,0,0,0,0,0,0,0,0,0,0,0,0,0,0,0,0,0,0,0,0,2,1,0,1,0,0,0,2,0,0,0,0,2,0,0,0,0,0,0,0,0,0,0,0,0,0,0,0,0,0,0,0,0,0,0,0,0,0,0,0,0,0,0,0,0,0,0,0,0,0,0,0,0,0,0,0,0,0,0
"CW10 0",7371,7280,0,0,0,0,0,0,0,0,0,4,3,2,66,7,1,44,2,3,2,0,3,0,0,1,0,0,0,1,0,0,1,1,0,0,0,0,0,0,0,0,0,2,2,1,0,0,0,0,0,0,2,0,0,0,0,0,0,0,2,0,0,0,0,0,8,1,2,1,4,0,0,0,0,0,0,0,0,0,0,0,0,0,0,0,0,0,0,0,0,0,0,0,0,0,0,0,1,1,0,0,0,0
"CW10 9",6530,6395,4,1,0,0,0,1,0,0,0,5,2,2,107,0,7,85,11,0,0,2,0,0,0,1,0,1,0,0,0,0,0,0,1,1,0,0,0,0,0,0,0,1,0,0,0,0,0,0,0,0,7,3,4,0,0,0,0,0,0,0,0,0,0,0,4,0,0,2,0,0,0,2,0,0,0,0,0,0,0,0,1,0,0,0,0,0,0,0,0,0,0,0,0,0,1,0,0,0,0,0,0,0
"CW11 1",7052,6976,3,0,0,0,0,0,0,0,0,2,2,3,28,2,5,4,7,0,4,0,0,0,0,2,2,1,0,1,0,0,0,0,0,0,0,0,0,0,0,0,0,1,0,4,2,0,1,0,0,1,12,0,0,9,0,2,0,0,0,0,1,0,0,0,13,0,0,5,1,0,0,3,0,4,0,0,0,0,0,0,6,0,0,0,0,1,0,3,0,0,0,0,1,0,1,0,0,0,0,0,0,0
"CW11 2",1843,1833,1,0,0,0,0,0,0,0,0,2,0,2,4,0,1,0,2,0,0,0,0,0,0,0,1,0,0,0,0,0,0,0,0,0,0,0,0,0,0,0,0,0,0,0,0,0,0,0,0,0,0,0,0,0,0,0,0,0,0,0,0,0,0,0,0,0,0,0,0,0,0,0,0,0,0,0,0,0,0,0,0,0,0,0,0,0,0,0,0,0,0,0,0,0,0,0,0,0,1,1,0,0
"CW11 3",6930,6832,1,1,0,0,0,0,0,1,0,4,1,2,28,0,3,13,0,0,0,2,0,4,2,1,2,0,1,0,0,0,0,0,0,0,0,0,0,0,0,0,0,5,7,1,3,0,0,0,0,3,8,1,0,0,0,2,0,3,0,2,0,0,0,0,34,3,2,6,1,0,0,2,0,20,0,0,0,0,0,0,1,0,0,0,0,0,0,0,0,0,0,1,0,0,0,0,0,0,2,1,0,1
"CW11 4",6115,6060,2,0,0,0,0,0,0,0,0,3,0,7,13,1,1,6,1,1,0,0,0,0,0,1,0,0,1,0,0,0,1,0,1,0,0,0,0,1,0,0,0,1,1,3,3,0,0,2,0,1,9,3,4,1,0,0,0,0,0,1,0,0,0,0,11,0,3,1,2,1,0,4,0,0,0,0,0,0,0,0,0,0,0,0,0,0,0,0,0,0,0,0,0,0,0,0,1,1,0,0,0,0
"CW12 1",3756,3672,1,0,0,0,0,0,0,0,0,3,0,4,49,1,9,27,0,0,4,0,0,0,5,0,2,0,1,0,0,0,0,0,0,0,0,0,0,0,0,0,0,1,0,2,1,0,0,1,0,0,6,0,0,0,0,1,3,0,0,0,2,0,0,0,13,3,0,5,0,0,0,1,0,3,1,0,0,0,0,0,1,0,0,0,0,1,0,0,0,0,0,0,0,0,0,0,0,0,3,1,0,2
"CW12 2",4797,4745,1,0,0,0,0,0,0,0,0,2,2,3,20,2,2,4,1,0,0,0,0,0,0,0,2,1,7,1,0,0,0,0,0,0,0,0,0,0,0,0,0,2,0,1,0,0,0,0,0,0,13,4,0,1,0,3,0,0,0,5,0,0,0,0,7,0,1,0,0,0,0,3,0,1,2,0,0,0,0,0,0,0,0,0,0,0,0,0,0,0,0,0,0,0,0,0,1,1,0,0,0,0
"CW12 3",9711,9629,4,1,0,0,0,0,0,1,0,6,1,0,19,0,6,7,1,1,1,0,0,0,0,1,1,0,1,0,0,0,0,0,2,0,0,0,2,0,0,0,0,2,2,11,4,0,0,1,0,3,12,3,0,0,0,2,0,0,0,0,6,1,0,0,11,0,2,3,0,0,0,1,0,5,0,0,0,0,0,0,1,0,0,0,0,0,0,0,0,0,0,0,0,0,0,1,2,2,4,4,0,0
"CW12 4",10079,9987,6,2,1,1,0,0,0,0,0,11,11,5,13,2,5,2,0,2,0,0,0,0,0,0,2,0,0,0,0,0,0,0,0,0,0,0,0,0,0,0,0,2,3,3,2,0,2,0,0,0,11,0,3,1,0,5,1,0,0,0,0,0,0,1,21,0,8,5,2,0,0,4,1,1,0,0,0,0,0,0,2,0,0,0,0,0,0,0,0,0,0,1,0,0,0,1,0,0,0,0,0,0
"CW2  5",7817,7728,5,1,0,0,0,1,0,0,0,5,0,2,45,0,9,28,2,2,1,0,0,0,0,0,2,1,0,0,0,0,0,0,0,0,0,0,0,0,0,0,0,0,1,0,3,1,0,1,1,0,9,2,4,0,0,1,0,0,0,0,0,2,0,0,17,0,0,1,0,0,0,2,0,8,6,0,0,0,0,0,1,0,0,0,0,0,0,0,0,0,0,0,0,0,0,1,0,0,0,0,0,0
"CW2  6",10262,9643,9,0,0,0,0,0,0,0,0,3,3,2,520,3,3,460,25,7,1,6,8,0,2,3,2,0,0,0,0,0,0,0,2,2,0,0,0,0,0,0,0,5,3,1,10,0,7,2,0,1,17,8,1,3,0,3,0,0,1,1,0,0,0,0,40,2,21,10,0,0,0,4,0,3,0,0,0,0,0,0,1,0,0,0,0,0,0,0,0,0,0,1,0,0,0,0,1,1,2,0,1,1
"CW2  7",8894,7502,3,2,0,0,0,0,1,1,0,4,39,3,1048,3,7,884,100,9,2,6,3,4,15,5,6,3,0,0,0,1,0,0,2,0,0,2,0,0,0,0,0,23,23,7,32,0,23,1,8,0,96,8,3,1,1,63,4,0,2,3,8,1,0,2,86,2,5,18,0,0,2,12,4,5,38,0,0,0,0,0,16,0,0,0,0,0,0,0,0,1,0,1,2,0,0,12,1,1,7,5,2,0
"CW2  8",12731,12424,3,0,0,0,0,0,0,0,0,4,9,6,219,2,11,176,13,1,1,0,0,3,5,2,4,0,1,0,0,0,0,0,1,0,1,0,0,0,0,0,0,3,6,3,9,0,5,3,0,1,25,3,0,0,0,4,0,0,0,9,8,1,0,0,12,0,1,3,0,0,0,4,0,3,1,0,0,0,0,0,4,0,0,0,0,0,0,0,0,0,0,0,2,0,0,2,0,0,3,2,0,1
"CW3  0",2687,2667,0,0,0,0,0,0,0,0,0,0,1,3,9,0,2,5,0,0,1,0,0,0,0,0,1,0,0,0,0,0,0,0,0,0,0,0,0,0,0,0,0,0,0,0,1,0,0,0,0,1,2,2,0,0,0,0,0,0,0,0,0,0,0,0,4,0,0,2,1,0,0,0,0,1,0,0,0,0,0,0,0,0,0,0,0,0,0,0,0,0,0,0,0,0,0,0,0,0,0,0,0,0
"CW3  9",6167,6109,3,0,0,0,0,0,0,0,0,5,2,0,31,9,2,7,1,0,1,0,5,1,3,1,0,0,1,0,0,0,0,0,0,0,0,0,0,0,0,0,0,0,1,0,2,0,0,1,0,1,3,0,0,0,0,1,0,0,0,2,0,0,0,0,6,0,0,0,0,0,0,2,3,1,0,0,0,0,0,0,5,0,0,0,0,0,0,0,4,1,0,0,0,0,0,0,0,0,0,0,0,0
"CW4  7",5674,5624,2,0,0,0,0,0,0,0,0,6,3,4,16,1,3,4,6,1,0,0,0,0,0,0,0,0,1,0,0,0,0,0,2,0,0,0,0,2,0,0,0,0,0,0,2,0,1,1,0,0,6,0,0,0,0,0,4,0,0,0,0,0,0,2,8,0,4,1,0,0,0,1,0,2,0,0,0,0,0,0,0,0,0,0,0,0,0,0,0,0,0,0,0,0,0,0,0,0,1,0,0,1
"CW4  8",3460,3428,4,0,0,0,0,0,0,0,0,5,0,1,11,1,2,0,2,0,0,0,0,1,0,0,1,1,3,0,0,0,0,0,0,0,0,0,0,0,0,0,0,1,1,0,3,1,0,2,0,0,2,0,0,0,0,0,0,0,0,2,0,0,0,0,3,2,0,0,0,0,0,1,0,0,0,0,0,0,0,0,0,0,0,0,0,0,0,0,0,0,0,0,0,0,0,0,1,1,0,0,0,0
"CW5  5",7478,7368,2,0,0,0,0,0,0,0,0,4,3,4,61,0,28,27,1,0,0,1,0,1,0,0,0,0,0,0,1,2,0,0,3,0,0,0,0,3,0,0,0,0,2,6,4,0,3,1,0,0,1,0,0,1,0,0,0,0,0,0,0,0,0,0,10,0,3,1,0,2,0,3,0,1,0,0,0,0,0,0,5,0,0,0,0,2,0,0,0,0,0,1,0,0,2,0,3,3,2,1,1,0
"CW5  6",7224,7140,14,0,0,0,0,0,0,0,0,3,5,2,36,2,7,16,0,1,1,0,0,2,0,2,1,1,2,1,0,0,0,0,2,0,0,1,0,1,0,0,0,1,0,7,1,0,0,0,0,1,3,0,1,0,0,2,0,0,0,0,0,0,0,0,6,0,0,2,0,0,0,3,0,1,0,0,0,0,0,0,1,0,0,0,0,0,0,0,0,0,0,0,0,0,0,1,0,0,3,1,0,2
"CW5  7",9340,9230,7,0,0,0,0,0,0,0,0,3,4,4,55,1,22,12,0,3,1,3,0,1,1,3,5,1,2,0,0,0,0,0,1,1,0,0,0,0,0,0,0,0,0,0,1,0,0,1,0,0,12,4,1,0,0,0,1,0,0,2,2,0,0,2,16,1,3,4,2,0,2,4,0,0,0,0,0,0,0,0,4,0,0,0,0,0,0,0,0,0,0,4,0,0,0,0,2,2,1,1,0,0
"CW5  8",4378,4341,0,0,0,0,0,0,0,0,0,2,0,0,12,0,0,1,5,0,0,0,0,0,0,0,5,0,0,0,0,0,1,0,0,0,0,0,0,0,0,0,0,0,3,2,1,0,1,0,0,0,8,0,0,0,0,0,0,3,0,1,4,0,0,0,7,0,1,0,0,0,1,1,0,4,0,0,0,0,0,0,0,0,0,0,0,0,0,0,0,0,0,0,0,0,0,0,0,0,2,0,0,2
"CW6  0",6837,6786,2,0,0,0,0,0,0,0,0,0,0,3,26,0,0,11,1,3,0,0,0,2,0,4,3,1,0,0,0,0,1,0,0,0,0,0,0,0,0,0,0,3,2,3,0,0,0,0,0,0,8,0,0,0,0,2,0,0,0,0,6,0,0,0,1,0,0,0,0,0,0,1,0,0,0,0,0,0,0,0,1,0,0,0,0,0,0,0,0,0,0,0,0,0,1,0,1,1,1,0,0,1
"CW6  9",5040,5016,4,0,0,0,0,0,0,0,0,3,0,0,12,0,3,2,0,0,1,0,0,0,1,1,1,3,0,0,0,0,0,0,1,0,0,0,0,1,0,0,0,0,0,0,1,0,0,0,1,0,0,0,0,0,0,0,0,0,0,0,0,0,0,0,2,0,0,2,0,0,0,0,0,0,0,0,0,0,0,0,0,0,0,0,0,0,0,0,0,0,0,0,0,0,0,0,0,0,1,1,0,0
"CW7  1",8952,8830,7,0,0,0,0,0,0,0,0,3,0,2,52,0,4,41,2,0,0,0,0,0,0,1,1,1,1,0,0,0,1,0,0,0,0,0,0,0,0,0,0,3,2,2,2,0,1,0,0,1,22,3,0,0,0,12,7,0,0,0,0,0,0,0,21,0,4,13,1,0,0,3,0,0,0,0,0,0,0,0,0,0,0,0,0,0,0,0,0,0,0,0,0,0,0,0,1,1,5,5,0,0
"CW7  2",10399,10274,1,0,0,0,0,0,0,0,0,1,0,3,56,3,3,35,8,0,2,0,0,2,0,1,2,0,0,0,0,0,0,0,0,0,0,0,0,0,0,0,0,1,15,1,4,0,0,0,4,0,6,0,0,0,0,0,0,0,0,3,0,3,0,0,31,0,8,15,0,0,5,2,0,0,1,0,0,0,0,0,3,1,0,0,0,0,0,0,0,0,0,0,2,0,0,0,1,1,2,2,0,0
"CW7  3",9066,8930,3,0,0,0,0,0,0,0,0,0,1,1,79,2,0,64,6,0,0,0,0,0,0,2,4,0,0,0,1,0,0,0,0,0,0,0,0,0,0,0,0,1,4,1,0,0,0,0,0,0,7,0,0,1,0,5,0,0,0,0,1,0,0,0,27,1,8,10,0,0,0,5,0,1,2,0,0,0,0,0,4,0,0,0,0,0,0,0,0,0,0,0,0,0,1,3,1,1,7,6,0,1
"CW7  4",1767,1755,0,0,0,0,0,0,0,0,0,2,0,0,3,1,0,2,0,0,0,0,0,0,0,0,0,0,0,0,0,0,0,0,0,0,0,0,0,0,0,0,0,0,0,0,0,0,0,0,0,0,4,0,0,0,0,0,2,0,0,0,2,0,0,0,2,0,1,1,0,0,0,0,0,0,0,0,0,0,0,0,0,0,0,0,0,0,0,0,0,0,0,0,0,0,0,0,0,0,1,0,0,1
"CW8  1",8389,8194,4,0,0,0,0,0,0,0,0,6,12,8,102,4,4,56,5,1,7,0,0,15,0,0,5,1,0,0,3,0,1,0,0,0,0,0,0,0,0,0,0,2,3,10,1,0,0,1,0,0,17,1,1,0,0,2,0,0,0,11,2,0,0,0,23,2,5,2,0,0,0,1,0,12,1,0,0,0,0,0,2,0,0,0,0,0,1,0,0,0,0,0,0,1,0,0,0,0,5,4,0,1
"CW8  2",8879,8792,7,2,0,0,0,0,0,2,0,4,4,5,35,4,2,18,0,1,1,0,0,1,0,1,1,1,4,1,0,0,0,0,0,0,0,0,0,0,0,0,0,2,0,2,1,0,0,0,0,1,16,0,0,3,0,6,0,0,0,0,6,1,0,0,6,0,1,1,1,0,0,2,1,0,0,0,0,0,0,0,2,0,0,0,0,0,0,0,0,0,0,0,0,0,0,2,1,1,0,0,0,0
"CW8  3",6932,6871,6,0,0,0,0,0,0,0,0,4,2,2,24,3,1,13,1,0,0,0,0,0,0,0,5,1,0,0,0,0,0,0,1,0,0,0,0,1,0,0,0,0,2,4,1,0,0,0,0,1,10,0,0,2,0,2,3,0,0,0,3,0,0,0,4,0,0,3,1,0,0,0,0,0,0,0,0,0,0,0,0,0,0,0,0,0,0,0,0,0,0,0,0,0,0,0,0,0,1,0,1,0
"CW8  4",9979,9861,0,0,0,0,0,0,0,0,0,0,3,3,38,0,4,22,0,1,0,0,3,5,1,0,2,0,0,0,0,0,0,0,2,1,0,0,0,1,0,0,0,0,3,5,0,0,0,0,0,0,34,3,0,7,0,11,1,0,0,4,4,0,4,0,21,1,5,6,0,0,0,4,0,4,1,0,0,0,0,0,0,0,0,0,0,0,0,0,0,0,0,0,0,0,0,0,0,0,9,8,0,1
"CW9  5",3215,3045,0,0,0,0,0,0,0,0,0,0,14,2,111,1,0,83,2,3,4,3,0,14,0,0,0,1,0,0,0,0,0,0,0,0,0,0,0,0,0,0,0,0,4,1,6,0,4,2,0,0,10,1,1,0,0,1,0,0,2,5,0,0,0,0,12,0,5,1,0,0,0,1,0,5,0,0,0,0,0,0,0,0,0,0,0,0,0,0,0,0,0,0,0,0,0,0,0,0,10,10,0,0
"CW9  6",5499,5475,0,0,0,0,0,0,0,0,0,1,1,0,10,1,1,2,2,1,0,1,0,0,0,0,1,1,0,0,0,0,0,0,0,0,0,0,0,0,0,0,0,0,0,0,1,0,1,0,0,0,8,0,0,1,0,5,0,0,0,0,2,0,0,0,3,0,1,0,0,0,0,1,0,0,1,0,0,0,0,0,0,0,0,0,0,0,0,0,0,0,0,0,0,0,0,0,0,0,0,0,0,0
"CW9  7",10331,10016,1,2,2,0,0,0,0,0,0,6,23,2,187,0,1,156,3,2,1,0,0,9,5,4,2,0,3,0,1,0,0,0,1,0,0,0,0,1,0,0,0,1,1,3,3,0,3,0,0,0,34,2,0,0,0,7,2,0,1,1,18,3,0,0,48,4,4,18,0,0,0,1,2,12,7,0,0,0,0,0,1,0,0,0,0,0,0,0,0,0,0,0,1,0,0,0,0,0,2,1,0,1
"CW9  8",12838,12698,4,0,0,0,0,0,0,0,0,6,5,6,67,6,4,39,0,1,0,2,0,4,1,1,6,0,2,1,0,0,0,0,3,0,0,1,0,2,0,0,0,6,0,2,4,0,0,3,0,1,10,2,1,4,0,1,0,0,0,0,0,2,0,0,12,0,2,3,0,0,0,3,0,4,0,0,0,0,0,0,1,0,0,0,0,0,0,0,1,0,0,0,0,0,0,0,0,0,14,14,0,0
"DA1  1",9155,8382,0,0,0,0,0,0,0,0,0,17,7,10,295,23,13,143,16,5,7,23,17,17,15,6,5,2,1,0,0,0,2,0,8,7,0,1,0,0,0,0,0,36,44,11,9,0,5,3,0,1,217,8,2,105,0,20,12,3,0,44,5,11,6,1,76,4,6,8,2,0,1,6,0,44,5,0,0,0,0,0,27,2,0,0,0,4,9,1,1,0,0,3,0,2,1,4,15,15,1,1,0,0
"DA1  2",11265,10191,0,0,0,0,0,0,0,0,0,32,20,12,373,6,12,214,14,4,9,35,7,30,24,3,9,3,1,1,1,0,0,0,11,7,1,0,2,1,0,0,0,32,34,31,33,1,2,22,4,4,352,13,20,78,0,70,16,12,2,96,12,2,27,4,91,8,9,20,1,0,6,2,3,41,1,0,0,0,0,0,40,0,0,0,0,3,19,3,0,0,0,7,0,1,3,4,10,10,3,2,0,1
"DA1  3",11542,11043,0,0,0,0,0,0,0,0,0,18,11,7,143,17,11,64,3,4,1,9,3,13,8,4,2,0,3,0,0,0,1,0,7,6,0,1,0,0,0,0,0,7,17,8,3,0,0,2,1,0,179,11,4,41,0,29,11,4,2,56,6,11,4,0,53,6,9,20,2,0,0,7,0,9,0,0,0,0,0,0,34,0,0,0,0,1,15,2,2,0,0,2,2,2,0,8,7,7,5,5,0,0
"DA1  4",8042,7705,0,0,0,0,0,0,0,0,0,6,12,4,76,6,9,22,1,1,8,11,5,6,0,6,1,0,0,0,0,0,0,0,8,8,0,0,0,0,0,0,0,16,22,5,11,0,0,8,3,0,96,5,3,7,0,26,10,0,0,40,0,5,0,0,45,1,5,26,0,1,6,5,0,0,1,0,0,0,0,0,34,1,0,1,8,2,12,1,0,4,1,2,0,0,0,2,2,2,0,0,0,0
"DA1  5",10337,9556,0,0,0,0,0,0,0,0,0,22,5,13,340,6,10,202,5,9,24,46,9,14,10,2,0,0,0,1,1,0,0,1,18,12,4,0,0,2,0,0,0,26,6,9,6,0,0,4,2,0,164,6,6,36,0,19,5,0,0,49,5,5,32,1,79,1,10,11,0,0,4,3,0,49,1,0,0,0,0,0,79,0,7,0,4,6,22,6,1,0,0,27,0,0,4,2,11,11,3,3,0,0
"DA10 0",6383,6104,0,0,0,0,0,0,0,0,0,6,17,7,135,2,3,80,3,1,6,22,0,6,6,2,3,0,1,0,0,0,0,0,3,0,1,1,1,0,0,0,0,6,5,9,8,2,0,6,0,0,37,2,4,6,0,12,2,1,0,8,0,2,0,0,23,2,4,4,0,0,1,6,0,6,0,0,0,0,0,0,21,0,0,0,0,0,4,1,4,0,0,3,0,0,2,7,0,0,2,1,0,1
"DA11 0",8540,6634,1,3,1,0,2,0,0,0,0,19,25,12,745,5,5,232,285,30,17,121,10,28,7,0,3,0,0,0,2,0,0,0,14,9,1,3,0,1,2,2,0,74,29,6,35,0,6,20,7,2,860,36,15,742,0,27,15,0,6,12,5,1,0,1,45,3,6,20,1,1,2,4,0,4,4,1,0,0,0,0,27,2,0,0,2,2,1,0,3,0,0,2,6,1,0,8,1,1,7,6,1,0
"DA11 7",8686,8109,0,1,0,0,0,0,0,0,1,4,6,8,153,3,5,51,32,5,2,35,3,11,0,1,3,1,1,0,0,0,0,0,5,4,0,0,0,1,0,0,0,30,17,6,10,0,10,0,0,0,309,7,2,254,0,35,3,0,2,5,1,0,0,0,13,0,5,2,1,0,0,4,1,0,0,0,0,0,0,0,11,1,0,0,0,0,5,0,1,0,0,4,0,0,0,0,2,2,2,2,0,0
"DA11 8",10570,9877,0,2,1,0,0,0,0,1,0,25,6,9,166,4,1,66,24,2,5,43,7,5,1,2,1,0,0,2,3,0,0,0,1,1,0,0,0,0,0,0,0,17,8,6,7,0,1,6,0,0,401,10,5,326,0,19,8,2,0,25,1,0,3,2,23,2,2,2,0,1,0,4,0,8,4,0,0,0,0,0,14,0,0,0,0,2,2,1,0,0,0,5,0,0,0,4,3,3,5,4,1,0
"DA11 9",8572,7125,2,2,0,0,0,0,0,2,0,33,12,4,520,2,2,232,112,17,6,87,26,21,5,1,6,1,0,0,1,1,0,0,22,15,2,1,0,4,0,0,0,56,33,8,49,0,18,22,8,1,596,26,8,488,0,21,10,1,11,12,7,0,11,1,39,2,6,6,3,0,4,7,0,6,5,0,0,0,0,0,63,0,0,0,2,3,18,1,6,0,0,19,0,6,2,6,5,5,3,2,1,0
"DA12 1",6447,5237,2,1,0,0,0,1,0,0,0,26,13,8,509,8,6,152,181,19,4,67,16,46,1,3,1,3,0,0,0,0,1,1,11,8,0,1,1,1,0,0,0,45,19,4,23,0,5,10,8,0,501,11,22,419,0,37,0,0,0,9,1,0,0,2,19,3,3,4,0,0,0,5,1,1,2,0,0,0,0,0,24,2,0,0,0,0,1,5,2,0,4,3,2,0,1,4,3,3,2,2,0,0
"DA12 2",8421,6777,1,1,1,0,0,0,0,0,0,27,28,6,756,12,15,293,194,15,30,132,21,28,6,3,0,1,0,2,3,1,0,0,13,12,1,0,0,0,0,0,0,46,12,5,65,0,20,34,11,0,561,25,15,437,0,37,7,2,0,24,4,5,2,3,51,7,10,18,2,0,0,8,0,2,4,1,0,0,0,0,58,0,0,0,0,8,20,2,1,3,0,19,1,0,1,3,10,10,3,2,1,0
"DA12 3",2304,2203,0,0,0,0,0,0,0,0,0,5,0,4,24,2,10,1,1,0,2,0,3,2,1,0,0,0,0,0,1,0,1,0,2,1,0,0,0,1,0,0,0,4,0,2,2,1,0,0,0,1,18,0,1,10,0,1,3,0,0,0,2,1,0,0,28,0,3,17,0,3,3,2,0,0,0,0,0,0,0,0,12,0,0,0,0,0,0,0,0,0,0,2,8,1,1,0,0,0,0,0,0,0
"DA12 4",13915,13403,0,0,0,0,0,0,0,0,0,11,14,3,166,6,3,58,29,0,9,20,18,10,10,0,1,0,0,0,0,0,2,0,4,4,0,0,0,0,0,0,0,5,17,5,19,0,5,10,1,3,193,4,2,135,0,9,4,0,7,27,2,3,0,0,34,2,11,10,0,0,0,4,1,3,3,0,0,0,0,0,35,0,0,1,0,2,17,0,0,0,0,8,4,1,1,1,3,3,3,3,0,0
"DA12 5",14365,13643,0,1,0,0,0,1,0,0,0,12,11,8,283,29,18,116,18,1,13,63,10,4,6,2,3,0,0,0,0,0,0,0,4,3,0,1,0,0,0,0,0,22,26,1,21,1,14,2,2,2,260,6,7,177,0,34,3,0,0,29,0,1,1,2,29,0,9,11,0,1,0,3,1,3,1,0,0,0,0,0,36,0,0,0,0,2,15,0,1,0,0,8,4,3,0,3,5,5,3,2,1,0
"DA13 0",8771,8603,2,0,0,0,0,0,0,0,0,8,1,2,62,5,4,9,23,1,1,4,0,1,3,5,2,1,3,0,0,0,0,0,3,0,2,0,0,1,0,0,0,6,5,2,14,0,13,0,1,0,47,3,2,29,0,8,1,0,0,0,0,3,0,1,12,1,3,2,1,0,2,1,1,1,0,1,0,0,0,0,2,0,0,0,0,0,0,0,0,0,0,2,0,0,0,0,1,1,0,0,0,0
"DA13 9",5322,5246,0,0,0,0,0,0,0,0,0,2,0,3,31,2,2,12,0,0,3,8,0,0,1,0,1,1,1,0,0,0,0,0,0,0,0,0,0,0,0,0,0,5,3,0,0,0,0,0,0,0,26,0,0,22,0,1,2,0,0,1,0,0,0,0,3,0,1,0,0,0,0,0,0,2,0,0,0,0,0,0,1,0,0,0,0,0,0,0,0,0,0,0,0,0,0,1,2,2,0,0,0,0
"DA14 4",9469,9074,1,1,0,0,0,1,0,0,0,16,4,18,96,10,7,34,4,0,2,6,0,3,10,5,6,3,3,3,0,0,0,0,29,3,3,1,0,22,0,0,0,6,25,9,13,1,0,3,5,4,84,24,4,5,1,21,18,2,2,5,0,2,0,0,72,6,7,35,1,0,2,12,0,8,1,0,0,0,0,0,7,0,0,0,0,1,0,0,2,0,0,1,2,0,0,1,1,1,13,11,1,1
"DA14 5",4003,3819,0,0,0,0,0,0,0,0,0,3,2,4,48,6,0,13,0,0,7,10,0,4,3,0,1,0,0,0,4,0,0,0,15,11,2,2,0,0,0,0,0,5,11,7,4,0,0,2,2,0,43,5,2,4,0,11,5,2,0,12,0,0,2,0,24,1,7,9,1,0,2,0,0,3,1,0,1,0,0,0,13,0,0,0,0,2,3,0,0,0,0,2,2,0,1,3,0,0,4,4,0,0
"DA14 6",6968,6606,1,0,0,0,0,0,0,0,0,9,10,15,87,8,7,24,7,2,4,9,4,2,5,2,1,3,2,3,0,0,0,4,19,7,2,2,0,8,0,0,0,12,17,12,13,2,2,7,0,2,67,6,1,2,0,10,5,2,5,3,16,9,4,4,65,0,10,22,1,0,10,11,0,11,0,0,0,0,0,0,23,0,0,0,0,10,2,0,5,0,0,2,0,1,0,3,4,4,8,8,0,0
"DA15 7",5247,5069,1,0,0,0,0,0,0,0,0,5,3,15,45,5,2,23,2,0,0,1,0,0,1,6,0,0,1,1,0,0,3,0,3,2,0,0,0,1,0,0,0,4,5,2,5,0,0,3,0,2,42,1,1,7,0,15,10,0,0,5,0,0,2,1,36,0,6,15,3,1,0,0,2,7,2,0,0,0,0,0,11,0,0,0,0,0,2,1,0,0,0,3,3,2,0,0,0,0,1,1,0,0
"DA15 8",14388,13902,1,2,2,0,0,0,0,0,0,23,18,12,86,13,7,21,4,0,13,6,2,1,5,4,7,1,1,0,0,0,1,0,12,2,4,1,0,5,0,0,0,12,51,10,23,0,8,12,1,2,145,4,8,26,0,22,23,2,0,48,2,6,2,2,68,3,20,13,11,0,3,11,0,7,0,0,0,0,0,0,11,0,0,0,0,1,7,0,0,0,0,0,2,0,0,1,7,7,5,4,0,1
"DA15 9",8842,8512,0,0,0,0,0,0,0,0,0,7,1,14,77,9,7,19,1,1,0,16,1,1,12,2,3,1,2,2,0,0,0,0,20,12,0,0,0,8,0,0,0,2,37,7,16,0,5,10,0,1,85,6,4,19,0,13,14,0,0,23,1,5,0,0,42,0,10,21,2,1,2,5,0,1,0,1,0,0,0,0,18,0,0,0,3,0,3,6,0,3,0,0,2,1,0,0,0,0,3,3,0,0
"DA16 1",12083,11310,1,0,0,0,0,0,0,0,0,18,7,19,136,5,4,52,9,1,13,25,0,4,10,4,1,3,1,4,0,0,0,0,21,12,5,3,0,1,0,0,0,12,46,14,17,0,4,13,0,0,386,18,4,128,0,29,76,0,0,61,2,18,45,5,49,1,11,10,0,1,5,7,1,11,2,0,0,0,0,0,36,1,0,2,2,2,17,5,0,0,0,0,3,0,0,4,6,6,5,4,0,1
"DA16 2",13848,13005,0,0,0,0,0,0,0,0,0,26,14,12,156,14,1,59,3,1,21,21,6,0,11,11,6,0,0,0,0,0,1,1,14,12,0,2,0,0,0,0,0,11,62,9,16,0,9,6,0,1,332,19,13,104,0,42,52,1,0,66,3,16,9,7,133,10,34,48,2,0,11,4,0,17,7,0,0,0,0,0,50,1,0,0,1,3,21,2,6,0,0,5,3,5,1,2,2,2,6,5,0,1
"DA16 3",8725,8052,0,0,0,0,0,0,0,0,0,17,14,10,124,1,6,50,4,1,13,26,1,2,11,2,3,1,2,0,0,0,0,1,11,8,0,3,0,0,0,0,0,19,30,22,18,0,3,10,0,5,271,8,3,54,0,18,63,0,2,47,0,5,67,4,95,17,16,36,5,0,8,7,0,5,1,0,1,0,0,0,33,0,0,2,1,3,10,4,0,0,1,1,5,1,1,4,5,5,3,3,0,0
"DA17 5",9973,8868,1,1,0,0,0,1,0,0,0,48,20,21,290,9,6,106,10,4,25,70,6,4,32,1,4,3,2,4,1,0,3,0,25,24,0,1,0,0,1,1,0,14,39,11,13,0,8,5,0,0,393,12,27,198,0,13,53,0,2,47,4,17,18,2,94,3,15,39,2,0,14,16,0,3,2,0,0,0,0,0,117,0,0,2,0,8,38,5,0,2,0,29,3,6,8,16,8,8,9,7,2,0
"DA17 6",6334,5699,0,0,0,0,0,0,0,0,0,19,13,8,139,8,4,46,6,3,4,41,6,0,18,1,1,0,0,0,0,0,1,0,12,6,3,2,0,1,0,0,0,4,26,8,14,1,6,5,0,2,284,0,4,239,0,6,11,1,0,10,0,5,4,4,32,2,9,10,1,0,3,2,1,3,1,0,0,0,0,0,70,0,0,10,2,3,9,10,3,3,0,17,2,5,2,4,3,3,3,2,1,0
"DA18 4",4707,4104,0,0,0,0,0,0,0,0,0,27,17,8,138,6,8,39,11,5,5,42,3,1,6,7,2,0,2,0,1,0,0,0,13,11,2,0,0,0,0,0,0,14,10,8,19,0,8,7,2,2,82,11,2,30,0,7,4,0,0,24,0,0,1,3,131,2,41,25,0,0,51,1,0,10,1,0,0,0,0,0,131,0,3,11,1,16,55,12,4,2,2,4,2,8,6,5,1,1,4,3,0,1
"DA2  6",9258,8588,0,0,0,0,0,0,0,0,0,19,2,13,244,17,8,107,18,5,40,13,1,12,3,4,13,2,0,1,0,0,0,0,5,2,1,0,0,2,0,0,0,39,6,4,6,0,2,3,1,0,181,20,7,69,0,13,5,8,0,41,12,4,0,2,95,2,5,25,0,0,3,4,0,55,1,0,0,2,0,2,43,2,0,0,2,1,12,2,2,0,0,10,3,3,4,2,5,5,6,5,0,1
"DA2  7",11319,11064,0,2,0,0,0,0,0,2,0,8,3,5,66,3,5,10,7,5,4,1,2,17,6,4,1,1,0,0,0,0,0,0,4,1,1,0,1,1,0,0,0,7,10,5,14,0,1,5,2,6,85,6,5,30,0,15,9,0,0,4,15,1,0,0,27,0,8,2,2,0,2,5,1,7,0,0,0,0,0,0,14,0,0,0,0,1,1,6,0,1,0,2,2,0,0,1,2,2,3,3,0,0
"DA2  8",1593,1541,0,0,0,0,0,0,0,0,0,3,2,0,19,0,0,11,3,0,0,3,1,0,0,1,0,0,0,0,0,0,0,0,0,0,0,0,0,0,0,0,0,0,3,1,0,0,0,0,0,0,17,4,0,0,0,1,2,0,0,2,0,0,5,3,3,0,0,0,0,0,0,3,0,0,0,0,0,0,0,0,3,0,0,0,0,3,0,0,0,0,0,0,0,0,0,0,1,1,0,0,0,0
"DA3  7",7679,7525,2,1,1,0,0,0,0,0,0,5,5,2,35,4,6,16,2,2,0,0,0,0,2,0,2,1,0,0,0,0,0,0,2,0,0,2,0,0,0,0,0,4,2,1,0,0,0,0,0,0,62,0,2,28,0,0,9,0,0,5,18,0,0,0,30,0,7,11,1,1,0,5,0,4,1,0,0,0,0,0,3,0,0,0,0,0,0,0,0,0,0,1,2,0,0,0,0,0,0,0,0,0
"DA3  8",8641,8514,0,2,1,0,0,1,0,0,0,14,6,4,35,1,6,7,3,1,0,2,0,5,0,0,3,1,3,2,1,0,0,0,4,0,2,1,0,1,0,0,0,1,3,4,1,0,0,1,0,0,29,6,1,6,0,0,0,0,0,1,7,0,8,0,12,0,6,0,1,0,0,1,0,4,0,0,0,0,0,0,7,0,0,0,0,0,0,0,0,0,0,0,7,0,0,0,1,1,4,1,1,2
"DA4  0",3043,3003,0,0,0,0,0,0,0,0,0,3,4,0,16,4,3,0,1,0,0,0,5,0,1,0,2,0,0,0,0,0,0,0,1,0,0,1,0,0,0,0,0,0,3,0,0,0,0,0,0,0,1,0,0,1,0,0,0,0,0,0,0,0,0,0,3,0,3,0,0,0,0,0,0,0,0,0,0,0,0,0,5,0,0,0,0,0,0,0,0,0,0,0,5,0,0,0,2,2,2,2,0,0
"DA4  9",5737,5668,0,1,0,0,0,0,0,0,1,6,3,1,29,6,1,13,0,0,5,0,0,0,0,0,1,1,2,0,0,0,0,0,0,0,0,0,0,0,0,0,0,5,4,1,0,0,0,0,0,0,12,2,1,3,0,2,0,0,0,2,2,0,0,0,4,1,0,0,2,0,0,1,0,0,0,0,0,0,0,0,3,0,0,0,0,0,0,0,0,0,0,0,3,0,0,0,0,0,0,0,0,0
"DA5  1",6779,6551,2,0,0,0,0,0,0,0,0,9,3,9,35,2,3,4,4,0,4,0,1,5,4,3,0,3,1,1,0,0,0,0,3,3,0,0,0,0,0,0,0,0,14,3,5,0,2,3,0,0,79,4,1,35,0,6,18,0,0,13,1,0,0,1,48,3,13,16,2,1,1,2,0,10,0,0,0,0,0,0,8,0,0,0,0,0,0,1,1,0,0,0,5,1,0,0,3,3,7,7,0,0
"DA5  2",5119,4984,2,0,0,0,0,0,0,0,0,5,1,1,27,5,5,3,0,0,3,0,1,3,0,3,2,0,0,2,0,0,0,0,2,1,0,0,0,1,0,0,0,1,1,0,6,0,0,5,0,1,60,1,8,10,0,1,21,0,0,10,0,3,0,6,23,0,8,4,2,0,1,2,0,5,1,0,0,0,0,0,4,0,0,0,0,1,3,0,0,0,0,0,0,0,0,0,1,1,1,0,1,0
"DA5  3",8315,8111,0,0,0,0,0,0,0,0,0,11,2,10,30,4,1,9,2,0,0,8,1,2,0,0,1,0,1,0,1,0,0,0,1,1,0,0,0,0,0,0,0,7,18,2,0,0,0,0,0,0,81,9,7,18,0,11,22,0,0,4,0,4,6,0,30,3,16,5,0,0,0,6,0,0,0,0,1,0,0,0,6,0,0,0,0,0,1,0,0,0,0,0,2,2,0,1,0,0,5,3,2,0
"DA6  7",4118,3929,1,0,0,0,0,0,0,0,0,1,0,2,42,1,3,6,1,2,4,2,0,4,9,8,1,0,1,0,0,0,0,0,4,4,0,0,0,0,0,0,0,0,10,2,10,0,2,7,0,1,94,6,11,31,0,18,6,0,0,16,1,5,0,0,15,0,5,3,1,0,1,0,0,5,0,0,0,0,0,0,7,0,0,0,1,0,2,0,0,0,0,0,2,0,2,0,0,0,1,1,0,0
"DA6  8",5400,5112,0,0,0,0,0,0,0,0,0,14,2,7,53,5,1,12,1,1,3,10,0,6,3,8,0,1,1,0,0,1,0,0,1,1,0,0,0,0,0,0,0,13,10,3,6,1,2,3,0,0,115,3,7,33,0,16,15,0,6,23,0,4,4,4,53,2,11,19,0,0,2,17,1,1,0,0,0,0,0,0,7,0,0,1,0,0,4,0,0,0,0,0,2,0,0,0,0,0,4,4,0,0
"DA7  4",11847,11260,0,0,0,0,0,0,0,0,0,14,7,9,137,12,13,29,3,2,4,30,0,6,25,7,1,2,2,0,1,0,0,0,11,8,0,3,0,0,0,0,0,10,28,6,5,0,0,4,0,1,207,9,18,66,0,13,22,1,3,44,5,16,6,4,96,9,26,35,1,1,2,11,4,7,0,0,0,0,0,0,49,0,0,3,0,11,7,11,0,0,0,1,8,4,3,1,5,5,3,2,1,0
"DA7  5",11907,11414,0,0,0,0,0,0,0,0,0,11,1,6,68,13,4,16,2,2,4,12,0,0,0,7,3,1,1,0,0,0,1,2,4,0,2,1,0,1,0,0,0,6,22,3,3,0,2,1,0,0,292,11,14,166,0,11,15,0,4,65,0,2,0,4,34,0,5,19,1,0,2,0,0,7,0,0,0,1,0,1,39,0,0,0,0,8,9,9,4,0,0,2,1,0,1,5,1,1,2,1,0,1
"DA7  6",10643,10324,1,0,0,0,0,0,0,0,0,12,4,11,51,3,0,15,3,2,0,16,0,1,2,2,2,2,1,1,0,0,1,0,6,6,0,0,0,0,0,0,0,10,34,1,8,0,2,3,2,1,94,3,2,33,0,7,15,0,0,24,3,0,0,7,42,0,2,21,4,1,0,5,0,7,2,0,0,0,0,0,33,0,0,0,0,0,19,4,1,1,0,2,0,0,3,3,6,6,6,4,1,1
"DA8  1",12628,11573,2,1,1,0,0,0,0,0,0,34,49,13,253,11,21,110,7,11,9,38,2,5,27,2,7,0,1,0,0,0,2,0,30,28,0,0,1,1,0,0,0,34,34,12,39,0,7,11,17,4,310,5,4,230,0,11,12,0,0,38,3,0,5,2,65,0,17,26,2,1,0,8,2,9,0,0,0,0,0,0,160,1,0,9,1,6,65,17,1,3,1,26,3,7,11,9,11,11,8,4,4,0
"DA8  2",10279,9583,0,0,0,0,0,0,0,0,0,49,32,19,164,14,10,57,12,8,11,18,9,2,4,3,8,2,1,2,2,0,1,0,27,24,3,0,0,0,2,2,0,17,34,13,24,0,2,9,0,13,94,7,2,30,0,7,6,0,1,32,1,3,4,1,45,5,15,5,1,0,1,3,0,14,1,0,0,0,0,0,174,1,0,0,4,19,77,16,4,5,0,21,2,9,1,15,1,1,1,0,1,0
"DA8  3",9847,9305,0,0,0,0,0,0,0,0,0,17,16,18,81,7,2,24,4,4,2,22,2,4,1,3,2,1,0,0,0,0,3,0,27,23,0,2,2,0,0,0,0,12,36,8,15,0,4,9,0,2,185,10,5,121,0,16,7,0,0,17,0,6,2,1,46,4,22,8,0,0,3,8,0,1,0,0,0,0,0,0,73,0,0,1,0,7,20,12,1,4,0,13,0,8,1,6,4,4,4,2,0,2
"DA9  9",12356,11639,1,2,2,0,0,0,0,0,0,32,24,21,339,13,31,149,16,2,8,39,10,21,18,12,4,6,3,5,2,0,0,0,9,7,1,1,0,0,0,0,0,21,18,8,15,2,2,11,0,0,107,2,7,22,0,12,17,1,5,24,8,3,1,5,47,2,12,8,2,1,0,2,1,18,1,0,0,0,0,0,49,1,0,0,0,1,6,2,0,0,0,17,14,0,2,6,15,15,9,7,1,1
"DE1  1",4878,4296,1,1,0,0,0,0,1,0,0,17,8,21,227,11,10,135,5,13,3,14,18,3,0,9,3,1,1,1,0,0,0,0,13,7,5,0,1,0,0,0,0,10,5,43,56,0,48,7,1,0,62,8,11,8,2,5,6,1,1,9,8,0,2,1,83,3,7,48,11,2,0,5,2,4,1,0,0,0,0,0,27,1,0,6,0,0,0,3,0,1,0,7,0,0,1,8,1,1,7,6,1,0
"DE1  2",2344,1901,0,1,1,0,0,0,0,0,0,17,5,2,179,11,6,102,5,4,0,5,32,4,0,6,2,0,1,0,1,0,0,0,8,4,3,0,0,1,0,0,0,13,5,34,64,0,53,6,4,1,64,27,2,9,8,3,3,1,3,8,0,0,0,0,32,0,0,10,2,1,6,2,0,11,0,0,0,0,0,0,14,0,3,0,0,0,3,0,2,0,0,3,0,0,0,3,0,0,5,5,0,0
"DE1  3",6149,5655,0,0,0,0,0,0,0,0,0,18,9,11,218,12,12,109,4,3,2,18,12,7,7,19,3,4,2,4,0,0,0,0,36,16,18,2,0,0,0,0,0,15,4,45,30,0,14,16,0,0,27,8,3,6,0,0,4,0,0,1,4,0,0,1,58,5,8,25,6,5,0,6,1,2,0,0,0,0,0,0,15,0,0,2,0,0,0,1,0,0,0,7,1,0,0,4,0,0,8,6,2,0
"DE11 0",14716,14592,0,1,0,0,0,0,0,1,0,5,4,0,62,3,3,42,1,3,2,0,3,0,1,1,3,0,0,0,0,0,0,0,1,1,0,0,0,0,0,0,0,2,5,2,0,0,0,0,0,0,14,0,0,12,0,0,2,0,0,0,0,0,0,0,21,6,0,2,0,0,0,2,0,10,1,0,0,0,0,0,5,0,0,0,0,0,0,0,0,0,0,5,0,0,0,0,0,0,2,1,0,1
"DE11 7",9365,9234,3,0,0,0,0,0,0,0,0,6,1,1,65,2,3,50,3,0,0,0,3,0,0,1,1,0,2,0,0,0,0,0,7,5,0,1,0,1,0,0,0,2,3,2,1,0,0,0,0,1,21,8,0,9,0,0,0,0,0,0,2,0,0,2,15,2,1,7,0,0,0,2,1,2,0,0,0,0,0,0,0,0,0,0,0,0,0,0,0,0,0,0,0,0,0,0,1,1,3,2,1,0
"DE11 8",5760,5696,0,1,1,0,0,0,0,0,0,1,2,3,35,2,4,14,1,1,0,0,5,2,2,2,1,0,0,1,0,0,0,0,3,1,1,0,1,0,0,0,0,0,3,0,1,0,1,0,0,0,5,0,1,1,0,0,1,0,0,0,2,0,0,0,9,1,1,6,0,0,0,0,0,1,0,0,0,0,0,0,0,0,0,0,0,0,0,0,0,0,0,0,0,0,0,0,1,1,0,0,0,0
"DE11 9",12216,12046,5,2,0,0,0,2,0,0,0,2,0,6,77,1,6,37,0,0,5,0,0,25,1,1,1,0,0,0,0,0,0,0,1,1,0,0,0,0,0,0,0,6,3,2,1,0,1,0,0,0,25,2,3,16,0,0,0,0,0,1,2,0,1,0,34,7,0,18,1,0,4,1,0,2,1,0,0,0,0,0,1,0,0,0,0,0,0,0,0,0,0,0,0,0,0,1,1,1,4,4,0,0
"DE12 6",7326,7268,10,0,0,0,0,0,0,0,0,4,1,0,18,1,3,9,2,0,0,1,0,0,0,1,1,0,0,0,0,0,0,0,3,2,0,1,0,0,0,0,0,3,2,0,2,0,1,0,0,1,11,4,0,7,0,0,0,0,0,0,0,0,0,0,1,0,0,0,0,0,0,0,0,1,0,0,0,0,0,0,1,0,0,0,0,0,0,0,0,0,0,0,1,0,0,0,0,0,2,1,1,0
"DE12 7",8741,8485,4,0,0,0,0,0,0,0,0,3,1,1,211,1,0,188,3,3,0,0,2,8,0,1,2,2,1,0,0,0,0,0,0,0,0,0,0,0,0,0,0,6,0,0,1,0,1,0,0,0,4,0,0,4,0,0,0,0,0,0,0,0,0,0,22,2,2,1,1,0,0,3,2,10,1,0,0,0,0,0,1,0,0,0,0,0,0,0,0,0,0,0,0,0,1,0,1,1,1,0,0,1
"DE12 8",3700,3631,0,0,0,0,0,0,0,0,0,6,0,1,44,0,2,17,0,0,16,0,0,0,9,0,0,0,0,0,0,0,0,0,1,1,0,0,0,0,0,0,0,0,0,2,1,0,1,0,0,0,5,0,0,0,0,0,0,0,2,3,0,0,0,0,8,0,2,3,0,0,0,0,1,2,0,0,0,0,0,0,0,0,0,0,0,0,0,0,0,0,0,0,0,0,0,0,0,0,1,0,1,0
"DE13 0",18231,17504,0,2,0,0,0,2,0,0,0,11,5,2,288,8,10,215,13,11,3,2,7,3,5,6,2,2,1,0,0,0,0,0,4,1,1,2,0,0,0,0,0,21,5,14,50,0,34,14,2,0,245,89,18,70,0,1,5,0,2,12,47,0,1,0,66,2,16,12,7,0,3,9,0,16,1,0,0,0,0,0,8,0,0,0,0,0,0,0,0,0,0,2,2,0,1,3,2,2,4,4,0,0
"DE13 7",4040,4020,1,0,0,0,0,0,0,0,0,1,1,0,6,0,2,1,1,0,0,0,0,2,0,0,0,0,0,0,0,0,0,0,3,0,1,0,0,2,0,0,0,0,0,0,0,0,0,0,0,0,5,0,0,3,0,2,0,0,0,0,0,0,0,0,1,0,0,0,0,0,0,1,0,0,0,0,0,0,0,0,2,0,0,0,0,0,0,0,0,0,0,0,1,0,1,0,0,0,0,0,0,0
"DE13 8",7776,7701,0,0,0,0,0,0,0,0,0,3,0,4,29,0,3,12,4,0,3,0,0,0,0,2,1,1,1,2,0,0,0,0,0,0,0,0,0,0,0,0,0,0,0,1,5,0,2,3,0,0,21,5,0,8,0,0,5,0,0,0,2,0,0,1,10,0,5,5,0,0,0,0,0,0,0,0,0,0,0,0,0,0,0,0,0,0,0,0,0,0,0,0,0,0,0,0,0,0,2,2,0,0
"DE13 9",9323,9221,4,0,0,0,0,0,0,0,0,1,0,3,47,0,4,26,3,0,1,1,3,3,3,0,3,0,0,0,0,0,0,0,1,0,0,0,0,1,0,0,0,5,2,5,4,0,3,1,0,0,18,4,2,1,0,0,0,0,0,5,2,0,0,4,8,0,4,2,0,0,0,1,0,1,0,0,0,0,0,0,0,0,0,0,0,0,0,0,0,0,0,0,0,0,0,0,2,2,2,2,0,0
"DE14 1",2367,2061,0,1,0,0,0,0,0,1,0,2,1,3,213,2,1,143,11,6,0,15,18,11,0,1,4,0,0,0,1,0,0,0,0,0,0,0,0,0,0,0,0,14,2,0,14,0,12,2,0,0,37,6,5,7,0,8,0,0,0,4,3,0,0,4,13,0,1,8,0,0,0,2,0,2,0,0,0,0,0,0,4,0,1,0,0,0,3,0,0,0,0,0,0,0,0,0,1,1,1,1,0,0
"DE14 2",11749,9687,0,0,0,0,0,0,0,0,0,9,10,5,636,3,15,423,49,8,2,28,42,57,4,0,4,0,0,0,1,0,0,0,5,4,0,1,0,0,0,0,0,51,4,23,142,0,87,52,3,0,1101,543,15,462,29,3,11,0,4,5,23,0,2,4,50,0,2,15,6,0,2,1,1,22,1,1,0,0,0,0,12,0,1,1,0,0,0,1,0,0,0,0,0,1,2,6,4,4,9,6,2,1
"DE14 3",13160,10959,0,0,0,0,0,0,0,0,0,4,9,10,1023,5,5,582,60,13,0,47,227,67,2,0,5,2,1,2,0,0,4,1,5,4,0,0,1,0,0,0,0,134,7,37,136,1,62,66,5,2,734,359,0,301,12,38,1,6,0,4,8,0,2,3,66,1,14,34,3,0,0,7,0,6,1,0,0,2,2,0,19,0,2,0,0,0,1,1,0,0,0,10,2,0,1,2,4,4,11,8,0,3
"DE15 0",9319,8924,1,2,0,0,0,0,0,2,0,6,0,4,257,2,6,216,6,1,1,5,8,6,1,0,1,0,4,0,0,0,0,0,4,3,0,1,0,0,0,0,0,16,4,5,20,0,19,1,0,0,35,6,0,17,0,2,2,0,0,0,2,0,6,0,31,0,0,1,3,0,3,6,1,17,0,0,0,0,0,0,2,0,0,0,0,0,0,0,0,0,1,0,0,0,0,1,3,3,5,3,1,1
"DE15 9",14011,13552,2,0,0,0,0,0,0,0,0,10,0,3,289,1,3,228,10,2,4,21,4,6,5,4,0,1,0,0,0,0,0,0,2,1,0,0,1,0,0,0,0,35,3,9,32,0,28,4,0,0,30,6,0,18,0,0,1,0,0,1,3,0,1,0,36,2,10,11,0,0,1,3,0,9,0,0,0,0,0,0,6,1,0,0,0,0,0,0,0,0,0,0,2,0,1,2,0,0,2,0,0,2
"DE21 2",10004,9757,0,0,0,0,0,0,0,0,0,8,1,5,81,2,6,42,0,4,0,1,1,9,8,4,4,0,0,0,0,0,0,0,16,2,14,0,0,0,0,0,0,4,4,2,6,0,6,0,0,0,28,6,0,18,0,2,0,0,2,0,0,0,0,0,72,2,25,34,5,1,1,1,0,1,2,0,0,0,0,0,6,0,0,0,0,0,1,0,0,0,0,1,3,1,0,0,3,3,11,10,0,1
"DE21 4",12644,12238,1,1,0,0,0,0,1,0,0,14,3,9,186,5,3,131,1,7,0,13,15,0,3,5,0,1,0,1,0,0,1,0,19,7,10,1,0,1,0,0,0,7,4,13,31,0,21,9,0,1,43,6,0,3,0,0,0,0,0,3,1,2,26,2,28,3,9,4,6,2,0,1,0,3,0,0,0,0,0,0,19,0,0,0,0,0,7,0,4,0,0,6,1,0,0,1,1,1,27,23,3,1
"DE21 5",3537,3515,0,0,0,0,0,0,0,0,0,2,0,1,10,1,0,3,0,0,0,0,0,1,0,0,0,3,0,0,0,0,2,0,1,0,0,1,0,0,0,0,0,1,0,0,1,0,0,0,0,1,2,0,1,0,0,0,1,0,0,0,0,0,0,0,3,0,1,1,0,0,0,0,1,0,0,0,0,0,0,0,0,0,0,0,0,0,0,0,0,0,0,0,0,0,0,0,0,0,1,1,0,0
"DE21 6",16511,15885,0,2,0,0,0,0,0,2,0,13,6,10,344,17,10,242,19,4,2,14,28,1,2,1,1,0,1,2,0,0,0,0,24,10,10,3,0,1,0,0,0,21,4,17,20,0,6,13,1,0,57,17,2,25,1,3,0,0,0,3,3,3,0,0,51,2,6,15,1,0,4,4,1,17,1,0,0,0,0,0,25,0,0,1,0,0,0,0,1,0,0,16,2,0,1,4,4,4,28,27,1,0
"DE21 7",11971,11803,1,0,0,0,0,0,0,0,0,8,2,2,65,5,0,40,4,0,0,1,3,2,0,4,1,1,1,0,0,0,3,0,1,1,0,0,0,0,0,0,0,1,0,2,12,0,10,2,0,0,22,1,5,10,0,4,2,0,0,0,0,0,0,0,20,3,1,0,4,0,2,3,0,7,0,0,0,0,0,0,17,4,0,0,0,0,0,0,0,0,0,12,1,0,0,0,2,2,13,13,0,0
"DE22 1",6239,6032,1,0,0,0,0,0,0,0,0,15,1,8,115,7,8,57,7,3,0,1,2,0,2,18,1,5,3,1,0,0,0,0,10,0,9,0,0,1,0,0,0,10,2,3,6,0,3,1,0,2,14,1,3,4,0,1,0,0,3,0,2,0,0,0,13,0,0,8,0,1,0,2,1,1,0,0,0,0,0,0,3,0,0,0,0,0,1,0,0,0,0,0,0,0,0,2,0,0,6,5,0,1
"DE22 2",13275,13002,1,1,0,0,0,0,0,1,0,9,3,6,102,19,14,42,4,1,0,0,8,1,3,5,2,2,1,0,0,0,0,0,10,1,5,1,0,3,0,0,0,3,0,35,11,0,4,4,1,2,25,6,1,11,0,0,1,1,3,0,0,0,0,2,49,2,11,23,6,0,0,3,0,1,3,0,0,0,0,0,6,1,0,0,0,0,0,0,0,0,0,4,1,0,0,0,2,2,10,9,0,1
"DE22 3",16898,14962,0,2,2,0,0,0,0,0,0,34,13,21,995,28,19,581,60,19,11,52,145,29,4,29,4,6,2,1,1,1,0,3,42,16,23,1,1,1,0,0,0,71,8,101,118,0,82,24,11,1,234,42,23,42,0,10,6,6,10,15,56,1,13,10,195,8,12,75,9,0,2,18,7,61,3,0,0,2,2,0,74,5,0,3,1,0,2,2,2,3,0,31,3,0,3,19,5,5,21,19,1,1
"DE22 4",7548,7354,0,0,0,0,0,0,0,0,0,9,0,1,80,4,9,41,2,2,0,1,10,0,4,4,1,1,0,0,0,0,0,1,4,2,2,0,0,0,0,0,0,5,2,7,1,0,1,0,0,0,23,7,4,4,0,0,0,0,0,3,5,0,0,0,18,2,0,7,0,0,0,3,0,6,0,0,0,0,0,0,21,0,0,0,0,1,0,0,0,0,0,15,1,0,0,4,0,0,23,21,1,1
"DE22 5",918,903,0,0,0,0,0,0,0,0,0,0,0,0,2,0,2,0,0,0,0,0,0,0,0,0,0,0,0,0,0,0,0,0,0,0,0,0,0,0,0,0,0,0,0,0,0,0,0,0,0,0,3,0,0,0,0,0,3,0,0,0,0,0,0,0,4,1,2,0,1,0,0,0,0,0,0,0,0,0,0,0,6,0,0,0,0,0,0,0,0,0,0,5,0,0,0,1,0,0,0,0,0,0
"DE23 1",8201,7274,0,1,0,0,0,0,0,0,1,8,3,8,137,5,7,59,26,11,0,4,14,7,2,1,1,0,0,0,0,0,0,0,23,0,20,3,0,0,0,0,0,5,2,9,35,0,16,15,2,2,657,139,14,483,2,2,2,0,0,2,6,1,5,1,26,6,0,7,7,0,2,0,0,4,0,0,0,0,0,0,5,3,0,0,0,0,0,0,1,0,0,0,1,0,0,0,4,4,4,4,0,0
"DE23 2",2917,2747,0,0,0,0,0,0,0,0,0,3,0,2,34,3,1,18,4,1,0,4,0,1,2,0,0,0,0,0,0,0,0,0,3,1,2,0,0,0,0,0,0,2,2,0,11,0,7,1,1,2,81,18,2,44,5,0,3,0,4,0,3,0,0,2,9,1,0,1,3,0,0,1,1,0,2,0,0,0,0,0,11,0,0,2,0,0,0,0,1,2,0,4,0,0,0,2,0,0,12,11,1,0
"DE23 3",5801,5229,1,0,0,0,0,0,0,0,0,7,4,4,58,2,13,16,6,5,0,1,2,0,3,6,3,1,0,0,0,0,0,0,12,0,12,0,0,0,0,0,0,2,1,20,16,0,11,4,0,1,380,38,26,258,1,4,7,4,5,18,2,3,7,7,58,2,9,15,23,6,0,0,1,1,1,0,0,0,0,0,6,0,0,0,0,0,0,0,0,0,1,3,0,0,0,2,0,0,3,2,0,1
"DE23 4",2612,2437,0,0,0,0,0,0,0,0,0,4,0,2,25,3,5,10,0,1,0,0,4,0,0,1,1,0,0,0,0,0,0,0,1,0,0,0,0,1,0,0,0,0,0,6,8,0,8,0,0,0,109,20,8,68,0,0,1,1,1,3,0,0,4,3,15,1,1,2,10,0,0,0,0,0,1,0,0,0,0,0,3,0,0,0,0,1,0,0,1,0,0,0,0,0,0,1,0,0,2,0,0,2
"DE23 6",18032,13674,0,5,2,0,0,2,0,1,0,25,17,10,958,5,12,340,343,48,3,22,133,16,1,10,7,0,1,1,6,10,0,0,40,6,31,3,0,0,0,0,0,26,5,72,312,0,180,27,97,8,2696,1226,36,1029,145,106,37,3,3,9,60,1,10,31,74,3,4,36,2,0,8,5,4,11,1,0,1,0,0,0,83,1,3,16,0,2,0,5,5,5,0,19,0,5,7,15,9,9,25,16,3,6
"DE23 8",19265,12776,0,1,0,0,0,1,0,0,0,40,50,4,1626,10,12,536,399,206,12,48,351,10,2,11,14,2,3,0,3,4,3,0,117,17,96,4,0,0,0,0,0,108,17,116,520,0,325,76,116,3,3520,1635,44,1349,267,97,20,3,12,25,34,0,4,30,123,6,18,10,9,4,3,18,0,50,5,0,0,0,0,0,207,18,7,41,1,1,6,0,16,8,14,35,5,10,8,37,20,20,20,18,1,1
"DE24 0",14991,14616,0,3,0,0,0,0,0,0,3,11,0,3,172,21,4,104,16,2,0,9,9,1,2,4,0,0,0,0,0,0,0,0,9,4,1,1,0,3,0,0,0,11,1,9,10,0,7,2,0,1,61,6,0,41,0,3,6,0,0,4,0,0,0,1,53,1,8,12,1,1,2,7,1,20,0,0,0,0,0,0,10,0,0,1,0,0,0,2,1,0,0,4,1,0,1,0,3,3,19,17,2,0
"DE24 1",936,871,0,0,0,0,0,0,0,0,0,3,0,3,21,2,3,4,0,0,1,0,0,10,0,0,0,0,1,0,0,0,0,0,5,1,4,0,0,0,0,0,0,6,0,0,9,0,4,5,0,0,9,1,0,3,0,0,0,0,0,0,0,0,0,5,8,2,0,5,0,0,0,0,0,1,0,0,0,0,0,0,0,0,0,0,0,0,0,0,0,0,0,0,0,0,0,0,0,0,1,1,0,0
"DE24 3",6011,5383,0,0,0,0,0,0,0,0,0,4,0,2,45,6,4,14,6,2,0,2,2,2,1,3,1,0,0,0,1,0,1,0,5,5,0,0,0,0,0,0,0,7,0,6,11,0,8,2,1,0,517,47,9,427,0,8,18,0,0,3,0,3,1,1,19,1,12,5,1,0,0,0,0,0,0,0,0,0,0,0,5,0,0,0,0,0,0,0,0,0,0,4,0,0,1,0,1,1,6,6,0,0
"DE24 5",1244,1202,0,0,0,0,0,0,0,0,0,3,0,0,11,0,5,4,0,1,0,1,0,0,0,0,0,0,0,0,0,0,0,0,0,0,0,0,0,0,0,0,0,0,0,0,0,0,0,0,0,0,17,0,2,9,0,0,2,0,2,0,2,0,0,0,5,0,4,1,0,0,0,0,0,0,0,0,0,0,0,0,4,0,0,0,0,0,0,0,0,0,0,4,0,0,0,0,0,0,2,2,0,0
"DE24 8",15777,14150,2,4,3,0,0,0,0,1,0,57,21,12,674,21,10,386,51,48,1,41,86,11,1,3,9,2,1,0,0,0,2,1,26,11,11,4,0,0,0,0,0,80,8,33,114,0,62,34,14,4,307,101,1,143,4,18,17,0,2,10,4,0,5,2,142,11,9,23,1,0,5,10,0,74,9,0,0,0,0,0,113,2,3,11,0,2,10,1,10,1,3,37,3,4,4,22,8,8,26,24,1,1
"DE24 9",12997,11819,1,2,1,0,0,0,0,0,1,16,7,7,297,14,4,196,22,8,4,18,17,4,5,2,2,0,0,0,0,1,0,0,48,7,40,1,0,0,0,0,0,23,12,18,85,0,72,10,0,3,505,86,6,378,2,8,9,0,1,2,4,2,0,7,51,2,8,20,1,0,4,1,1,10,4,0,0,0,0,0,80,4,2,5,0,0,2,0,2,8,0,42,0,2,3,10,4,4,22,19,0,3
"DE3  0",7711,7508,1,0,0,0,0,0,0,0,0,5,1,9,52,1,9,14,3,1,1,5,0,5,5,5,0,1,0,0,0,0,2,0,5,0,3,1,0,1,0,0,0,5,1,8,8,0,5,1,0,2,65,14,2,36,0,2,3,0,0,2,4,0,2,0,24,0,4,7,8,0,2,2,0,1,0,0,0,0,0,0,10,0,0,0,0,0,0,0,0,0,0,1,3,0,0,6,1,1,8,8,0,0
"DE3  9",8817,8458,0,1,0,0,0,0,0,1,0,4,2,3,84,17,10,38,0,2,0,0,5,4,3,3,0,1,1,0,0,0,0,0,3,0,2,1,0,0,0,0,0,0,1,35,9,0,4,3,0,2,153,33,6,86,0,6,8,0,0,0,4,0,6,4,39,1,1,12,21,0,0,0,2,2,0,0,0,0,0,0,9,0,1,0,0,0,0,0,0,0,0,3,4,0,0,1,0,0,16,14,0,2
"DE4  2",8816,8740,1,0,0,0,0,0,0,0,0,4,2,3,39,2,5,25,2,0,0,0,0,3,1,0,0,0,1,0,0,0,0,0,2,1,0,0,0,1,0,0,0,3,0,0,0,0,0,0,0,0,9,0,2,2,0,0,0,0,0,0,3,0,0,2,9,0,3,1,0,0,0,1,2,2,0,0,0,0,0,0,1,0,0,0,0,0,0,0,0,0,0,0,1,0,0,0,0,0,3,1,1,1
"DE4  3",11786,11650,0,0,0,0,0,0,0,0,0,6,2,5,72,3,7,39,0,0,5,1,0,1,0,3,8,1,2,1,1,0,0,0,0,0,0,0,0,0,0,0,0,4,2,1,1,0,0,0,0,1,12,0,1,2,0,0,0,0,0,2,2,0,5,0,18,1,3,6,3,0,0,2,0,3,0,0,0,0,0,0,9,0,0,0,0,0,0,0,0,0,0,2,6,0,0,1,2,2,2,1,0,1
"DE4  4",6619,6578,0,0,0,0,0,0,0,0,0,4,2,4,21,1,2,9,0,0,0,2,0,2,0,0,0,2,0,1,0,0,0,2,2,1,0,0,0,1,0,0,0,0,0,0,0,0,0,0,0,0,2,0,0,1,0,1,0,0,0,0,0,0,0,0,6,1,0,1,0,0,0,3,0,1,0,0,0,0,0,0,0,0,0,0,0,0,0,0,0,0,0,0,0,0,0,0,0,0,0,0,0,0
"DE4  5",5097,5063,1,0,0,0,0,0,0,0,0,1,0,1,17,0,10,3,0,0,0,0,0,0,0,0,3,0,0,0,1,0,0,0,1,0,0,0,0,1,0,0,0,1,2,1,0,0,0,0,0,0,0,0,0,0,0,0,0,0,0,0,0,0,0,0,2,0,0,0,1,0,0,1,0,0,0,0,0,0,0,0,4,0,0,0,0,0,0,0,0,0,0,2,2,0,0,0,0,0,3,2,1,0
"DE45 1",8496,8416,0,0,0,0,0,0,0,0,0,5,1,6,54,2,7,25,0,0,0,1,1,5,4,0,4,3,0,0,0,0,2,0,0,0,0,0,0,0,0,0,0,2,0,0,0,0,0,0,0,0,2,1,0,0,0,0,0,0,1,0,0,0,0,0,7,0,0,3,0,0,1,2,0,1,0,0,0,0,0,0,0,0,0,0,0,0,0,0,0,0,0,0,0,0,0,0,0,0,3,1,1,1
"DE5  3",12852,12733,1,0,0,0,0,0,0,0,0,5,0,6,51,6,4,34,0,0,1,0,0,0,0,3,0,1,1,0,1,0,0,0,0,0,0,0,0,0,0,0,0,2,4,1,1,0,1,0,0,0,16,0,3,4,0,2,0,0,0,4,3,0,0,0,23,3,1,6,2,0,0,3,0,8,0,0,0,0,0,0,5,0,0,0,0,0,0,0,1,0,0,0,0,0,0,4,0,0,4,4,0,0
"DE5  8",3779,3760,0,0,0,0,0,0,0,0,0,0,0,0,6,0,1,2,0,0,3,0,0,0,0,0,0,0,0,0,0,0,0,0,0,0,0,0,0,0,0,0,0,0,2,0,0,0,0,0,0,0,0,0,0,0,0,0,0,0,0,0,0,0,0,0,11,0,4,4,1,0,0,0,1,1,0,0,0,0,0,0,0,0,0,0,0,0,0,0,0,0,0,0,0,0,0,0,0,0,0,0,0,0
"DE5  9",4714,4684,0,0,0,0,0,0,0,0,0,0,0,0,29,3,0,21,0,0,0,1,0,0,0,1,2,1,0,0,0,0,0,0,1,0,1,0,0,0,0,0,0,0,0,0,0,0,0,0,0,0,0,0,0,0,0,0,0,0,0,0,0,0,0,0,0,0,0,0,0,0,0,0,0,0,0,0,0,0,0,0,0,0,0,0,0,0,0,0,0,0,0,0,0,0,0,0,0,0,0,0,0,0
"DE55 1",6588,6530,0,0,0,0,0,0,0,0,0,1,0,2,36,0,2,25,1,0,3,0,0,4,0,0,1,0,0,0,0,0,0,0,0,0,0,0,0,0,0,0,0,0,1,0,0,0,0,0,0,0,1,0,0,0,0,0,0,0,0,0,1,0,0,0,13,0,4,2,1,0,0,2,0,4,0,0,0,0,0,0,0,0,0,0,0,0,0,0,0,0,0,0,0,0,0,0,1,1,3,3,0,0
"DE55 2",6905,6766,0,1,0,0,0,0,0,1,0,2,1,0,79,2,2,52,3,1,3,0,1,12,0,1,1,1,0,0,0,0,0,0,5,4,0,1,0,0,0,0,0,2,0,3,0,0,0,0,0,0,0,0,0,0,0,0,0,0,0,0,0,0,0,0,23,0,4,9,0,0,0,1,0,9,0,0,0,0,0,0,15,0,0,0,0,0,2,0,0,0,0,13,0,0,0,0,0,0,8,8,0,0
"DE55 3",3645,3568,0,1,1,0,0,0,0,0,0,0,3,0,40,0,0,28,4,0,0,0,0,1,0,3,3,0,0,0,0,0,1,0,0,0,0,0,0,0,0,0,0,2,3,1,1,0,0,1,0,0,17,0,0,6,0,0,5,1,0,2,0,0,2,1,5,0,0,2,0,0,0,0,0,2,1,0,0,0,0,0,1,0,0,1,0,0,0,0,0,0,0,0,0,0,0,0,0,0,3,3,0,0
"DE55 4",8222,8095,3,0,0,0,0,0,0,0,0,2,1,5,90,1,2,75,0,3,0,0,4,1,0,1,1,0,1,1,0,0,0,0,3,2,0,0,0,1,0,0,0,0,3,0,2,0,0,1,0,1,9,1,2,6,0,0,0,0,0,0,0,0,0,0,5,1,1,2,0,0,0,1,0,0,0,0,0,0,0,0,3,0,0,0,0,0,0,0,0,0,0,0,0,0,0,3,1,1,0,0,0,0
"DE55 5",7920,7849,0,0,0,0,0,0,0,0,0,4,1,2,29,1,5,20,0,0,0,0,0,0,1,1,1,0,0,0,0,0,0,0,1,0,1,0,0,0,0,0,0,3,0,0,1,0,0,0,0,1,11,0,0,0,0,0,2,0,0,0,0,0,9,0,14,0,2,4,0,0,0,6,1,0,1,0,0,0,0,0,2,1,0,0,0,0,0,0,0,0,0,0,1,0,0,0,1,1,2,2,0,0
"DE55 6",7073,7010,0,0,0,0,0,0,0,0,0,0,0,2,17,1,1,8,0,0,1,0,4,0,0,2,0,0,0,0,0,0,0,0,0,0,0,0,0,0,0,0,0,0,6,0,0,0,0,0,0,0,20,0,2,0,0,0,0,0,0,2,16,0,0,0,8,0,0,1,0,0,0,3,0,4,0,0,0,0,0,0,7,0,0,0,0,0,0,0,3,0,0,0,0,0,4,0,1,1,2,2,0,0
"DE55 7",9192,8943,1,0,0,0,0,0,0,0,0,5,1,0,190,0,0,158,0,4,0,5,9,10,0,3,0,1,0,0,0,0,0,0,2,2,0,0,0,0,0,0,0,11,5,1,0,0,0,0,0,0,10,1,0,2,0,0,0,0,0,2,5,0,0,0,17,0,2,4,1,0,1,1,0,8,0,0,0,0,0,0,0,0,0,0,0,0,0,0,0,0,0,0,0,0,0,0,0,0,6,6,0,0
"DE56 0",12043,11961,4,0,0,0,0,0,0,0,0,4,0,3,30,2,4,6,1,4,0,0,0,0,0,5,5,0,2,1,0,0,0,0,3,2,1,0,0,0,0,0,0,3,1,0,0,0,0,0,0,0,5,1,0,2,0,0,0,0,0,0,2,0,0,0,25,4,2,0,0,0,0,9,3,7,0,0,0,0,0,0,3,0,0,0,0,0,0,0,0,0,0,3,0,0,0,0,0,0,1,1,0,0
"DE56 1",12947,12798,2,0,0,0,0,0,0,0,0,6,0,7,49,2,5,27,0,3,3,5,0,0,0,1,2,0,0,1,0,0,0,0,1,1,0,0,0,0,0,0,0,12,3,2,2,0,1,1,0,0,28,1,2,2,0,0,2,0,0,1,17,0,1,2,26,3,6,5,0,0,2,2,1,7,0,0,0,0,0,0,7,0,0,0,0,0,0,0,0,0,0,0,4,0,0,3,0,0,4,1,2,1
"DE56 2",8953,8902,0,1,0,0,0,1,0,0,0,3,0,3,19,1,6,4,1,2,0,0,1,0,0,0,0,1,2,1,0,0,0,0,0,0,0,0,0,0,0,0,0,2,0,3,1,0,0,0,0,1,2,0,0,2,0,0,0,0,0,0,0,0,0,0,9,0,5,1,1,0,0,1,1,0,0,0,0,0,0,0,2,0,0,0,0,0,0,0,0,0,0,0,2,0,0,0,1,1,5,4,1,0
"DE56 4",5263,5192,1,0,0,0,0,0,0,0,0,9,1,3,27,2,8,2,0,1,0,0,0,7,0,0,2,2,3,0,0,0,0,0,1,0,0,1,0,0,0,0,0,0,2,1,2,0,0,1,0,1,10,0,4,1,0,0,0,0,0,0,5,0,0,0,11,2,1,2,1,0,1,1,0,3,0,0,0,0,0,0,1,0,0,0,0,0,0,0,0,0,0,0,1,0,0,0,1,1,1,1,0,0
"DE6  1",10808,10617,4,0,0,0,0,0,0,0,0,10,2,4,127,4,8,99,2,2,3,0,0,0,1,2,0,2,4,0,0,0,0,0,0,0,0,0,0,0,0,0,0,4,2,0,0,0,0,0,0,0,8,5,0,0,0,0,0,0,0,2,1,0,0,0,16,0,8,3,1,0,0,2,0,2,0,0,0,0,0,0,10,0,0,0,0,0,0,0,10,0,0,0,0,0,0,0,0,0,4,3,0,1
"DE6  2",5247,5197,3,0,0,0,0,0,0,0,0,2,0,3,29,3,3,2,4,1,4,2,3,0,2,1,4,0,0,0,0,0,0,0,0,0,0,0,0,0,0,0,0,0,0,0,1,0,0,0,1,0,3,0,0,1,0,0,0,0,0,0,2,0,0,0,6,0,0,0,0,0,0,3,1,1,1,0,0,0,0,0,1,0,0,0,0,0,0,0,0,0,0,1,0,0,0,0,0,0,2,1,0,1
"DE6  3",3433,3413,1,0,0,0,0,0,0,0,0,2,0,2,4,0,3,0,0,1,0,0,0,0,0,0,0,0,0,0,0,0,0,0,0,0,0,0,0,0,0,0,0,0,2,1,0,0,0,0,0,0,0,0,0,0,0,0,0,0,0,0,0,0,0,0,2,0,0,0,2,0,0,0,0,0,0,0,0,0,0,0,1,0,0,0,0,0,0,0,0,0,0,0,0,0,0,1,0,0,5,4,1,0
"DE6  4",1037,1022,1,0,0,0,0,0,0,0,0,0,0,1,7,1,2,2,0,0,0,0,1,0,0,0,1,0,0,0,0,0,0,0,0,0,0,0,0,0,0,0,0,0,0,0,1,0,0,0,1,0,1,0,0,1,0,0,0,0,0,0,0,0,0,0,4,0,0,0,0,0,0,0,0,4,0,0,0,0,0,0,0,0,0,0,0,0,0,0,0,0,0,0,0,0,0,0,0,0,0,0,0,0
"DE6  5",4419,4345,1,0,0,0,0,0,0,0,0,0,0,3,23,2,11,6,0,0,0,0,1,0,1,0,1,0,0,0,0,0,0,1,2,1,0,0,0,1,0,0,0,9,4,3,3,0,1,2,0,0,6,2,0,1,0,0,2,0,0,1,0,0,0,0,19,0,3,15,0,0,0,0,0,1,0,0,0,0,0,0,0,0,0,0,0,0,0,0,0,0,0,0,0,0,0,0,0,0,1,1,0,0
"DE65 5",11429,11239,8,1,0,0,0,0,0,1,0,10,0,8,75,6,4,40,2,0,3,0,2,2,0,4,3,2,3,0,0,1,3,0,6,3,1,0,0,2,0,0,0,7,6,10,1,0,0,1,0,0,24,1,1,4,0,0,2,0,2,3,4,0,7,0,17,0,2,2,6,0,0,2,1,4,0,0,0,0,0,0,5,0,0,1,0,0,0,0,0,0,0,4,0,0,0,0,1,1,11,10,0,1
"DE65 6",11192,11025,8,0,0,0,0,0,0,0,0,6,3,7,47,1,15,16,1,0,1,2,0,2,2,1,4,1,0,0,0,0,0,1,2,0,0,1,0,1,0,0,0,10,0,0,4,0,0,1,0,3,28,1,0,8,0,0,4,0,2,0,12,0,0,1,34,1,17,9,5,0,0,1,0,0,1,0,0,0,0,0,11,0,0,0,0,0,0,0,0,0,0,9,2,0,0,0,4,4,3,2,0,1
"DE7  4",12184,12085,0,1,1,0,0,0,0,0,0,0,4,3,53,6,3,27,5,0,0,2,1,2,2,4,1,0,0,0,0,0,0,0,0,0,0,0,0,0,0,0,0,1,0,4,1,0,0,1,0,0,13,0,0,6,0,2,2,0,0,0,3,0,0,0,11,1,0,5,0,0,0,5,0,0,0,0,0,0,0,0,4,0,0,0,0,0,0,0,0,0,0,0,4,0,0,0,0,0,4,1,1,2
"DE7  5",9592,9404,3,0,0,0,0,0,0,0,0,1,4,3,126,2,3,93,13,2,0,0,0,3,4,2,2,1,0,0,1,0,0,0,1,0,0,1,0,0,0,0,0,2,1,2,0,0,0,0,0,0,23,0,0,7,0,0,3,0,0,5,8,0,0,0,14,3,3,4,1,0,0,1,1,1,0,1,0,0,0,0,1,0,0,0,0,1,0,0,0,0,0,0,0,0,0,0,6,6,0,0,0,0
"DE7  6",10217,10150,1,0,0,0,0,0,0,0,0,2,0,1,24,0,1,9,1,0,0,5,0,0,0,3,3,1,0,0,0,0,1,0,0,0,0,0,0,0,0,0,0,4,1,0,0,0,0,0,0,0,9,0,0,4,0,0,5,0,0,0,0,0,0,0,14,0,0,8,0,1,0,4,1,0,0,0,0,0,0,0,2,0,0,0,0,0,0,0,0,0,0,0,0,1,0,1,3,3,6,0,0,6
"DE7  8",13111,12976,1,0,0,0,0,0,0,0,0,4,9,7,57,6,5,25,8,3,0,0,2,2,1,2,1,0,0,2,0,0,0,0,3,0,0,1,0,2,0,0,0,2,2,4,0,0,0,0,0,0,18,0,2,5,0,0,6,0,0,0,5,0,0,0,15,1,2,6,0,0,0,2,0,4,0,0,0,0,0,0,5,0,0,0,0,0,0,0,0,0,0,3,0,0,0,2,2,2,6,2,2,2
"DE7  9",3003,2988,0,0,0,0,0,0,0,0,0,0,0,0,7,0,1,5,0,1,0,0,0,0,0,0,0,0,0,0,0,0,0,0,0,0,0,0,0,0,0,0,0,1,2,0,0,0,0,0,0,0,2,0,0,0,0,0,0,0,0,0,2,0,0,0,3,0,0,2,0,0,0,0,0,1,0,0,0,0,0,0,0,0,0,0,0,0,0,0,0,0,0,0,0,0,0,0,0,0,0,0,0,0
"DE72 2",4005,3988,0,0,0,0,0,0,0,0,0,0,0,5,9,1,1,1,0,1,0,0,0,2,1,0,2,0,0,0,0,0,0,0,1,0,0,1,0,0,0,0,0,0,0,0,0,0,0,0,0,0,1,0,0,1,0,0,0,0,0,0,0,0,0,0,0,0,0,0,0,0,0,0,0,0,0,0,0,0,0,0,0,0,0,0,0,0,0,0,0,0,0,0,0,0,0,0,0,0,1,0,0,1
"DE72 3",15614,15453,4,0,0,0,0,0,0,0,0,6,1,6,57,2,7,31,1,6,1,0,0,2,2,1,3,0,1,0,0,0,0,0,2,0,0,0,0,2,0,0,0,2,3,3,0,0,0,0,0,0,16,3,0,5,0,3,1,0,1,0,3,0,0,0,52,2,27,10,3,0,0,7,1,2,0,0,0,0,0,0,3,0,0,0,0,0,1,0,1,0,0,1,0,0,0,0,0,0,6,5,0,1
"DE73 5",4539,4328,0,0,0,0,0,0,0,0,0,3,1,4,29,2,10,5,3,0,0,0,0,0,0,0,3,6,0,0,0,0,0,0,5,1,1,1,0,2,0,0,0,2,11,1,6,0,2,4,0,0,120,21,2,83,0,1,7,2,0,0,0,2,0,2,16,5,1,5,2,0,0,3,0,0,0,0,0,0,0,0,2,0,0,0,0,0,0,0,0,0,0,1,0,0,0,1,0,0,11,10,0,1
"DE73 6",6329,6183,2,0,0,0,0,0,0,0,0,7,1,7,32,6,4,19,0,1,0,0,0,0,0,0,0,0,0,0,0,0,2,0,1,1,0,0,0,0,0,0,0,4,1,3,1,0,0,1,0,0,52,6,2,33,0,2,3,0,0,0,3,2,0,1,24,4,1,12,1,0,1,2,1,2,0,0,0,0,0,0,4,0,0,0,0,0,0,0,0,0,0,0,0,0,0,4,3,3,4,3,0,1
"DE73 7",1760,1744,0,0,0,0,0,0,0,0,0,2,0,1,4,0,0,1,0,0,0,0,2,0,0,0,1,0,0,0,0,0,0,0,0,0,0,0,0,0,0,0,0,0,1,0,0,0,0,0,0,0,4,0,0,4,0,0,0,0,0,0,0,0,0,0,3,0,2,0,0,0,0,1,0,0,0,0,0,0,0,0,0,0,0,0,0,0,0,0,0,0,0,0,0,0,0,0,0,0,1,0,0,1
"DE73 8",5687,5629,6,0,0,0,0,0,0,0,0,2,0,2,29,2,13,6,0,4,0,0,1,0,0,0,1,2,0,0,0,0,0,0,1,1,0,0,0,0,0,0,0,3,0,1,0,0,0,0,0,0,4,0,0,2,0,1,1,0,0,0,0,0,0,0,4,0,2,1,0,0,0,1,0,0,0,0,0,0,0,0,5,0,0,0,0,0,0,0,0,0,0,5,0,0,0,0,0,0,1,1,0,0
"DE74 2",11143,10837,2,0,0,0,0,0,0,0,0,13,8,14,147,2,7,79,1,7,13,5,9,10,0,2,7,0,4,0,0,1,0,0,5,0,1,1,0,3,0,0,0,6,3,5,0,0,0,0,0,0,10,1,1,1,0,3,0,1,0,3,0,0,0,0,85,0,15,8,3,0,3,5,10,40,1,0,0,0,0,0,4,0,0,0,0,0,0,0,2,0,0,0,1,0,0,1,0,0,4,3,0,1
"DE75 7",18043,17795,3,0,0,0,0,0,0,0,0,7,4,5,143,3,7,106,0,3,0,5,4,0,2,4,7,0,0,2,0,0,0,0,4,0,1,1,2,0,0,0,0,3,4,0,1,0,0,1,0,0,25,7,0,4,0,2,0,0,0,10,0,1,0,1,27,0,7,8,0,0,0,0,0,12,0,0,0,0,0,0,12,0,0,0,0,0,0,0,5,0,0,6,1,0,0,0,0,0,10,7,1,2
"DH1  1",9102,8673,1,0,0,0,0,0,0,0,0,25,10,25,170,16,42,43,6,1,6,4,1,9,5,17,8,4,1,2,3,2,0,0,7,0,1,0,0,6,0,0,0,1,3,25,16,0,11,2,0,3,20,2,9,0,0,1,1,0,0,3,0,0,0,4,121,15,7,74,6,3,0,9,3,2,2,0,0,0,0,0,4,1,0,0,0,0,0,0,0,0,0,0,0,0,1,2,0,0,1,1,0,0
"DH1  2",8349,8041,0,1,0,0,0,0,0,1,0,13,4,14,121,25,17,45,0,0,2,6,2,5,3,7,5,1,0,0,0,0,1,2,1,0,0,0,0,1,0,0,0,10,4,26,6,0,1,3,0,2,27,4,2,12,0,3,0,0,0,0,4,2,0,0,71,10,8,27,2,1,1,6,10,1,5,0,0,0,0,0,4,0,0,0,0,0,0,1,1,0,0,0,0,0,0,2,3,3,3,2,1,0
"DH1  3",9643,8790,5,0,0,0,0,0,0,0,0,46,13,22,197,27,61,14,0,2,6,5,0,3,14,27,9,16,8,2,2,0,0,1,11,0,0,1,0,10,0,0,0,21,8,63,18,0,0,12,2,4,59,14,16,3,0,5,2,1,1,4,3,6,1,3,376,28,31,244,14,12,7,26,10,2,2,0,2,0,0,0,10,0,0,1,0,0,0,0,2,0,0,0,1,1,0,5,0,0,2,2,0,0
"DH1  4",7506,7103,2,0,0,0,0,0,0,0,0,26,6,21,148,27,39,20,2,3,7,6,1,4,9,9,9,7,2,2,0,1,0,0,7,0,0,1,0,6,0,0,0,5,5,23,17,0,1,13,0,3,22,6,0,3,0,9,0,0,0,0,2,0,2,0,118,7,14,72,6,3,2,5,5,2,2,0,0,0,0,0,3,0,0,0,0,0,2,0,0,0,0,1,0,0,0,0,0,0,0,0,0,0
"DH1  5",14186,13570,8,10,6,0,0,2,0,2,0,13,8,15,127,10,26,33,5,1,14,6,0,6,0,6,11,6,0,2,1,0,0,0,10,4,2,1,0,3,0,0,0,16,10,109,26,0,2,20,1,3,103,23,12,8,0,21,2,0,2,5,19,6,0,5,133,11,10,37,9,6,2,19,17,22,0,0,0,1,1,0,17,0,1,0,0,0,10,0,0,0,0,0,0,0,1,5,2,2,8,2,5,1
"DH2  1",10414,10324,0,1,0,0,0,0,0,1,0,5,3,2,33,3,4,14,1,1,0,0,0,6,1,0,3,0,0,0,0,0,0,0,1,0,0,0,0,1,0,0,0,1,3,1,1,0,0,1,0,0,9,4,0,3,0,2,0,0,0,0,0,0,0,0,27,2,8,12,1,0,0,1,0,3,0,0,0,0,0,0,3,0,0,0,0,0,0,0,0,0,0,0,2,0,1,0,0,0,0,0,0,0
"DH2  2",9919,9827,1,2,0,0,0,0,0,2,0,4,0,3,34,0,3,17,0,0,3,1,1,0,0,0,4,3,1,0,0,0,1,0,1,0,1,0,0,0,0,0,0,2,1,7,0,0,0,0,0,0,12,0,0,5,0,6,0,0,0,0,1,0,0,0,16,2,3,8,3,0,0,0,0,0,0,0,0,0,0,0,2,0,0,0,0,0,0,0,1,0,0,0,1,0,0,0,1,1,6,6,0,0
"DH2  3",9174,9107,0,1,0,0,0,0,0,1,0,2,1,4,19,1,3,5,0,0,0,2,1,4,0,3,0,0,0,0,0,0,0,0,0,0,0,0,0,0,0,0,0,1,0,3,2,0,0,2,0,0,7,1,0,1,0,3,0,0,2,0,0,0,0,0,23,4,4,6,1,1,0,3,1,0,3,0,0,0,0,0,1,0,0,0,0,0,0,0,0,0,0,0,0,0,1,0,1,1,2,2,0,0
"DH3  1",7039,6869,0,0,0,0,0,0,0,0,0,2,14,0,68,2,2,55,1,0,0,0,0,2,4,0,1,0,1,0,0,0,0,0,1,1,0,0,0,0,0,0,0,0,1,9,10,1,1,8,0,0,30,19,0,0,0,1,0,2,3,2,3,0,0,0,26,0,12,6,0,0,0,5,0,2,1,0,0,0,0,0,4,0,0,0,0,0,0,0,0,0,2,0,2,0,0,0,2,2,3,3,0,0
"DH3  2",5403,5334,0,2,0,0,0,0,0,2,0,0,0,0,18,0,1,8,8,0,0,0,0,0,0,0,0,0,0,0,0,0,1,0,0,0,0,0,0,0,0,0,0,8,1,5,3,0,2,1,0,0,14,8,0,0,2,0,0,0,0,0,4,0,0,0,10,0,4,3,0,1,0,0,0,2,0,0,0,0,0,0,2,0,0,0,0,0,0,0,0,0,0,1,0,0,0,1,0,0,6,6,0,0
"DH3  3",6477,6398,0,0,0,0,0,0,0,0,0,0,1,6,22,1,7,4,1,2,2,1,0,3,0,1,0,0,0,0,0,0,0,0,0,0,0,0,0,0,0,0,0,0,3,3,4,0,0,3,0,1,20,4,5,4,0,3,0,0,0,0,4,0,0,0,15,1,0,10,1,0,0,1,2,0,0,0,0,0,0,0,1,0,0,0,0,1,0,0,0,0,0,0,0,0,0,0,2,2,2,2,0,0
"DH3  4",6158,6093,0,0,0,0,0,0,0,0,0,2,0,1,24,0,1,9,0,0,0,1,0,0,0,3,1,9,0,0,0,0,0,0,0,0,0,0,0,0,0,0,0,1,0,1,1,0,0,1,0,0,23,5,1,4,0,9,0,2,0,0,2,0,0,0,11,0,1,8,0,0,0,1,0,1,0,0,0,0,0,0,0,0,0,0,0,0,0,0,0,0,0,0,0,0,0,0,0,0,1,1,0,0
"DH4  4",7930,7861,0,0,0,0,0,0,0,0,0,1,1,3,27,1,2,16,2,0,0,0,0,0,0,5,1,0,0,0,0,0,0,0,0,0,0,0,0,0,0,0,0,1,4,2,4,0,1,2,1,0,11,0,0,9,0,0,0,0,0,0,0,0,0,2,11,1,1,5,4,0,0,0,0,0,0,0,0,0,0,0,2,1,0,0,0,0,0,0,0,0,0,0,0,0,0,1,1,1,1,1,0,0
"DH4  5",6642,6611,0,0,0,0,0,0,0,0,0,0,1,1,8,1,0,6,0,0,0,1,0,0,0,0,0,0,0,0,0,0,0,0,0,0,0,0,0,0,0,0,0,0,2,1,1,0,1,0,0,0,7,1,0,2,0,0,0,0,0,0,0,4,0,0,6,0,3,1,2,0,0,0,0,0,0,1,0,0,0,0,3,0,0,0,0,0,1,0,0,1,0,0,0,0,0,1,0,0,0,0,0,0
"DH4  6",8636,8549,1,0,0,0,0,0,0,0,0,2,0,4,22,4,1,10,0,0,0,0,0,1,0,2,0,2,0,0,0,0,1,1,2,0,2,0,0,0,0,0,0,0,1,2,1,0,0,1,0,0,19,0,3,4,0,6,0,0,0,0,3,3,0,0,22,1,9,4,0,0,0,2,0,6,0,0,0,0,0,0,7,0,0,0,0,0,0,0,0,0,0,4,0,0,0,3,0,0,4,2,0,2
"DH4  7",9095,8987,1,0,0,0,0,0,0,0,0,3,1,0,29,3,2,18,0,1,0,4,0,0,0,1,0,0,0,0,0,0,0,0,0,0,0,0,0,0,0,0,0,0,2,3,7,0,1,2,1,3,36,3,0,21,2,0,0,2,0,4,4,0,0,0,16,2,0,3,10,0,0,1,0,0,0,0,0,0,0,0,6,0,0,0,0,0,0,0,0,0,0,1,0,0,1,4,0,0,4,3,0,1
"DH5  0",6890,6849,0,0,0,0,0,0,0,0,0,0,1,3,15,2,1,11,0,0,0,0,1,0,0,0,0,0,0,0,0,0,0,0,0,0,0,0,0,0,0,0,0,0,0,4,0,0,0,0,0,0,3,1,0,2,0,0,0,0,0,0,0,0,0,0,11,3,2,6,0,0,0,0,0,0,0,0,0,0,0,0,4,0,0,0,0,0,0,0,2,0,0,0,0,0,0,2,0,0,0,0,0,0
"DH5  8",5647,5594,0,0,0,0,0,0,0,0,0,0,1,0,23,1,1,19,0,2,0,0,0,0,0,0,0,0,0,0,0,0,0,0,1,1,0,0,0,0,0,0,0,4,2,0,1,0,1,0,0,0,4,1,0,3,0,0,0,0,0,0,0,0,0,0,7,0,0,7,0,0,0,0,0,0,0,0,0,0,0,0,6,1,0,0,0,0,0,0,0,0,0,1,0,0,0,4,3,3,1,1,0,0
"DH5  9",6352,6311,0,0,0,0,0,0,0,0,0,1,0,1,18,1,4,4,1,0,5,0,0,0,0,1,1,0,1,0,0,0,0,0,0,0,0,0,0,0,0,0,0,0,0,0,1,0,0,1,0,0,9,0,0,5,0,1,0,0,0,0,3,0,0,0,6,0,0,4,0,0,0,0,0,2,0,0,0,0,0,0,3,1,0,0,0,0,1,0,0,0,0,0,0,0,1,0,0,0,2,1,0,1
"DH6  1",6554,6489,0,0,0,0,0,0,0,0,0,3,0,0,34,3,5,11,0,0,2,0,0,0,0,9,0,0,0,0,0,0,0,4,0,0,0,0,0,0,0,0,0,2,2,3,1,0,0,1,0,0,6,0,0,2,0,0,0,0,0,2,2,0,0,0,7,0,0,1,1,0,0,1,0,2,2,0,0,0,0,0,3,0,0,0,0,0,0,0,2,0,0,0,1,0,0,0,0,0,4,4,0,0
"DH6  2",8842,8779,0,0,0,0,0,0,0,0,0,0,0,0,22,0,5,12,0,0,2,2,0,0,0,0,1,0,0,0,0,0,0,0,1,0,0,0,0,1,0,0,0,0,6,3,2,0,0,2,0,0,18,7,0,7,0,0,0,0,0,0,2,0,0,2,9,0,3,3,1,0,0,2,0,0,0,0,0,0,0,0,1,0,0,0,0,0,0,0,0,0,0,1,0,0,0,0,1,1,0,0,0,0
"DH6  3",5381,5324,0,0,0,0,0,0,0,0,0,8,4,0,17,0,1,12,0,0,0,0,0,3,0,0,0,1,0,0,0,0,0,0,1,0,1,0,0,0,0,0,0,1,2,0,0,0,0,0,0,0,7,0,0,6,0,0,0,0,0,0,0,0,0,1,16,0,8,4,1,0,0,2,0,1,0,0,0,0,0,0,1,0,0,0,0,0,0,0,0,0,0,0,0,0,0,1,0,0,0,0,0,0
"DH6  4",6799,6737,1,0,0,0,0,0,0,0,0,1,0,4,22,2,1,9,0,3,1,2,0,1,0,0,1,0,0,1,1,0,0,0,0,0,0,0,0,0,0,0,0,3,0,9,0,0,0,0,0,0,8,0,0,4,0,0,0,0,1,0,0,0,0,3,14,0,4,4,0,0,0,4,0,1,1,0,0,0,0,0,0,0,0,0,0,0,0,0,0,0,0,0,0,0,0,0,0,0,0,0,0,0
"DH6  5",4593,4413,0,0,0,0,0,0,0,0,0,9,0,3,59,5,8,37,0,1,1,2,0,0,0,1,2,0,0,0,0,0,0,2,1,0,0,0,0,1,0,0,0,1,2,25,5,0,3,2,0,0,16,7,0,1,0,0,0,0,3,5,0,0,0,0,58,1,1,13,0,0,0,3,35,5,0,0,0,0,0,0,0,0,0,0,0,0,0,0,0,0,0,0,0,0,0,0,1,1,0,0,0,0
"DH7  0",5505,5461,0,0,0,0,0,0,0,0,0,1,0,2,21,2,6,8,0,0,0,0,0,1,1,1,0,1,1,0,0,0,0,0,0,0,0,0,0,0,0,0,0,3,0,0,2,0,0,2,0,0,4,1,3,0,0,0,0,0,0,0,0,0,0,0,8,0,0,4,0,0,0,0,1,3,0,0,0,0,0,0,2,0,0,0,0,0,0,0,0,0,0,0,0,0,0,2,0,0,1,0,1,0
"DH7  6",8141,8052,0,0,0,0,0,0,0,0,0,3,5,3,26,1,2,18,0,0,0,1,0,2,0,2,0,0,0,0,0,0,0,0,1,0,0,0,0,1,0,0,0,2,0,5,3,0,0,3,0,0,15,0,1,8,0,2,0,0,1,0,2,0,0,1,24,1,5,7,2,2,1,1,0,5,0,0,0,0,0,0,0,0,0,0,0,0,0,0,0,0,0,0,0,0,0,0,1,1,1,0,0,1
"DH7  7",7624,7522,0,0,0,0,0,0,0,0,0,5,1,3,45,9,13,13,1,2,0,0,0,1,0,3,1,0,1,0,1,0,0,0,0,0,0,0,0,0,0,0,0,5,0,9,1,0,0,1,0,0,6,0,0,1,0,0,3,0,0,0,0,0,0,2,22,3,2,11,0,0,0,1,0,5,0,0,0,0,0,0,1,0,0,0,0,0,0,0,0,0,0,0,1,0,0,0,0,0,4,4,0,0
"DH7  8",9654,9523,0,0,0,0,0,0,0,0,0,4,1,3,46,1,7,19,2,0,1,2,0,0,1,3,7,0,2,1,0,0,0,0,6,1,0,4,0,1,0,0,0,5,1,16,8,0,0,8,0,0,13,0,0,5,0,0,0,0,6,1,1,0,0,0,22,0,0,9,4,0,1,3,2,3,0,0,0,0,0,0,0,0,0,0,0,0,0,0,0,0,0,0,0,0,0,0,2,2,4,3,0,1
"DH7  9",9115,9053,0,1,0,0,0,0,0,1,0,2,0,2,30,4,6,11,0,0,0,0,0,1,2,1,3,1,0,0,0,0,0,1,0,0,0,0,0,0,0,0,0,0,1,6,0,0,0,0,0,0,3,1,0,0,0,0,0,0,0,2,0,0,0,0,7,1,2,2,0,0,0,1,0,1,0,0,0,0,0,0,5,0,0,0,0,0,0,0,0,0,0,0,5,0,0,0,0,0,5,5,0,0
"DH8  0",6606,6554,2,0,0,0,0,0,0,0,0,2,0,5,24,0,0,14,0,1,3,0,0,0,4,0,2,0,0,0,0,0,0,0,0,0,0,0,0,0,0,0,0,0,0,1,1,0,0,1,0,0,9,2,2,0,0,1,0,0,0,4,0,0,0,0,5,0,0,3,0,0,0,1,0,0,1,0,0,0,0,0,2,0,0,0,0,0,0,0,1,0,0,0,0,0,1,0,1,1,0,0,0,0
"DH8  5",6063,5888,0,0,0,0,0,0,0,0,0,3,1,1,134,0,0,125,1,4,0,3,0,0,0,0,1,0,0,0,0,0,0,0,0,0,0,0,0,0,0,0,0,0,3,2,4,0,0,4,0,0,4,0,1,3,0,0,0,0,0,0,0,0,0,0,18,0,0,3,0,0,0,5,6,4,0,0,0,0,0,0,2,0,0,0,0,0,0,0,0,0,0,0,0,0,0,2,2,2,1,1,0,0
"DH8  6",6697,6513,1,0,0,0,0,0,0,0,0,5,2,1,142,1,1,132,0,2,0,2,0,0,1,0,3,0,0,0,0,0,0,0,1,0,0,1,0,0,0,0,0,5,3,2,5,0,2,3,0,0,5,0,0,0,0,0,0,0,0,0,1,0,0,4,8,0,2,3,0,0,0,3,0,0,0,0,0,0,0,0,0,0,0,0,0,0,0,0,0,0,0,0,0,0,0,0,2,2,2,0,0,2
"DH8  7",8674,8447,0,0,0,0,0,0,0,0,0,4,2,0,175,0,4,162,0,1,2,1,0,1,1,0,1,1,0,1,0,0,0,0,0,0,0,0,0,0,0,0,0,1,2,0,2,0,0,2,0,0,16,2,0,8,0,2,0,0,3,0,0,0,0,1,24,4,8,9,1,0,0,2,0,0,0,0,0,0,0,0,0,0,0,0,0,0,0,0,0,0,0,0,0,0,0,0,0,0,1,1,0,0
"DH8  8",6332,6201,0,0,0,0,0,0,0,0,0,2,1,0,101,5,5,87,2,2,0,0,0,0,0,0,0,0,0,0,0,0,0,0,2,0,0,2,0,0,0,0,0,1,2,0,5,0,0,4,0,1,6,2,0,2,0,1,0,0,0,0,1,0,0,0,8,0,0,0,1,0,0,1,1,4,1,0,0,0,0,0,1,0,0,0,0,0,0,0,0,0,0,0,0,0,0,1,0,0,2,2,0,0
"DH8  9",2778,2757,0,0,0,0,0,0,0,0,0,0,0,2,14,0,2,10,0,0,0,0,0,0,0,0,2,0,0,0,0,0,0,0,1,1,0,0,0,0,0,0,0,0,1,0,0,0,0,0,0,0,1,0,1,0,0,0,0,0,0,0,0,0,0,0,2,0,0,0,0,0,0,1,0,1,0,0,0,0,0,0,0,0,0,0,0,0,0,0,0,0,0,0,0,0,0,0,0,0,0,0,0,0
"DH9  0",4586,4542,0,0,0,0,0,0,0,0,0,1,1,2,17,1,3,12,0,0,0,1,0,0,0,0,0,0,0,0,0,0,0,0,0,0,0,0,0,0,0,0,0,0,6,2,0,0,0,0,0,0,2,0,0,1,0,0,0,0,1,0,0,0,0,0,12,0,2,2,1,0,0,1,0,5,1,0,0,0,0,0,0,0,0,0,0,0,0,0,0,0,0,0,0,0,0,0,0,0,1,1,0,0
"DH9  6",9811,9754,0,0,0,0,0,0,0,0,0,0,2,1,31,2,6,12,2,0,0,2,0,3,0,0,4,0,0,0,0,0,0,0,0,0,0,0,0,0,0,0,0,1,2,1,2,0,1,1,0,0,2,0,0,0,0,0,0,0,0,2,0,0,0,0,9,1,3,4,1,0,0,0,0,0,0,0,0,0,0,0,1,0,0,0,0,0,0,0,1,0,0,0,0,0,0,0,1,1,4,4,0,0
"DH9  7",7656,7620,0,0,0,0,0,0,0,0,0,1,0,0,16,0,3,11,0,0,0,0,0,0,0,0,0,1,0,0,1,0,0,0,0,0,0,0,0,0,0,0,0,0,0,3,2,0,0,2,0,0,3,2,0,0,0,1,0,0,0,0,0,0,0,0,10,0,0,8,0,0,0,1,0,1,0,0,0,0,0,0,0,0,0,0,0,0,0,0,0,0,0,0,0,0,0,0,0,0,1,1,0,0
"DH9  8",6582,6521,0,0,0,0,0,0,0,0,0,1,0,1,17,0,0,5,0,0,0,1,0,3,4,1,0,0,2,0,1,0,0,0,0,0,0,0,0,0,0,0,0,1,0,3,0,0,0,0,0,0,21,0,0,11,0,6,0,0,0,0,0,0,0,4,12,1,0,4,0,0,0,2,0,5,0,0,0,0,0,0,0,0,0,0,0,0,0,0,0,0,0,0,0,0,0,0,0,0,5,4,0,1
"DH9  9",6610,6565,0,0,0,0,0,0,0,0,0,1,0,0,25,4,3,14,0,0,0,1,0,0,0,1,0,0,2,0,0,0,0,0,0,0,0,0,0,0,0,0,0,1,0,2,3,0,1,2,0,0,3,3,0,0,0,0,0,0,0,0,0,0,0,0,5,0,0,1,0,0,0,4,0,0,0,0,0,0,0,0,0,0,0,0,0,0,0,0,0,0,0,0,0,0,0,0,1,1,4,4,0,0
"DL1  1",4828,4665,0,0,0,0,0,0,0,0,0,1,1,5,89,1,6,56,0,5,11,7,0,0,2,0,1,0,0,0,0,0,0,0,0,0,0,0,0,0,0,0,0,0,2,0,7,0,1,4,2,0,28,0,0,10,0,2,1,0,0,3,2,0,10,0,22,0,2,5,0,0,2,6,1,5,1,0,0,0,0,0,5,0,0,0,0,0,0,0,0,0,0,2,0,0,0,3,1,1,2,1,1,0
"DL1  2",11528,11289,2,2,0,0,0,0,0,2,0,1,1,1,116,1,4,82,2,3,12,9,0,1,0,1,0,0,1,0,0,0,0,0,1,0,1,0,0,0,0,0,0,3,4,8,12,0,11,0,0,1,47,1,0,13,0,21,2,1,0,0,3,0,6,0,29,1,2,10,0,0,2,4,6,4,0,0,0,0,0,0,3,0,0,0,0,0,0,0,0,0,1,0,0,0,1,1,1,1,8,7,1,0
"DL1  3",8342,8235,0,1,0,1,0,0,0,0,0,1,2,2,49,2,1,39,0,0,2,1,0,0,0,0,3,0,0,0,0,0,1,0,0,0,0,0,0,0,0,0,0,3,1,1,8,0,1,4,3,0,13,0,2,3,0,2,0,0,0,6,0,0,0,0,19,0,1,13,1,0,0,4,0,0,0,2,0,1,1,0,0,0,0,0,0,0,0,0,0,0,0,0,0,0,0,0,1,1,3,1,2,0
"DL1  4",13602,13042,0,0,0,0,0,0,0,0,0,5,0,3,354,7,11,276,5,19,23,8,1,0,0,0,0,3,0,0,0,0,1,0,0,0,0,0,0,0,0,0,0,3,5,6,6,0,4,2,0,0,83,3,4,38,0,19,2,0,1,0,0,0,15,1,78,5,12,26,0,1,2,3,1,27,1,0,0,0,0,0,6,0,1,0,0,0,0,0,0,0,0,1,0,0,0,4,4,4,7,7,0,0
"DL1  5",6190,5975,0,0,0,0,0,0,0,0,0,1,0,1,124,3,1,77,2,3,13,11,2,4,6,0,2,0,0,0,0,0,0,0,0,0,0,0,0,0,1,1,0,4,0,6,4,0,4,0,0,0,38,4,2,8,0,9,0,0,2,2,0,0,11,0,31,2,2,20,0,1,0,3,0,3,0,0,0,0,0,0,1,0,0,0,0,0,0,0,0,0,0,0,0,0,0,1,2,2,2,1,0,1
"DL10 4",5077,5009,0,0,0,0,0,0,0,0,0,1,1,0,32,3,4,11,1,0,1,0,0,4,5,1,1,1,0,0,0,0,0,0,2,0,1,0,1,0,0,0,0,0,1,0,0,0,0,0,0,0,15,3,0,0,0,1,0,3,1,0,2,0,3,2,12,0,3,0,2,0,0,2,0,5,0,4,0,0,0,0,0,0,0,0,0,0,0,0,0,0,0,0,0,0,0,0,0,0,0,0,0,0
"DL10 5",3338,3309,0,0,0,0,0,0,0,0,0,4,0,1,14,0,3,10,1,0,0,0,0,0,0,0,0,0,0,0,0,0,0,0,0,0,0,0,0,0,0,0,0,0,0,1,0,0,0,0,0,0,4,0,0,0,0,0,0,0,0,0,0,0,4,0,3,1,0,2,0,0,0,0,0,0,0,0,0,0,0,0,1,0,0,0,0,0,0,0,0,0,0,0,1,0,0,0,1,1,0,0,0,0
"DL10 6",2793,2757,1,0,0,0,0,0,0,0,0,2,1,1,7,1,1,2,0,1,0,0,0,1,0,1,0,0,0,0,0,0,0,0,1,1,0,0,0,0,0,0,0,1,1,9,1,0,1,0,0,0,8,0,2,0,0,0,0,0,0,0,0,0,6,0,2,0,0,1,1,0,0,0,0,0,0,1,0,0,0,0,0,0,0,0,0,0,0,0,0,0,0,0,0,0,0,0,0,0,0,0,0,0
"DL10 7",6693,6569,0,1,0,0,0,1,0,0,0,3,2,2,42,1,13,24,0,0,0,0,0,0,1,0,2,0,0,0,0,0,1,0,3,0,0,2,1,0,0,0,0,0,0,2,0,0,0,0,0,0,43,0,0,2,0,0,0,0,0,2,4,0,35,0,4,0,2,1,0,0,0,1,0,0,0,10,0,1,1,0,9,0,0,0,0,0,0,0,0,0,0,0,1,0,1,7,1,1,1,0,0,1
"DL11 6",1992,1954,0,0,0,0,0,0,0,0,0,0,1,2,23,0,2,14,1,0,0,0,0,2,0,1,3,0,0,0,0,0,0,0,0,0,0,0,0,0,0,0,0,0,0,1,0,0,0,0,0,0,4,0,0,0,0,4,0,0,0,0,0,0,0,0,1,0,1,0,0,0,0,0,0,0,0,1,0,0,0,0,4,0,0,0,0,4,0,0,0,0,0,0,0,0,0,0,0,0,1,1,0,0
"DL11 7",3222,3193,0,0,0,0,0,0,0,0,0,4,0,0,11,0,1,6,0,1,0,0,2,0,0,0,1,0,0,0,0,0,0,0,0,0,0,0,0,0,0,0,0,0,0,1,0,0,0,0,0,0,5,0,0,0,0,0,0,0,0,0,0,0,5,0,6,0,0,3,0,0,0,3,0,0,0,0,0,0,0,0,2,0,0,0,0,0,0,0,0,0,0,2,0,0,0,0,0,0,0,0,0,0
"DL12 0",2423,2415,0,0,0,0,0,0,0,0,0,0,0,2,2,0,0,1,0,0,1,0,0,0,0,0,0,0,0,0,0,0,0,0,0,0,0,0,0,0,0,0,0,1,0,2,0,0,0,0,0,0,0,0,0,0,0,0,0,0,0,0,0,0,0,0,0,0,0,0,0,0,0,0,0,0,0,0,0,0,0,0,1,0,0,0,0,0,0,0,0,0,0,0,0,0,0,1,0,0,0,0,0,0
"DL12 8",6640,6552,0,1,0,0,0,0,0,1,0,0,1,1,39,2,16,4,0,2,6,6,1,0,0,0,0,0,0,0,2,0,0,0,4,1,0,0,0,3,0,0,0,3,0,0,1,0,0,1,0,0,9,0,3,2,0,0,2,2,0,0,0,0,0,0,28,0,13,8,1,0,0,1,0,3,2,0,0,0,0,0,0,0,0,0,0,0,0,0,0,0,0,0,0,0,0,0,0,0,1,0,0,1
"DL12 9",3056,3030,0,0,0,0,0,0,0,0,0,0,0,0,19,0,5,8,0,0,2,1,0,1,0,0,1,1,0,0,0,0,0,0,0,0,0,0,0,0,0,0,0,0,0,5,0,0,0,0,0,0,1,0,1,0,0,0,0,0,0,0,0,0,0,0,0,0,0,0,0,0,0,0,0,0,0,0,0,0,0,0,1,0,0,0,0,0,0,0,0,0,0,0,0,0,1,0,0,0,0,0,0,0
"DL13 1",1450,1437,0,0,0,0,0,0,0,0,0,3,0,0,4,0,0,3,0,0,0,0,0,0,0,0,0,0,1,0,0,0,0,0,0,0,0,0,0,0,0,0,0,0,0,0,0,0,0,0,0,0,0,0,0,0,0,0,0,0,0,0,0,0,0,0,5,1,0,3,0,0,0,0,0,1,0,0,0,0,0,0,0,0,0,0,0,0,0,0,0,0,0,0,0,0,0,0,0,0,1,1,0,0
"DL13 2",3035,3022,0,1,0,0,0,0,0,1,0,1,0,1,6,0,2,2,0,0,0,0,0,0,0,0,2,0,0,0,0,0,0,0,0,0,0,0,0,0,0,0,0,0,0,0,0,0,0,0,0,0,0,0,0,0,0,0,0,0,0,0,0,0,0,0,3,0,0,2,0,0,0,0,0,1,0,0,0,0,0,0,0,0,0,0,0,0,0,0,0,0,0,0,0,0,0,0,0,0,1,0,0,1
"DL13 3",3028,3016,0,0,0,0,0,0,0,0,0,1,0,0,5,0,2,0,0,0,0,0,1,0,0,0,0,0,2,0,0,0,0,0,0,0,0,0,0,0,0,0,0,0,0,0,0,0,0,0,0,0,1,0,0,0,0,1,0,0,0,0,0,0,0,0,5,0,4,0,0,1,0,0,0,0,0,0,0,0,0,0,0,0,0,0,0,0,0,0,0,0,0,0,0,0,0,0,0,0,0,0,0,0
"DL13 4",3044,3032,0,0,0,0,0,0,0,0,0,1,0,2,2,1,1,0,0,0,0,0,0,0,0,0,0,0,0,0,0,0,0,0,0,0,0,0,0,0,0,0,0,0,0,0,0,0,0,0,0,0,4,0,2,0,0,0,2,0,0,0,0,0,0,0,3,1,0,0,0,0,0,1,0,1,0,0,0,0,0,0,0,0,0,0,0,0,0,0,0,0,0,0,0,0,0,0,0,0,0,0,0,0
"DL13 5",3218,3205,0,0,0,0,0,0,0,0,0,1,0,2,4,2,1,0,0,0,0,0,1,0,0,0,0,0,0,0,0,0,0,0,0,0,0,0,0,0,0,0,0,0,0,1,0,0,0,0,0,0,0,0,0,0,0,0,0,0,0,0,0,0,0,0,4,0,0,0,0,0,0,0,0,3,1,0,0,0,0,0,0,0,0,0,0,0,0,0,0,0,0,0,0,0,0,0,1,1,0,0,0,0
"DL14 0",6128,6099,0,0,0,0,0,0,0,0,0,6,1,0,11,0,3,3,0,0,3,0,0,2,0,0,0,0,0,0,0,0,0,0,1,0,0,0,0,1,0,0,0,0,0,0,1,0,0,1,0,0,2,0,0,0,0,2,0,0,0,0,0,0,0,0,5,0,0,0,0,1,0,1,1,0,2,0,0,0,0,0,0,0,0,0,0,0,0,0,0,0,0,0,0,0,0,0,0,0,2,2,0,0
"DL14 6",11134,10994,0,4,0,0,0,0,0,4,0,5,2,3,61,1,5,40,12,0,0,1,0,0,0,1,0,0,1,0,0,0,0,0,0,0,0,0,0,0,0,0,0,4,0,6,2,0,1,0,0,1,32,4,1,6,0,6,0,0,0,3,12,0,0,0,15,1,0,5,0,0,1,3,4,1,0,0,0,0,0,0,2,0,0,0,0,0,0,0,0,0,0,0,1,0,0,1,1,1,3,2,0,1
"DL14 7",4519,4472,0,0,0,0,0,0,0,0,0,1,0,1,26,3,3,12,0,0,2,0,0,0,0,0,2,0,2,0,0,0,2,0,0,0,0,0,0,0,0,0,0,1,0,0,4,0,1,3,0,0,3,0,3,0,0,0,0,0,0,0,0,0,0,0,9,0,0,7,0,0,0,1,0,0,1,0,0,0,0,0,0,0,0,0,0,0,0,0,0,0,0,0,0,0,0,0,1,1,1,1,0,0
"DL14 8",6561,6504,0,1,0,0,0,0,0,1,0,1,2,0,30,1,3,19,0,0,0,1,0,0,0,1,2,0,0,0,0,0,3,0,0,0,0,0,0,0,0,0,0,3,0,0,2,0,0,2,0,0,7,0,0,4,0,0,0,0,2,0,1,0,0,0,6,0,0,3,0,0,0,0,0,3,0,0,0,0,0,0,2,0,0,0,0,0,0,0,0,0,0,0,2,0,0,0,2,2,1,1,0,0
"DL14 9",7383,7241,1,0,0,0,0,0,0,0,0,2,3,3,96,0,10,63,14,1,3,0,0,1,0,0,1,0,3,0,0,0,0,0,2,0,0,0,2,0,0,0,0,2,1,2,1,0,0,1,0,0,9,2,0,3,0,1,0,0,0,3,0,0,0,0,15,6,0,0,1,0,0,2,0,6,0,0,0,0,0,0,3,0,0,0,0,0,0,0,0,0,0,0,3,0,0,0,0,0,2,2,0,0
"DL15 0",8423,8367,2,1,0,0,0,0,0,1,0,2,2,0,15,0,0,12,0,0,0,1,0,0,0,1,1,0,0,0,0,0,0,0,1,0,0,0,0,1,0,0,0,2,2,3,3,0,0,3,0,0,5,0,0,0,0,1,0,0,0,1,3,0,0,0,11,0,2,2,0,0,0,0,1,6,0,0,0,0,0,0,1,0,0,0,0,0,0,0,0,0,0,0,1,0,0,0,1,1,5,2,0,3
"DL15 8",5107,5077,0,0,0,0,0,0,0,0,0,2,1,2,10,1,2,3,1,0,0,0,0,0,1,0,0,0,1,0,0,0,1,0,0,0,0,0,0,0,0,0,0,1,2,0,0,0,0,0,0,0,5,0,0,5,0,0,0,0,0,0,0,0,0,0,7,0,0,4,0,0,0,1,0,2,0,0,0,0,0,0,0,0,0,0,0,0,0,0,0,0,0,0,0,0,0,0,0,0,0,0,0,0
"DL15 9",8134,8068,1,0,0,0,0,0,0,0,0,4,3,0,36,0,0,27,1,0,3,0,0,0,0,1,2,1,1,0,0,0,0,0,0,0,0,0,0,0,0,0,0,1,0,0,3,0,1,2,0,0,3,0,0,1,0,2,0,0,0,0,0,0,0,0,12,3,4,3,0,0,0,1,0,1,0,0,0,0,0,0,1,1,0,0,0,0,0,0,0,0,0,0,0,0,0,0,0,0,2,1,1,0
"DL16 6",10839,10793,0,1,0,0,0,0,0,1,0,1,3,0,20,0,3,6,2,0,1,0,0,2,1,2,3,0,0,0,0,0,0,0,0,0,0,0,0,0,0,0,0,2,2,3,0,0,0,0,0,0,6,2,0,2,0,0,1,0,1,0,0,0,0,0,5,1,0,4,0,0,0,0,0,0,0,0,0,0,0,0,1,0,0,0,0,0,0,0,0,0,0,0,1,0,0,0,1,1,1,1,0,0
"DL16 7",8268,8217,0,0,0,0,0,0,0,0,0,2,0,3,23,1,3,8,0,0,3,0,0,5,1,0,1,1,0,0,0,0,0,0,0,0,0,0,0,0,0,0,0,1,0,3,1,0,1,0,0,0,4,0,0,2,0,2,0,0,0,0,0,0,0,0,14,0,6,6,0,0,0,1,0,1,0,0,0,0,0,0,0,0,0,0,0,0,0,0,0,0,0,0,0,0,0,0,0,0,0,0,0,0
"DL17 0",4773,4747,0,0,0,0,0,0,0,0,0,4,0,2,3,0,0,1,0,0,0,2,0,0,0,0,0,0,0,0,0,0,0,0,0,0,0,0,0,0,0,0,0,2,3,4,2,0,0,2,0,0,1,0,0,1,0,0,0,0,0,0,0,0,0,0,2,0,1,0,0,0,0,0,1,0,0,0,0,0,0,0,0,0,0,0,0,0,0,0,0,0,0,0,0,0,0,0,0,0,3,3,0,0
"DL17 8",8642,8584,0,1,1,0,0,0,0,0,0,2,0,0,28,1,4,13,3,3,0,3,0,0,0,1,0,0,0,0,0,0,0,0,0,0,0,0,0,0,0,0,0,1,2,0,0,0,0,0,0,0,7,0,0,1,0,5,0,0,0,0,0,0,0,1,11,0,0,4,0,0,0,6,0,1,0,0,0,0,0,0,3,1,0,0,0,0,0,0,0,0,0,0,0,0,0,2,0,0,3,1,0,2
"DL17 9",3647,3608,0,0,0,0,0,0,0,0,0,0,0,5,22,1,3,12,0,0,0,1,0,0,1,1,1,0,2,0,0,0,0,0,0,0,0,0,0,0,0,0,0,1,0,0,0,0,0,0,0,0,3,0,1,1,0,0,0,0,0,1,0,0,0,0,6,0,2,2,0,1,0,0,0,1,0,0,0,0,0,0,0,0,0,0,0,0,0,0,0,0,0,0,0,0,0,0,1,1,1,0,0,1
"DL2  1",5675,5619,0,0,0,0,0,0,0,0,0,1,2,1,9,0,2,0,0,3,1,0,0,0,1,0,0,2,0,0,0,0,0,0,0,0,0,0,0,0,0,0,0,0,0,8,3,0,1,0,0,2,12,0,4,5,0,2,0,0,0,0,1,0,0,0,16,0,5,3,0,0,0,0,0,6,2,0,0,0,0,0,0,0,0,0,0,0,0,0,0,0,0,0,0,0,0,0,1,1,3,2,0,1
"DL2  2",6918,6851,1,0,0,0,0,0,0,0,0,2,0,0,30,1,5,18,0,0,1,0,0,1,0,0,1,2,0,0,1,0,0,0,2,0,0,0,0,2,0,0,0,1,5,6,1,1,0,0,0,0,4,0,0,1,0,3,0,0,0,0,0,0,0,0,6,0,1,1,1,0,0,1,0,2,0,4,0,0,0,0,2,0,0,0,0,0,0,0,0,1,0,0,0,0,0,1,1,1,2,2,0,0
"DL2  3",3811,3794,0,0,0,0,0,0,0,0,0,0,1,3,8,0,5,2,0,0,1,0,0,0,0,0,0,0,0,0,0,0,0,0,0,0,0,0,0,0,0,0,0,0,0,0,0,0,0,0,0,0,1,1,0,0,0,0,0,0,0,0,0,0,0,0,3,0,0,0,0,0,0,0,0,1,2,0,0,0,0,0,0,0,0,0,0,0,0,0,0,0,0,0,0,0,0,0,0,0,1,1,0,0
"DL3  0",14526,14280,1,1,0,1,0,0,0,0,0,5,0,0,137,1,4,96,2,3,11,8,0,7,0,1,1,0,3,0,0,0,0,0,0,0,0,0,0,0,0,0,0,6,2,9,9,0,5,3,0,1,47,0,1,18,0,10,2,0,0,0,13,0,3,0,23,2,3,7,1,0,1,2,0,7,0,0,0,0,0,0,3,0,0,0,0,0,0,0,0,0,1,0,2,0,0,0,0,0,3,3,0,0
"DL3  6",8191,7586,1,0,0,0,0,0,0,0,0,5,3,8,252,7,6,164,4,8,8,40,3,2,1,2,4,3,0,0,0,0,0,0,4,0,3,1,0,0,0,0,0,10,5,28,26,0,17,8,0,1,208,10,6,8,0,157,2,0,0,11,11,0,0,3,38,8,0,14,2,0,3,2,0,8,1,0,0,0,0,0,11,0,0,0,0,0,4,0,0,0,0,0,0,0,1,6,3,3,3,2,0,1
"DL3  7",3960,3801,0,0,0,0,0,0,0,0,0,5,0,3,70,8,9,34,2,1,5,2,0,3,2,1,0,1,1,1,0,0,0,0,0,0,0,0,0,0,0,0,0,6,4,7,12,0,6,4,2,0,32,2,0,0,0,15,0,0,3,2,2,0,6,2,18,0,0,4,2,2,0,9,0,1,0,0,0,0,0,0,1,0,0,0,0,0,0,0,0,0,0,0,1,0,0,0,0,0,1,1,0,0
"DL3  8",7587,7473,0,0,0,0,0,0,0,0,0,5,0,5,31,6,2,3,0,2,4,1,0,0,3,2,7,0,0,1,0,0,0,0,0,0,0,0,0,0,0,0,0,3,1,0,2,0,0,2,0,0,52,15,0,21,0,2,0,4,0,6,2,0,0,2,11,0,5,4,1,0,0,0,0,1,0,0,0,0,0,0,0,0,0,0,0,0,0,0,0,0,0,0,0,0,0,0,3,3,1,1,0,0
"DL3  9",8814,8698,0,0,0,0,0,0,0,0,0,0,1,3,40,0,5,9,0,5,0,13,0,1,1,1,4,1,0,0,0,0,0,0,1,0,1,0,0,0,0,0,0,1,6,5,6,0,2,2,2,0,28,0,2,1,0,8,0,0,0,10,6,1,0,0,16,0,6,4,0,0,0,4,0,0,2,0,0,0,0,0,7,0,0,0,0,0,0,0,0,0,0,6,0,0,0,1,0,0,2,2,0,0
"DL4  1",4775,4733,0,0,0,0,0,0,0,0,0,0,0,0,30,1,1,25,0,0,0,0,3,0,0,0,0,0,0,0,0,0,0,0,1,1,0,0,0,0,0,0,0,0,0,1,0,0,0,0,0,0,3,0,0,0,0,0,0,0,0,0,0,3,0,0,5,0,0,2,0,0,0,3,0,0,0,0,0,0,0,0,1,0,0,0,0,0,0,1,0,0,0,0,0,0,0,0,0,0,1,0,0,1
"DL4  2",4820,4781,0,0,0,0,0,0,0,0,0,0,0,2,24,0,5,17,2,0,0,0,0,0,0,0,0,0,0,0,0,0,0,0,0,0,0,0,0,0,0,0,0,1,1,0,1,0,1,0,0,0,4,0,0,0,0,0,0,0,0,0,0,1,0,3,5,0,0,2,0,0,0,2,1,0,0,0,0,0,0,0,0,0,0,0,0,0,0,0,0,0,0,0,0,0,0,0,0,0,1,1,0,0
"DL5  4",9179,9065,0,1,0,0,0,0,0,1,0,1,2,1,70,3,3,57,1,0,0,2,0,0,0,1,2,0,0,1,0,0,0,0,0,0,0,0,0,0,0,0,0,1,1,3,1,0,0,1,0,0,3,0,0,0,0,3,0,0,0,0,0,0,0,0,22,0,10,5,1,1,0,3,1,0,1,0,0,0,0,0,1,0,0,0,0,0,0,0,1,0,0,0,0,0,0,0,2,2,5,3,0,2
"DL5  5",5993,5940,0,0,0,0,0,0,0,0,0,0,0,0,45,0,0,39,0,1,0,2,1,1,0,0,1,0,0,0,0,0,0,0,0,0,0,0,0,0,0,0,0,0,2,0,0,0,0,0,0,0,1,0,0,1,0,0,0,0,0,0,0,0,0,0,3,0,0,1,0,0,0,2,0,0,0,0,0,0,0,0,0,0,0,0,0,0,0,0,0,0,0,0,0,0,0,0,1,1,1,0,0,1
"DL5  6",3917,3890,0,0,0,0,0,0,0,0,0,1,3,0,10,0,1,4,0,0,0,0,0,0,0,0,0,4,1,0,0,0,0,0,2,0,0,0,0,2,0,0,0,0,0,3,3,0,0,3,0,0,2,0,0,0,0,2,0,0,0,0,0,0,0,0,3,0,0,1,0,0,0,1,1,0,0,0,0,0,0,0,0,0,0,0,0,0,0,0,0,0,0,0,0,0,0,0,0,0,0,0,0,0
"DL5  7",9208,9060,0,6,0,0,0,0,0,5,1,5,0,1,106,0,1,101,1,0,0,1,0,0,0,1,0,0,0,0,0,0,1,0,0,0,0,0,0,0,0,0,0,0,2,2,0,0,0,0,0,0,6,0,0,1,0,0,1,0,0,3,0,0,0,1,12,2,2,1,0,2,0,1,0,4,0,0,0,0,0,0,0,0,0,0,0,0,0,0,0,0,0,0,0,0,0,0,1,1,7,7,0,0
"DL6  1",8562,8406,0,0,0,0,0,0,0,0,0,7,2,7,63,0,5,39,8,5,0,0,4,1,0,0,0,0,0,0,0,0,1,0,2,1,0,0,1,0,0,0,0,2,3,4,2,0,0,0,0,2,47,6,0,0,0,4,0,0,1,4,28,0,0,4,12,0,1,8,0,0,0,0,0,3,0,2,0,0,0,0,0,0,0,0,0,0,0,0,0,0,0,0,0,0,0,0,0,0,3,1,0,2
"DL6  2",3881,3849,1,0,0,0,0,0,0,0,0,3,0,2,18,0,0,9,0,1,2,2,0,1,2,0,0,0,0,0,1,0,0,0,0,0,0,0,0,0,0,0,0,1,0,1,0,0,0,0,0,0,1,0,0,0,0,0,0,0,0,0,1,0,0,0,4,0,0,1,1,0,0,1,0,0,1,0,0,0,0,0,0,0,0,0,0,0,0,0,0,0,0,0,0,0,0,0,0,0,1,0,0,1
"DL6  3",2621,2601,0,0,0,0,0,0,0,0,0,1,0,0,17,0,0,6,5,0,0,0,0,2,0,0,4,0,0,0,0,0,0,0,0,0,0,0,0,0,0,0,0,1,0,1,0,0,0,0,0,0,0,0,0,0,0,0,0,0,0,0,0,0,0,0,0,0,0,0,0,0,0,0,0,0,0,0,0,0,0,0,0,0,0,0,0,0,0,0,0,0,0,0,0,0,0,0,0,0,0,0,0,0
"DL7  0",3055,3043,0,0,0,0,0,0,0,0,0,2,0,0,7,0,1,0,3,1,1,0,0,0,0,1,0,0,0,0,0,0,0,0,0,0,0,0,0,0,0,0,0,2,0,0,0,0,0,0,0,0,0,0,0,0,0,0,0,0,0,0,0,0,0,0,1,0,0,0,0,0,0,1,0,0,0,0,0,0,0,0,0,0,0,0,0,0,0,0,0,0,0,0,0,0,0,0,0,0,0,0,0,0
"DL7  8",7526,7424,3,0,0,0,0,0,0,0,0,2,0,2,50,1,4,23,6,0,3,3,3,0,0,0,2,1,1,0,1,0,2,0,3,0,0,1,1,1,0,0,0,6,0,0,3,0,1,2,0,0,14,1,0,0,0,3,0,0,2,0,2,0,6,0,15,0,3,1,1,0,0,3,0,7,0,0,0,0,0,0,1,0,0,0,0,0,0,0,0,0,0,0,0,0,1,0,0,0,3,3,0,0
"DL7  9",5103,5019,4,0,0,0,0,0,0,0,0,1,1,0,51,4,7,19,9,5,1,1,3,0,0,0,2,0,0,0,0,0,0,0,0,0,0,0,0,0,0,0,0,3,3,2,0,0,0,0,0,0,9,3,0,0,0,0,0,0,0,0,4,0,2,0,8,0,0,0,1,0,0,0,1,4,2,0,0,0,0,0,2,0,0,0,0,0,0,0,0,0,0,0,2,0,0,0,0,0,0,0,0,0
"DL8  1",4470,4427,0,3,0,0,0,0,0,3,0,2,1,1,29,0,0,22,3,0,0,1,2,1,0,0,0,0,0,0,0,0,0,0,0,0,0,0,0,0,0,0,0,2,1,0,0,0,0,0,0,0,1,0,0,0,0,0,0,0,0,0,0,0,1,0,2,0,1,1,0,0,0,0,0,0,0,0,0,0,0,0,0,0,0,0,0,0,0,0,0,0,0,0,0,0,0,0,0,0,1,0,0,1
"DL8  2",4398,4351,5,0,0,0,0,0,0,0,0,2,0,0,27,0,0,6,9,3,1,0,1,6,0,0,1,0,0,0,0,0,0,0,3,0,0,0,0,3,0,0,0,0,1,0,0,0,0,0,0,0,1,0,0,0,0,1,0,0,0,0,0,0,0,0,4,0,2,2,0,0,0,0,0,0,0,0,0,0,0,0,2,0,0,0,0,0,0,0,0,0,0,0,1,1,0,0,2,2,0,0,0,0
"DL8  3",2869,2762,0,0,0,0,0,0,0,0,0,3,0,1,39,0,4,17,3,0,1,12,1,0,0,0,0,0,1,0,0,0,0,0,6,0,2,0,0,4,0,0,0,6,0,0,0,0,0,0,0,0,43,0,1,0,0,0,0,0,0,0,0,0,42,0,2,0,0,0,0,0,0,2,0,0,0,5,0,0,0,0,1,0,0,0,0,0,0,0,1,0,0,0,0,0,0,0,0,0,1,1,0,0
"DL8  4",3025,2939,0,0,0,0,0,0,0,0,0,3,0,2,31,0,1,14,6,1,0,4,0,0,0,0,2,2,0,0,1,0,0,0,2,0,0,2,0,0,0,0,0,3,0,0,0,0,0,0,0,0,36,0,0,0,0,12,0,0,0,0,0,0,24,0,2,0,0,0,0,0,0,2,0,0,0,6,0,0,0,0,1,0,0,0,0,0,0,0,0,0,0,1,0,0,0,0,0,0,0,0,0,0
"DL8  5",3508,3481,0,0,0,0,0,0,0,0,0,1,2,2,9,0,3,0,3,0,0,0,0,0,0,0,0,0,0,0,3,0,0,0,1,0,0,1,0,0,0,0,0,0,0,0,0,0,0,0,0,0,0,0,0,0,0,0,0,0,0,0,0,0,0,0,4,1,0,1,0,0,0,1,0,1,0,4,0,0,0,0,3,0,0,0,0,0,0,0,0,0,0,1,0,0,0,2,1,1,0,0,0,0
"DL9  3",7006,6503,6,1,1,0,0,0,0,0,0,9,2,3,43,0,13,19,0,1,0,2,1,3,0,0,3,0,1,0,0,0,0,0,1,0,1,0,0,0,0,0,0,0,4,1,0,0,0,0,0,0,338,3,1,3,0,0,0,0,0,2,5,0,323,1,22,1,0,3,0,0,0,6,0,6,6,33,0,0,0,0,37,0,0,0,0,4,0,1,6,0,0,1,9,0,7,9,3,3,0,0,0,0
"DL9  4",7936,7332,6,1,1,0,0,0,0,0,0,3,2,2,90,0,16,59,1,0,2,0,1,7,1,1,1,0,1,0,0,0,0,0,5,0,4,1,0,0,0,0,0,5,5,2,0,0,0,0,0,0,383,3,2,0,0,1,0,0,0,0,0,0,376,1,33,1,5,5,1,0,0,3,1,17,0,39,0,0,0,0,25,0,0,0,0,0,0,2,0,4,0,0,3,0,0,16,2,2,1,0,0,1
"DN1  1",278,169,0,0,0,0,0,0,0,0,0,0,1,0,72,1,2,56,0,1,2,4,6,0,0,0,0,0,0,0,0,0,0,0,0,0,0,0,0,0,0,0,0,4,5,3,3,0,3,0,0,0,2,0,0,2,0,0,0,0,0,0,0,0,0,0,18,3,6,8,0,0,0,1,0,0,0,0,0,0,0,0,1,0,0,0,0,0,0,0,1,0,0,0,0,0,0,0,0,0,0,0,0,0
"DN1  2",6119,4352,0,0,0,0,0,0,0,0,0,20,1,18,1095,6,7,763,92,36,11,58,110,7,2,0,1,0,0,0,0,2,0,0,9,8,0,0,0,1,0,0,0,33,52,39,121,0,63,38,15,5,246,150,3,52,12,7,0,0,0,2,0,3,13,4,92,23,12,36,0,0,1,5,2,8,5,0,0,0,0,0,24,1,1,1,0,1,0,0,3,0,5,1,1,1,7,2,5,5,12,12,0,0
"DN1  3",1932,1485,0,0,0,0,0,0,0,0,0,9,0,0,144,0,2,89,12,19,0,11,9,0,0,1,0,0,0,0,0,1,0,0,3,1,0,2,0,0,0,0,0,10,16,12,184,0,140,13,30,1,26,4,0,12,0,0,0,0,0,4,0,6,0,0,17,5,2,4,0,0,2,1,0,2,1,0,0,0,0,0,21,0,0,1,0,4,0,0,1,4,1,1,0,2,5,2,1,1,4,4,0,0
"DN10 4",5162,5133,1,0,0,0,0,0,0,0,0,1,2,1,15,3,5,3,0,1,0,0,0,0,1,0,0,1,1,0,0,0,0,0,1,0,1,0,0,0,0,0,0,1,0,0,1,0,1,0,0,0,2,0,0,0,0,0,0,0,0,0,0,1,1,0,2,0,0,0,0,0,0,1,0,0,1,0,0,0,0,0,2,0,0,0,0,0,0,0,1,0,0,1,0,0,0,0,0,0,0,0,0,0
"DN10 5",1592,1579,0,0,0,0,0,0,0,0,0,0,0,0,5,1,0,3,0,0,0,1,0,0,0,0,0,0,0,0,0,0,0,0,0,0,0,0,0,0,0,0,0,0,0,0,0,0,0,0,0,0,0,0,0,0,0,0,0,0,0,0,0,0,0,0,1,0,0,0,0,1,0,0,0,0,0,0,0,0,0,0,7,0,0,0,0,1,0,0,0,0,0,3,0,0,0,3,0,0,0,0,0,0
"DN10 6",5010,4934,2,1,0,0,0,0,0,1,0,2,0,4,29,1,5,17,1,0,0,0,0,2,0,0,0,3,0,0,0,0,0,0,3,0,0,0,0,3,0,0,0,4,3,2,2,0,1,0,0,1,9,0,2,6,0,1,0,0,0,0,0,0,0,0,9,0,2,5,0,0,0,0,0,1,1,0,0,0,0,0,1,0,0,0,0,0,0,0,0,0,0,0,1,0,0,0,0,0,5,3,0,2
"DN11 0",12975,12815,1,5,0,0,0,0,0,5,0,0,1,1,88,2,0,65,1,0,3,6,3,1,2,3,0,0,1,0,0,0,1,0,7,6,0,0,0,1,0,0,0,1,3,1,7,0,0,7,0,0,11,7,0,0,0,0,0,0,0,4,0,0,0,0,12,0,0,11,0,0,0,0,0,1,0,0,0,0,0,0,10,0,0,0,0,0,0,0,0,0,0,5,0,0,0,5,2,2,10,9,1,0
"DN11 8",8019,7892,1,0,0,0,0,0,0,0,0,1,1,0,53,4,4,33,0,0,2,2,0,4,2,0,1,0,1,0,0,0,0,0,0,0,0,0,0,0,0,0,0,6,5,1,1,0,1,0,0,0,41,0,4,8,0,4,0,0,0,0,25,0,0,0,14,5,3,4,0,0,0,0,0,1,1,1,0,0,0,0,1,0,0,0,0,0,0,0,0,0,0,0,1,0,0,0,0,0,1,0,1,0
"DN11 9",6367,6325,0,0,0,0,0,0,0,0,0,3,0,1,19,1,3,12,0,1,0,0,0,0,0,1,0,1,0,0,0,0,0,0,0,0,0,0,0,0,0,0,0,0,2,0,4,0,1,3,0,0,6,5,0,0,0,0,1,0,0,0,0,0,0,0,6,0,1,0,0,0,0,1,0,3,1,0,0,0,0,0,0,0,0,0,0,0,0,0,0,0,0,0,0,0,0,0,0,0,1,1,0,0
"DN12 1",7539,7348,0,2,0,0,0,0,0,2,0,5,2,1,124,1,2,115,2,1,0,2,1,0,0,0,0,0,0,0,0,0,0,0,1,0,0,1,0,0,0,0,0,0,11,0,1,0,1,0,0,0,15,2,0,5,0,0,0,0,0,0,6,1,1,0,12,0,0,2,0,0,1,6,0,3,0,0,0,0,0,0,9,0,0,0,0,0,0,0,0,0,0,4,1,0,0,4,0,0,8,7,0,1
"DN12 2",5688,5651,1,0,0,0,0,0,0,0,0,0,2,0,21,0,1,11,7,0,0,1,0,1,0,0,0,0,0,0,0,0,0,0,1,1,0,0,0,0,0,0,0,0,0,2,0,0,0,0,0,0,0,0,0,0,0,0,0,0,0,0,0,0,0,0,7,0,2,5,0,0,0,0,0,0,0,0,0,0,0,0,0,0,0,0,0,0,0,0,0,0,0,0,0,0,0,0,1,1,2,2,0,0
"DN12 3",5584,5547,0,0,0,0,0,0,0,0,0,0,1,0,13,4,1,6,0,1,0,0,0,0,1,0,0,0,0,0,0,0,0,0,2,1,1,0,0,0,0,0,0,0,1,0,3,0,0,3,0,0,8,0,0,1,0,3,0,0,0,4,0,0,0,0,8,1,0,3,0,0,0,3,0,1,0,0,0,0,0,0,1,0,0,0,0,0,0,1,0,0,0,0,0,0,0,0,0,0,0,0,0,0
"DN12 4",4362,4312,0,0,0,0,0,0,0,0,0,2,1,0,23,0,0,18,0,0,0,0,3,0,0,0,0,1,1,0,0,0,0,0,3,2,1,0,0,0,0,0,0,1,2,2,3,0,0,3,0,0,2,0,0,0,0,0,0,0,2,0,0,0,0,0,5,0,3,0,0,0,0,2,0,0,0,0,0,0,0,0,3,0,0,2,0,0,0,0,1,0,0,0,0,0,0,0,0,0,3,2,1,0
"DN14 0",7105,7029,0,0,0,0,0,0,0,0,0,4,1,1,37,2,6,19,0,0,0,3,7,0,0,0,0,0,0,0,0,0,0,0,1,0,0,1,0,0,0,0,0,6,1,0,0,0,0,0,0,0,11,0,4,0,0,0,0,0,0,0,0,0,6,1,7,0,1,4,1,0,0,1,0,0,0,0,0,0,0,0,4,0,0,0,0,0,1,0,0,0,0,1,0,0,1,1,0,0,3,1,1,1
"DN14 5",7506,6991,0,0,0,0,0,0,0,0,0,0,44,2,365,2,0,218,4,0,2,22,109,3,3,0,0,0,2,0,0,0,0,0,0,0,0,0,0,0,0,0,0,79,4,3,3,0,2,0,0,1,3,0,0,1,0,0,0,0,0,2,0,0,0,0,9,3,3,3,0,0,0,0,0,0,0,1,0,0,0,0,1,0,0,0,0,1,0,0,0,0,0,0,0,0,0,0,0,0,1,1,0,0
"DN14 6",12438,11289,0,1,1,0,0,0,0,0,0,3,92,8,852,2,4,480,10,0,0,43,299,1,4,0,1,3,1,0,0,0,0,4,4,0,4,0,0,0,0,0,0,120,3,7,7,1,0,6,0,0,16,5,0,7,0,1,2,0,0,1,0,0,0,0,32,1,4,19,0,0,0,2,0,6,0,0,0,0,0,0,0,0,0,0,0,0,0,0,0,0,0,0,0,0,0,0,0,0,4,1,0,3
"DN14 7",6951,6876,0,0,0,0,0,0,0,0,0,2,5,2,36,2,2,21,0,0,1,1,8,0,1,0,0,0,0,0,0,0,0,0,2,0,2,0,0,0,0,0,0,4,0,1,3,0,1,0,0,2,7,1,2,0,0,0,0,0,2,0,0,0,0,2,12,0,5,3,0,0,0,2,0,2,0,0,0,0,0,0,0,0,0,0,0,0,0,0,0,0,0,0,0,0,0,0,0,0,1,1,0,0
"DN14 8",4675,4647,0,0,0,0,0,0,0,0,0,4,2,1,16,0,1,10,0,0,0,2,1,0,0,0,0,0,2,0,0,0,0,0,0,0,0,0,0,0,0,0,0,2,1,0,0,0,0,0,0,0,0,0,0,0,0,0,0,0,0,0,0,0,0,0,1,0,0,0,0,0,0,1,0,0,0,0,0,0,0,0,0,0,0,0,0,0,0,0,0,0,0,0,0,0,0,0,0,0,1,1,0,0
"DN14 9",5962,5899,0,0,0,0,0,0,0,0,0,4,1,3,33,1,3,19,0,0,0,2,4,0,1,2,1,0,0,0,0,0,0,0,0,0,0,0,0,0,0,0,0,5,0,0,4,0,2,2,0,0,5,2,0,1,0,0,2,0,0,0,0,0,0,0,8,0,0,5,0,0,0,2,0,1,0,0,0,0,0,0,0,0,0,0,0,0,0,0,0,0,0,0,0,0,0,0,0,0,0,0,0,0
"DN15 0",1048,1026,0,0,0,0,0,0,0,0,0,0,4,2,10,0,1,2,2,0,0,5,0,0,0,0,0,0,0,0,0,0,0,0,0,0,0,0,0,0,0,0,0,0,1,0,0,0,0,0,0,0,0,0,0,0,0,0,0,0,0,0,0,0,0,0,2,0,0,0,0,1,0,0,0,0,1,0,0,0,0,0,0,0,0,0,0,0,0,0,0,0,0,0,0,0,0,0,0,0,3,1,0,2
"DN15 6",4843,3498,0,1,0,0,0,0,0,1,0,7,62,3,799,26,1,476,36,3,1,207,46,0,1,1,1,0,0,0,0,0,0,0,1,0,0,0,1,0,0,0,0,11,3,26,81,0,55,0,26,0,287,29,5,50,0,181,5,0,0,10,0,3,0,4,37,0,10,23,0,0,0,3,0,1,0,0,0,0,0,0,20,0,0,12,0,0,0,0,0,0,0,1,0,0,0,7,4,4,3,1,1,1
"DN15 7",8184,6431,0,1,1,0,0,0,0,0,0,2,89,9,830,15,1,480,50,2,5,228,25,18,0,1,2,0,0,1,1,0,1,0,2,0,0,1,1,0,0,0,0,8,23,11,88,0,42,0,46,0,597,113,3,53,0,371,2,2,3,17,19,4,0,10,57,3,6,24,0,0,0,10,1,5,8,0,0,0,0,0,26,0,0,13,0,0,0,0,0,0,0,3,0,0,0,10,6,6,4,2,0,2
"DN15 8",11660,10591,0,2,0,0,0,0,0,2,0,2,47,5,682,28,1,459,24,2,0,148,9,3,0,2,5,0,0,0,1,0,0,0,13,0,0,7,0,6,0,0,0,9,2,16,19,0,12,0,7,0,190,43,4,51,0,70,3,0,3,10,2,0,1,3,45,0,6,17,1,0,0,4,0,4,13,0,0,0,0,0,32,0,0,13,0,4,0,0,0,0,0,8,1,4,0,2,1,1,4,4,0,0
"DN15 9",9341,9259,0,1,0,0,0,0,0,1,0,2,2,1,47,0,6,22,5,0,0,8,0,0,0,0,1,3,2,0,0,0,0,0,0,0,0,0,0,0,0,0,0,1,1,2,2,0,2,0,0,0,2,0,0,2,0,0,0,0,0,0,0,0,0,0,20,1,4,6,0,0,0,6,0,3,0,0,0,0,0,0,1,1,0,0,0,0,0,0,0,0,0,0,0,0,0,0,0,0,0,0,0,0
"DN16 1",8622,8188,0,1,0,0,0,0,0,1,0,0,11,0,319,2,1,250,5,0,1,52,7,0,0,0,0,0,0,1,0,0,0,0,0,0,0,0,0,0,0,0,0,12,7,5,4,0,4,0,0,0,42,9,5,17,0,2,0,1,0,7,0,0,0,1,32,1,7,10,1,0,0,6,0,7,0,0,0,0,0,0,0,0,0,0,0,0,0,0,0,0,0,0,0,0,0,0,0,0,1,1,0,0
"DN16 2",8365,8066,1,0,0,0,0,0,0,0,0,3,4,5,156,4,2,126,9,1,0,13,0,0,0,0,1,0,0,0,0,0,0,0,5,0,4,1,0,0,0,0,0,3,11,0,0,0,0,0,0,0,55,0,4,5,0,20,0,0,0,9,17,0,0,0,33,3,6,18,0,0,0,6,0,0,0,0,0,0,0,0,13,0,0,0,0,0,3,0,0,0,0,4,3,0,0,3,0,0,10,9,0,1
"DN16 3",13380,13010,2,1,0,0,0,0,0,0,1,7,11,4,207,6,4,135,10,0,2,39,6,0,0,5,0,0,0,0,0,0,0,0,2,0,0,2,0,0,0,0,0,4,7,7,7,0,1,3,2,1,56,8,5,9,0,6,0,0,0,20,7,0,0,1,38,2,1,26,0,0,0,3,0,3,3,0,0,0,0,0,8,0,0,0,0,0,0,0,0,0,0,0,0,1,1,6,2,2,7,3,0,4
"DN17 1",11494,11008,0,2,0,0,0,0,0,2,0,7,20,9,339,12,2,263,9,3,0,42,1,3,0,1,1,0,0,0,0,0,2,0,0,0,0,0,0,0,0,0,0,5,3,3,7,0,7,0,0,0,46,10,0,8,0,18,1,0,0,0,2,1,0,6,32,1,4,23,0,0,0,3,0,1,0,0,0,0,0,0,4,0,0,1,0,0,1,0,0,0,0,0,0,0,0,2,3,3,6,4,0,2
"DN17 2",11075,10816,2,0,0,0,0,0,0,0,0,0,3,3,172,7,1,130,3,0,0,19,7,0,0,2,1,1,1,0,0,0,0,0,1,0,0,1,0,0,0,0,0,2,8,1,2,0,1,0,1,0,15,1,2,6,0,1,1,0,0,4,0,0,0,0,44,2,8,27,0,0,1,4,0,2,0,0,0,1,1,0,1,0,0,0,0,0,0,0,1,0,0,0,0,0,0,0,1,1,3,2,1,0
"DN17 3",7111,7009,1,0,0,0,0,0,0,0,0,3,1,3,55,3,3,30,0,0,0,16,0,1,0,0,1,1,0,0,0,0,0,0,1,0,0,1,0,0,0,0,0,2,0,0,1,0,0,0,1,0,14,2,1,4,0,0,0,0,2,0,3,0,0,2,17,0,0,7,0,0,0,7,1,2,0,0,0,0,0,0,2,0,0,0,0,0,0,0,0,0,0,1,1,0,0,0,0,0,2,1,0,1
"DN17 4",6149,6112,0,0,0,0,0,0,0,0,0,0,2,2,12,0,2,8,1,0,1,0,0,0,0,0,0,0,0,0,0,0,0,0,0,0,0,0,0,0,0,0,0,0,0,0,1,0,1,0,0,0,9,2,1,3,0,0,0,0,0,0,0,3,0,0,9,0,3,4,0,0,0,2,0,0,0,0,0,0,0,0,0,0,0,0,0,0,0,0,0,0,0,0,0,0,0,0,1,1,1,0,0,1
"DN18 5",8376,8322,1,0,0,0,0,0,0,0,0,0,0,3,17,0,1,10,0,2,0,3,1,0,0,0,0,0,0,0,0,0,0,0,0,0,0,0,0,0,0,0,0,3,3,1,0,0,0,0,0,0,2,0,0,0,0,0,0,0,0,0,2,0,0,0,18,4,4,4,0,0,0,2,0,4,0,0,0,0,0,0,1,0,0,0,0,0,0,0,0,0,0,0,1,0,0,0,0,0,5,5,0,0
"DN18 6",2912,2871,0,1,0,0,0,0,0,1,0,0,0,0,32,1,2,18,0,3,0,2,2,0,0,0,0,0,0,0,4,0,0,0,0,0,0,0,0,0,0,0,0,0,0,0,0,0,0,0,0,0,0,0,0,0,0,0,0,0,0,0,0,0,0,0,8,0,2,3,0,1,0,1,0,1,0,0,0,0,0,0,0,0,0,0,0,0,0,0,0,0,0,0,0,0,0,0,0,0,0,0,0,0
"DN19 7",6084,6041,0,0,0,0,0,0,0,0,0,0,3,0,21,0,4,13,0,0,0,2,0,0,0,2,0,0,0,0,0,0,0,0,0,0,0,0,0,0,0,0,0,0,0,1,0,0,0,0,0,0,0,0,0,0,0,0,0,0,0,0,0,0,0,0,10,2,0,3,0,0,0,3,0,2,0,0,0,0,0,0,4,0,0,0,0,0,0,0,0,0,0,0,4,0,0,0,0,0,4,1,1,2
"DN2  4",7821,6977,0,1,0,0,0,1,0,0,0,10,6,10,521,0,5,436,17,9,7,21,17,1,6,1,1,0,0,0,0,0,0,0,2,2,0,0,0,0,0,0,0,1,56,14,47,0,23,16,4,4,122,64,1,32,0,3,0,0,2,10,0,2,7,1,19,3,3,6,0,0,3,1,0,3,0,0,0,0,0,0,15,0,0,1,0,0,5,0,0,0,2,2,0,0,0,5,2,2,18,16,2,0
"DN2  5",7842,7188,0,0,0,0,0,0,0,0,0,9,1,7,290,5,5,237,9,3,5,9,9,3,3,1,1,0,0,0,0,0,0,0,9,7,2,0,0,0,0,0,0,13,43,13,34,0,19,8,6,1,176,93,4,20,0,1,0,1,0,5,3,0,47,2,30,8,8,7,0,0,0,4,0,0,3,0,0,0,0,0,7,0,0,0,0,0,0,0,0,0,1,0,1,0,4,1,4,4,18,17,0,1
"DN2  6",7941,7165,0,1,0,0,0,0,0,1,0,9,1,1,265,1,2,220,9,2,2,8,10,3,2,0,5,1,0,0,0,0,0,0,19,19,0,0,0,0,0,0,0,13,64,13,67,0,47,17,2,1,212,30,2,7,0,0,0,0,0,4,9,0,151,9,19,0,6,6,0,0,0,2,0,5,0,0,0,0,0,0,19,0,0,0,0,2,1,0,2,0,1,4,0,0,0,9,0,0,73,73,0,0
"DN20 0",6678,6605,1,0,0,0,0,0,0,0,0,0,1,4,44,3,3,26,1,2,2,0,5,0,0,1,1,0,0,0,0,0,0,0,1,0,1,0,0,0,0,0,0,1,1,2,1,0,0,0,0,1,1,0,0,0,0,0,0,0,0,0,1,0,0,0,11,0,1,6,0,0,0,2,0,1,1,0,0,0,0,0,0,0,0,0,0,0,0,0,0,0,0,0,0,0,0,0,0,0,5,5,0,0
"DN20 8",6605,6479,0,0,0,0,0,0,0,0,0,3,13,2,55,5,1,30,3,3,2,2,0,0,0,2,2,3,1,0,0,0,1,0,2,0,1,0,0,1,0,0,0,3,3,9,0,0,0,0,0,0,15,7,0,1,0,5,0,0,0,0,2,0,0,0,20,0,6,5,0,0,0,6,1,2,0,0,0,0,0,0,1,0,0,0,0,0,0,0,0,0,0,0,0,0,0,1,0,0,0,0,0,0
"DN20 9",5344,5244,1,0,0,0,0,0,0,0,0,2,3,0,73,0,6,45,14,0,0,3,0,1,0,0,3,1,0,0,0,0,0,0,1,0,0,0,0,1,0,0,0,0,0,1,0,0,0,0,0,0,6,0,0,4,0,0,0,0,0,0,2,0,0,0,9,0,2,5,0,0,0,2,0,0,0,0,0,0,0,0,4,0,0,0,0,0,2,0,0,0,0,1,0,0,0,1,0,0,0,0,0,0
"DN21 1",11170,10933,2,1,0,0,0,0,0,1,0,3,6,2,140,4,6,80,1,0,2,24,10,9,0,0,1,2,1,0,0,0,0,0,1,0,1,0,0,0,0,0,0,8,5,2,2,0,0,1,0,1,26,0,0,0,0,0,2,0,0,0,15,0,8,1,21,0,2,3,0,1,0,7,0,7,1,0,0,0,0,0,11,0,0,0,0,0,1,1,0,0,0,9,0,0,0,0,0,0,7,3,3,1
"DN21 2",6526,6381,0,3,1,0,0,0,0,2,0,5,2,3,63,6,3,28,1,0,2,11,6,3,0,0,1,1,0,0,0,0,1,0,2,2,0,0,0,0,0,0,0,1,3,2,1,0,0,1,0,0,21,0,0,2,0,0,3,0,2,6,8,0,0,0,33,4,0,21,0,0,0,0,1,7,0,0,0,0,0,0,5,0,0,0,0,0,0,3,0,0,0,2,0,0,0,0,0,0,1,0,0,1
"DN21 3",7183,7116,1,0,0,0,0,0,0,0,0,0,0,4,22,1,3,4,1,0,0,2,0,2,0,1,7,1,0,0,0,0,0,0,0,0,0,0,0,0,0,0,0,0,0,1,0,0,0,0,0,0,17,3,0,4,0,0,0,0,5,0,5,0,0,0,13,1,1,0,3,0,0,1,1,6,0,0,0,0,0,0,7,0,0,0,0,0,0,0,1,0,0,1,5,0,0,0,0,0,2,2,0,0
"DN21 4",4967,4921,2,0,0,0,0,0,0,0,0,4,1,0,20,0,2,10,0,0,2,4,0,2,0,0,0,0,0,0,0,0,0,0,0,0,0,0,0,0,0,0,0,2,1,0,0,0,0,0,0,0,5,0,0,1,0,0,0,0,0,2,0,1,0,1,8,0,2,1,1,0,0,1,0,3,0,0,0,0,0,0,1,0,0,0,0,0,0,0,0,0,0,0,1,0,0,0,0,0,2,0,2,0
"DN21 5",6097,6040,2,0,0,0,0,0,0,0,0,1,1,1,22,1,3,10,0,0,3,0,2,0,1,0,1,1,0,0,0,0,0,0,4,0,0,3,0,1,0,0,0,1,0,3,0,0,0,0,0,0,5,0,0,2,0,0,0,0,0,0,3,0,0,0,13,1,0,9,0,0,0,1,0,1,1,0,0,0,0,0,0,0,0,0,0,0,0,0,0,0,0,0,0,0,0,0,0,0,4,3,0,1
"DN22 0",4679,4605,0,0,0,0,0,0,0,0,0,3,0,2,31,0,1,27,0,0,0,0,0,1,0,0,1,0,0,1,0,0,0,0,1,0,0,1,0,0,0,0,0,2,0,3,5,0,0,2,0,3,8,6,0,1,1,0,0,0,0,0,0,0,0,0,3,0,1,1,1,0,0,0,0,0,0,0,0,0,0,0,9,4,0,1,0,1,0,1,0,0,0,0,0,0,0,2,0,0,7,7,0,0
"DN22 6",7172,6983,0,1,0,0,0,0,0,1,0,10,10,4,99,11,2,77,0,0,2,0,1,0,0,5,1,0,0,0,0,0,0,0,2,0,1,0,0,1,0,0,0,3,4,3,2,0,2,0,0,0,31,0,1,4,0,0,2,0,1,3,18,0,0,2,15,1,2,1,1,0,0,1,1,3,5,0,0,0,0,0,2,0,0,0,0,0,0,0,0,0,0,1,0,0,0,1,2,2,1,1,0,0
"DN22 7",14449,14201,3,0,0,0,0,0,0,0,0,8,0,6,138,14,7,93,1,7,1,3,0,2,2,4,1,1,2,0,0,0,0,0,1,0,0,0,0,1,0,0,0,4,17,5,7,0,6,1,0,0,23,2,0,2,0,6,0,0,3,8,0,2,0,0,21,1,5,11,0,1,0,2,1,0,0,0,0,0,0,0,7,0,0,0,0,1,0,0,0,1,0,4,1,0,0,0,0,0,8,3,0,5
"DN22 8",5701,5568,0,0,0,0,0,0,0,0,0,2,0,1,61,3,1,39,4,0,3,5,0,3,0,1,1,0,1,0,0,0,0,0,1,1,0,0,0,0,0,0,0,3,3,7,8,0,2,5,0,1,27,5,1,6,2,6,2,0,0,2,0,1,0,2,16,2,0,4,0,0,9,1,0,0,0,0,0,0,0,0,3,0,0,0,0,0,0,0,0,0,0,0,0,1,2,0,0,0,1,0,1,0
"DN22 9",3040,2999,0,0,0,0,0,0,0,0,0,3,1,1,21,0,5,10,0,0,1,0,0,1,1,0,2,0,1,0,0,0,0,0,1,0,0,0,0,1,0,0,0,0,5,2,0,0,0,0,0,0,3,0,0,0,0,0,0,0,0,0,0,2,1,0,4,0,0,1,0,0,0,1,0,0,2,0,0,0,0,0,0,0,0,0,0,0,0,0,0,0,0,0,0,0,0,0,0,0,0,0,0,0
"DN3  1",8071,7953,0,0,0,0,0,0,0,0,0,0,18,1,46,2,5,29,0,0,0,2,4,0,0,1,2,0,0,1,0,0,0,0,0,0,0,0,0,0,0,0,0,4,0,1,9,0,1,0,8,0,12,8,0,2,0,0,0,0,0,0,0,0,2,0,16,2,2,6,0,0,0,6,0,0,0,0,0,0,0,0,7,0,1,0,0,0,0,0,0,0,0,5,0,0,0,1,0,0,4,4,0,0
"DN3  2",11365,10983,2,0,0,0,0,0,0,0,0,1,1,0,272,3,1,241,9,0,1,7,5,0,0,0,2,0,1,0,0,2,0,0,1,0,0,1,0,0,0,0,0,17,9,3,11,0,9,0,0,2,21,3,0,6,0,2,0,0,1,3,0,1,4,1,32,6,9,14,0,0,0,2,0,1,0,0,0,0,0,0,9,0,0,0,0,0,0,0,0,0,0,6,0,0,1,2,0,0,3,3,0,0
"DN3  3",9618,9360,0,1,0,0,0,0,0,1,0,0,0,1,187,1,3,173,0,1,0,1,6,0,0,2,0,0,0,0,0,0,0,0,2,2,0,0,0,0,0,0,0,10,5,4,6,0,6,0,0,0,20,11,0,2,0,3,2,0,1,0,0,1,0,0,7,0,0,0,0,0,0,7,0,0,0,0,0,0,0,0,4,0,0,0,0,0,0,0,0,0,0,4,0,0,0,0,1,1,10,10,0,0
"DN31 1",1838,1703,0,1,0,0,0,0,0,1,0,0,0,0,71,1,1,57,0,0,2,3,4,0,0,0,0,0,2,0,1,0,0,0,4,4,0,0,0,0,0,0,0,13,0,1,14,0,0,14,0,0,5,2,0,1,0,0,0,0,0,2,0,0,0,0,18,0,4,13,0,0,1,0,0,0,0,0,0,0,0,0,5,0,0,0,0,0,1,4,0,0,0,0,0,0,0,0,0,0,3,3,0,0
"DN31 2",7062,6749,0,2,0,0,0,0,0,2,0,2,3,4,218,1,3,169,2,2,4,4,25,1,5,0,0,0,1,0,0,0,1,0,8,2,1,0,0,5,0,0,0,12,4,6,8,0,3,5,0,0,14,1,0,7,0,1,0,0,0,3,1,0,0,1,31,0,3,22,0,0,1,4,0,1,0,0,0,0,0,0,0,0,0,0,0,0,0,0,0,0,0,0,0,0,0,0,0,0,1,0,1,0
"DN31 3",201,192,0,0,0,0,0,0,0,0,0,0,0,0,9,0,0,7,0,0,0,2,0,0,0,0,0,0,0,0,0,0,0,0,0,0,0,0,0,0,0,0,0,0,0,0,0,0,0,0,0,0,0,0,0,0,0,0,0,0,0,0,0,0,0,0,0,0,0,0,0,0,0,0,0,0,0,0,0,0,0,0,0,0,0,0,0,0,0,0,0,0,0,0,0,0,0,0,0,0,0,0,0,0
"DN32 0",6387,6102,0,0,0,0,0,0,0,0,0,7,2,4,113,1,7,52,5,2,5,9,22,0,1,6,2,0,1,0,0,0,0,0,7,2,1,0,0,4,0,0,0,7,7,6,9,0,4,4,0,1,53,13,4,3,0,9,0,0,2,17,0,4,0,1,52,0,1,47,0,0,2,1,0,1,0,0,0,0,0,0,13,0,0,0,0,0,0,0,0,0,0,2,7,1,0,3,1,1,4,3,0,1
"DN32 7",6335,5932,0,5,0,0,0,0,0,5,0,7,5,0,235,0,5,150,7,5,2,12,43,0,7,0,0,0,4,0,0,0,0,0,13,13,0,0,0,0,0,0,0,5,5,12,75,0,55,18,0,2,17,0,0,2,0,0,0,0,0,7,0,0,8,0,17,1,3,12,0,0,0,1,0,0,0,0,0,0,0,0,7,0,0,0,0,2,0,1,0,0,0,0,1,1,1,1,0,0,0,0,0,0
"DN32 8",8081,7950,0,0,0,0,0,0,0,0,0,1,8,1,83,1,1,54,4,3,0,1,13,0,4,0,0,0,0,0,2,0,0,0,1,1,0,0,0,0,0,0,0,3,1,2,3,0,1,1,1,0,12,2,0,0,0,0,0,0,0,3,0,0,6,1,12,0,0,8,0,0,0,2,0,2,0,0,0,0,0,0,2,0,0,2,0,0,0,0,0,0,0,0,0,0,0,0,0,0,2,2,0,0
"DN32 9",8019,7656,0,0,0,0,0,0,0,0,0,2,1,5,226,1,7,147,0,6,0,3,55,0,3,1,2,0,1,0,0,0,0,0,2,1,0,0,0,1,0,0,0,6,1,13,30,0,25,3,0,2,38,4,0,2,0,13,0,0,0,15,0,0,1,3,27,1,4,13,0,0,0,3,1,5,0,0,0,0,0,0,11,0,2,0,0,1,0,0,0,0,0,2,1,0,4,1,1,1,0,0,0,0
"DN33 1",6674,6568,0,2,0,0,0,0,0,2,0,0,0,1,67,0,3,33,0,0,1,5,14,2,6,0,2,0,1,0,0,0,0,0,1,0,0,0,0,1,0,0,0,14,2,1,3,0,2,0,1,0,4,0,2,0,0,2,0,0,0,0,0,0,0,0,8,0,0,5,0,0,0,2,0,1,0,0,0,0,0,0,1,1,0,0,0,0,0,0,0,0,0,0,0,0,0,0,0,0,2,1,1,0
"DN33 2",4971,4803,0,0,0,0,0,0,0,0,0,1,1,3,30,0,5,16,0,1,1,0,1,0,0,1,5,0,0,0,0,0,0,0,9,0,2,0,0,7,0,0,0,2,1,19,5,0,1,4,0,0,76,25,4,8,0,16,2,2,0,9,5,0,0,5,16,0,3,12,0,0,0,0,0,1,0,0,0,0,0,0,2,0,0,0,0,0,0,0,0,0,0,2,0,0,0,0,0,0,3,2,0,1
"DN33 3",7072,6940,0,0,0,0,0,0,0,0,0,0,0,3,31,0,4,22,0,1,0,0,0,0,0,0,2,0,1,0,0,0,1,0,2,1,0,0,0,1,0,0,0,1,3,9,12,0,0,12,0,0,30,4,1,1,0,16,0,0,2,2,0,0,0,4,39,2,4,19,1,1,0,5,0,2,5,0,0,0,0,0,2,0,0,0,0,0,0,0,0,0,0,0,1,1,0,0,0,0,0,0,0,0
"DN34 4",8092,7931,2,1,1,0,0,0,0,0,0,0,2,1,61,2,1,37,0,0,0,10,0,0,6,2,3,0,0,0,0,0,0,0,2,1,1,0,0,0,0,0,0,12,2,2,7,0,0,5,0,2,11,0,0,1,0,4,0,0,4,2,0,0,0,0,51,1,14,31,1,0,0,2,0,2,0,0,0,0,0,0,3,0,0,0,0,0,0,0,1,0,0,0,0,1,0,1,0,0,4,2,1,1
"DN34 5",10177,9958,0,1,0,0,0,0,0,1,0,3,0,3,111,0,1,93,0,0,1,1,6,4,2,0,3,0,0,0,0,0,0,0,5,0,1,3,0,1,0,0,0,11,1,6,8,0,3,5,0,0,18,1,0,6,0,4,0,0,0,4,3,0,0,0,37,0,5,28,0,0,0,2,0,2,0,0,0,0,0,0,10,0,0,0,0,0,0,0,0,0,0,1,4,1,0,4,1,1,4,1,1,2
"DN35 0",8415,8360,1,0,0,0,0,0,0,0,0,4,0,5,12,2,0,6,0,0,1,0,0,0,0,2,0,0,1,0,0,0,0,0,0,0,0,0,0,0,0,0,0,1,0,5,0,0,0,0,0,0,8,0,0,0,0,5,0,0,1,1,0,0,0,1,16,2,2,10,1,0,0,1,0,0,0,0,0,0,0,0,1,0,0,0,0,1,0,0,0,0,0,0,0,0,0,0,1,1,1,1,0,0
"DN35 7",11254,11031,0,0,0,0,0,0,0,0,0,1,0,3,126,3,3,92,1,2,2,2,12,1,0,1,1,3,1,0,0,0,2,0,0,0,0,0,0,0,0,0,0,5,16,6,19,0,14,2,0,3,9,0,0,0,0,3,0,0,0,3,0,0,3,0,25,4,8,7,0,0,0,5,0,1,0,0,0,0,0,0,5,1,0,0,0,0,0,0,0,0,0,2,0,2,0,0,1,1,7,6,0,1
"DN35 8",7839,7556,0,0,0,0,0,0,0,0,0,6,2,8,110,0,10,65,1,1,3,8,7,1,0,1,9,4,0,0,0,0,0,0,3,3,0,0,0,0,0,0,0,5,6,20,13,0,7,2,4,0,71,2,2,3,0,57,0,0,3,0,2,0,2,0,32,2,3,6,0,0,0,14,0,7,0,0,0,0,0,0,5,1,0,0,0,0,3,0,0,0,0,0,1,0,0,0,1,1,1,1,0,0
"DN35 9",5784,5749,0,1,1,0,0,0,0,0,0,1,1,0,14,0,0,11,0,0,0,0,0,1,1,0,0,0,0,0,0,0,1,0,0,0,0,0,0,0,0,0,0,2,0,4,0,0,0,0,0,0,2,0,0,1,0,1,0,0,0,0,0,0,0,0,6,0,2,1,0,0,0,1,0,1,1,0,0,0,0,0,0,0,0,0,0,0,0,0,0,0,0,0,0,0,0,0,1,1,3,2,0,1
"DN36 4",10621,10469,0,0,0,0,0,0,0,0,0,2,4,6,44,2,3,21,0,0,7,2,0,4,0,1,3,0,0,0,0,1,0,0,0,0,0,0,0,0,0,0,0,6,2,17,3,0,2,1,0,0,36,5,0,5,0,4,2,0,0,6,10,0,0,4,18,0,5,10,0,0,2,1,0,0,0,0,0,0,0,0,10,0,0,0,0,0,0,0,4,0,0,3,3,0,0,0,1,1,3,0,0,3
"DN36 5",8048,7947,1,0,0,0,0,0,0,0,0,6,0,3,52,0,18,9,0,0,0,8,0,5,0,0,11,0,1,0,0,0,0,0,5,0,0,0,0,5,0,0,0,1,3,5,0,0,0,0,0,0,5,0,2,0,0,0,0,0,0,0,3,0,0,0,14,0,4,5,0,0,0,4,1,0,0,0,0,1,1,0,3,0,0,0,0,0,0,0,0,0,0,0,0,3,0,0,1,1,1,0,0,1
"DN37 0",7787,7710,1,0,0,0,0,0,0,0,0,7,0,3,13,0,3,5,0,0,0,0,3,0,0,0,1,0,0,1,0,0,0,0,4,2,0,0,0,2,0,0,0,6,0,14,1,0,1,0,0,0,14,0,2,4,0,2,0,0,0,1,0,0,5,0,12,2,0,5,1,0,1,2,0,1,0,0,0,0,0,0,1,0,0,0,0,0,0,0,0,0,0,0,0,0,0,1,0,0,1,0,0,1
"DN37 7",3442,3404,0,0,0,0,0,0,0,0,0,0,0,3,9,0,1,5,1,0,1,0,0,0,0,1,0,0,0,0,0,0,0,0,7,0,1,0,0,6,0,0,0,0,0,2,0,0,0,0,0,0,1,1,0,0,0,0,0,0,0,0,0,0,0,0,15,0,2,6,0,0,0,2,1,4,0,0,0,0,0,0,0,0,0,0,0,0,0,0,0,0,0,0,0,0,0,0,0,0,1,1,0,0
"DN37 8",392,392,0,0,0,0,0,0,0,0,0,0,0,0,0,0,0,0,0,0,0,0,0,0,0,0,0,0,0,0,0,0,0,0,0,0,0,0,0,0,0,0,0,0,0,0,0,0,0,0,0,0,0,0,0,0,0,0,0,0,0,0,0,0,0,0,0,0,0,0,0,0,0,0,0,0,0,0,0,0,0,0,0,0,0,0,0,0,0,0,0,0,0,0,0,0,0,0,0,0,0,0,0,0
"DN37 9",9506,9394,1,1,0,0,0,0,0,1,0,6,1,0,63,0,1,40,1,2,2,2,2,0,0,3,2,1,3,0,0,0,4,0,4,0,1,1,0,2,0,0,0,1,2,3,1,0,1,0,0,0,9,0,2,1,0,6,0,0,0,0,0,0,0,0,16,0,0,4,0,0,1,4,0,7,0,0,0,0,0,0,2,0,0,0,0,0,0,0,0,0,0,2,0,0,0,0,1,1,1,0,0,1
"DN38 6",2945,2917,1,0,0,0,0,0,0,0,0,0,0,3,9,2,0,2,0,0,0,0,0,0,2,0,1,1,1,0,0,0,0,0,0,0,0,0,0,0,0,0,0,0,0,0,0,0,0,0,0,0,4,0,2,0,0,0,0,0,0,0,0,0,0,2,8,0,4,2,0,0,0,2,0,0,0,0,0,0,0,0,2,0,0,0,0,0,0,0,2,0,0,0,0,0,0,0,0,0,1,0,1,0
"DN39 6",2758,2738,0,0,0,0,0,0,0,0,0,0,0,0,5,0,2,2,0,0,0,0,0,0,0,0,0,0,1,0,0,0,0,0,0,0,0,0,0,0,0,0,0,0,2,0,0,0,0,0,0,0,12,3,3,4,0,2,0,0,0,0,0,0,0,0,1,0,1,0,0,0,0,0,0,0,0,0,0,0,0,0,0,0,0,0,0,0,0,0,0,0,0,0,0,0,0,0,0,0,0,0,0,0
"DN4  0",10048,8886,1,0,0,0,0,0,0,0,0,12,13,2,726,4,2,525,66,39,5,33,37,12,1,0,0,0,0,1,0,1,0,0,7,1,2,2,0,2,0,0,0,23,36,11,97,0,63,24,9,1,145,74,3,48,3,1,2,0,0,6,0,4,2,2,62,16,7,28,0,0,4,7,0,0,0,0,0,0,0,0,22,1,1,0,0,1,0,2,1,1,2,9,0,0,0,4,3,3,2,1,1,0
"DN4  5",5127,4312,0,0,0,0,0,0,0,0,0,5,6,11,347,5,4,232,27,16,4,39,6,4,5,0,3,0,0,0,1,0,1,0,10,8,0,0,0,2,0,0,0,34,34,34,69,2,20,22,23,2,196,113,2,53,0,3,5,0,2,10,0,0,4,4,33,3,11,10,0,1,0,6,0,1,1,0,0,0,0,0,20,0,0,0,0,4,0,0,0,0,1,11,0,0,1,3,3,3,13,11,2,0
"DN4  6",11221,10835,2,0,0,0,0,0,0,0,0,0,5,5,108,6,11,67,2,7,2,0,3,4,2,1,1,0,1,0,0,0,1,0,7,5,1,0,0,1,0,0,0,3,38,17,24,0,1,23,0,0,113,40,6,26,4,2,12,1,0,7,0,3,11,1,35,1,21,11,0,0,0,2,0,0,0,0,1,0,0,0,16,1,0,0,0,0,0,1,0,0,0,4,1,4,3,2,3,3,9,7,1,1
"DN4  7",7535,7171,1,0,0,0,0,0,0,0,0,2,2,6,115,0,3,80,7,5,1,4,4,0,8,1,0,1,0,0,0,0,1,0,4,2,1,0,0,1,0,0,0,3,11,11,32,5,0,25,0,2,119,29,1,43,6,4,2,3,2,2,1,0,13,13,45,3,11,22,0,0,1,3,0,5,0,0,0,0,0,0,4,0,0,0,0,0,0,0,0,0,0,0,0,0,0,4,0,0,9,7,2,0
"DN4  8",7189,6542,0,0,0,0,0,0,0,0,0,5,4,8,417,9,4,319,23,15,4,23,15,0,1,1,2,0,0,0,0,0,1,0,2,2,0,0,0,0,0,0,0,16,22,2,38,0,20,15,0,3,62,12,0,33,0,1,0,0,0,8,0,1,4,3,42,8,13,17,0,0,2,2,0,0,0,0,0,0,0,0,25,1,1,0,0,2,2,0,1,0,1,6,0,0,2,9,1,1,3,3,0,0
"DN4  9",9998,9742,0,0,0,0,0,0,0,0,0,4,0,3,145,0,4,121,6,0,0,2,7,2,0,1,2,0,0,0,0,0,0,0,2,0,0,0,0,2,0,0,0,8,15,1,5,0,3,2,0,0,46,17,0,20,1,0,0,0,0,4,4,0,0,0,15,0,10,3,0,0,0,1,0,0,1,0,0,0,0,0,5,0,0,0,0,0,0,0,0,0,0,3,0,2,0,0,0,0,7,6,0,1
"DN40 1",5393,5322,0,0,0,0,0,0,0,0,0,1,0,1,49,0,6,21,0,0,0,0,0,0,20,1,1,0,0,0,0,0,0,0,0,0,0,0,0,0,0,0,0,1,0,0,1,0,0,1,0,0,9,3,0,6,0,0,0,0,0,0,0,0,0,0,9,0,1,1,0,0,0,0,3,4,0,0,0,0,0,0,0,0,0,0,0,0,0,0,0,0,0,0,0,0,0,0,0,0,0,0,0,0
"DN40 2",3851,3794,0,0,0,0,0,0,0,0,0,1,1,1,34,1,0,18,0,0,0,4,0,0,10,0,0,1,0,0,0,0,0,0,2,0,1,0,0,1,0,0,0,2,1,1,0,0,0,0,0,0,7,0,0,5,0,2,0,0,0,0,0,0,0,0,3,1,1,0,0,0,0,0,0,1,0,0,0,0,0,0,1,0,0,0,0,0,0,0,0,0,0,0,0,0,0,1,1,1,2,2,0,0
"DN40 3",2586,2564,0,0,0,0,0,0,0,0,0,0,1,0,10,0,2,5,0,0,0,0,0,0,0,2,1,0,0,0,0,0,0,0,1,0,0,0,0,1,0,0,0,0,0,1,1,0,1,0,0,0,1,1,0,0,0,0,0,0,0,0,0,0,0,0,6,0,0,1,0,0,0,2,0,3,0,0,0,0,0,0,1,0,0,0,0,0,0,0,0,0,0,1,0,0,0,0,0,0,0,0,0,0
"DN41 7",2876,2835,0,0,0,0,0,0,0,0,0,3,0,2,4,2,2,0,0,0,0,0,0,0,0,0,0,0,0,0,0,0,0,0,7,0,0,0,0,7,0,0,0,1,0,0,0,0,0,0,0,0,15,0,0,2,0,3,2,0,0,0,8,0,0,0,9,0,5,0,0,0,0,1,0,3,0,0,0,0,0,0,0,0,0,0,0,0,0,0,0,0,0,0,0,0,0,0,0,0,0,0,0,0
"DN41 8",3259,3244,0,0,0,0,0,0,0,0,0,1,0,1,4,0,0,3,0,0,0,0,0,0,0,0,1,0,0,0,0,0,0,0,1,1,0,0,0,0,0,0,0,4,0,1,0,0,0,0,0,0,0,0,0,0,0,0,0,0,0,0,0,0,0,0,1,0,0,0,0,0,0,0,0,1,0,0,0,0,0,0,2,0,0,0,0,0,0,0,0,0,0,2,0,0,0,0,0,0,0,0,0,0
"DN5  0",9334,9151,0,0,0,0,0,0,0,0,0,2,2,2,95,2,3,77,2,2,1,4,0,2,0,0,0,1,1,0,0,0,0,0,2,0,0,2,0,0,0,0,0,8,15,0,11,0,2,9,0,0,16,2,2,4,0,0,0,0,0,5,0,0,0,3,16,0,2,11,0,0,0,2,0,1,0,0,0,0,0,0,6,0,0,0,0,0,0,0,0,0,0,3,0,0,0,3,3,3,5,1,1,3
"DN5  7",8638,8579,0,0,0,0,0,0,0,0,0,4,0,2,19,0,1,11,0,0,0,1,0,2,0,0,2,0,0,0,0,0,2,0,2,1,0,1,0,0,0,0,0,2,2,0,7,0,3,4,0,0,2,0,0,1,0,1,0,0,0,0,0,0,0,0,10,0,4,1,0,0,0,4,0,1,0,0,0,0,0,0,3,0,0,0,0,3,0,0,0,0,0,0,0,0,0,0,0,0,6,5,0,1
"DN5  8",11128,10845,1,0,0,0,0,0,0,0,0,1,0,1,147,2,6,94,17,4,0,10,2,6,0,3,1,1,0,0,0,0,1,0,1,0,1,0,0,0,0,0,0,10,4,2,25,0,20,3,1,1,32,13,0,4,0,6,1,0,0,8,0,0,0,0,43,10,10,9,0,0,9,3,0,2,0,0,0,0,0,0,8,0,0,2,0,0,0,0,0,0,0,5,0,1,0,0,1,1,7,6,0,1
"DN5  9",10253,10042,1,0,0,0,0,0,0,0,0,2,4,5,104,2,3,76,12,0,1,2,4,0,0,2,2,0,0,0,0,0,0,0,2,1,1,0,0,0,0,0,0,3,20,1,7,0,1,6,0,0,16,3,1,6,0,0,0,0,0,6,0,0,0,0,31,4,1,11,0,0,0,8,0,3,4,0,0,0,0,0,5,0,0,0,0,0,1,0,0,0,0,1,0,0,0,3,1,1,9,7,0,2
"DN6  0",6005,5948,1,0,0,0,0,0,0,0,0,1,1,0,32,0,1,23,1,0,0,0,1,5,0,1,0,0,0,0,0,0,0,0,0,0,0,0,0,0,0,0,0,3,0,0,4,0,1,1,0,2,5,0,0,2,0,0,0,0,0,1,0,2,0,0,8,0,3,4,0,0,0,1,0,0,0,0,0,0,0,0,1,0,0,0,0,0,0,0,0,0,0,1,0,0,0,0,0,0,1,0,1,0
"DN6  7",10259,10086,0,1,0,0,0,0,0,1,0,2,12,6,79,1,4,53,0,0,3,8,1,2,1,2,2,0,0,0,1,0,1,0,1,1,0,0,0,0,0,0,0,10,5,0,6,0,0,6,0,0,9,3,0,1,0,0,1,0,0,0,0,0,4,0,18,0,2,8,0,0,0,8,0,0,0,0,0,0,0,0,13,0,0,0,0,0,0,0,0,0,0,5,1,1,0,6,0,0,11,8,0,3
"DN6  8",8309,8230,0,0,0,0,0,0,0,0,0,1,2,2,36,0,1,20,0,1,2,6,4,0,0,0,1,1,0,0,0,0,0,0,2,0,0,0,0,2,0,0,0,1,1,3,3,0,1,2,0,0,8,0,2,0,0,1,0,0,0,3,0,0,2,0,14,2,1,5,0,0,2,4,0,0,0,0,0,0,0,0,5,1,1,0,0,0,0,0,0,0,0,0,0,0,1,2,0,0,1,1,0,0
"DN6  9",5282,5252,0,1,0,0,0,0,0,1,0,4,0,1,9,0,0,6,0,0,0,2,0,0,0,1,0,0,0,0,0,0,0,0,1,1,0,0,0,0,0,0,0,1,2,0,0,0,0,0,0,0,7,0,0,1,0,3,0,0,0,1,0,0,2,0,4,0,0,3,0,0,0,1,0,0,0,0,0,0,0,0,0,0,0,0,0,0,0,0,0,0,0,0,0,0,0,0,0,0,0,0,0,0
"DN7  4",8028,7924,0,0,0,0,0,0,0,0,0,3,0,1,49,1,1,32,5,0,0,1,6,0,0,0,3,0,0,0,0,0,0,0,0,0,0,0,0,0,0,0,0,4,0,0,5,0,3,1,1,0,7,0,0,6,0,1,0,0,0,0,0,0,0,0,28,1,2,14,0,0,0,3,0,8,0,0,0,0,0,0,0,0,0,0,0,0,0,0,0,0,0,0,0,0,0,0,2,2,5,3,2,0
"DN7  5",6987,6875,0,0,0,0,0,0,0,0,0,0,0,1,43,1,5,33,0,0,0,1,0,0,0,1,1,0,1,0,0,0,0,0,0,0,0,0,0,0,0,0,0,6,4,0,15,0,0,6,9,0,25,3,0,6,0,2,0,0,0,13,0,1,0,0,14,0,0,6,0,0,0,4,0,4,0,0,0,0,0,0,3,0,0,0,0,0,0,0,0,1,0,2,0,0,0,0,0,0,1,1,0,0
"DN7  6",8750,8425,3,2,1,0,0,1,0,0,0,10,2,5,64,2,1,31,4,1,6,7,1,0,0,10,1,0,0,0,0,0,0,0,4,4,0,0,0,0,0,0,0,3,5,11,49,0,32,10,7,0,86,38,8,17,0,7,0,0,3,12,0,0,0,1,61,14,1,28,0,0,14,4,0,0,0,0,0,0,0,0,16,0,0,5,0,0,2,3,0,0,0,1,2,0,0,3,4,4,0,0,0,0
"DN8  4",9376,9208,0,0,0,0,0,0,0,0,0,1,1,4,102,2,0,83,0,1,5,10,0,1,0,0,0,0,0,0,0,0,0,0,1,0,0,1,0,0,0,0,0,4,2,2,13,0,12,1,0,0,19,0,3,10,0,4,0,0,0,2,0,0,0,0,11,0,4,4,0,0,1,2,0,0,0,0,0,0,0,0,5,0,0,0,0,0,0,0,0,0,0,0,3,0,0,2,0,0,3,0,0,3
"DN8  5",7226,7087,0,1,0,0,0,0,0,1,0,0,3,1,98,1,2,55,1,0,23,3,9,1,0,1,0,0,0,0,0,0,2,0,1,1,0,0,0,0,0,0,0,3,0,0,8,0,5,3,0,0,13,8,0,1,0,0,2,0,0,0,0,0,0,2,8,0,0,1,0,0,0,3,0,4,0,0,0,0,0,0,1,0,0,0,0,0,0,1,0,0,0,0,0,0,0,0,0,0,2,2,0,0
"DN9  1",8326,8258,1,0,0,0,0,0,0,0,0,2,0,3,25,1,2,5,0,0,0,5,9,0,0,0,1,1,1,0,0,0,0,0,0,0,0,0,0,0,0,0,0,0,2,0,0,0,0,0,0,0,18,0,4,10,0,0,0,0,0,1,1,0,0,2,14,0,4,6,0,0,0,3,0,1,0,0,0,0,0,0,1,0,0,1,0,0,0,0,0,0,0,0,0,0,0,0,1,1,1,1,0,0
"DN9  2",4913,4894,1,0,0,0,0,0,0,0,0,1,0,0,9,0,2,3,0,0,0,2,1,0,0,0,1,0,0,0,0,0,0,0,0,0,0,0,0,0,0,0,0,0,0,0,0,0,0,0,0,0,1,0,0,0,0,0,0,0,0,1,0,0,0,0,5,0,0,2,0,0,1,0,0,2,0,0,0,0,0,0,2,0,0,0,0,0,0,0,0,0,0,2,0,0,0,0,0,0,0,0,0,0
"DN9  3",6226,6144,2,0,0,0,0,0,0,0,0,3,0,4,35,5,3,21,0,0,0,1,0,0,0,2,1,1,0,0,0,0,1,0,0,0,0,0,0,0,0,0,0,0,0,2,5,0,3,1,1,0,22,11,1,6,0,0,0,0,0,1,0,0,3,0,4,1,0,1,0,0,0,2,0,0,0,0,0,0,0,0,3,0,0,0,0,0,0,0,0,0,0,2,0,0,1,0,0,0,2,2,0,0
"DT1  1",5762,5627,2,0,0,0,0,0,0,0,0,9,0,5,46,1,4,28,0,2,0,5,0,0,1,0,2,0,1,0,0,0,2,0,4,1,0,0,0,3,0,0,0,2,5,10,1,0,0,0,1,0,23,3,0,2,0,0,0,0,0,5,11,0,1,1,25,4,2,5,0,0,1,2,0,11,0,0,0,0,0,0,1,0,0,0,0,0,0,0,0,0,0,0,1,0,0,0,2,2,0,0,0,0
"DT1  2",10567,10394,1,0,0,0,0,0,0,0,0,8,7,5,50,7,6,12,1,2,0,8,2,1,4,1,1,1,3,1,0,0,0,0,6,0,1,0,0,5,0,0,0,1,2,5,1,0,0,1,0,0,53,8,2,0,0,17,2,1,0,3,13,0,2,5,27,3,5,3,1,0,0,5,0,10,0,0,0,0,0,0,3,0,0,0,0,0,0,0,0,0,0,0,0,0,0,3,1,1,3,2,0,1
"DT1  3",2191,2137,0,0,0,0,0,0,0,0,0,4,1,2,14,3,0,1,3,1,2,0,0,0,0,0,1,1,0,0,1,0,0,1,0,0,0,0,0,0,0,0,0,0,0,0,1,0,0,0,0,1,25,6,0,0,0,0,0,0,0,7,7,0,5,0,5,1,0,0,0,1,0,2,0,1,0,0,0,0,0,0,0,0,0,0,0,0,0,0,0,0,0,0,0,0,0,0,0,0,2,2,0,0
"DT10 1",5912,5783,0,0,0,0,0,0,0,0,0,3,0,1,105,0,3,57,2,1,5,2,0,2,32,0,0,0,0,0,1,0,0,0,0,0,0,0,0,0,0,0,0,0,0,1,6,6,0,0,0,0,5,0,0,0,0,4,0,0,0,1,0,0,0,0,6,1,0,3,0,0,0,0,0,1,1,0,0,0,0,0,0,0,0,0,0,0,0,0,0,0,0,0,0,0,0,0,1,1,1,1,0,0
"DT10 2",5591,5527,0,1,0,0,0,0,0,1,0,5,0,0,38,4,0,15,4,0,0,6,4,0,1,0,1,0,1,0,0,0,2,0,2,0,1,0,0,1,0,0,0,0,1,1,0,0,0,0,0,0,8,0,0,0,0,0,0,0,0,0,0,0,8,0,6,0,1,1,0,0,0,1,1,2,0,0,0,0,0,0,1,0,0,0,0,0,0,0,1,0,0,0,0,0,0,0,0,0,1,1,0,0
"DT11 0",7031,6947,3,1,1,0,0,0,0,0,0,9,3,5,33,3,9,9,0,1,0,3,0,3,0,0,1,0,1,0,1,0,0,2,3,0,0,1,0,2,0,0,0,5,0,1,1,0,0,0,0,1,6,0,0,0,0,0,0,0,0,0,0,0,6,0,11,1,1,5,0,0,0,1,0,3,0,0,0,0,0,0,1,0,0,0,0,0,0,0,0,0,0,0,1,0,0,0,0,0,2,2,0,0
"DT11 7",9910,9651,4,2,0,0,0,0,0,2,0,6,3,10,107,3,12,55,11,5,1,3,2,5,0,0,2,1,6,0,0,0,1,0,1,0,0,0,0,1,1,1,0,6,6,0,7,1,0,0,6,0,73,1,0,0,0,21,0,2,1,0,5,0,41,2,28,0,3,10,2,0,0,8,0,4,1,2,0,0,0,0,1,0,0,0,0,0,0,0,0,0,0,0,0,0,1,0,1,1,1,1,0,0
"DT11 8",7617,7318,1,0,0,0,0,0,0,0,0,8,0,6,65,3,13,26,2,6,1,0,1,1,1,1,5,1,2,1,0,1,0,0,4,0,3,1,0,0,0,0,0,7,0,6,0,0,0,0,0,0,187,0,2,0,0,1,0,0,0,0,0,0,184,0,11,0,1,1,3,1,0,4,0,1,0,2,0,0,0,0,2,0,0,0,0,0,0,0,1,0,0,0,1,0,0,0,0,0,0,0,0,0
"DT11 9",4576,4528,0,0,0,0,0,0,0,0,0,2,0,1,30,3,4,15,4,1,3,0,0,0,0,0,0,0,0,0,0,0,0,0,0,0,0,0,0,0,0,0,0,0,0,0,0,0,0,0,0,0,10,0,0,0,0,0,0,0,0,0,0,0,10,0,4,0,2,1,0,1,0,0,0,0,0,0,0,0,0,0,0,0,0,0,0,0,0,0,0,0,0,0,0,0,0,0,1,1,0,0,0,0
"DT2  0",3482,3420,0,0,0,0,0,0,0,0,0,8,2,1,32,2,1,17,0,1,0,3,0,0,2,1,1,0,1,0,3,0,0,0,0,0,0,0,0,0,0,0,0,0,2,4,0,0,0,0,0,0,2,0,0,0,0,2,0,0,0,0,0,0,0,0,9,0,1,0,0,0,0,3,0,5,0,0,0,0,0,0,1,0,0,0,0,0,0,1,0,0,0,0,0,0,0,0,0,0,1,1,0,0
"DT2  7",5612,5554,2,1,0,0,0,0,0,1,0,0,0,5,28,0,11,4,0,0,0,8,0,0,0,0,2,1,1,1,0,0,0,0,1,0,0,0,0,1,0,0,0,1,0,0,4,0,4,0,0,0,9,2,1,1,0,1,0,0,0,1,0,0,0,3,6,0,1,0,2,0,0,1,0,1,1,0,0,0,0,0,1,0,0,0,0,0,0,0,0,0,0,0,1,0,0,0,0,0,0,0,0,0
"DT2  8",7623,7567,2,0,0,0,0,0,0,0,0,2,0,1,32,1,4,17,0,0,3,0,0,2,0,1,2,0,1,0,1,0,0,0,1,0,0,0,0,1,0,0,0,3,1,0,1,0,0,1,0,0,8,0,0,0,0,4,0,0,0,0,4,0,0,0,5,1,0,0,1,0,0,2,1,0,0,0,0,0,0,0,0,0,0,0,0,0,0,0,0,0,0,0,0,0,0,0,0,0,0,0,0,0
"DT2  9",7433,7342,0,0,0,0,0,0,0,0,0,8,2,6,53,4,14,19,0,1,3,0,0,5,1,0,3,2,1,0,0,0,0,0,2,0,0,0,0,2,0,0,0,4,1,0,0,0,0,0,0,0,4,0,1,0,0,0,3,0,0,0,0,0,0,0,11,0,0,0,0,0,0,4,0,7,0,0,0,0,0,0,0,0,0,0,0,0,0,0,0,0,0,0,0,0,0,0,0,0,0,0,0,0
"DT3  4",5465,5410,1,0,0,0,0,0,0,0,0,2,0,1,30,0,2,22,0,0,0,0,0,1,0,0,4,1,0,0,0,0,0,0,0,0,0,0,0,0,1,1,0,0,1,0,0,0,0,0,0,0,4,0,0,0,0,3,0,0,0,0,0,0,0,1,15,0,2,4,1,0,0,1,0,7,0,0,0,0,0,0,0,0,0,0,0,0,0,0,0,0,0,0,0,0,0,0,0,0,0,0,0,0
"DT3  5",8696,8553,2,1,0,1,0,0,0,0,0,7,3,2,76,2,12,52,4,0,0,1,0,0,0,0,1,2,1,0,0,0,1,0,0,0,0,0,0,0,0,0,0,2,0,0,2,0,0,2,0,0,7,2,2,0,0,1,1,0,0,0,1,0,0,0,39,5,6,6,1,0,0,12,1,7,1,0,0,0,0,0,2,0,0,0,0,0,0,0,0,0,0,0,1,0,0,1,0,0,0,0,0,0
"DT3  6",8303,8196,0,1,1,0,0,0,0,0,0,8,1,1,57,4,4,35,4,1,1,0,0,3,2,0,1,0,1,0,0,0,1,0,2,1,0,0,0,1,0,0,0,1,2,0,1,0,0,1,0,0,14,4,2,0,0,5,0,0,0,3,0,0,0,0,12,0,1,6,0,0,0,1,0,3,1,0,0,0,0,0,5,0,0,0,0,0,0,0,2,0,0,0,2,0,0,1,2,2,0,0,0,0
"DT4  0",12253,12031,3,1,0,0,0,0,0,0,1,13,11,8,111,6,15,69,3,0,3,3,3,2,2,2,0,1,1,1,0,0,0,0,3,0,0,1,0,2,0,0,0,4,1,2,2,0,0,1,0,1,29,0,0,2,0,18,0,0,4,0,0,1,4,0,30,0,6,12,0,0,1,4,0,7,0,0,0,0,0,0,0,0,0,0,0,0,0,0,0,0,0,0,0,0,0,0,3,3,1,0,1,0
"DT4  7",7421,7063,0,3,0,0,0,1,0,2,0,17,15,12,181,7,6,127,5,2,4,1,3,15,7,1,2,0,0,1,0,0,0,0,2,1,0,0,1,0,0,0,0,8,7,2,6,0,0,5,0,1,31,0,5,0,0,11,0,0,1,1,3,4,4,2,65,5,11,24,0,0,0,7,0,18,0,2,0,0,0,0,6,0,0,0,0,0,0,1,1,0,0,0,3,0,0,1,0,0,1,1,0,0
"DT4  8",4456,4280,1,2,0,0,0,0,0,2,0,3,16,6,85,3,3,55,8,0,5,2,4,0,0,0,0,0,2,0,3,0,0,0,0,0,0,0,0,0,0,0,0,2,4,1,1,0,0,1,0,0,10,0,4,0,0,6,0,0,0,0,0,0,0,0,40,0,5,10,0,0,4,2,0,17,2,0,0,0,0,0,2,0,0,0,0,0,0,0,0,0,0,0,0,0,0,2,0,0,3,1,2,0
"DT4  9",12004,11888,0,0,0,0,0,0,0,0,0,8,6,6,44,2,6,26,2,0,0,0,1,2,0,0,3,1,0,0,1,0,0,0,3,1,0,0,0,2,0,0,0,4,2,1,0,0,0,0,0,0,12,0,0,1,0,4,1,0,0,0,2,0,4,0,28,0,5,6,0,0,0,2,0,13,2,0,0,0,0,0,1,1,0,0,0,0,0,0,0,0,0,0,0,0,0,0,0,0,1,1,0,0
"DT5  1",6385,6179,0,0,0,0,0,0,0,0,0,5,10,29,64,4,13,18,0,1,3,4,0,11,1,1,5,1,2,0,0,0,0,0,4,2,1,1,0,0,0,0,0,6,6,7,14,0,3,5,6,0,9,1,0,3,0,5,0,0,0,0,0,0,0,0,5,0,0,1,0,0,1,0,0,3,0,0,0,1,0,1,37,0,0,0,0,1,7,16,6,1,0,0,0,4,1,1,8,8,1,1,0,0
"DT5  2",6025,5986,1,1,0,0,0,0,0,0,1,0,0,1,18,4,5,9,0,0,0,0,0,0,0,0,0,0,0,0,0,0,0,0,0,0,0,0,0,0,0,0,0,1,2,0,0,0,0,0,0,0,2,0,0,2,0,0,0,0,0,0,0,0,0,0,9,0,0,7,0,0,0,2,0,0,0,0,0,0,0,0,0,0,0,0,0,0,0,0,0,0,0,0,0,0,0,0,0,0,4,2,0,2
"DT6  3",6126,6049,0,1,0,0,0,0,0,1,0,7,4,4,32,2,8,16,0,2,1,0,0,0,0,0,2,1,0,0,0,0,0,0,3,1,0,1,0,1,0,0,0,2,1,0,0,0,0,0,0,0,2,1,0,1,0,0,0,0,0,0,0,0,0,0,12,0,2,2,2,0,0,1,0,5,0,0,0,0,0,0,2,0,0,0,0,0,0,0,0,0,0,0,1,0,0,1,1,1,6,4,0,2
"DT6  4",5705,5666,0,0,0,0,0,0,0,0,0,3,0,5,18,1,6,2,2,0,0,0,0,1,0,2,1,2,0,0,0,0,1,0,0,0,0,0,0,0,0,0,0,1,0,0,0,0,0,0,0,0,2,0,0,0,0,0,0,0,0,0,2,0,0,0,8,0,0,3,1,0,0,0,0,2,2,0,0,0,0,0,1,1,0,0,0,0,0,0,0,0,0,0,0,0,0,0,0,0,1,1,0,0
"DT6  5",5694,5633,0,0,0,0,0,0,0,0,0,9,0,2,26,0,5,7,2,2,2,0,2,0,0,0,4,1,0,0,0,0,1,0,3,1,0,0,2,0,0,0,0,0,5,0,0,0,0,0,0,0,2,0,0,0,0,0,0,0,0,0,2,0,0,0,7,0,1,2,0,0,1,0,0,3,0,0,0,0,0,0,3,0,0,0,0,0,0,0,0,0,0,2,1,0,0,0,0,0,4,3,0,1
"DT6  6",3491,3455,1,0,0,0,0,0,0,0,0,1,2,3,15,2,5,1,0,0,0,0,0,2,0,1,2,0,0,2,0,0,0,0,1,0,0,0,0,1,0,0,0,0,0,1,0,0,0,0,0,0,3,0,0,0,0,0,0,0,0,0,3,0,0,0,9,2,0,0,2,0,0,1,0,4,0,0,0,0,0,0,0,0,0,0,0,0,0,0,0,0,0,0,0,0,0,0,0,0,0,0,0,0
"DT7  3",5600,5518,1,0,0,0,0,0,0,0,0,5,1,3,37,1,9,15,2,0,3,0,0,0,0,1,1,3,0,1,0,0,1,0,5,0,0,0,0,5,0,0,0,2,2,2,0,0,0,0,0,0,2,0,0,0,0,1,0,0,0,0,1,0,0,0,22,1,1,2,0,0,0,0,0,18,0,0,0,0,0,0,0,0,0,0,0,0,0,0,0,0,0,0,0,0,0,0,0,0,0,0,0,0
"DT8  3",5866,5817,0,1,0,0,0,0,0,1,0,6,1,0,29,1,7,12,4,0,0,1,0,0,0,0,2,1,1,0,0,0,0,0,1,0,0,0,0,1,0,0,0,0,0,0,0,0,0,0,0,0,1,0,0,0,0,0,0,0,0,0,0,1,0,0,8,0,0,4,2,1,0,1,0,0,0,0,0,0,0,0,1,0,0,0,0,0,0,0,1,0,0,0,0,0,0,0,1,1,0,0,0,0
"DT9  3",3517,3374,2,0,0,0,0,0,0,0,0,11,0,3,27,2,9,3,0,0,1,0,0,0,4,0,4,2,2,0,0,0,0,0,1,0,1,0,0,0,0,0,0,10,0,5,0,0,0,0,0,0,16,0,1,0,0,12,0,0,0,0,3,0,0,0,64,3,26,24,3,2,0,5,1,0,0,0,0,0,0,0,3,0,0,0,0,0,0,0,0,0,0,0,0,0,0,3,0,0,1,1,0,0
"DT9  4",5492,5295,3,2,0,0,0,1,1,0,0,8,2,5,31,2,7,13,0,0,3,0,0,0,0,1,1,3,0,0,0,0,1,0,3,0,0,2,0,1,0,0,0,31,0,0,3,0,0,0,0,3,24,0,2,0,0,16,0,0,0,0,6,0,0,0,76,7,15,31,2,5,0,7,2,5,2,0,0,0,0,0,7,0,0,0,0,0,0,0,0,0,0,1,2,0,0,4,0,0,2,1,1,0
"DT9  5",4849,4812,2,0,0,0,0,0,0,0,0,3,0,3,20,1,2,9,0,1,1,0,1,1,0,0,2,1,1,0,0,0,0,0,0,0,0,0,0,0,0,0,0,0,3,0,0,0,0,0,0,0,0,0,0,0,0,0,0,0,0,0,0,0,0,0,3,0,0,0,0,0,0,2,0,1,0,0,0,0,0,0,0,0,0,0,0,0,0,0,0,0,0,0,0,0,0,0,0,0,3,1,1,1
"DT9  6",6477,6400,0,1,1,0,0,0,0,0,0,6,0,2,22,4,1,9,0,0,1,0,0,0,2,0,2,1,2,0,0,0,0,0,2,0,1,0,0,1,0,0,0,2,0,1,0,0,0,0,0,0,10,3,0,0,0,2,0,0,0,1,4,0,0,0,26,0,7,10,2,1,0,0,1,5,0,0,0,0,0,0,4,0,0,0,0,0,0,1,0,0,0,0,2,0,0,1,0,0,1,1,0,0
"DY1  1",720,617,0,0,0,0,0,0,0,0,0,1,0,0,41,2,0,38,0,0,0,0,0,0,0,0,1,0,0,0,0,0,0,0,0,0,0,0,0,0,0,0,0,0,0,1,8,0,0,8,0,0,48,15,4,20,2,0,5,0,0,2,0,0,0,0,2,0,2,0,0,0,0,0,0,0,0,0,0,0,0,0,2,0,0,0,0,0,0,0,0,0,0,2,0,0,0,0,0,0,0,0,0,0
"DY1  2",13805,12953,0,0,0,0,0,0,0,0,0,18,13,7,159,8,3,103,3,0,5,14,1,8,0,11,2,0,1,0,0,0,0,0,2,1,0,0,0,1,0,0,0,7,5,5,34,0,4,17,7,6,491,117,19,189,12,6,85,3,3,7,26,17,0,7,56,2,11,19,5,1,1,5,1,11,0,0,0,1,1,0,39,0,1,1,0,0,0,1,6,0,3,17,1,0,4,5,4,4,11,9,1,1
"DY1  3",10687,10282,2,0,0,0,0,0,0,0,0,4,5,5,75,7,3,43,2,0,4,0,4,0,0,4,6,0,0,1,1,0,0,0,7,2,3,1,0,1,0,0,0,9,2,5,16,0,3,6,7,0,221,60,3,92,9,2,37,0,0,0,3,1,12,2,33,3,7,6,2,0,1,4,0,10,0,0,0,0,0,0,19,0,0,0,0,0,1,0,0,0,1,10,0,0,0,7,1,1,1,1,0,0
"DY1  4",5571,5372,0,0,0,0,0,0,0,0,0,14,4,1,57,5,2,26,3,1,3,6,1,0,3,2,1,4,0,0,0,0,0,0,5,5,0,0,0,0,0,0,0,2,0,5,6,0,3,3,0,0,69,16,3,36,7,4,0,0,0,3,0,0,0,0,21,1,8,6,0,0,0,0,0,6,0,0,0,0,0,0,15,2,0,0,0,4,4,0,0,0,0,2,0,0,0,3,0,0,0,0,0,0
"DY10 1",6755,6470,3,0,0,0,0,0,0,0,0,1,7,0,185,21,4,125,2,2,3,3,0,11,5,3,3,1,0,2,0,0,0,0,5,1,0,3,1,0,0,0,0,5,5,0,0,0,0,0,0,0,36,5,0,1,0,29,0,0,0,0,0,1,0,0,27,0,1,11,0,0,1,1,1,12,0,0,0,0,0,0,3,0,0,0,0,0,0,0,0,0,0,0,0,0,0,3,0,0,8,7,0,1
"DY10 2",10689,10290,1,0,0,0,0,0,0,0,0,3,2,1,176,17,0,98,8,11,3,9,0,24,0,3,2,0,1,0,0,0,0,0,5,0,1,1,3,0,0,0,0,6,2,0,4,0,3,1,0,0,164,1,1,14,0,135,2,0,0,8,0,0,2,1,31,0,8,3,0,1,3,2,0,14,0,0,0,0,0,0,0,0,0,0,0,0,0,0,0,0,0,0,0,0,0,0,1,1,3,2,1,0
"DY10 3",9955,9826,2,0,0,0,0,0,0,0,0,3,7,4,78,14,4,49,2,0,1,4,0,0,0,0,0,1,2,0,1,0,0,0,8,0,6,0,0,2,0,0,0,2,0,0,2,0,1,0,0,1,8,2,0,0,0,3,2,0,0,0,0,0,0,1,9,0,3,2,0,0,0,0,0,4,0,0,0,0,0,0,1,0,0,0,0,0,0,0,0,0,0,0,0,0,1,0,2,2,3,2,1,0
"DY10 4",7160,7013,1,0,0,0,0,0,0,0,0,5,2,3,50,8,6,19,3,0,3,0,0,3,0,6,0,2,0,0,0,0,0,0,1,1,0,0,0,0,0,0,0,4,1,0,1,0,0,1,0,0,62,4,1,2,0,54,0,0,0,0,0,1,0,0,9,0,2,2,0,0,0,0,0,5,0,0,0,0,0,0,6,0,0,2,0,0,0,0,0,0,0,0,1,0,3,0,0,0,2,1,0,1
"DY11 5",9702,9636,1,0,0,0,0,0,0,0,0,3,1,2,34,5,0,14,1,6,1,0,0,2,3,0,1,0,0,1,0,0,0,0,2,0,1,1,0,0,0,0,0,2,0,2,0,0,0,0,0,0,5,0,0,0,0,4,0,0,0,0,1,0,0,0,8,0,4,0,0,0,0,2,0,1,1,0,0,0,0,0,2,0,0,0,0,0,0,0,1,0,0,0,0,0,1,0,1,1,3,1,1,1
"DY11 6",11982,11744,0,0,0,0,0,0,0,0,0,8,3,2,140,11,3,88,9,3,1,2,1,11,0,4,3,3,0,1,0,0,0,0,5,0,1,3,0,1,0,0,0,0,2,3,0,0,0,0,0,0,28,8,0,5,0,10,3,0,0,0,2,0,0,0,39,0,7,4,1,0,0,2,0,25,0,0,0,0,0,0,1,0,0,0,0,0,0,0,0,0,0,1,0,0,0,0,1,1,6,4,2,0
"DY11 7",7337,7200,0,2,0,0,0,0,0,2,0,2,1,1,99,3,3,79,0,0,0,6,5,1,2,0,0,0,0,0,0,0,0,0,2,0,1,1,0,0,0,0,0,1,0,0,0,0,0,0,0,0,16,0,0,0,0,12,0,0,0,0,2,2,0,0,7,0,0,0,1,0,0,3,0,3,0,0,0,0,0,0,0,0,0,0,0,0,0,0,0,0,0,0,0,0,0,0,0,0,6,1,0,5
"DY12 1",4843,4802,0,0,0,0,0,0,0,0,0,0,1,3,17,2,1,10,2,0,0,0,0,1,0,1,0,0,0,0,0,0,0,0,2,0,0,0,0,2,0,0,0,1,1,0,2,0,0,2,0,0,5,0,0,2,0,2,0,0,0,0,0,0,1,0,9,0,0,2,0,0,0,1,0,6,0,0,0,0,0,0,0,0,0,0,0,0,0,0,0,0,0,0,0,0,0,0,0,0,0,0,0,0
"DY12 2",5845,5787,2,2,0,0,0,2,0,0,0,5,1,5,19,2,6,5,0,1,0,1,0,0,0,0,3,0,0,0,0,0,0,1,0,0,0,0,0,0,0,0,0,5,0,1,0,0,0,0,0,0,6,0,0,0,0,6,0,0,0,0,0,0,0,0,11,0,0,3,0,0,0,6,0,1,1,0,0,0,0,0,0,0,0,0,0,0,0,0,0,0,0,0,0,0,0,0,0,0,1,1,0,0
"DY12 3",1352,1329,0,0,0,0,0,0,0,0,0,1,0,3,14,2,2,5,3,0,0,0,0,2,0,0,0,0,0,0,0,0,0,0,0,0,0,0,0,0,0,0,0,1,0,0,0,0,0,0,0,0,3,3,0,0,0,0,0,0,0,0,0,0,0,0,1,0,0,1,0,0,0,0,0,0,0,0,0,0,0,0,0,0,0,0,0,0,0,0,0,0,0,0,0,0,0,0,0,0,0,0,0,0
"DY13 0",6577,6517,0,0,0,0,0,0,0,0,0,2,0,2,26,3,3,12,1,0,0,2,0,0,0,2,2,1,0,0,0,0,0,0,2,0,0,0,1,1,0,0,0,1,1,0,1,0,1,0,0,0,10,0,0,4,0,3,2,0,0,0,1,0,0,0,14,0,0,0,0,0,0,7,0,6,1,0,0,0,0,0,0,0,0,0,0,0,0,0,0,0,0,0,0,0,0,0,0,0,1,1,0,0
"DY13 8",8607,8526,1,0,0,0,0,0,0,0,0,0,1,3,36,0,2,16,0,2,2,1,0,9,2,1,1,0,0,0,0,0,0,0,0,0,0,0,0,0,1,1,0,6,5,0,0,0,0,0,0,0,7,0,0,1,0,3,0,0,0,0,2,0,0,1,16,0,2,4,3,0,0,5,0,0,2,0,0,0,0,0,3,0,0,0,0,1,0,0,0,0,0,0,1,0,0,1,0,0,2,2,0,0
"DY13 9",6403,6310,1,0,0,0,0,0,0,0,0,2,0,0,46,0,1,14,8,1,5,0,2,4,5,1,2,0,0,1,0,0,2,0,0,0,0,0,0,0,1,1,0,1,1,1,1,0,0,0,0,1,15,3,1,6,0,1,4,0,0,0,0,0,0,0,23,0,6,3,2,0,0,6,0,5,1,0,0,0,0,0,0,0,0,0,0,0,0,0,0,0,0,0,0,0,0,0,0,0,1,0,1,0
"DY14 0",1745,1739,0,0,0,0,0,0,0,0,0,0,0,0,0,0,0,0,0,0,0,0,0,0,0,0,0,0,0,0,0,0,0,0,0,0,0,0,0,0,0,0,0,0,0,0,0,0,0,0,0,0,0,0,0,0,0,0,0,0,0,0,0,0,0,0,6,0,0,0,0,0,0,1,0,4,1,0,0,0,0,0,0,0,0,0,0,0,0,0,0,0,0,0,0,0,0,0,0,0,0,0,0,0
"DY14 8",3735,3672,1,0,0,0,0,0,0,0,0,1,0,2,36,1,3,7,5,1,2,0,1,11,0,1,1,1,1,0,0,0,0,1,0,0,0,0,0,0,0,0,0,0,1,0,1,0,1,0,0,0,4,1,0,1,0,0,2,0,0,0,0,0,0,0,16,0,2,3,2,1,0,3,0,2,3,0,0,0,0,0,0,0,0,0,0,0,0,0,0,0,0,0,0,0,0,0,1,1,0,0,0,0
"DY14 9",2854,2836,3,0,0,0,0,0,0,0,0,0,1,0,5,0,1,1,0,0,0,2,1,0,0,0,0,0,0,0,0,0,0,0,2,0,2,0,0,0,0,0,0,2,0,0,0,0,0,0,0,0,0,0,0,0,0,0,0,0,0,0,0,0,0,0,5,0,0,0,1,0,2,2,0,0,0,0,0,0,0,0,0,0,0,0,0,0,0,0,0,0,0,0,0,0,0,0,0,0,0,0,0,0
"DY2  0",10544,10120,0,1,0,0,0,0,0,1,0,9,1,2,41,4,2,7,4,0,1,8,6,3,0,3,1,0,0,0,0,1,0,1,5,5,0,0,0,0,0,0,0,3,6,9,20,0,7,10,3,0,253,85,5,75,25,6,37,0,1,2,6,3,3,5,40,3,5,14,0,0,0,3,0,13,2,0,0,0,0,0,29,0,0,11,0,0,0,0,8,0,0,6,0,0,2,2,2,2,3,2,0,1
"DY2  7",7226,6360,1,0,0,0,0,0,0,0,0,6,14,8,110,2,3,81,0,3,0,14,5,0,2,0,0,0,0,0,0,0,0,0,6,5,0,0,1,0,0,0,0,4,0,18,15,0,8,6,1,0,631,379,8,132,64,10,32,0,0,0,2,0,0,4,18,1,0,12,0,0,2,2,0,1,0,0,1,1,1,0,26,1,0,0,0,0,0,2,7,0,2,5,1,0,0,8,3,3,4,4,0,0
"DY2  8",6690,5837,1,0,0,0,0,0,0,0,0,3,7,2,99,2,1,74,0,0,4,1,8,1,3,0,3,0,0,0,2,0,0,0,0,0,0,0,0,0,2,2,0,3,0,26,30,0,2,2,22,4,627,331,7,118,67,4,69,1,0,5,6,5,0,14,26,0,4,9,2,0,4,2,0,5,0,0,0,0,0,0,16,0,0,0,0,0,0,0,0,0,0,1,2,0,5,8,5,5,6,3,0,3
"DY2  9",8376,8053,0,0,0,0,0,0,0,0,0,10,0,1,32,1,6,15,0,4,0,1,4,0,0,0,1,0,0,0,0,0,0,0,3,2,1,0,0,0,0,0,0,1,2,13,79,0,15,9,55,0,143,59,2,36,16,8,16,0,0,2,0,0,0,4,22,0,1,13,1,0,0,1,0,6,0,0,0,0,0,0,14,0,2,0,0,1,0,2,0,0,0,4,0,0,2,3,1,1,2,1,1,0
"DY3  1",9250,9165,1,1,0,0,0,0,0,1,0,5,0,1,20,3,1,11,0,0,2,0,0,1,0,1,0,0,0,1,0,0,0,0,0,0,0,0,0,0,0,0,0,0,1,6,0,0,0,0,0,0,25,4,0,20,0,0,1,0,0,0,0,0,0,0,12,1,9,1,0,0,0,1,0,0,0,0,0,0,0,0,6,0,0,0,0,0,0,0,0,0,0,6,0,0,0,0,0,0,7,5,2,0
"DY3  2",10849,10780,0,0,0,0,0,0,0,0,0,2,2,1,20,3,2,5,1,4,1,1,0,0,0,3,0,0,0,0,0,0,0,0,0,0,0,0,0,0,0,0,0,0,0,1,5,1,0,2,2,0,15,4,0,10,0,1,0,0,0,0,0,0,0,0,15,0,5,7,0,0,1,2,0,0,0,0,0,0,0,0,4,0,0,0,0,0,0,0,0,0,0,0,0,0,0,4,1,1,3,1,2,0
"DY3  3",10868,10799,0,0,0,0,0,0,0,0,0,3,0,2,12,2,1,1,0,0,0,0,1,3,0,2,0,2,0,0,0,0,0,0,2,0,1,0,0,1,0,0,0,2,0,2,1,0,0,0,0,1,34,8,2,14,0,0,3,0,0,7,0,0,0,0,5,3,0,0,1,0,0,1,0,0,0,0,0,0,0,0,4,0,0,0,0,0,0,0,0,0,0,0,4,0,0,0,1,1,1,0,1,0
"DY3  4",1772,1757,0,0,0,0,0,0,0,0,0,0,0,2,3,1,1,1,0,0,0,0,0,0,0,0,0,0,0,0,0,0,0,0,1,0,0,0,1,0,0,0,0,1,0,0,0,0,0,0,0,0,6,0,0,5,0,0,0,0,0,1,0,0,0,0,2,0,0,0,0,0,0,1,0,1,0,0,0,0,0,0,0,0,0,0,0,0,0,0,0,0,0,0,0,0,0,0,0,0,0,0,0,0
"DY4  0",13326,12799,0,1,0,0,0,0,0,1,0,14,0,2,210,5,1,178,17,3,1,0,3,0,0,1,1,0,0,0,0,0,0,0,2,2,0,0,0,0,0,0,0,4,0,6,15,0,8,4,1,2,219,9,3,154,0,10,36,0,0,4,0,1,0,2,24,0,2,13,0,0,2,0,0,4,3,0,0,0,0,0,24,0,0,1,0,0,0,0,1,0,0,9,0,0,0,13,0,0,6,3,2,1
"DY4  7",9279,7978,0,0,0,0,0,0,0,0,0,17,2,2,459,6,1,390,28,8,5,9,5,3,0,2,1,0,0,0,0,0,1,0,6,2,4,0,0,0,0,0,0,0,2,6,20,0,3,11,6,0,691,119,7,455,29,35,32,0,2,2,3,0,0,7,44,6,13,7,0,0,3,3,1,11,0,0,0,2,2,0,39,0,0,1,0,2,0,1,1,1,2,15,2,4,0,10,3,3,8,5,1,2
"DY4  8",10726,9448,0,0,0,0,0,0,0,0,0,8,11,4,272,14,2,230,5,2,1,10,5,0,0,1,0,2,0,0,0,0,0,0,0,0,0,0,0,0,0,0,0,1,1,13,9,0,1,6,2,0,908,152,4,308,54,294,67,0,0,4,2,1,5,17,20,0,3,2,0,0,6,4,0,4,1,0,0,0,0,0,13,1,0,0,2,0,0,0,0,0,0,2,0,1,3,4,3,3,15,13,1,1
"DY4  9",7537,7220,1,0,0,0,0,0,0,0,0,4,6,1,169,3,2,146,0,1,4,5,2,0,0,3,1,1,0,0,1,0,0,0,0,0,0,0,0,0,0,0,0,5,1,5,5,0,4,0,0,1,83,5,1,51,1,14,9,0,0,0,0,0,0,2,13,0,0,6,0,0,0,1,0,6,0,0,0,0,0,0,17,0,0,2,0,0,3,1,2,0,0,8,0,0,0,1,0,0,7,7,0,0
"DY5  1",6146,5901,1,1,0,0,0,0,0,1,0,15,3,3,46,1,1,30,0,0,0,0,3,1,0,0,7,1,0,0,1,0,1,0,7,4,0,0,3,0,0,0,0,3,1,2,11,0,3,2,2,4,129,75,2,36,4,0,9,0,0,0,0,0,0,3,16,3,4,4,0,0,1,0,0,4,0,0,0,0,0,0,0,0,0,0,0,0,0,0,0,0,0,0,0,0,0,0,3,3,4,3,0,1
"DY5  2",13136,12856,0,0,0,0,0,0,0,0,0,11,3,3,51,3,3,26,1,2,8,1,0,0,0,3,2,0,1,0,0,0,1,0,0,0,0,0,0,0,0,0,0,5,2,10,23,0,6,16,0,1,116,59,3,34,6,1,3,0,0,8,0,0,0,2,29,12,8,7,0,0,0,2,0,0,0,0,0,0,0,0,24,0,6,0,0,0,0,0,1,0,1,10,0,1,2,3,2,2,1,0,0,1
"DY5  3",12493,12094,0,0,0,0,0,0,0,0,0,2,6,2,68,2,7,48,0,4,2,0,1,0,3,0,0,1,0,0,0,0,0,0,3,2,0,0,0,1,0,0,0,3,3,6,22,0,10,9,3,0,225,138,3,58,10,0,10,0,0,2,1,0,2,1,35,4,10,9,0,0,0,10,1,1,0,0,0,0,0,0,18,0,0,0,0,0,0,0,1,0,0,9,0,0,0,8,3,3,3,3,0,0
"DY5  4",8372,8201,0,0,0,0,0,0,0,0,0,5,2,0,41,3,0,24,2,6,4,0,0,0,0,0,0,0,1,0,0,0,0,1,2,2,0,0,0,0,0,0,0,2,3,7,9,0,1,8,0,0,49,14,0,23,0,3,6,0,0,0,0,2,0,1,35,1,12,0,0,0,0,7,0,9,6,0,0,0,0,0,11,0,0,0,0,0,0,0,0,0,0,11,0,0,0,0,0,0,5,3,0,2
"DY6  0",3983,3971,0,0,0,0,0,0,0,0,0,1,0,1,2,0,1,1,0,0,0,0,0,0,0,0,0,0,0,0,0,0,0,0,0,0,0,0,0,0,0,0,0,0,0,0,0,0,0,0,0,0,2,0,0,0,0,0,2,0,0,0,0,0,0,0,5,0,0,2,1,0,0,2,0,0,0,0,0,0,0,0,0,0,0,0,0,0,0,0,0,0,0,0,0,0,0,0,0,0,1,1,0,0
"DY6  7",4018,3982,0,0,0,0,0,0,0,0,0,1,0,2,7,2,0,1,0,0,0,4,0,0,0,0,0,0,0,0,0,0,0,0,1,0,1,0,0,0,0,0,0,2,0,2,2,0,0,2,0,0,8,2,0,4,0,0,2,0,0,0,0,0,0,0,7,0,0,4,0,0,0,3,0,0,0,0,0,0,0,0,3,0,0,0,0,0,0,0,0,0,0,3,0,0,0,0,0,0,1,1,0,0
"DY6  8",10431,10351,3,0,0,0,0,0,0,0,0,3,0,0,17,1,2,3,3,0,0,0,0,1,0,5,0,1,0,0,0,1,0,0,0,0,0,0,0,0,0,0,0,0,2,5,2,0,1,1,0,0,22,4,3,8,1,2,3,0,0,0,1,0,0,0,23,0,5,2,0,0,2,5,0,9,0,0,0,0,0,0,1,0,0,0,0,0,0,0,0,0,0,1,0,0,0,0,2,2,0,0,0,0
"DY6  9",8390,8341,2,0,0,0,0,0,0,0,0,0,0,5,5,0,0,3,0,0,0,0,0,0,0,0,0,0,2,0,0,0,0,0,0,0,0,0,0,0,0,0,0,2,0,2,1,0,1,0,0,0,9,0,1,8,0,0,0,0,0,0,0,0,0,0,15,2,4,4,2,0,0,3,0,0,0,0,0,0,0,0,4,0,0,0,0,0,0,0,0,1,0,1,0,0,0,2,0,0,4,2,0,2
"DY7  5",2178,2163,0,0,0,0,0,0,0,0,0,1,0,2,4,0,1,0,0,0,0,0,0,1,0,0,0,0,0,0,0,0,0,2,0,0,0,0,0,0,0,0,0,0,0,0,1,0,0,0,1,0,5,1,2,2,0,0,0,0,0,0,0,0,0,0,2,0,0,0,0,0,2,0,0,0,0,0,0,0,0,0,0,0,0,0,0,0,0,0,0,0,0,0,0,0,0,0,0,0,0,0,0,0
"DY7  6",5956,5913,2,0,0,0,0,0,0,0,0,6,1,1,11,0,2,4,1,0,0,0,0,0,1,3,0,0,0,0,0,0,0,0,0,0,0,0,0,0,0,0,0,1,0,2,0,0,0,0,0,0,4,0,0,3,0,0,0,0,0,0,0,0,1,0,8,0,1,6,0,0,0,1,0,0,0,0,0,0,0,0,0,0,0,0,0,0,0,0,0,0,0,0,0,0,0,0,1,1,6,5,1,0
"DY8  1",5359,5189,1,0,0,0,0,0,0,0,0,12,2,4,32,2,8,2,0,8,1,0,0,0,6,4,0,0,1,0,0,0,0,0,3,0,0,3,0,0,0,0,0,1,0,3,8,3,0,4,0,1,48,30,0,12,3,2,1,0,0,0,0,0,0,0,51,0,16,26,5,0,0,4,0,0,0,0,0,0,0,0,2,0,0,0,0,0,0,0,0,0,0,2,0,0,0,0,0,0,3,1,2,0
"DY8  2",5892,5806,1,0,0,0,0,0,0,0,0,5,0,5,17,0,3,8,0,3,0,0,0,1,0,2,0,0,0,0,0,0,0,0,0,0,0,0,0,0,0,0,0,5,0,4,0,0,0,0,0,0,29,1,2,23,1,1,1,0,0,0,0,0,0,0,15,1,5,5,0,0,0,2,1,1,0,0,0,0,0,0,3,0,0,0,0,0,0,0,0,0,0,0,2,0,0,1,1,1,1,1,0,0
"DY8  3",12200,12099,5,0,0,0,0,0,0,0,0,11,2,7,20,0,5,7,3,0,0,0,0,0,0,2,1,1,1,0,0,0,0,0,1,0,0,0,0,1,0,0,0,7,2,3,6,0,6,0,0,0,20,9,1,7,2,0,0,0,0,1,0,0,0,0,9,0,3,2,1,0,0,3,0,0,0,0,0,0,0,0,1,0,0,0,0,0,0,0,0,0,0,1,0,0,0,0,1,1,6,3,1,2
"DY8  4",12846,12657,3,0,0,0,0,0,0,0,0,8,1,5,36,3,4,12,6,0,3,0,0,1,1,2,1,0,0,3,0,0,0,0,5,1,0,3,0,1,0,0,0,9,1,10,3,0,1,0,2,0,71,45,0,24,1,0,0,0,0,0,0,0,0,1,28,2,7,7,2,1,0,2,1,5,1,0,0,0,0,0,3,0,0,0,0,0,0,0,0,0,0,1,1,0,0,1,1,1,5,4,0,1
"DY8  5",12801,12708,0,0,0,0,0,0,0,0,0,1,1,5,29,3,8,8,3,0,0,1,0,1,0,3,1,1,0,0,0,0,0,0,3,3,0,0,0,0,0,0,0,1,1,4,8,0,2,3,0,3,23,12,0,3,5,0,1,0,0,0,1,1,0,0,10,1,0,1,1,0,1,3,0,3,0,0,0,0,0,0,1,0,0,0,0,0,0,1,0,0,0,0,0,0,0,0,0,0,6,4,0,2
"DY9  0",10580,10421,1,0,0,0,0,0,0,0,0,5,4,3,31,3,3,5,5,1,0,3,0,4,0,2,4,1,0,0,0,0,0,0,1,0,1,0,0,0,0,0,0,1,2,5,6,0,1,0,5,0,69,15,3,40,4,1,0,0,0,2,0,0,0,4,26,2,2,16,1,0,0,5,0,0,0,0,0,0,0,0,1,0,0,0,0,0,0,0,0,0,0,0,0,0,0,1,3,3,1,1,0,0
"DY9  7",4802,4565,0,0,0,0,0,0,0,0,0,10,0,1,16,2,3,4,1,1,0,0,0,0,0,0,5,0,0,0,0,0,0,0,2,1,1,0,0,0,0,0,0,0,0,2,5,0,0,2,3,0,186,118,2,43,14,5,0,0,0,0,0,0,0,4,13,2,4,0,1,1,2,2,0,1,0,0,0,0,0,0,1,0,0,0,0,0,0,0,0,0,1,0,0,0,0,0,0,0,1,1,0,0
"DY9  8",5596,4752,0,0,0,0,0,0,0,0,0,12,4,3,51,4,4,15,2,6,7,0,4,1,1,3,2,1,0,1,0,0,0,0,6,6,0,0,0,0,0,0,0,0,7,19,18,0,6,5,4,3,673,452,1,132,66,0,6,0,0,0,4,0,0,12,31,0,5,15,0,0,0,0,0,11,0,0,0,0,0,0,8,0,0,0,0,0,0,0,0,0,0,2,0,0,0,6,5,5,7,7,0,0
"DY9  9",8002,7855,4,0,0,0,0,0,0,0,0,0,0,0,19,2,1,6,0,0,2,0,0,1,3,0,3,0,0,0,0,0,0,1,2,1,0,0,0,1,0,0,0,4,0,3,3,0,2,0,0,1,90,59,0,28,1,0,1,0,0,1,0,0,0,0,16,0,3,8,0,0,0,4,0,0,1,0,0,0,0,0,1,0,0,0,0,0,0,0,0,0,0,0,0,0,0,1,2,2,3,3,0,0
"E1   0",10550,6080,3,1,1,0,0,0,0,0,0,77,68,97,413,86,50,79,6,8,15,44,8,32,18,21,6,8,13,3,0,0,14,2,25,7,5,4,0,9,0,0,0,34,33,65,25,1,7,8,1,8,3350,42,16,12,0,3223,18,0,2,3,10,0,1,23,119,4,10,39,18,8,13,4,2,9,12,1,0,0,0,0,141,4,4,96,1,4,3,0,11,1,0,1,2,8,1,5,10,10,8,5,2,1
"E1   1",6061,3550,2,0,0,0,0,0,0,0,0,139,46,54,328,92,70,42,8,4,3,17,5,7,7,28,11,16,8,7,2,0,0,1,14,1,1,0,0,12,0,0,0,33,15,48,12,3,3,0,1,5,1594,76,8,6,0,1468,3,0,0,6,5,1,4,17,134,15,6,31,18,14,16,10,9,6,9,0,0,0,0,0,78,8,2,54,0,2,4,0,3,1,0,0,0,1,1,2,9,9,5,4,1,0
"E1   2",7491,4217,0,0,0,0,0,0,0,0,0,95,57,86,325,78,52,67,7,5,6,27,7,13,8,12,12,16,9,1,1,2,2,0,27,12,3,1,0,11,0,0,0,32,32,62,57,1,24,3,6,23,2200,62,12,5,1,2088,13,1,2,0,5,0,0,11,168,9,9,40,18,2,13,8,18,25,26,0,0,1,1,0,120,1,11,72,0,6,11,0,1,1,0,1,0,1,4,11,8,8,4,3,0,1
"E1   3",7055,4376,1,1,1,0,0,0,0,0,0,65,58,95,253,85,30,38,3,2,7,18,6,19,5,10,8,7,2,5,0,0,5,3,16,6,5,2,0,3,0,0,0,26,23,52,11,2,4,3,1,1,1878,22,8,5,0,1812,0,0,0,0,13,0,0,18,84,2,11,32,7,2,12,3,2,11,2,0,1,0,0,0,100,10,5,68,0,1,1,0,3,0,0,0,0,6,2,4,8,8,7,3,4,0
"E1   4",14768,9107,6,2,0,1,0,0,0,0,1,145,83,158,679,168,93,98,14,13,28,35,15,16,44,73,7,36,4,13,8,2,4,8,29,10,6,0,1,12,2,0,2,72,45,78,50,2,9,12,5,22,3456,58,16,10,0,3291,13,2,2,11,12,2,4,35,532,27,38,283,30,26,45,31,16,34,2,1,1,0,0,0,277,8,16,184,0,3,3,3,5,0,3,4,5,10,4,29,36,36,9,8,0,1
"E1   5",10728,5997,3,2,2,0,0,0,0,0,0,177,100,164,485,150,67,64,13,3,6,26,2,4,10,50,7,32,18,8,4,2,10,9,42,8,11,4,0,19,7,0,7,54,29,55,49,3,14,8,4,20,3223,39,17,22,0,3087,9,1,0,2,10,1,11,24,148,10,10,57,31,15,11,4,1,8,1,0,0,0,0,0,182,8,18,121,0,5,2,4,4,2,1,0,0,8,2,7,8,8,3,3,0,0
"E1   6",4218,2870,0,1,0,0,0,0,0,1,0,146,33,87,356,94,83,37,0,7,5,16,0,4,6,23,18,31,11,9,4,4,0,4,20,0,4,0,0,16,0,0,0,28,19,15,8,5,1,1,0,1,507,3,6,4,0,484,0,1,0,0,6,0,0,3,98,8,6,28,27,10,4,3,10,0,2,0,0,0,0,0,26,6,7,6,0,0,1,0,1,0,0,1,0,1,1,2,3,3,1,1,0,0
"E1   7",2433,1503,1,0,0,0,0,0,0,0,0,87,35,44,248,71,45,32,2,1,7,7,5,4,7,23,16,13,8,4,1,1,0,1,12,4,3,1,0,4,0,0,0,19,8,33,17,3,2,6,4,2,341,9,5,10,0,306,0,0,1,2,1,0,0,7,67,4,3,24,11,6,2,12,1,2,2,0,0,0,0,0,15,1,0,7,0,1,0,0,2,0,0,0,2,1,0,1,2,2,1,1,0,0
"E1   8",4204,2721,0,1,1,0,0,0,0,0,0,119,32,90,295,75,60,35,2,2,15,2,0,3,13,31,21,18,3,10,2,0,0,3,10,2,0,2,0,6,0,0,0,17,10,39,15,0,10,2,1,2,715,6,8,4,0,679,7,0,0,2,0,1,0,8,79,7,12,19,11,6,6,4,2,6,6,1,0,0,0,0,54,5,2,29,0,7,0,0,2,0,0,4,0,1,3,1,3,3,3,1,1,1
"E10  5",14068,8984,0,1,0,0,0,0,0,1,0,191,174,103,1683,76,26,585,90,34,296,273,46,57,139,35,9,4,1,1,6,0,0,5,91,67,6,17,1,0,1,1,0,101,293,168,95,1,21,20,44,9,1412,634,21,245,3,266,153,0,12,44,12,2,7,13,251,34,20,92,4,4,21,6,4,36,30,0,1,0,0,0,477,10,6,227,0,56,19,14,50,9,15,8,29,6,15,13,38,38,4,2,1,1
"E10  6",15544,9899,0,1,1,0,0,0,0,0,0,171,154,120,2215,98,24,876,96,35,451,296,42,49,156,64,5,10,1,5,1,3,0,3,70,30,2,32,0,6,0,0,0,117,132,79,115,0,31,32,38,14,1892,785,26,314,2,231,215,4,0,249,30,11,8,17,238,52,11,68,5,1,26,14,6,41,14,0,1,0,0,0,286,6,5,95,0,52,10,7,29,0,2,14,36,4,6,20,49,49,5,5,0,0
"E10  7",11202,7227,0,0,0,0,0,0,0,0,0,128,115,77,1296,41,21,490,60,19,234,184,22,62,111,27,11,6,1,2,2,0,1,2,72,54,2,14,2,0,0,0,0,63,325,94,134,2,19,38,69,6,1170,616,20,224,2,114,107,3,1,35,28,4,3,13,184,35,7,45,7,1,13,11,2,43,20,0,0,0,0,0,283,18,14,104,0,63,11,13,12,3,3,4,10,10,7,11,29,29,5,4,1,0
"E11  1",11196,8628,0,2,2,0,0,0,0,0,0,98,67,82,976,121,38,338,23,24,127,111,10,35,97,29,6,1,3,3,3,1,0,6,44,34,5,3,0,2,0,0,0,59,62,79,57,0,12,19,12,14,789,351,25,106,2,110,96,2,16,38,15,8,13,7,96,9,7,22,15,2,4,9,5,19,4,0,0,0,0,0,141,3,1,32,1,14,6,6,16,0,6,5,46,0,1,4,12,12,4,3,1,0
"E11  2",10944,9692,3,2,2,0,0,0,0,0,0,58,36,64,352,36,27,96,6,5,41,65,2,13,26,12,7,6,3,0,2,1,4,0,23,12,3,7,1,0,1,1,0,39,37,16,36,3,2,21,3,7,400,103,25,75,0,73,74,1,0,41,4,4,0,0,105,4,16,37,15,2,5,7,1,7,11,0,0,0,0,0,70,0,0,6,0,12,2,1,8,5,0,1,29,2,3,1,9,9,1,0,1,0
"E11  3",15655,11102,1,2,0,1,0,0,0,1,0,152,153,109,1750,57,36,562,36,40,329,311,37,53,233,32,6,9,5,1,0,0,0,3,85,61,4,11,4,5,1,1,0,116,116,153,155,1,19,97,20,18,1166,371,30,120,10,279,226,2,21,69,17,10,4,7,182,3,8,67,17,1,15,18,2,41,10,0,1,1,1,0,378,4,2,145,1,44,10,19,32,6,6,9,21,3,2,74,28,28,4,3,1,0
"E11  4",14358,9559,0,2,1,0,0,0,0,1,0,193,178,117,1826,111,68,635,63,32,330,284,23,57,162,21,10,12,5,3,6,0,1,3,88,64,4,14,0,6,1,1,0,134,131,139,88,0,8,18,46,16,1313,505,30,184,5,300,193,2,13,34,14,11,15,7,194,23,23,50,9,1,14,20,8,22,24,0,2,0,0,0,363,8,3,128,0,61,10,11,15,2,13,9,59,19,9,16,21,21,9,7,1,1
"E12  5",15724,9882,1,1,1,0,0,0,0,0,0,116,219,95,724,41,25,197,16,2,137,197,24,18,41,10,7,0,3,5,1,0,0,0,51,44,0,4,2,1,4,4,0,71,41,128,163,0,3,41,116,3,3598,761,127,293,3,1440,409,10,47,320,91,27,37,33,80,4,2,12,0,0,8,6,0,40,8,0,2,0,0,0,505,12,3,202,0,50,17,16,98,22,17,10,5,24,11,18,26,26,17,12,4,1
"E12  6",24612,12373,0,1,0,0,0,0,0,0,1,157,203,111,1028,35,27,362,27,3,222,200,29,12,58,16,20,6,2,4,0,0,5,0,43,33,4,6,0,0,5,5,0,40,58,97,218,0,2,52,154,10,9449,1911,291,982,7,2525,1289,18,271,1656,338,49,65,47,165,1,9,26,0,0,20,4,4,74,27,0,13,2,1,1,582,2,10,255,5,47,39,38,85,17,15,6,1,16,20,26,52,52,15,11,4,0
"E13  0",18142,10465,2,2,1,0,0,0,0,1,0,147,273,123,1346,41,25,281,28,15,342,361,44,57,110,14,15,10,0,0,0,0,3,0,92,54,8,25,3,2,0,0,0,74,23,106,129,0,3,19,82,25,4302,687,154,313,8,1864,925,7,64,94,52,32,49,53,375,8,7,42,9,2,16,20,6,250,15,1,9,5,4,1,614,10,11,237,4,108,44,9,48,27,20,8,3,28,41,16,39,39,15,8,7,0
"E13  8",13017,8520,0,0,0,0,0,0,0,0,0,97,301,142,1247,35,25,233,17,7,245,431,40,51,138,8,11,1,2,1,2,0,0,0,76,62,5,8,0,1,0,0,0,123,34,42,85,1,13,22,45,4,1506,268,30,113,1,865,62,0,16,52,54,17,19,9,345,5,21,45,2,0,19,10,3,231,9,0,0,0,0,0,467,24,5,130,2,75,47,41,39,13,11,1,1,21,44,13,24,24,8,7,1,0
"E13  9",13586,7584,0,0,0,0,0,0,0,0,0,133,250,125,1121,48,16,239,9,10,272,393,23,27,60,6,5,5,4,1,2,0,1,0,47,30,4,11,1,1,3,3,0,53,30,70,117,0,8,6,87,16,3056,739,101,219,3,1275,292,5,41,215,69,6,44,47,519,7,25,43,5,2,18,14,6,377,22,0,1,1,1,0,447,11,9,177,0,63,27,18,46,20,5,6,1,21,20,23,22,22,7,3,2,2
"E14  0",10110,5911,1,1,0,0,0,0,0,0,1,82,81,75,409,52,17,100,9,4,17,82,23,21,41,18,4,9,3,3,3,0,1,2,24,17,0,5,0,2,0,0,0,55,44,50,46,0,2,26,3,15,2778,35,10,14,0,2658,19,4,0,2,2,0,6,28,264,20,46,100,6,5,54,5,7,18,3,0,1,0,0,0,275,6,2,217,1,8,9,4,4,0,6,1,0,11,4,2,8,8,5,5,0,0
"E14  2",1668,1113,0,0,0,0,0,0,0,0,0,16,10,23,106,10,18,30,2,3,5,11,0,2,1,12,5,2,1,2,2,0,0,0,10,0,3,1,0,6,1,0,1,21,12,16,21,0,2,12,1,6,167,15,30,2,0,104,0,2,5,2,6,0,0,1,133,15,4,88,2,8,2,1,2,11,0,0,0,0,0,0,16,0,0,6,0,1,0,0,0,4,0,2,2,0,1,0,2,2,1,0,1,0
"E14  3",16181,11350,2,0,0,0,0,0,0,0,0,254,123,249,1221,171,127,250,30,30,74,122,20,100,89,82,43,35,13,12,5,4,7,7,67,17,25,12,2,11,0,0,0,178,85,53,86,6,7,51,1,21,1595,35,105,21,0,1310,14,9,13,42,17,1,4,24,722,88,72,345,36,40,87,30,9,11,4,0,0,0,0,0,181,10,4,89,0,8,0,5,2,1,0,1,36,5,10,10,8,8,7,7,0,0
"E14  4",449,338,0,0,0,0,0,0,0,0,0,14,6,6,40,9,15,5,0,0,0,0,0,3,1,1,3,0,0,0,1,0,0,2,1,0,1,0,0,0,0,0,0,8,0,2,0,0,0,0,0,0,11,0,6,0,0,0,0,0,0,0,0,3,0,2,23,0,4,13,4,1,0,1,0,0,0,0,0,0,0,0,0,0,0,0,0,0,0,0,0,0,0,0,0,0,0,0,0,0,0,0,0,0
"E14  5",621,432,0,0,0,0,0,0,0,0,0,14,14,9,48,6,8,9,6,0,3,0,3,3,0,5,3,0,0,2,0,0,0,0,1,0,0,1,0,0,0,0,0,7,7,3,7,2,0,3,0,2,15,1,1,0,0,5,5,0,0,0,1,1,1,0,58,7,9,32,0,6,3,0,0,1,0,0,0,0,0,0,6,0,0,0,0,0,1,0,0,0,0,0,5,0,0,0,0,0,0,0,0,0
"E14  6",11537,7602,2,3,0,0,0,0,0,3,0,80,96,74,481,67,35,113,5,7,31,83,9,36,44,24,5,5,1,2,6,0,6,2,22,13,4,2,0,3,0,0,0,44,51,77,58,1,11,8,16,22,2417,17,16,19,0,2317,10,0,1,1,5,4,8,19,254,18,49,84,4,9,60,3,5,14,8,0,0,0,0,0,263,12,5,179,0,10,8,2,7,2,2,1,10,5,3,17,8,8,5,4,1,0
"E14  7",12170,7482,2,0,0,0,0,0,0,0,0,127,81,123,464,82,54,111,6,3,17,46,13,29,24,31,7,11,10,7,0,3,8,2,24,14,5,3,0,2,0,0,0,64,34,65,30,5,3,6,7,9,3248,29,19,10,0,3140,17,0,0,3,7,1,0,22,220,9,34,104,13,6,24,7,11,10,2,0,0,1,1,0,186,12,5,124,1,8,1,1,1,0,4,1,7,10,3,8,14,14,5,3,2,0
"E14  8",11766,8000,6,0,0,0,0,0,0,0,0,182,116,148,759,136,116,114,19,10,31,35,15,63,49,75,30,36,15,3,2,1,5,4,37,10,5,8,1,13,0,0,0,137,103,47,55,5,7,17,6,20,1470,12,58,6,0,1340,8,4,6,9,5,2,1,19,535,54,96,256,22,31,44,3,9,11,9,0,0,1,1,0,151,16,6,85,0,6,5,3,3,1,0,0,9,3,5,9,10,10,9,6,3,0
"E14  9",13851,8840,1,1,1,0,0,0,0,0,0,303,212,253,1155,178,208,188,27,27,46,64,10,85,53,122,46,39,24,14,4,6,3,11,67,11,22,10,3,21,0,0,0,251,112,159,124,1,8,62,2,51,1166,48,135,9,0,876,7,20,8,23,9,1,2,28,1069,86,129,637,53,54,40,16,22,23,9,0,0,0,0,0,126,0,0,56,0,7,3,1,4,0,1,0,22,3,17,12,5,5,7,7,0,0
"E15  1",13361,8269,0,3,3,0,0,0,0,0,0,180,283,153,1855,87,30,585,60,21,371,296,43,87,223,18,10,2,5,1,11,0,2,3,58,32,9,10,5,2,1,1,0,135,41,115,68,0,4,36,26,2,1466,297,88,107,5,657,120,11,35,52,22,5,60,7,287,26,26,100,9,4,24,17,3,66,12,0,1,1,1,0,413,17,17,128,1,55,25,25,33,7,22,11,12,15,21,24,28,28,4,2,2,0
"E15  2",10488,6600,0,1,1,0,0,0,0,0,0,171,212,128,1190,81,72,315,62,29,200,197,20,63,92,24,12,10,4,6,1,0,1,1,50,31,4,11,2,2,1,1,0,102,98,101,73,0,9,25,12,27,1146,264,58,60,8,487,78,5,22,65,44,15,22,18,273,14,31,130,9,3,16,7,6,41,16,0,0,0,0,0,321,8,9,135,0,49,18,12,38,11,6,2,9,3,17,4,18,18,3,3,0,0
"E15  3",13735,8702,1,3,0,0,0,0,0,3,0,135,198,115,1425,45,19,336,16,10,339,326,47,86,160,7,15,8,3,6,1,1,0,0,41,26,1,13,0,1,2,2,0,79,76,124,65,0,4,47,5,9,1719,183,32,90,0,1007,145,2,27,122,42,16,40,13,463,6,10,102,2,0,34,19,6,261,23,0,0,0,0,0,557,18,25,180,0,85,50,18,57,5,24,8,11,21,23,32,24,24,6,3,3,0
"E15  4",11848,7265,1,5,2,0,0,0,0,1,2,146,188,123,1682,82,25,480,46,13,276,398,18,68,237,7,11,12,1,2,4,1,0,1,64,17,18,26,0,3,0,0,0,117,44,62,79,0,4,26,30,19,1456,191,60,84,0,725,195,4,21,47,46,9,60,14,240,17,26,60,6,5,17,10,2,86,11,0,0,3,2,1,335,22,14,115,1,35,31,14,35,11,8,5,7,6,17,14,32,32,6,4,0,2
"E16  1",11479,8041,1,0,0,0,0,0,0,0,0,140,221,126,1032,62,60,197,17,7,116,320,23,37,93,43,16,12,12,5,4,0,5,3,56,30,5,14,1,6,1,1,0,116,61,128,99,0,9,53,9,28,623,70,57,21,0,269,26,2,22,94,39,3,2,18,497,36,29,286,24,18,29,6,4,57,8,0,0,0,0,0,324,6,1,75,3,43,37,7,37,15,18,5,29,7,12,29,10,10,3,1,1,1
"E16  2",9249,6536,0,5,2,0,0,2,0,1,0,143,175,77,911,37,31,144,25,20,140,340,2,21,43,65,12,16,7,1,4,0,1,2,59,26,3,15,1,14,0,0,0,114,44,46,74,1,6,53,4,10,551,117,73,30,0,183,29,0,19,39,9,17,28,7,192,13,18,113,7,0,11,8,7,14,1,0,0,0,0,0,307,9,6,56,3,42,41,16,35,12,12,12,21,17,11,14,11,11,4,3,1,0
"E16  3",13268,9104,0,0,0,0,0,0,0,0,0,134,252,138,1774,39,15,305,25,6,211,934,32,28,151,3,16,2,1,0,6,0,0,0,51,29,8,13,1,0,9,9,0,144,23,56,42,2,4,27,5,4,753,94,27,40,1,430,74,0,12,40,12,4,12,7,280,9,33,60,3,3,34,21,4,105,8,0,0,1,1,0,489,8,8,125,3,110,44,22,37,19,26,1,10,25,27,24,14,14,4,4,0,0
"E16  4",9058,6136,0,0,0,0,0,0,0,0,0,95,251,109,1036,33,13,196,22,5,172,384,27,16,130,7,8,11,0,1,0,1,5,5,89,68,5,16,0,0,0,0,0,78,14,37,26,0,1,7,11,7,573,59,30,37,0,370,25,3,0,23,8,11,4,3,204,0,24,53,3,1,28,5,6,75,9,0,0,0,0,0,377,18,20,62,1,80,49,20,34,21,18,9,3,10,21,11,16,16,17,13,4,0
"E17  3",11885,8465,0,0,0,0,0,0,0,0,0,201,169,55,953,30,21,401,31,14,156,111,13,50,77,30,3,7,3,1,2,1,1,1,101,87,5,8,1,0,0,0,0,49,292,151,112,1,26,38,36,11,782,366,6,137,4,66,35,1,3,136,16,8,1,3,105,10,4,17,4,3,15,2,1,28,21,1,0,1,0,1,406,42,19,165,2,48,4,13,49,5,12,2,6,4,3,32,31,31,11,9,2,0
"E17  4",15563,11424,2,4,0,0,0,1,0,2,1,116,124,90,1530,61,40,497,70,46,377,194,10,33,147,20,10,7,6,0,4,3,1,4,63,32,8,14,1,8,1,1,0,67,249,151,83,0,7,16,45,15,1204,500,23,191,2,56,49,0,2,342,9,21,2,7,191,17,7,57,9,1,20,9,19,48,4,0,0,3,3,0,222,4,8,111,2,31,11,3,14,2,5,1,7,8,6,9,20,20,19,17,1,1
"E17  5",16111,11896,3,2,2,0,0,0,0,0,0,168,122,96,1297,36,33,455,51,18,245,226,30,39,119,12,16,6,5,3,1,1,1,0,101,76,10,10,0,5,2,2,0,70,325,134,113,2,22,40,43,6,1180,471,7,185,3,141,62,0,0,280,3,18,2,8,181,11,20,30,6,1,6,14,10,64,19,0,0,0,0,0,370,3,4,220,0,32,12,7,34,3,16,1,7,8,8,15,41,41,10,8,1,1
"E17  6",16054,10651,4,2,2,0,0,0,0,0,0,153,128,180,1968,82,32,730,85,72,318,249,37,44,260,29,7,8,7,2,1,0,1,4,88,53,7,27,0,1,3,3,0,78,186,232,135,2,26,44,53,10,1578,652,28,249,2,74,87,5,2,398,5,43,16,17,322,34,21,69,16,1,8,7,3,133,30,0,0,1,1,0,305,9,9,138,0,34,12,10,13,1,5,16,12,12,6,28,35,35,5,3,1,1
"E17  7",10586,7042,1,4,2,0,0,1,0,0,1,92,56,77,1295,60,33,549,57,38,172,162,14,20,132,19,15,13,4,1,1,0,0,5,61,39,6,9,1,6,5,5,0,65,142,69,93,0,23,19,46,5,1158,588,19,197,3,75,74,0,3,174,4,7,6,8,201,12,11,72,14,1,1,7,10,46,27,1,0,1,0,1,207,2,4,106,1,26,6,15,16,1,3,6,4,3,3,11,14,14,2,1,1,0
"E17  8",14727,9708,2,3,2,0,0,0,0,0,1,169,108,96,1698,71,45,686,80,44,272,234,29,42,162,14,8,5,2,1,0,0,2,1,98,68,11,11,0,8,1,1,0,65,295,152,179,2,25,62,77,13,1586,854,14,263,9,123,143,0,1,142,11,4,13,9,220,36,17,54,21,1,5,0,4,71,11,0,2,0,0,0,287,8,7,98,5,61,15,11,31,2,11,6,11,1,3,17,48,48,10,8,1,1
"E17  9",12386,8992,2,0,0,0,0,0,0,0,0,127,105,63,1184,48,34,422,47,25,197,129,18,49,150,26,7,15,5,4,5,0,2,1,68,49,6,9,1,3,1,1,0,62,152,84,92,3,15,29,42,3,1069,504,10,307,2,57,73,2,4,94,10,2,1,3,210,34,8,33,9,1,9,0,5,83,28,0,1,0,0,0,150,7,5,61,1,31,2,3,8,5,6,2,8,3,7,1,18,18,6,5,1,0
"E18  1",7569,6601,1,0,0,0,0,0,0,0,0,45,48,32,300,27,8,65,18,1,51,47,0,6,49,11,5,7,4,1,0,0,0,0,66,44,15,3,0,4,1,1,0,24,41,28,13,0,1,5,4,3,243,63,16,45,0,36,40,2,0,24,4,7,3,3,83,0,12,44,11,0,4,7,1,1,3,3,0,0,0,0,32,0,1,1,0,2,3,1,0,0,0,0,19,0,1,4,4,4,4,4,0,0
"E18  2",11413,10033,0,1,0,0,0,1,0,0,0,58,34,72,402,29,22,116,8,5,41,80,8,14,43,18,6,5,3,3,0,0,1,0,40,9,13,6,1,11,0,0,0,47,45,26,43,4,5,29,1,4,424,104,40,56,0,61,80,7,15,34,11,2,4,10,93,4,10,45,5,2,5,13,0,9,0,0,0,0,0,0,76,0,0,7,0,5,0,1,9,3,1,1,39,0,4,6,8,8,11,10,0,1
"E1W  1",2408,1893,2,0,0,0,0,0,0,0,0,69,10,40,177,43,51,24,1,4,0,0,0,5,1,13,15,4,4,9,0,0,0,3,6,0,5,0,0,1,0,0,0,35,4,4,6,0,0,6,0,0,115,2,0,0,0,108,0,2,0,0,0,1,0,2,42,0,9,16,8,3,1,0,0,3,2,0,0,0,0,0,5,0,0,1,0,0,0,0,0,0,0,0,3,0,1,0,0,0,0,0,0,0
"E1W  2",4054,3018,1,1,1,0,0,0,0,0,0,118,30,63,342,76,68,46,9,10,11,7,3,23,12,27,11,16,13,4,2,2,1,1,11,0,2,3,3,3,0,0,0,47,7,15,8,2,0,5,0,1,305,2,7,0,0,284,8,0,0,0,0,1,0,3,70,4,3,25,18,11,0,4,0,1,4,0,0,0,0,0,16,1,0,9,0,0,0,0,0,0,0,0,3,2,1,0,0,0,2,1,1,0
"E1W  3",5441,3930,0,2,0,1,1,0,0,0,0,103,34,59,295,48,57,49,10,8,7,22,3,12,11,22,12,12,13,5,1,0,3,0,15,1,5,3,1,5,0,0,0,46,29,26,14,0,3,8,0,3,733,10,11,3,0,703,0,0,0,0,2,0,2,2,94,6,4,44,15,3,0,8,2,6,6,0,0,0,0,0,58,4,6,35,0,4,2,1,0,0,2,0,1,1,2,0,2,2,1,0,1,0
"E2   0",10789,7490,3,1,1,0,0,0,0,0,0,130,117,159,513,169,53,91,11,5,5,34,1,21,2,34,9,55,5,5,2,0,3,8,27,4,8,3,2,10,0,0,0,29,40,53,27,3,4,5,3,12,1836,14,3,4,0,1782,5,1,0,2,8,0,1,16,150,12,8,67,22,9,15,7,0,8,2,0,0,0,0,0,204,14,11,147,0,3,6,5,4,1,2,0,1,3,3,4,3,3,7,6,1,0
"E2   6",9094,6151,4,1,1,0,0,0,0,0,0,122,88,160,403,94,62,65,4,4,4,23,2,9,6,24,21,50,15,5,1,4,7,3,43,3,10,1,1,28,0,0,0,42,32,47,27,3,4,13,0,7,1633,18,2,11,0,1574,6,0,0,2,0,1,7,12,180,14,17,84,21,11,15,5,2,6,5,0,0,2,1,1,154,7,6,102,2,8,1,4,8,5,1,1,3,2,3,1,2,2,3,1,1,1
"E2   7",8752,6104,0,1,0,0,0,1,0,0,0,128,80,130,469,178,89,51,5,2,7,6,6,9,7,25,14,45,12,7,1,0,1,4,28,5,6,1,0,16,0,0,0,24,48,58,17,6,6,4,0,1,1433,17,4,8,0,1390,0,1,0,1,0,1,2,9,106,4,7,28,21,12,12,8,5,7,2,0,0,1,1,0,117,13,10,51,1,7,1,14,1,1,4,5,1,0,2,6,5,5,3,1,1,1
"E2   8",7280,5374,2,2,2,0,0,0,0,0,0,161,105,118,371,96,75,44,3,3,4,16,9,14,15,21,15,38,6,2,1,3,2,4,54,20,3,3,0,28,1,0,1,10,404,40,59,0,43,8,2,6,199,23,1,1,0,147,24,0,0,2,0,0,0,1,157,5,18,25,23,9,59,8,7,3,0,1,0,1,1,0,209,11,17,45,1,35,22,15,4,2,9,4,1,12,19,12,7,7,5,4,0,1
"E2   9",8141,5743,4,3,1,2,0,0,0,0,0,104,55,110,334,80,64,60,3,2,10,17,2,9,2,19,11,28,10,6,5,1,0,5,35,14,0,2,2,17,0,0,0,10,59,43,21,2,6,3,5,5,1338,4,1,10,0,1278,21,0,0,5,8,0,0,11,96,10,17,17,24,0,8,5,2,9,4,0,0,0,0,0,178,11,7,116,1,5,5,5,7,0,5,2,0,7,4,3,4,4,4,4,0,0
"E3   2",13392,10262,2,3,2,0,0,0,0,1,0,129,138,151,649,129,76,152,19,13,22,51,12,32,15,31,14,53,8,5,3,2,5,7,38,17,5,6,2,8,0,0,0,43,60,47,24,3,4,3,2,12,1433,22,22,14,0,1344,3,0,8,3,11,0,2,4,203,16,14,83,25,9,21,11,7,10,7,0,0,1,0,1,197,11,1,139,1,1,11,3,10,0,0,8,3,3,5,1,11,11,1,1,0,0
"E3   3",10008,6031,2,4,2,0,0,0,0,2,0,91,61,73,350,57,28,107,9,3,11,50,6,11,12,13,4,13,12,2,6,2,4,0,17,8,0,6,1,2,0,0,0,35,59,63,23,3,12,7,0,1,2697,28,14,11,0,2585,6,1,4,5,3,5,12,23,222,27,37,79,14,4,28,10,6,9,8,0,0,0,0,0,263,11,4,174,2,20,8,2,4,2,1,4,2,6,4,19,12,12,5,4,1,0
"E3   4",14429,9185,1,2,1,0,0,1,0,0,0,132,109,139,561,138,33,140,11,6,16,57,10,44,18,33,8,13,11,3,4,5,6,5,30,15,3,5,1,6,0,0,0,55,45,90,64,1,8,21,4,30,3348,31,19,26,0,3193,7,2,1,16,14,0,11,28,329,26,41,126,30,9,53,5,9,20,10,0,0,1,1,0,315,21,10,187,3,23,5,7,11,2,5,1,7,8,5,20,13,13,10,9,0,1
"E3   5",11965,9541,1,0,0,0,0,0,0,0,0,93,88,77,387,101,51,89,3,6,3,32,3,18,11,15,13,13,5,7,7,0,7,3,25,11,2,4,0,8,1,0,1,36,57,39,23,3,5,7,1,7,1288,13,5,17,0,1234,6,0,0,4,0,1,1,7,120,3,20,24,14,2,17,10,4,17,9,0,0,1,0,1,174,10,4,114,0,8,4,6,8,0,0,2,1,6,3,8,11,11,3,3,0,0
"E4   6",16297,14808,1,1,1,0,0,0,0,0,0,45,41,49,413,30,25,135,14,7,52,47,12,3,33,40,6,1,0,0,6,0,2,0,57,41,10,1,1,4,0,0,0,24,232,29,66,0,20,34,10,2,363,125,3,49,0,76,40,0,0,61,5,0,3,1,47,2,5,24,0,3,2,8,0,3,0,0,0,0,0,0,101,4,1,31,2,13,7,6,8,1,5,2,10,2,7,2,16,16,4,2,1,1
"E4   7",11324,10519,0,0,0,0,0,0,0,0,0,31,21,30,233,18,12,74,3,5,20,38,6,6,11,26,4,3,4,3,0,0,0,0,34,19,8,3,1,3,0,0,0,9,137,19,42,0,12,24,3,3,129,60,0,14,0,18,11,0,2,21,0,1,0,2,52,1,0,20,2,2,11,2,1,11,2,0,0,0,0,0,51,1,1,5,2,5,6,0,5,4,3,4,9,1,1,4,9,9,8,8,0,0
"E4   8",13843,11737,1,8,0,0,0,0,0,0,8,55,43,46,525,32,12,124,13,4,111,85,6,13,44,71,3,2,1,2,1,0,1,0,52,46,1,2,1,2,1,1,0,26,404,56,129,0,28,55,42,4,496,190,4,48,3,54,68,0,2,103,1,11,2,10,96,9,12,20,3,0,18,3,3,18,10,0,0,0,0,0,160,0,0,73,0,35,10,5,7,5,7,4,2,0,6,6,5,5,3,3,0,0
"E4   9",16605,14711,1,0,0,0,0,0,0,0,0,82,54,65,536,24,17,162,16,11,103,86,2,5,45,58,2,2,0,1,0,2,0,0,100,84,5,7,0,4,0,0,0,28,273,48,46,0,15,18,11,2,422,163,1,50,0,72,54,0,0,64,5,8,5,0,105,4,17,30,8,2,16,7,0,12,9,0,0,0,0,0,123,5,4,41,0,26,2,6,12,3,4,3,1,1,4,11,6,6,5,3,0,2
"E5   0",16448,12688,2,4,4,0,0,0,0,0,0,236,198,204,914,130,128,282,7,12,71,54,4,24,51,36,22,38,26,10,1,3,0,15,79,35,13,3,3,25,19,0,19,29,567,71,87,6,57,6,12,6,721,93,9,138,1,232,235,0,0,2,3,1,1,6,203,34,27,37,23,3,55,3,3,14,4,0,1,3,3,0,376,16,15,96,3,67,51,47,29,3,13,5,2,9,8,12,33,33,13,10,2,1
"E5   8",15311,11252,3,0,0,0,0,0,0,0,0,165,174,188,776,142,80,312,7,8,19,29,13,17,30,35,19,39,11,3,2,0,1,9,33,7,11,5,1,9,53,1,52,29,772,83,159,25,94,23,6,11,795,85,11,102,0,325,252,0,1,7,5,2,1,4,283,10,36,33,24,5,93,3,10,57,12,0,1,2,2,0,517,33,23,90,3,92,73,34,34,9,38,10,0,23,32,23,22,22,4,2,0,2
"E5   9",14152,9871,1,2,0,0,0,1,0,0,1,162,234,225,965,66,45,606,12,11,28,32,12,35,24,35,21,12,6,11,1,4,2,2,40,25,5,3,0,7,386,1,385,30,600,81,252,83,66,48,33,22,686,102,5,63,1,208,294,0,0,8,0,2,1,2,141,24,16,29,9,3,29,1,5,15,10,0,2,1,1,0,425,17,34,144,4,41,48,21,34,5,29,8,5,8,18,9,40,40,8,7,1,0
"E6   1",15887,7845,1,0,0,0,0,0,0,0,0,74,100,62,659,22,8,194,35,8,122,175,13,23,39,2,5,3,2,2,0,0,5,1,34,25,3,6,0,0,0,0,0,40,32,56,223,0,6,53,152,12,5978,1469,156,352,4,1432,938,8,147,752,556,33,92,39,262,5,4,28,2,0,9,9,3,187,15,1,3,0,0,0,475,11,7,278,1,46,12,13,47,11,6,3,0,6,17,17,32,32,10,9,1,0
"E6   2",17149,8172,1,1,0,1,0,0,0,0,0,115,99,125,1042,22,22,254,32,11,268,275,13,89,23,9,18,0,3,0,1,1,0,1,49,42,2,5,0,0,7,7,0,53,39,78,96,0,1,12,81,2,6551,1172,178,501,2,1059,441,16,285,2207,520,53,94,23,327,3,9,24,3,0,19,6,4,227,32,0,3,1,1,0,343,3,8,162,0,34,27,16,24,15,5,1,1,10,12,25,34,34,13,12,1,0
"E6   3",19864,12075,0,3,0,0,0,0,0,2,1,149,198,146,1528,43,25,413,39,7,369,460,41,55,45,7,14,1,1,1,2,0,2,3,83,52,5,17,6,3,3,3,0,69,71,101,211,0,5,70,132,4,4367,1184,102,365,2,1353,342,9,78,408,336,59,95,34,318,2,15,41,2,2,8,9,6,212,21,0,1,0,0,0,476,10,4,157,1,73,37,19,87,11,5,7,2,6,44,13,50,50,15,11,4,0
"E6   5",10438,6672,0,1,0,0,0,0,0,0,1,66,115,41,1838,22,12,237,13,3,168,1123,36,40,144,11,15,3,0,3,1,0,6,1,64,34,7,21,2,0,1,1,0,139,40,71,69,0,4,43,13,9,808,138,18,49,0,403,63,5,16,53,40,3,10,10,270,10,79,80,7,4,34,3,0,37,16,0,0,0,0,0,220,12,5,44,3,45,27,6,13,5,9,9,7,14,10,11,21,21,2,0,2,0
"E6   6",11232,7112,0,3,0,0,0,0,0,1,2,106,158,72,978,17,19,204,22,19,143,441,4,6,67,12,14,3,1,0,3,0,3,0,51,35,4,9,1,2,6,6,0,71,36,81,77,0,4,25,41,7,1807,356,26,112,0,797,92,0,22,242,107,15,24,14,240,7,11,61,1,3,12,1,6,128,10,0,1,1,0,1,410,3,6,135,3,64,43,21,48,15,19,6,2,11,23,11,17,17,5,4,1,0
"E7   0",14071,9018,4,0,0,0,0,0,0,0,0,106,156,93,1150,37,38,391,38,14,169,237,46,39,102,15,11,4,2,2,0,2,1,2,44,26,6,11,0,1,1,1,0,60,29,94,92,1,3,51,22,15,2674,586,56,198,4,1169,477,1,14,75,27,5,42,20,136,14,4,28,2,0,4,4,4,49,27,1,1,0,0,0,388,8,7,131,0,51,22,20,29,21,11,11,0,17,19,41,21,21,3,2,1,0
"E7   8",20064,9309,1,2,0,0,0,0,0,2,0,100,109,93,915,28,22,253,40,6,222,237,28,25,35,8,5,1,1,1,1,0,1,1,35,23,1,10,0,1,3,3,0,65,29,68,241,0,5,77,147,12,8413,1706,442,907,10,2029,2704,15,84,221,123,26,71,75,128,0,6,17,0,0,18,3,1,69,14,1,13,1,1,0,471,6,8,228,1,38,21,25,50,10,4,5,3,8,40,24,53,53,14,5,4,5
"E7   9",17327,9724,1,2,1,0,0,0,0,1,0,155,227,119,1500,49,28,492,23,19,311,300,72,69,105,3,9,7,4,5,2,0,1,1,34,19,3,11,0,1,9,9,0,111,41,104,183,0,10,36,120,17,4441,878,143,446,5,1561,1097,9,30,106,59,17,51,39,162,1,4,40,1,6,17,5,3,63,22,0,7,2,0,2,468,4,11,139,8,63,26,13,53,9,11,13,6,23,44,45,28,28,9,9,0,0
"E8   1",8030,6439,9,4,2,0,0,0,0,2,0,77,55,104,387,76,81,91,5,1,4,14,3,6,6,21,11,37,16,9,0,0,4,2,15,3,2,0,0,10,1,0,1,13,319,33,41,4,30,1,1,5,196,14,3,29,0,111,36,0,0,1,0,0,0,2,174,6,11,31,28,2,64,5,11,15,1,0,0,0,0,0,154,8,8,31,0,29,29,10,0,10,10,0,0,5,6,8,5,5,4,4,0,0
"E8   2",9698,7343,2,2,0,0,0,1,0,1,0,150,96,159,504,96,108,109,10,5,9,14,1,8,24,36,17,42,18,4,0,0,1,2,48,23,12,0,3,10,2,0,2,12,474,72,83,8,33,19,18,5,264,23,1,34,0,147,51,0,0,1,0,0,6,1,187,25,17,31,33,10,53,4,0,11,3,0,0,0,0,0,282,22,19,48,5,62,50,8,15,3,8,1,5,9,15,12,15,15,3,3,0,0
"E8   3",10054,8033,6,2,1,0,0,0,0,1,0,141,108,118,500,107,116,83,4,7,10,16,6,10,15,36,17,47,15,3,2,0,2,4,39,15,6,2,0,16,4,0,4,10,493,44,84,6,51,18,6,3,154,21,2,16,0,77,33,0,0,3,1,0,0,1,156,6,12,29,34,8,45,7,0,11,4,0,0,0,0,0,153,8,8,32,2,36,26,3,4,1,6,1,0,10,9,7,5,5,4,1,1,2
"E8   4",10009,7718,1,2,0,0,0,0,0,2,0,141,90,167,516,108,91,120,6,4,7,16,3,6,11,29,13,66,12,10,0,5,1,8,36,18,5,1,2,10,7,0,7,28,523,45,63,4,39,16,2,2,240,11,3,8,0,179,33,2,0,3,0,0,0,1,184,3,19,44,21,18,52,3,4,19,1,0,0,0,0,0,231,8,8,64,1,36,38,12,13,0,13,0,1,7,13,17,11,11,6,3,3,0
"E9   5",12080,9449,1,2,1,0,0,0,0,0,1,152,142,129,432,74,44,138,7,2,37,27,3,20,10,17,14,18,9,4,0,0,1,7,42,20,17,0,1,4,18,0,18,22,499,51,91,3,48,17,8,15,277,35,5,18,0,181,28,0,0,2,5,0,0,3,209,22,14,42,8,18,75,4,0,23,3,0,0,1,1,0,539,12,15,74,1,109,104,31,37,6,33,21,3,16,53,24,13,13,11,8,2,1
"E9   6",10989,8234,3,1,1,0,0,0,0,0,0,170,160,142,403,63,48,106,7,13,23,26,10,2,6,39,11,22,12,1,2,0,6,6,46,27,1,8,0,10,7,0,7,25,698,70,48,5,26,10,3,4,343,26,9,29,1,192,64,0,0,4,11,2,0,5,214,23,35,35,13,4,94,1,2,6,1,0,1,0,0,0,400,9,14,87,5,78,51,30,39,5,27,8,2,17,22,6,13,13,11,7,2,2
"E9   7",12899,10613,3,1,0,0,0,1,0,0,0,194,92,175,448,101,100,66,9,5,28,13,5,6,18,23,16,31,10,6,2,0,0,9,48,22,4,7,3,12,12,0,12,10,445,43,45,3,27,9,2,4,277,18,1,19,0,190,29,1,0,0,1,0,16,2,192,16,27,36,25,10,56,7,0,14,1,4,0,0,0,0,270,6,18,53,3,57,44,6,14,2,12,2,6,12,20,15,17,17,10,7,1,2
"EC1A 4",141,69,0,0,0,0,0,0,0,0,0,3,2,3,23,5,1,0,0,0,0,0,0,0,2,15,0,0,0,0,0,0,0,0,0,0,0,0,0,0,0,0,0,2,3,3,4,0,0,2,0,2,6,1,3,0,0,2,0,0,0,0,0,0,0,0,22,0,2,8,0,9,0,2,0,0,1,0,0,0,0,0,1,0,0,0,0,0,0,0,0,0,0,0,0,0,0,1,0,0,0,0,0,0
"EC1A 7",387,275,1,0,0,0,0,0,0,0,0,22,9,8,36,7,11,6,0,4,2,1,0,0,0,2,1,1,0,0,0,1,0,0,10,0,5,0,0,5,0,0,0,1,1,1,5,0,0,3,0,2,1,0,0,0,0,0,0,0,1,0,0,0,0,0,14,0,1,5,2,1,0,1,0,3,1,0,0,0,0,0,3,0,0,0,0,0,0,0,0,0,0,2,1,0,0,0,0,0,0,0,0,0
"EC1A 9",350,274,0,0,0,0,0,0,0,0,0,8,1,8,34,9,8,3,0,1,2,0,0,0,3,3,2,1,1,0,0,0,0,1,1,0,0,0,0,1,0,0,0,3,1,1,2,0,0,2,0,0,0,0,0,0,0,0,0,0,0,0,0,0,0,0,12,4,1,4,1,0,0,0,2,0,0,0,0,0,0,0,5,1,1,0,0,0,0,0,0,0,3,0,0,0,0,0,0,0,0,0,0,0
"EC1M 3",416,334,0,0,0,0,0,0,0,0,0,13,2,7,31,7,7,2,0,1,0,2,1,1,0,5,4,0,0,0,0,0,0,1,1,0,0,1,0,0,0,0,0,3,0,9,0,0,0,0,0,0,5,0,0,0,0,5,0,0,0,0,0,0,0,0,8,0,0,5,0,2,0,0,1,0,0,0,0,0,0,0,3,0,1,0,0,0,0,0,0,0,0,0,0,0,0,2,0,0,0,0,0,0
"EC1M 5",1083,802,0,1,0,0,0,0,0,1,0,53,10,13,94,14,19,8,4,2,7,0,0,4,3,18,5,4,2,2,1,0,1,0,10,1,2,1,0,6,0,0,0,8,7,3,4,0,0,0,0,4,15,5,4,0,0,0,2,0,0,1,1,1,0,1,60,4,5,36,5,3,1,3,3,0,0,0,0,0,0,0,3,0,0,0,0,1,0,0,0,1,0,0,1,0,0,0,0,0,0,0,0,0
"EC1M 6",748,532,0,0,0,0,0,0,0,0,0,13,1,10,63,9,13,3,1,0,1,1,0,0,0,20,10,3,1,1,0,0,0,0,37,0,0,1,0,36,0,0,0,5,0,3,4,0,0,4,0,0,10,1,1,0,0,0,6,0,1,1,0,0,0,0,68,5,0,31,0,9,16,1,5,1,0,0,0,0,0,0,1,0,0,0,0,0,1,0,0,0,0,0,0,0,0,0,1,1,0,0,0,0
"EC1M 7",171,126,0,0,0,0,0,0,0,0,0,6,2,3,15,3,4,0,0,1,0,2,0,0,0,1,0,4,0,0,0,0,0,0,1,0,1,0,0,0,0,0,0,0,4,0,2,0,0,1,0,1,3,2,1,0,0,0,0,0,0,0,0,0,0,0,6,1,1,2,1,1,0,0,0,0,0,0,0,0,0,0,3,0,0,0,0,3,0,0,0,0,0,0,0,0,0,0,0,0,0,0,0,0
"EC1N 7",1922,1325,0,0,0,0,0,0,0,0,0,26,18,43,123,55,12,14,2,0,3,2,0,1,1,13,8,9,0,1,0,0,1,1,46,34,10,0,0,2,0,0,0,12,6,19,16,1,6,8,0,1,170,7,0,0,0,155,4,1,0,0,0,0,0,3,68,4,13,19,7,3,0,3,0,19,0,0,0,0,0,0,47,12,6,16,0,0,2,0,4,0,3,0,0,0,0,4,2,2,1,1,0,0
"EC1N 8",626,404,0,0,0,0,0,0,0,0,0,11,4,11,67,19,13,2,0,0,5,2,1,0,0,16,4,1,0,3,0,0,0,1,8,5,0,2,0,1,0,0,0,9,7,3,4,1,0,0,0,3,53,0,4,0,0,47,1,0,0,0,0,1,0,0,40,4,2,17,7,5,1,2,1,1,0,0,0,0,0,0,5,2,0,1,0,0,0,0,2,0,0,0,0,0,0,0,0,0,0,0,0,0
"EC1R 0",1190,979,1,0,0,0,0,0,0,0,0,22,6,17,53,12,11,8,6,2,0,0,0,2,3,4,4,0,1,0,0,0,0,0,10,7,1,1,0,1,0,0,0,9,23,5,6,0,6,0,0,0,7,1,1,0,0,2,1,0,0,2,0,0,0,0,20,0,3,7,2,0,2,1,0,5,0,0,0,0,0,0,31,5,5,12,0,1,2,0,3,1,0,0,0,0,1,1,1,1,0,0,0,0
"EC1R 1",1209,1004,0,0,0,0,0,0,0,0,0,23,11,13,63,13,17,6,0,0,1,2,0,3,1,5,5,7,2,0,0,0,0,1,6,4,1,0,0,1,0,0,0,6,10,3,10,1,4,3,0,2,20,5,0,1,0,13,0,0,0,0,0,0,0,1,30,1,3,12,2,1,2,0,4,2,3,0,0,0,0,0,10,2,3,4,0,1,0,0,0,0,0,0,0,0,0,0,0,0,0,0,0,0
"EC1R 3",289,246,0,0,0,0,0,0,0,0,0,3,1,5,9,2,3,2,0,0,0,0,0,0,0,0,0,1,1,0,0,0,0,0,3,0,3,0,0,0,0,0,0,2,1,2,2,0,1,1,0,0,0,0,0,0,0,0,0,0,0,0,0,0,0,0,2,0,0,1,0,0,0,0,0,1,0,0,0,0,0,0,13,4,3,4,0,1,0,0,0,0,0,1,0,0,0,0,0,0,0,0,0,0
"EC1R 4",1367,1068,0,1,0,0,0,0,0,1,0,49,17,24,84,20,25,6,0,2,2,0,1,1,0,14,5,4,1,0,0,0,0,3,8,5,2,0,0,1,0,0,0,7,14,3,5,0,0,5,0,0,39,1,0,0,0,37,0,0,0,1,0,0,0,0,19,1,4,2,2,1,1,3,2,1,2,0,0,0,0,0,29,5,4,8,0,2,0,0,1,0,5,0,0,0,0,4,0,0,0,0,0,0
"EC1R 5",675,493,0,0,0,0,0,0,0,0,0,30,5,12,43,23,5,1,0,1,1,1,0,1,1,3,0,2,1,1,0,0,0,2,7,4,1,0,0,2,0,0,0,4,7,2,3,2,1,0,0,0,27,0,2,0,0,24,0,0,0,0,0,0,0,1,21,0,3,4,9,3,0,0,0,2,0,0,0,0,0,0,18,4,2,5,0,0,0,0,0,0,1,0,2,0,0,4,2,2,1,1,0,0
"EC1V 0",2030,1541,0,0,0,0,0,0,0,0,0,25,23,47,88,22,12,13,4,0,3,1,0,0,7,15,1,5,1,3,0,0,0,1,15,10,4,1,0,0,0,0,0,15,51,17,31,0,5,11,4,11,46,3,3,0,0,28,5,0,0,7,0,0,0,0,54,2,5,25,7,3,4,2,2,3,1,0,0,0,0,0,73,9,9,43,0,4,1,1,0,0,0,0,0,1,1,4,2,2,2,2,0,0
"EC1V 1",217,165,0,0,0,0,0,0,0,0,0,7,5,3,9,2,2,0,2,0,0,0,0,1,0,0,1,1,0,0,0,0,0,0,4,4,0,0,0,0,0,0,0,0,6,6,4,0,4,0,0,0,4,0,0,0,0,4,0,0,0,0,0,0,0,0,2,0,0,0,0,0,0,0,0,0,2,0,0,0,0,0,2,1,0,1,0,0,0,0,0,0,0,0,0,0,0,0,0,0,0,0,0,0
"EC1V 2",116,99,0,0,0,0,0,0,0,0,0,3,1,0,3,2,1,0,0,0,0,0,0,0,0,0,0,0,0,0,0,0,0,0,0,0,0,0,0,0,0,0,0,0,2,0,3,0,1,2,0,0,2,0,0,0,0,2,0,0,0,0,0,0,0,0,2,0,0,1,0,1,0,0,0,0,0,0,0,0,0,0,1,0,0,1,0,0,0,0,0,0,0,0,0,0,0,0,0,0,0,0,0,0
"EC1V 3",3102,2237,2,1,1,0,0,0,0,0,0,60,39,54,221,29,42,13,6,2,7,6,0,2,8,76,6,10,7,3,1,0,3,0,31,18,3,0,0,10,0,0,0,40,61,29,40,6,16,11,0,7,58,6,13,3,0,27,6,1,0,2,0,0,0,0,138,11,14,72,9,9,5,5,5,6,2,0,0,0,0,0,81,9,19,41,0,2,1,0,4,1,0,0,3,0,0,1,9,9,1,1,0,0
"EC1V 4",1310,1065,1,0,0,0,0,0,0,0,0,21,18,28,70,26,6,6,1,1,6,0,0,1,0,10,8,3,1,1,0,0,0,0,11,9,0,0,1,1,0,0,0,8,19,7,4,0,0,0,0,4,13,1,1,1,0,7,2,0,0,1,0,0,0,0,32,3,0,20,3,4,0,0,1,1,0,0,0,0,0,0,11,2,5,1,0,0,0,0,0,0,2,0,0,0,1,0,0,0,2,1,1,0
"EC1V 7",2271,1786,1,0,0,0,0,0,0,0,0,69,27,40,131,28,22,7,1,0,4,2,0,4,6,34,7,8,1,1,0,0,4,2,18,7,5,1,0,5,0,0,0,22,25,18,14,0,2,11,1,0,14,6,0,0,0,6,0,0,0,0,1,1,0,0,56,1,1,26,5,3,7,5,1,6,1,0,0,0,0,0,46,6,6,27,0,1,3,0,0,0,0,0,2,0,0,1,4,4,0,0,0,0
"EC1V 8",1635,1198,0,0,0,0,0,0,0,0,0,33,17,29,96,21,21,14,1,3,1,0,0,1,1,19,5,8,0,1,0,0,0,0,16,8,1,1,1,5,0,0,0,13,52,14,22,1,6,4,8,3,28,0,7,0,0,14,3,1,0,0,1,2,0,0,43,2,4,25,3,0,2,1,1,5,0,0,0,0,0,0,73,13,10,39,1,0,2,0,0,0,1,0,1,0,1,5,0,0,1,1,0,0
"EC1V 9",1676,1277,0,0,0,0,0,0,0,0,0,36,28,43,83,27,14,7,0,1,4,3,0,2,6,12,1,2,2,1,0,0,0,1,5,1,2,1,0,1,0,0,0,15,47,13,6,0,1,5,0,0,25,1,1,0,0,13,7,0,0,1,0,1,0,1,60,4,6,30,4,6,2,4,0,4,0,0,0,0,0,0,37,2,12,12,0,0,6,1,0,0,2,0,0,1,1,0,0,0,1,0,1,0
"EC1Y 0",1183,1023,0,0,0,0,0,0,0,0,0,11,3,25,44,10,5,4,0,3,0,0,0,0,0,12,3,4,3,0,0,0,0,0,3,3,0,0,0,0,0,0,0,2,1,9,5,0,2,1,2,0,20,0,2,0,0,7,5,0,0,0,0,0,5,1,28,1,3,2,8,0,0,4,0,10,0,0,0,0,0,0,7,2,2,3,0,0,0,0,0,0,0,0,0,0,0,0,2,2,0,0,0,0
"EC1Y 2",200,147,0,0,0,0,0,0,0,0,0,7,1,9,19,8,8,0,0,0,0,0,2,0,0,1,0,0,0,0,0,0,0,0,0,0,0,0,0,0,0,0,0,6,5,0,1,0,0,1,0,0,0,0,0,0,0,0,0,0,0,0,0,0,0,0,4,0,1,2,1,0,0,0,0,0,0,0,0,0,0,0,1,0,0,1,0,0,0,0,0,0,0,0,0,0,0,0,0,0,0,0,0,0
"EC1Y 4",322,255,4,0,0,0,0,0,0,0,0,7,2,10,16,0,4,1,0,0,1,0,0,1,0,2,0,3,1,0,1,0,2,0,6,2,1,0,0,3,0,0,0,5,6,0,1,0,0,1,0,0,0,0,0,0,0,0,0,0,0,0,0,0,0,0,10,0,1,8,1,0,0,0,0,0,0,0,0,0,0,0,0,0,0,0,0,0,0,0,0,0,0,0,0,0,0,0,0,0,0,0,0,0
"EC1Y 8",1918,1501,0,0,0,0,0,0,0,0,0,51,19,38,78,24,6,7,0,0,4,3,0,4,1,10,9,4,3,2,0,0,0,1,6,3,0,1,0,2,0,0,0,12,21,30,24,0,10,7,0,7,20,2,2,1,0,9,4,0,0,1,0,1,0,0,29,2,3,10,5,1,1,1,0,6,0,0,0,0,0,0,85,12,21,35,0,2,1,4,1,3,1,0,0,1,0,4,3,3,1,1,0,0
"EC2A 3",477,331,1,1,1,0,0,0,0,0,0,39,8,14,49,9,14,4,0,0,0,1,0,2,0,8,3,6,1,1,0,0,0,0,3,0,1,1,0,1,0,0,0,7,9,0,0,0,0,0,0,0,0,0,0,0,0,0,0,0,0,0,0,0,0,0,15,0,0,7,4,1,1,0,0,2,0,0,0,0,0,0,0,0,0,0,0,0,0,0,0,0,0,0,0,0,0,0,0,0,0,0,0,0
"EC2A 4",725,569,0,0,0,0,0,0,0,0,0,40,8,13,62,14,15,2,3,2,1,1,0,0,1,9,3,5,3,0,2,0,1,0,1,0,0,0,0,1,0,0,0,3,4,1,1,0,0,1,0,0,3,0,0,0,0,2,1,0,0,0,0,0,0,0,18,1,0,7,6,4,0,0,0,0,0,0,0,0,0,0,2,0,0,1,0,0,0,0,0,0,0,0,0,0,0,1,0,0,0,0,0,0
"EC2Y 8",3164,2810,3,0,0,0,0,0,0,0,0,49,11,30,137,22,37,6,0,1,2,8,0,2,4,26,7,8,8,3,0,0,0,3,6,0,2,0,0,4,0,0,0,13,4,1,7,3,0,2,0,2,18,0,3,0,0,3,2,0,0,8,0,1,0,1,69,9,2,20,17,13,3,2,2,1,0,0,0,0,0,0,5,0,2,1,0,0,0,0,0,0,0,0,1,0,1,0,0,0,1,0,0,1
"EC3R 8",223,167,0,0,0,0,0,0,0,0,0,11,2,3,26,3,6,0,0,0,0,0,0,0,3,6,3,1,2,2,0,0,0,0,2,1,0,0,0,1,0,0,0,1,2,0,1,0,0,0,0,1,4,0,3,0,0,0,0,0,0,1,0,0,0,0,4,0,0,1,0,0,0,0,2,1,0,0,0,0,0,0,0,0,0,0,0,0,0,0,0,0,0,0,0,0,0,0,0,0,0,0,0,0
"EC4A 1",149,116,0,0,0,0,0,0,0,0,0,5,0,6,9,4,3,1,1,0,0,0,0,0,0,0,0,0,0,0,0,0,0,0,1,0,0,0,0,1,0,0,0,2,1,1,1,0,0,0,0,1,0,0,0,0,0,0,0,0,0,0,0,0,0,0,6,1,2,1,1,0,0,1,0,0,0,0,0,0,0,0,1,0,0,0,0,0,0,0,0,0,0,0,0,0,1,0,0,0,0,0,0,0
"EC4V 3",317,242,0,0,0,0,0,0,0,0,0,11,2,2,28,4,7,4,1,0,0,1,0,0,1,5,1,0,1,2,0,0,1,0,0,0,0,0,0,0,0,0,0,15,1,3,5,0,0,0,0,5,0,0,0,0,0,0,0,0,0,0,0,0,0,0,8,2,0,2,4,0,0,0,0,0,0,0,0,0,0,0,0,0,0,0,0,0,0,0,0,0,0,0,0,0,0,0,0,0,0,0,0,0
"EC4V 5",272,230,0,0,0,0,0,0,0,0,0,11,2,3,14,4,3,0,0,0,0,0,0,0,2,1,2,1,0,0,0,0,0,1,0,0,0,0,0,0,0,0,0,0,2,2,0,0,0,0,0,0,0,0,0,0,0,0,0,0,0,0,0,0,0,0,7,0,0,0,7,0,0,0,0,0,0,0,0,0,0,0,1,0,0,0,0,0,0,0,0,0,0,0,1,0,0,0,0,0,0,0,0,0
"EC4Y 7",317,291,0,0,0,0,0,0,0,0,0,1,2,1,11,4,0,1,0,1,0,0,0,0,0,0,1,4,0,0,0,0,0,0,2,0,2,0,0,0,0,0,0,1,0,0,0,0,0,0,0,0,0,0,0,0,0,0,0,0,0,0,0,0,0,0,8,0,2,2,3,1,0,0,0,0,0,0,0,0,0,0,0,0,0,0,0,0,0,0,0,0,0,0,0,0,0,0,0,0,0,0,0,0
"EN1  1",11605,9530,1,0,0,0,0,0,0,0,0,59,43,46,572,65,9,230,13,13,36,36,2,3,59,91,6,6,3,0,0,0,0,0,91,75,4,2,9,1,0,0,0,22,477,35,136,1,41,83,3,8,246,24,13,16,0,68,33,1,2,57,5,21,2,4,104,0,24,23,11,1,8,4,3,23,7,0,0,0,0,0,225,2,0,89,0,15,11,24,13,10,31,8,9,3,1,9,15,15,3,2,1,0
"EN1  2",6850,6203,0,1,0,0,0,1,0,0,0,24,12,21,277,24,8,64,2,1,26,9,0,6,20,108,2,4,0,2,0,0,0,1,16,13,2,1,0,0,0,0,0,7,126,7,27,0,11,14,0,2,70,10,1,3,0,15,12,0,1,16,8,4,0,0,26,0,1,9,4,1,4,0,2,2,3,0,0,0,0,0,25,0,0,11,0,0,0,1,0,0,1,3,1,0,0,8,7,7,1,0,1,0
"EN1  3",11730,10376,1,2,2,0,0,0,0,0,0,45,30,30,446,75,12,166,1,14,31,16,4,19,17,79,7,1,2,1,0,0,1,0,42,32,4,2,3,1,0,0,0,13,302,38,59,1,27,22,0,9,187,8,5,1,0,60,32,0,7,49,1,15,6,3,69,2,5,20,5,0,0,6,0,29,2,0,0,0,0,0,79,0,7,25,0,7,4,7,4,3,6,5,3,3,2,3,4,4,7,6,1,0
"EN1  4",12674,10217,1,2,2,0,0,0,0,0,0,96,45,41,444,36,13,155,6,7,29,28,2,13,62,82,6,0,1,1,0,0,3,0,78,74,2,1,0,1,0,0,0,41,879,47,194,5,70,103,2,14,233,24,14,5,0,57,39,0,2,59,6,17,1,9,95,5,9,15,3,3,13,5,0,35,7,0,0,0,0,0,234,3,1,82,0,45,4,15,6,1,32,11,6,4,8,16,16,16,11,9,1,1
"EN10 6",10325,9843,1,0,0,0,0,0,0,0,0,21,13,10,202,43,5,97,3,1,10,24,0,4,2,9,1,0,3,0,0,0,0,0,21,7,10,1,1,2,0,0,0,4,116,9,19,0,1,18,0,0,20,2,1,0,0,0,5,3,0,5,0,4,0,0,22,2,6,3,1,0,0,7,1,1,1,0,0,0,0,0,21,0,0,0,0,6,4,2,0,0,0,0,2,2,2,3,0,0,3,1,1,1
"EN10 7",5976,5829,1,0,0,0,0,0,0,0,0,5,1,8,64,24,4,14,0,0,3,3,0,0,0,8,3,3,0,2,0,0,0,0,4,2,0,0,0,2,0,0,0,4,14,5,3,0,0,2,0,1,18,1,0,1,0,9,1,0,0,3,2,0,0,1,15,1,4,6,2,0,0,1,0,1,0,0,0,0,0,0,3,0,0,0,0,0,0,0,0,0,0,1,2,0,0,0,1,1,1,0,0,1
"EN11 0",6205,5786,1,0,0,0,0,0,0,0,0,1,1,6,338,151,2,118,4,5,0,27,4,8,4,9,0,1,3,0,2,0,0,0,8,8,0,0,0,0,0,0,0,3,21,3,6,0,2,4,0,0,5,0,0,1,0,0,2,0,0,0,0,1,0,1,17,1,5,2,1,0,0,7,0,0,1,0,0,0,0,0,7,0,0,0,0,2,2,0,0,0,0,0,3,0,0,0,0,0,2,1,0,1
"EN11 8",6366,5971,3,0,0,0,0,0,0,0,0,7,13,5,300,68,3,144,3,4,5,20,6,9,26,5,1,0,2,0,4,0,0,0,0,0,0,0,0,0,0,0,0,7,18,3,1,0,0,0,0,1,13,6,0,0,0,2,2,0,1,0,1,0,0,1,16,1,2,5,4,0,0,3,0,1,0,0,0,0,0,0,7,1,0,0,0,0,0,0,1,0,0,3,1,0,0,1,2,2,0,0,0,0
"EN11 9",8021,7661,1,0,0,0,0,0,0,0,0,0,9,9,279,174,4,65,4,1,1,14,0,2,0,10,1,0,3,0,0,0,0,0,5,0,3,0,1,1,0,0,0,3,6,3,1,0,0,1,0,0,25,1,3,2,0,8,10,0,0,0,0,1,0,0,14,0,0,1,2,0,0,5,1,5,0,0,0,0,0,0,5,0,0,0,0,0,1,0,0,0,0,3,1,0,0,0,0,0,0,0,0,0
"EN2  0",9068,8252,1,2,0,0,0,0,0,2,0,48,29,16,221,16,11,84,9,3,11,11,8,4,8,37,4,4,4,3,0,0,2,2,40,31,4,1,1,3,0,0,0,7,186,12,27,0,15,9,0,3,96,10,6,4,0,22,13,0,3,11,19,7,0,1,77,2,4,11,3,0,7,4,1,43,2,0,0,0,0,0,43,0,0,17,0,6,0,1,0,5,4,4,2,0,1,3,7,7,4,3,0,1
"EN2  6",4047,3584,0,0,0,0,0,0,0,0,0,21,26,23,168,15,11,64,3,4,10,6,1,8,14,29,2,1,0,0,0,0,0,0,16,11,5,0,0,0,0,0,0,10,69,11,36,0,13,20,3,0,38,5,1,3,0,6,14,0,2,5,0,1,0,1,25,2,0,0,6,0,0,3,2,11,1,0,0,0,0,0,18,1,0,6,0,0,1,0,1,0,1,0,4,0,0,4,0,0,2,0,2,0
"EN2  7",7020,6327,3,0,0,0,0,0,0,0,0,17,9,26,250,33,8,46,1,3,16,8,1,7,15,107,2,2,0,1,0,0,0,0,23,18,1,1,2,1,0,0,0,12,132,15,46,0,9,32,5,0,99,6,0,1,0,14,35,6,0,17,1,19,0,0,30,2,5,8,4,0,0,5,1,4,1,0,0,0,0,0,25,0,0,7,0,1,1,1,0,0,0,3,4,1,3,4,6,6,0,0,0,0
"EN2  8",6801,6162,0,2,1,0,0,1,0,0,0,22,29,17,176,17,12,63,0,6,7,7,1,3,20,34,2,1,1,2,0,0,0,0,23,14,8,0,0,1,0,0,0,6,86,23,42,1,12,24,2,3,119,13,19,7,0,21,19,4,7,11,6,5,2,5,53,2,3,16,3,1,4,9,0,14,1,0,0,0,0,0,32,0,0,7,0,4,2,0,1,2,0,8,4,0,1,3,4,4,5,5,0,0
"EN2  9",1574,1495,2,0,0,0,0,0,0,0,0,2,0,1,35,2,1,5,1,0,0,2,2,2,9,9,0,1,0,1,0,0,0,0,0,0,0,0,0,0,0,0,0,2,18,1,7,2,0,5,0,0,7,2,0,0,0,3,1,0,0,0,0,0,0,1,2,0,0,1,0,0,0,0,0,1,0,0,0,0,0,0,2,0,0,1,0,0,0,0,1,0,0,0,0,0,0,0,0,0,0,0,0,0
"EN3  4",11031,7561,4,2,1,0,0,0,1,0,0,134,34,41,526,98,17,169,5,17,36,16,4,13,27,95,15,8,4,0,0,0,0,2,87,79,2,2,3,1,0,0,0,17,1146,49,189,0,106,50,26,7,670,38,3,19,0,466,68,0,0,44,10,9,10,3,58,1,10,9,1,0,7,3,0,25,2,0,0,1,1,0,461,7,14,195,0,76,19,33,19,7,44,20,2,5,8,12,40,40,11,9,0,2
"EN3  5",15154,11342,0,2,1,0,0,1,0,0,0,159,64,61,750,158,13,238,8,17,45,37,7,11,36,157,11,4,2,0,0,0,3,3,131,126,2,3,0,0,3,3,0,16,1468,61,263,5,140,97,14,7,263,7,7,10,0,126,34,0,0,43,7,26,0,3,81,5,10,18,2,0,14,3,2,20,7,0,0,1,1,0,450,8,4,183,6,70,18,21,22,9,56,11,2,6,15,19,28,28,11,10,0,1
"EN3  6",18342,14315,0,0,0,0,0,0,0,0,0,140,38,49,776,149,19,263,20,23,54,64,6,7,31,113,18,3,3,1,0,0,2,0,96,87,1,7,0,1,0,0,0,30,1640,68,256,3,151,80,9,13,245,29,12,11,0,75,62,1,6,33,1,12,0,3,107,4,22,10,1,0,16,2,2,40,10,0,0,1,1,0,538,20,12,216,0,84,26,29,38,17,33,24,2,11,10,16,28,28,15,11,2,2
"EN3  7",9381,6906,0,0,0,0,0,0,0,0,0,110,56,46,449,103,6,139,9,9,22,19,5,6,9,108,9,3,2,0,0,0,0,0,62,59,0,3,0,0,0,0,0,6,819,39,146,0,81,39,15,11,381,27,4,4,0,245,38,3,0,51,3,2,0,4,65,4,4,17,1,0,7,0,0,30,2,0,0,0,0,0,273,7,2,112,0,44,9,16,8,4,32,20,2,3,6,8,16,16,7,4,2,1
"EN4  0",5100,4439,1,1,0,0,0,0,0,1,0,23,9,16,261,18,5,35,2,2,9,0,0,1,32,132,6,3,4,10,1,0,0,1,27,8,6,2,0,11,0,0,0,17,72,17,36,1,3,24,0,8,105,8,11,3,0,8,54,0,0,10,0,5,4,2,46,5,10,17,8,1,0,1,0,1,3,1,0,0,0,0,23,0,0,10,0,0,0,9,2,0,0,0,0,0,0,2,5,5,1,1,0,0
"EN4  8",11757,10318,0,0,0,0,0,0,0,0,0,51,41,31,479,55,16,128,11,9,31,7,3,11,42,146,2,6,11,1,0,0,0,0,52,38,9,2,1,2,0,0,0,19,131,38,179,11,8,131,17,12,246,21,10,6,0,35,114,0,0,28,6,13,7,6,119,10,21,38,17,1,3,5,1,21,2,0,2,0,0,0,48,2,0,20,0,0,0,4,1,0,3,1,1,3,0,13,3,3,0,0,0,0
"EN4  9",7748,6821,1,2,1,0,0,1,0,0,0,27,53,16,330,33,14,85,14,1,23,8,1,11,24,107,2,2,1,1,2,0,0,1,36,25,8,2,0,1,0,0,0,29,87,10,98,7,8,57,17,9,150,9,1,10,1,12,73,6,1,27,1,9,0,0,65,5,9,25,8,1,0,7,0,9,1,0,0,0,0,0,20,3,0,8,0,1,0,2,0,0,2,0,1,0,0,3,3,3,0,0,0,0
"EN5  1",6501,5602,1,0,0,0,0,0,0,0,0,38,25,27,270,31,20,93,15,1,20,6,1,15,13,51,0,1,2,1,0,0,0,0,23,18,2,0,0,3,0,0,0,18,35,23,137,4,6,124,1,2,207,17,10,9,0,7,117,0,1,33,6,3,4,0,64,2,6,24,3,1,0,4,2,22,0,2,0,0,0,0,20,0,0,3,0,2,3,3,2,0,2,1,0,0,0,4,4,4,5,5,0,0
"EN5  2",13267,11405,1,2,0,0,0,0,0,2,0,39,71,46,441,61,15,146,9,11,42,34,3,19,33,53,6,3,2,3,0,0,0,1,105,87,10,1,0,7,0,0,0,20,113,69,265,6,19,190,46,4,339,35,11,16,0,39,150,4,4,39,1,21,9,10,196,17,19,50,22,3,1,13,1,52,18,0,0,0,0,0,138,2,5,46,0,10,12,9,20,4,3,6,1,1,4,15,7,7,10,7,1,2
"EN5  3",3396,3073,0,0,0,0,0,0,0,0,0,6,8,9,87,8,3,24,1,3,18,2,0,5,6,14,2,1,0,0,0,0,0,0,7,7,0,0,0,0,0,0,0,3,14,2,43,6,1,33,1,2,77,11,3,9,0,4,35,0,0,13,0,1,0,1,40,2,2,10,4,1,0,3,0,16,2,0,0,0,0,0,23,1,0,6,0,1,0,1,3,0,0,3,0,7,0,1,3,3,1,1,0,0
"EN5  4",5427,5043,1,0,0,0,0,0,0,0,0,19,10,21,151,18,13,38,8,3,14,4,0,7,6,25,2,4,7,1,1,0,0,0,11,2,3,1,5,0,0,0,0,6,14,6,28,4,0,23,0,1,60,0,5,1,0,6,20,5,4,15,0,3,0,1,37,3,0,6,11,1,2,3,0,9,2,0,0,0,0,0,10,0,0,2,0,0,1,0,0,0,1,2,3,0,0,1,1,1,9,0,1,8
"EN5  5",8060,7103,2,3,1,0,0,1,0,1,0,32,23,32,340,44,14,120,15,12,28,13,4,25,17,35,9,1,1,1,1,0,0,0,38,23,9,4,1,1,0,0,0,29,41,14,110,8,12,81,7,2,153,14,1,13,0,22,56,4,2,17,5,14,2,3,108,4,10,42,17,5,0,10,1,16,3,0,0,0,0,0,26,2,0,5,0,0,5,0,5,0,0,6,1,0,0,2,4,4,2,2,0,0
"EN6  1",6215,5839,1,0,0,0,0,0,0,0,0,14,13,9,136,11,7,49,12,5,10,3,0,7,3,27,0,1,1,0,0,0,0,0,8,3,3,0,0,2,0,0,0,9,27,7,15,2,0,12,0,1,88,9,2,1,0,3,33,0,4,0,2,21,13,0,34,1,10,6,3,0,0,6,0,8,0,0,0,0,0,0,14,0,0,0,0,0,1,0,1,0,0,2,0,0,0,10,0,0,1,1,0,0
"EN6  2",6749,6320,2,1,0,0,0,1,0,0,0,11,26,16,142,31,3,44,1,3,7,5,5,4,7,28,1,1,1,0,0,0,1,0,14,11,1,0,1,1,0,0,0,3,22,1,19,0,5,13,0,1,106,6,3,0,0,11,50,5,1,9,8,10,0,3,44,0,8,9,8,0,0,8,1,6,4,0,1,0,0,0,16,0,0,0,0,1,0,0,1,0,0,6,5,0,1,2,2,2,3,3,0,0
"EN6  3",5234,5039,0,1,0,0,0,1,0,0,0,7,6,9,76,9,5,28,1,4,2,6,1,2,0,13,1,0,2,1,0,0,1,0,8,2,5,0,0,1,0,0,0,5,16,4,11,1,1,9,0,0,43,2,0,0,0,14,19,0,0,0,0,7,1,0,5,0,0,1,2,0,0,1,0,1,0,0,0,0,0,0,3,0,0,0,0,0,2,0,0,0,0,0,1,0,0,0,0,0,1,1,0,0
"EN6  4",5073,4955,0,0,0,0,0,0,0,0,0,3,1,5,44,7,7,11,1,1,2,2,0,1,0,8,2,2,0,0,0,0,0,0,5,3,2,0,0,0,0,0,0,2,17,1,5,0,2,3,0,0,17,0,2,2,0,3,8,0,0,1,0,1,0,0,10,0,1,1,1,0,0,2,0,5,0,0,0,0,0,0,7,0,0,0,0,0,0,2,0,0,0,1,2,0,2,0,1,1,0,0,0,0
"EN6  5",4945,4692,1,0,0,0,0,0,0,0,0,11,17,9,92,8,4,20,5,2,12,3,0,2,6,21,1,3,3,1,0,0,0,1,4,4,0,0,0,0,0,0,0,4,23,0,6,0,0,6,0,0,46,1,4,2,0,8,17,0,0,2,2,6,4,0,24,1,3,5,1,0,2,7,0,5,0,0,0,0,0,0,12,0,0,0,0,1,2,2,2,0,0,2,1,0,0,2,1,1,3,2,1,0
"EN7  5",7216,6970,0,1,1,0,0,0,0,0,0,7,3,9,123,43,3,23,4,2,5,6,0,0,7,24,2,1,1,0,0,0,0,2,0,0,0,0,0,0,0,0,0,2,35,5,6,0,0,3,0,3,27,2,1,3,0,5,4,0,0,1,0,4,6,1,17,0,0,10,1,0,0,2,1,3,0,0,0,0,0,0,7,2,0,0,0,0,0,2,0,0,0,1,0,1,0,1,2,2,2,1,1,0
"EN7  6",14094,13540,0,0,0,0,0,0,0,0,0,13,8,11,210,54,7,66,2,5,11,6,2,4,2,44,3,1,1,1,0,0,0,1,11,7,2,1,1,0,0,0,0,7,120,19,12,0,4,6,0,2,72,4,7,6,0,1,34,0,3,12,0,5,0,0,36,2,11,11,3,0,0,2,0,5,2,0,0,0,0,0,27,0,0,0,0,5,0,7,0,0,0,3,8,0,1,3,0,0,8,6,0,2
"EN8  0",9218,8746,0,0,0,0,0,0,0,0,0,5,1,6,211,61,7,76,6,4,5,15,2,0,7,22,2,0,1,1,1,0,1,0,7,1,3,3,0,0,0,0,0,5,105,6,22,1,5,14,0,2,31,2,1,0,0,7,11,1,0,5,0,3,0,1,22,0,1,5,0,0,5,6,0,4,1,0,0,0,0,0,49,2,0,0,1,11,7,2,1,0,0,13,3,2,2,5,0,0,2,2,0,0
"EN8  7",6599,5549,0,1,1,0,0,0,0,0,0,33,20,10,568,181,3,238,6,1,12,84,6,11,4,15,2,3,1,0,0,0,0,1,22,12,5,5,0,0,0,0,0,18,196,13,16,0,4,11,0,1,47,2,0,3,0,15,2,0,4,12,0,9,0,0,33,4,1,9,1,0,4,5,0,8,1,1,0,0,0,0,63,0,0,0,0,19,4,11,8,1,1,10,2,3,1,3,4,4,5,2,1,2
"EN8  8",10738,9456,0,4,1,0,0,0,0,3,0,31,13,31,583,189,6,203,8,5,20,64,1,27,9,42,3,2,3,0,1,0,0,0,24,12,6,3,2,1,0,0,0,21,283,10,52,0,31,15,1,5,71,10,3,0,0,15,10,0,1,12,2,16,1,1,45,6,15,10,2,0,5,1,0,6,0,0,0,0,0,0,102,1,4,4,0,20,6,21,15,4,0,10,2,2,8,5,7,7,5,4,1,0
"EN8  9",7804,7395,1,0,0,0,0,0,0,0,0,8,4,6,231,93,5,75,3,4,13,6,0,5,6,19,1,0,1,0,0,0,0,0,10,3,6,1,0,0,0,0,0,4,62,7,11,0,3,7,0,1,37,0,0,0,0,8,11,0,1,11,2,4,0,0,13,1,4,3,1,0,0,2,0,2,0,0,0,0,0,0,14,0,0,0,0,4,1,0,0,0,0,4,0,0,0,5,1,1,0,0,0,0
"EN9  1",7428,7116,2,3,3,0,0,0,0,0,0,6,5,1,150,24,3,84,3,1,3,15,0,4,1,5,1,2,0,1,0,0,1,2,15,5,10,0,0,0,0,0,0,1,42,2,5,0,0,3,0,2,29,0,0,5,0,10,2,0,0,3,8,0,0,1,25,0,0,1,1,0,1,7,3,12,0,0,0,0,0,0,23,0,0,0,0,1,10,1,0,2,0,4,3,0,2,0,1,1,2,0,0,2
"EN9  2",4697,4609,0,0,0,0,0,0,0,0,0,2,3,4,44,19,2,16,2,0,0,0,0,1,0,4,0,0,0,0,0,0,0,0,7,0,7,0,0,0,0,0,0,0,7,4,2,0,0,1,0,1,7,3,0,2,0,0,2,0,0,0,0,0,0,0,3,0,0,1,0,0,0,0,0,2,0,0,0,0,0,0,2,0,0,0,0,0,2,0,0,0,0,0,0,0,0,0,1,1,2,2,0,0
"EN9  3",10630,10280,0,4,4,0,0,0,0,0,0,19,10,8,153,37,6,37,1,1,12,24,0,8,6,18,2,0,1,0,0,0,0,0,10,4,0,1,0,5,0,0,0,0,49,5,5,1,2,0,1,1,34,7,0,8,0,2,13,0,0,3,0,0,0,1,24,0,6,7,2,0,2,5,0,2,0,0,1,0,0,0,26,0,0,0,0,6,2,8,1,0,0,1,4,0,3,1,1,1,1,1,0,0
"EX1  1",1682,1400,1,1,0,0,0,1,0,0,0,10,5,7,57,4,1,32,2,1,3,3,1,1,0,6,0,1,0,0,0,2,0,0,1,0,0,0,0,1,0,0,0,11,3,23,13,0,3,5,0,5,4,0,0,0,0,0,0,0,0,1,3,0,0,0,141,7,12,92,1,2,11,8,5,3,0,0,0,0,0,0,5,2,0,0,0,0,0,1,0,0,0,0,0,0,0,2,0,0,0,0,0,0
"EX1  2",8882,8156,4,2,0,0,0,0,1,1,0,30,12,26,264,20,31,104,24,4,6,16,3,14,7,13,10,4,2,2,0,0,0,4,7,2,1,2,0,2,0,0,0,29,6,24,32,1,3,8,8,12,66,6,5,0,0,9,3,4,1,5,25,2,4,2,197,8,17,94,3,3,4,5,13,49,1,0,0,0,0,0,15,0,0,0,0,0,2,0,1,0,1,4,0,2,3,2,6,6,6,4,2,0
"EX1  3",10193,9978,0,0,0,0,0,0,0,0,0,4,6,8,99,12,8,45,3,3,1,6,0,5,5,0,4,2,1,1,3,0,0,0,1,1,0,0,0,0,0,0,0,5,3,14,4,0,0,2,1,1,35,0,1,1,0,20,0,0,0,0,9,0,2,2,29,3,2,4,8,2,0,6,0,2,2,0,0,0,0,0,1,0,0,0,0,0,0,0,1,0,0,0,0,0,0,0,2,2,4,3,0,1
"EX10 0",4559,4524,0,0,0,0,0,0,0,0,0,4,0,0,22,1,3,2,2,4,2,2,0,1,1,0,0,2,1,1,0,0,0,0,0,0,0,0,0,0,0,0,0,2,0,0,0,0,0,0,0,0,1,0,0,0,0,0,0,0,0,0,1,0,0,0,3,0,1,0,0,0,0,0,0,1,1,0,0,0,0,0,0,0,0,0,0,0,0,0,0,0,0,0,0,0,0,0,3,3,0,0,0,0
"EX10 8",3393,3219,4,0,0,0,0,0,0,0,0,12,0,9,97,7,3,30,24,4,3,6,2,12,1,1,4,0,0,0,0,0,0,0,0,0,0,0,0,0,0,0,0,10,0,0,0,0,0,0,0,0,2,0,0,0,0,0,0,0,0,0,1,0,1,0,39,2,9,4,1,0,0,7,0,13,3,0,0,0,0,0,1,0,0,0,0,0,0,0,0,0,0,0,1,0,0,0,0,0,0,0,0,0
"EX10 9",8958,8860,2,0,0,0,0,0,0,0,0,3,0,3,38,2,13,11,3,0,0,3,0,0,1,0,0,2,1,2,0,0,0,0,1,0,0,1,0,0,0,0,0,2,2,3,0,0,0,0,0,0,14,0,0,0,0,3,0,0,0,0,10,0,1,0,23,1,2,4,2,0,0,0,0,14,0,0,0,0,0,0,0,0,0,0,0,0,0,0,0,0,0,0,0,0,0,0,2,2,5,1,4,0
"EX11 1",7606,7539,0,0,0,0,0,0,0,0,0,3,1,2,25,3,4,5,0,2,2,0,0,0,0,0,1,1,4,0,0,0,1,2,2,0,0,0,0,2,0,0,0,0,1,0,0,0,0,0,0,0,5,0,0,0,0,2,0,0,0,0,3,0,0,0,24,0,2,2,0,0,0,2,0,17,1,0,0,0,0,0,2,0,0,0,0,0,0,0,0,0,0,0,2,0,0,0,1,1,1,0,1,0
"EX12 2",6964,6806,0,0,0,0,0,0,0,0,0,3,5,2,65,0,2,28,4,0,5,9,0,3,8,1,2,1,1,1,0,0,0,0,0,0,0,0,0,0,0,0,0,2,2,6,1,0,0,0,0,1,19,1,0,0,0,7,0,0,0,0,11,0,0,0,48,0,0,2,0,0,1,0,0,40,5,0,0,0,0,0,1,0,0,0,0,0,0,0,0,0,0,0,0,0,1,0,0,0,4,2,1,1
"EX12 3",1775,1759,0,0,0,0,0,0,0,0,0,0,0,2,8,1,2,1,1,0,0,0,0,1,0,1,0,0,0,1,0,0,0,0,0,0,0,0,0,0,0,0,0,0,0,0,0,0,0,0,0,0,5,0,0,0,0,5,0,0,0,0,0,0,0,0,1,0,0,0,0,0,0,0,0,1,0,0,0,0,0,0,0,0,0,0,0,0,0,0,0,0,0,0,0,0,0,0,0,0,0,0,0,0
"EX12 4",488,486,0,0,0,0,0,0,0,0,0,0,0,0,2,0,2,0,0,0,0,0,0,0,0,0,0,0,0,0,0,0,0,0,0,0,0,0,0,0,0,0,0,0,0,0,0,0,0,0,0,0,0,0,0,0,0,0,0,0,0,0,0,0,0,0,0,0,0,0,0,0,0,0,0,0,0,0,0,0,0,0,0,0,0,0,0,0,0,0,0,0,0,0,0,0,0,0,0,0,0,0,0,0
"EX13 5",6819,6712,0,0,0,0,0,0,0,0,0,6,8,2,33,4,3,12,4,0,3,0,1,0,0,0,2,2,1,0,0,0,1,0,2,2,0,0,0,0,0,0,0,2,0,0,0,0,0,0,0,0,8,0,0,1,0,0,0,0,0,0,7,0,0,0,44,0,1,8,1,0,0,1,2,31,0,0,0,0,0,0,0,0,0,0,0,0,0,0,0,0,0,0,0,0,0,0,0,0,2,0,2,0
"EX13 7",3714,3702,0,0,0,0,0,0,0,0,0,0,0,1,7,0,2,2,0,0,0,0,0,1,0,0,2,0,0,0,0,0,0,0,0,0,0,0,0,0,0,0,0,0,1,0,0,0,0,0,0,0,0,0,0,0,0,0,0,0,0,0,0,0,0,0,2,1,0,0,0,0,0,0,0,1,0,0,0,0,0,0,0,0,0,0,0,0,0,0,0,0,0,0,0,0,0,0,0,0,1,0,1,0
"EX13 8",533,532,0,0,0,0,0,0,0,0,0,0,0,0,0,0,0,0,0,0,0,0,0,0,0,0,0,0,0,0,0,0,0,0,0,0,0,0,0,0,0,0,0,0,0,0,0,0,0,0,0,0,0,0,0,0,0,0,0,0,0,0,0,0,0,0,1,0,1,0,0,0,0,0,0,0,0,0,0,0,0,0,0,0,0,0,0,0,0,0,0,0,0,0,0,0,0,0,0,0,0,0,0,0
"EX14 1",5758,5657,2,0,0,0,0,0,0,0,0,3,1,2,31,3,1,14,0,1,4,0,0,4,3,0,1,0,0,0,0,0,0,0,1,0,0,0,0,1,0,0,0,3,4,0,1,1,0,0,0,0,18,0,4,0,0,0,0,0,0,0,14,0,0,0,31,0,2,2,2,0,0,2,0,22,1,0,0,0,0,0,1,0,0,0,0,0,0,0,0,0,0,0,1,0,0,0,1,1,2,2,0,0
"EX14 2",5355,5306,0,0,0,0,0,0,0,0,0,5,1,2,21,2,3,9,0,0,0,0,1,2,0,1,1,1,1,0,0,0,0,0,2,0,2,0,0,0,0,0,0,0,2,1,2,1,0,1,0,0,3,0,0,0,0,3,0,0,0,0,0,0,0,0,8,0,0,1,1,0,0,0,0,6,0,0,0,0,0,0,1,0,0,0,0,0,0,0,0,0,0,0,0,0,0,1,1,1,0,0,0,0
"EX14 3",3690,3660,0,0,0,0,0,0,0,0,0,3,1,0,14,0,4,2,2,2,0,0,0,2,0,0,2,0,0,0,0,0,0,0,1,0,0,0,0,1,0,0,0,0,1,0,0,0,0,0,0,0,2,0,0,0,0,2,0,0,0,0,0,0,0,0,5,0,0,0,1,0,0,4,0,0,0,0,0,0,0,0,1,1,0,0,0,0,0,0,0,0,0,0,0,0,0,0,1,1,1,1,0,0
"EX14 4",2393,2381,0,0,0,0,0,0,0,0,0,1,0,0,10,0,1,6,0,0,0,0,0,0,0,0,0,1,2,0,0,0,0,0,0,0,0,0,0,0,0,0,0,0,0,0,0,0,0,0,0,0,1,0,0,0,0,0,0,0,0,0,0,1,0,0,0,0,0,0,0,0,0,0,0,0,0,0,0,0,0,0,0,0,0,0,0,0,0,0,0,0,0,0,0,0,0,0,0,0,0,0,0,0
"EX14 9",2877,2853,0,0,0,0,0,0,0,0,0,4,0,2,10,0,4,1,0,0,1,0,0,1,0,0,1,1,0,1,0,0,0,0,1,0,0,0,0,1,0,0,0,1,0,0,0,0,0,0,0,0,0,0,0,0,0,0,0,0,0,0,0,0,0,0,4,0,0,1,0,0,0,1,0,1,1,0,0,0,0,0,0,0,0,0,0,0,0,0,0,0,0,0,0,0,0,0,0,0,2,2,0,0
"EX15 1",8398,8077,3,0,0,0,0,0,0,0,0,8,30,7,215,1,6,120,5,3,0,45,19,2,10,0,2,0,1,0,0,0,1,0,0,0,0,0,0,0,0,0,0,4,4,1,0,0,0,0,0,0,8,0,0,0,0,1,4,0,0,0,0,1,2,0,36,1,4,22,1,0,0,1,0,5,2,0,0,0,0,0,2,0,0,0,0,0,0,0,1,0,0,0,0,0,0,1,3,3,0,0,0,0
"EX15 2",5681,5599,1,0,0,0,0,0,0,0,0,4,1,2,57,2,5,42,0,1,0,5,0,0,0,0,1,1,0,0,0,0,0,0,1,0,0,0,0,1,0,0,0,0,0,1,0,0,0,0,0,0,8,0,6,0,0,0,0,0,0,0,0,2,0,0,5,0,0,2,0,0,0,3,0,0,0,0,0,0,0,0,1,0,0,0,0,0,0,0,0,0,0,0,0,0,1,0,0,0,1,0,0,1
"EX15 3",6470,6390,6,0,0,0,0,0,0,0,0,3,2,2,45,2,3,24,0,2,1,0,0,3,0,0,7,1,1,0,0,0,1,0,3,0,0,3,0,0,0,0,0,1,2,0,4,0,0,4,0,0,0,0,0,0,0,0,0,0,0,0,0,0,0,0,8,0,0,4,2,0,0,0,1,1,0,0,0,0,0,0,0,0,0,0,0,0,0,0,0,0,0,0,0,0,0,0,0,0,4,4,0,0
"EX16 4",6006,5893,1,1,0,0,0,0,0,1,0,6,2,2,51,1,12,19,2,0,2,4,4,4,0,1,2,0,0,0,0,0,0,0,1,0,0,1,0,0,0,0,0,1,0,0,0,0,0,0,0,0,5,0,1,0,0,0,0,0,1,0,3,0,0,0,36,0,8,21,3,0,0,2,1,1,0,0,0,0,0,0,2,0,0,0,0,0,0,0,1,0,0,0,1,0,0,0,3,3,2,2,0,0
"EX16 5",4746,4685,0,0,0,0,0,0,0,0,0,1,5,3,37,1,1,23,2,1,0,3,1,0,1,1,1,1,0,0,0,0,1,0,3,0,0,3,0,0,0,0,0,0,1,0,0,0,0,0,0,0,5,0,0,0,0,2,0,0,0,0,3,0,0,0,3,0,0,0,1,0,0,0,0,2,0,0,0,0,0,0,2,0,0,0,1,0,0,0,0,0,0,0,1,0,0,0,0,0,1,1,0,0
"EX16 6",9228,8836,1,0,0,0,0,0,0,0,0,5,9,5,304,3,8,245,4,2,5,27,1,0,5,1,2,1,0,0,0,0,0,0,0,0,0,0,0,0,0,0,0,5,2,1,1,0,1,0,0,0,14,0,5,0,0,4,1,0,0,1,3,0,0,0,34,2,8,14,2,0,2,2,0,4,0,0,0,0,0,0,3,0,0,0,0,0,0,0,1,0,0,1,0,0,0,1,0,0,8,5,3,0
"EX16 7",4257,4210,2,0,0,0,0,0,0,0,0,3,7,2,18,0,1,17,0,0,0,0,0,0,0,0,0,0,0,0,0,0,0,0,0,0,0,0,0,0,0,0,0,1,0,0,0,0,0,0,0,0,1,0,0,0,0,0,1,0,0,0,0,0,0,0,2,0,0,0,0,0,0,1,0,1,0,0,0,0,0,0,1,0,0,0,0,0,0,0,0,0,0,0,1,0,0,0,2,2,8,8,0,0
"EX16 8",3811,3774,0,0,0,0,0,0,0,0,0,0,0,0,28,2,6,13,0,2,0,0,0,0,0,1,3,0,1,0,0,0,0,0,0,0,0,0,0,0,0,0,0,2,1,0,0,0,0,0,0,0,4,0,0,0,0,1,0,0,0,0,0,0,3,0,0,0,0,0,0,0,0,0,0,0,0,0,0,0,0,0,1,0,0,0,0,0,0,0,0,0,0,1,0,0,0,0,0,0,1,0,1,0
"EX16 9",3260,3245,0,0,0,0,0,0,0,0,0,1,0,0,10,0,1,4,2,0,0,0,0,1,0,0,2,0,0,0,0,0,0,0,0,0,0,0,0,0,0,0,0,1,0,0,0,0,0,0,0,0,0,0,0,0,0,0,0,0,0,0,0,0,0,0,0,0,0,0,0,0,0,0,0,0,0,0,0,0,0,0,0,0,0,0,0,0,0,0,0,0,0,0,0,0,0,0,1,1,2,2,0,0
"EX17 1",2118,2070,0,0,0,0,0,0,0,0,0,2,0,0,27,1,2,16,0,0,2,1,2,0,3,0,0,0,0,0,0,0,0,0,1,0,0,1,0,0,0,0,0,2,0,0,0,0,0,0,0,0,3,0,0,1,0,0,2,0,0,0,0,0,0,0,11,1,0,0,0,0,0,4,0,6,0,0,0,0,0,0,0,0,0,0,0,0,0,0,0,0,0,0,0,0,0,0,0,0,2,2,0,0
"EX17 2",2109,2066,0,0,0,0,0,0,0,0,0,1,1,3,31,1,5,19,0,0,0,0,1,0,0,0,5,0,0,0,0,0,0,0,1,0,0,1,0,0,0,0,0,1,0,0,0,0,0,0,0,0,2,0,0,0,0,0,0,0,0,0,2,0,0,0,3,1,0,0,0,1,0,0,0,1,0,0,0,0,0,0,0,0,0,0,0,0,0,0,0,0,0,0,0,0,0,0,0,0,0,0,0,0
"EX17 3",4194,4088,0,0,0,0,0,0,0,0,0,3,0,1,77,0,7,58,1,3,1,5,0,2,0,0,0,0,0,0,0,0,0,0,1,0,0,1,0,0,0,0,0,1,4,0,1,0,0,1,0,0,7,0,1,0,0,2,0,0,0,3,0,1,0,0,10,0,2,5,1,0,0,1,0,1,0,0,0,0,0,0,0,0,0,0,0,0,0,0,0,0,0,0,0,0,0,0,0,0,1,0,1,0
"EX17 4",3202,3159,3,0,0,0,0,0,0,0,0,4,0,7,17,0,4,7,3,0,0,0,2,0,0,0,0,0,1,0,0,0,0,0,1,0,0,0,0,1,0,0,0,0,2,0,0,0,0,0,0,0,4,0,0,0,0,0,0,0,2,0,2,0,0,0,3,0,0,2,0,0,0,1,0,0,0,0,0,0,0,0,0,0,0,0,0,0,0,0,0,0,0,0,0,0,0,0,0,0,2,2,0,0
"EX17 5",3203,3165,2,0,0,0,0,0,0,0,0,2,0,0,28,1,2,17,0,0,1,0,2,0,0,0,4,1,0,0,0,0,0,0,3,0,0,2,0,1,0,0,0,0,0,0,0,0,0,0,0,0,0,0,0,0,0,0,0,0,0,0,0,0,0,0,2,0,1,0,0,1,0,0,0,0,0,0,0,0,0,0,0,0,0,0,0,0,0,0,0,0,0,0,0,0,0,0,0,0,1,1,0,0
"EX17 6",4102,4072,0,0,0,0,0,0,0,0,0,1,1,1,16,1,2,6,0,0,0,0,0,2,0,0,2,0,2,1,0,0,0,0,0,0,0,0,0,0,0,0,0,1,1,1,0,0,0,0,0,0,0,0,0,0,0,0,0,0,0,0,0,0,0,0,4,1,0,1,1,0,0,0,1,0,0,0,0,0,0,0,0,0,0,0,0,0,0,0,0,0,0,0,0,0,0,0,0,0,4,2,2,0
"EX18 7",3053,3035,0,0,0,0,0,0,0,0,0,5,1,2,9,0,5,1,0,0,0,0,0,0,1,0,0,1,0,0,0,0,1,0,0,0,0,0,0,0,0,0,0,0,0,0,0,0,0,0,0,0,0,0,0,0,0,0,0,0,0,0,0,0,0,0,1,1,0,0,0,0,0,0,0,0,0,0,0,0,0,0,0,0,0,0,0,0,0,0,0,0,0,0,0,0,0,0,0,0,0,0,0,0
"EX19 8",3419,3405,0,0,0,0,0,0,0,0,0,2,0,1,8,0,3,3,0,0,0,1,0,0,0,0,1,0,0,0,0,0,0,0,0,0,0,0,0,0,0,0,0,0,0,1,0,0,0,0,0,0,0,0,0,0,0,0,0,0,0,0,0,0,0,0,1,0,0,1,0,0,0,0,0,0,0,0,0,0,0,0,0,0,0,0,0,0,0,0,0,0,0,0,0,0,0,0,0,0,1,0,0,1
"EX2  4",5959,5579,0,0,0,0,0,0,0,0,0,36,8,33,127,12,14,52,7,6,1,3,2,2,7,6,6,3,1,0,1,0,0,4,4,0,1,0,0,3,0,0,0,7,2,22,7,0,1,6,0,0,25,4,0,4,0,11,2,0,0,0,1,0,2,1,52,2,2,18,8,12,1,2,3,3,1,0,0,0,0,0,7,2,0,0,0,0,0,1,0,0,0,0,1,0,1,2,3,3,47,45,2,0
"EX2  5",8541,8158,0,0,0,0,0,0,0,0,0,15,6,12,162,12,26,72,5,2,9,9,1,7,9,5,0,1,1,1,0,0,1,1,8,0,0,1,0,7,0,0,0,9,8,19,11,1,3,7,0,0,37,4,0,0,0,4,2,0,3,2,17,0,2,3,80,8,18,26,0,2,1,5,3,14,3,1,0,0,0,0,8,0,0,0,0,3,0,2,0,0,1,0,2,0,0,0,2,2,5,5,0,0
"EX2  6",5181,4987,0,0,0,0,0,0,0,0,0,5,5,1,103,2,5,64,16,2,0,10,0,2,0,0,1,0,0,0,0,0,0,1,0,0,0,0,0,0,0,0,0,0,6,10,3,0,1,2,0,0,18,4,3,0,0,3,0,0,0,0,8,0,0,0,34,1,0,12,1,0,4,4,0,12,0,0,0,0,0,0,4,0,0,0,0,0,0,0,3,0,0,1,0,0,0,0,0,0,5,4,0,1
"EX2  7",4931,4793,0,0,0,0,0,0,0,0,0,3,2,5,59,3,2,30,2,2,3,4,2,5,0,2,2,1,0,1,0,0,0,0,2,0,2,0,0,0,0,0,0,3,2,19,8,0,0,8,0,0,13,4,0,0,0,2,0,0,0,0,5,2,0,0,16,2,1,6,0,0,0,3,0,4,0,0,0,0,0,0,4,0,0,0,0,0,0,0,2,0,0,0,2,0,0,0,0,0,2,2,0,0
"EX2  8",7537,7159,0,0,0,0,0,0,0,0,0,8,10,16,213,4,15,117,19,7,9,10,5,11,2,3,5,4,1,0,0,0,1,0,4,1,1,2,0,0,0,0,0,3,1,13,7,0,1,6,0,0,20,0,4,0,0,1,0,0,0,1,10,0,0,4,72,5,3,16,0,9,6,3,0,30,0,0,0,0,0,0,2,0,0,0,0,0,0,0,0,0,0,0,0,0,0,2,2,2,7,4,2,1
"EX2  9",6882,6694,1,0,0,0,0,0,0,0,0,12,2,11,92,1,6,51,14,3,3,2,0,1,2,0,0,8,0,1,0,0,0,0,7,0,0,0,0,7,0,0,0,6,2,4,2,0,0,1,0,1,9,2,0,4,0,3,0,0,0,0,0,0,0,0,30,2,0,10,1,1,0,6,0,9,1,0,0,0,0,0,2,0,0,0,0,0,0,0,0,0,0,0,0,0,0,2,0,0,8,8,0,0
"EX20 1",7586,7389,0,1,0,0,0,0,1,0,0,5,3,4,133,1,5,99,2,0,3,2,6,5,7,0,1,1,0,0,1,0,0,0,1,0,0,1,0,0,0,0,0,2,5,8,2,0,0,2,0,0,5,1,0,1,0,0,0,0,0,0,3,0,0,0,27,0,1,8,1,0,1,3,0,10,3,0,0,0,0,0,0,0,0,0,0,0,0,0,0,0,0,0,0,0,0,0,0,0,1,1,0,0
"EX20 2",4412,4380,0,0,0,0,0,0,0,0,0,1,0,0,22,1,6,7,0,0,0,0,0,4,0,0,1,0,2,1,0,0,0,0,0,0,0,0,0,0,0,0,0,0,0,0,0,0,0,0,0,0,0,0,0,0,0,0,0,0,0,0,0,0,0,0,4,0,1,1,0,1,0,0,0,0,1,0,0,0,0,0,1,0,0,0,0,0,0,0,0,0,0,0,1,0,0,0,0,0,4,4,0,0
"EX20 3",4340,4307,0,0,0,0,0,0,0,0,0,4,1,1,15,0,2,6,0,0,2,0,2,0,0,1,1,0,0,0,1,0,0,0,0,0,0,0,0,0,0,0,0,0,0,0,0,0,0,0,0,0,10,0,0,0,0,0,0,0,0,2,7,1,0,0,1,0,0,0,1,0,0,0,0,0,0,0,0,0,0,0,1,0,0,0,0,0,0,0,1,0,0,0,0,0,0,0,0,0,0,0,0,0
"EX20 4",3019,2971,0,1,1,0,0,0,0,0,0,6,0,0,29,1,2,20,0,0,3,0,0,1,1,0,0,1,0,0,0,0,0,0,1,0,0,0,0,1,0,0,0,0,0,0,2,0,0,2,0,0,1,0,0,0,1,0,0,0,0,0,0,0,0,0,6,0,0,4,0,0,0,0,0,2,0,0,0,0,0,0,1,0,0,0,0,0,0,0,0,0,0,0,1,0,0,0,0,0,1,0,0,1
"EX21 5",4520,4475,0,0,0,0,0,0,0,0,0,2,0,1,11,4,1,3,0,1,0,0,0,0,0,0,1,0,1,0,0,0,0,0,0,0,0,0,0,0,0,0,0,1,0,0,0,0,0,0,0,0,0,0,0,0,0,0,0,0,0,0,0,0,0,0,29,0,14,12,3,0,0,0,0,0,0,0,0,0,0,0,0,0,0,0,0,0,0,0,0,0,0,0,0,0,0,0,0,0,1,1,0,0
"EX22 6",5756,5721,0,0,0,0,0,0,0,0,0,1,1,1,15,0,2,6,0,2,1,0,0,0,0,1,2,1,0,0,0,0,0,0,0,0,0,0,0,0,0,0,0,0,3,0,1,1,0,0,0,0,3,0,0,0,0,3,0,0,0,0,0,0,0,0,8,0,0,0,0,0,0,2,1,5,0,0,0,0,0,0,0,0,0,0,0,0,0,0,0,0,0,0,0,0,0,0,0,0,2,2,0,0
"EX22 7",4717,4668,0,3,0,0,0,0,3,0,0,2,4,0,32,1,1,17,0,0,5,0,0,1,3,0,3,1,0,0,0,0,0,0,0,0,0,0,0,0,0,0,0,2,0,0,0,0,0,0,0,0,0,0,0,0,0,0,0,0,0,0,0,0,0,0,6,1,0,5,0,0,0,0,0,0,0,0,0,0,0,0,0,0,0,0,0,0,0,0,0,0,0,0,0,0,0,0,0,0,0,0,0,0
"EX23 0",3376,3351,0,3,0,0,0,0,2,1,0,3,0,0,14,0,3,8,0,0,0,0,0,0,1,0,2,0,0,0,0,0,0,0,0,0,0,0,0,0,0,0,0,0,0,3,0,0,0,0,0,0,0,0,0,0,0,0,0,0,0,0,0,0,0,0,2,0,0,2,0,0,0,0,0,0,0,0,0,0,0,0,0,0,0,0,0,0,0,0,0,0,0,0,0,0,0,0,0,0,0,0,0,0
"EX23 8",7151,7077,2,4,0,0,0,0,2,0,2,4,1,9,18,2,1,4,0,5,0,0,3,0,0,0,1,1,1,0,0,0,0,0,1,0,0,1,0,0,0,0,0,2,5,0,0,0,0,0,0,0,8,0,0,0,0,6,0,0,0,0,0,0,2,0,16,1,0,5,0,0,0,1,0,9,0,0,0,0,0,0,0,0,0,0,0,0,0,0,0,0,0,0,0,0,0,0,1,1,3,1,0,2
"EX23 9",4697,4675,0,3,0,0,0,0,3,0,0,3,0,1,7,0,2,1,0,0,0,0,0,0,0,0,2,0,1,0,0,0,1,0,0,0,0,0,0,0,0,0,0,2,0,0,1,0,0,1,0,0,0,0,0,0,0,0,0,0,0,0,0,0,0,0,4,0,0,1,0,0,0,0,0,3,0,0,0,0,0,0,0,0,0,0,0,0,0,0,0,0,0,0,0,0,0,0,0,0,1,0,0,1
"EX24 6",3710,3679,1,0,0,0,0,0,0,0,0,3,0,1,13,0,1,4,1,0,0,3,0,0,0,0,2,0,2,0,0,0,0,0,1,0,0,0,0,1,0,0,0,3,0,0,0,0,0,0,0,0,3,0,0,0,0,0,0,0,0,0,3,0,0,0,6,0,3,0,0,0,0,0,0,2,1,0,0,0,0,0,0,0,0,0,0,0,0,0,0,0,0,0,0,0,0,0,0,0,0,0,0,0
"EX3  0",4791,4717,0,0,0,0,0,0,0,0,0,11,0,8,22,0,4,4,1,0,0,5,0,0,1,2,4,1,0,0,0,0,0,0,0,0,0,0,0,0,0,0,0,2,1,13,2,1,0,0,0,1,3,1,2,0,0,0,0,0,0,0,0,0,0,0,8,0,1,3,2,0,0,1,0,0,1,0,0,0,0,0,1,0,0,0,0,0,1,0,0,0,0,0,0,0,0,0,1,1,2,1,0,1
"EX31 1",3446,3342,1,0,0,0,0,0,0,0,0,2,2,6,38,0,3,8,2,1,0,16,0,3,2,1,2,0,0,0,0,0,0,0,0,0,0,0,0,0,0,0,0,4,0,10,2,0,0,1,0,1,21,6,0,0,0,5,0,2,0,0,6,2,0,0,13,0,1,7,2,0,2,0,1,0,0,3,0,0,0,0,1,0,0,0,0,0,0,0,0,0,0,0,0,1,0,0,0,0,1,1,0,0
"EX31 2",6172,6088,0,1,0,0,0,0,0,1,0,3,1,1,51,1,3,30,0,0,1,6,0,0,7,0,3,0,0,0,0,0,0,0,2,1,1,0,0,0,0,0,0,1,1,4,4,0,0,4,0,0,7,0,0,0,0,5,0,0,2,0,0,0,0,0,4,1,0,3,0,0,0,0,0,0,0,0,0,0,0,0,3,2,0,0,0,0,0,1,0,0,0,0,0,0,0,0,1,1,0,0,0,0
"EX31 3",7909,7848,1,0,0,0,0,0,0,0,0,3,1,0,32,0,2,17,0,0,0,3,1,2,2,1,1,0,1,1,0,0,1,0,0,0,0,0,0,0,0,0,0,2,0,0,2,0,0,2,0,0,8,2,0,0,0,0,0,0,0,0,3,3,0,0,5,0,1,1,0,0,0,3,0,0,0,0,0,0,0,0,3,0,0,0,0,0,0,0,0,0,0,0,3,0,0,0,0,0,4,1,0,3
"EX31 4",7114,6979,4,2,0,0,0,0,0,0,2,2,4,5,43,1,9,13,1,0,2,9,0,4,2,0,1,0,0,0,0,0,1,0,0,0,0,0,0,0,0,0,0,4,2,2,1,0,0,1,0,0,46,14,0,4,0,0,1,0,0,0,0,0,25,2,7,0,0,0,3,0,1,2,0,0,1,9,0,0,0,0,3,0,0,0,0,0,0,0,0,0,0,0,0,0,0,3,1,1,0,0,0,0
"EX32 0",5199,5120,0,0,0,0,0,0,0,0,0,6,0,6,9,0,3,3,1,0,0,1,0,0,0,0,1,0,0,0,0,0,0,0,0,0,0,0,0,0,0,0,0,0,0,1,0,0,0,0,0,0,8,2,1,2,0,0,0,0,0,0,0,0,2,1,43,2,16,17,0,0,0,6,2,0,0,0,0,0,0,0,2,0,0,0,0,0,0,0,0,0,0,0,2,0,0,0,2,2,2,2,0,0
"EX32 7",6646,6470,0,1,0,0,0,0,0,1,0,1,7,0,108,9,5,56,15,0,3,6,2,2,6,0,0,2,1,1,0,0,0,0,4,0,4,0,0,0,0,0,0,6,1,4,0,0,0,0,0,0,19,0,0,1,0,3,0,0,0,2,9,2,2,0,20,5,1,7,0,0,0,3,0,4,0,0,0,0,0,0,3,0,0,0,0,0,0,1,0,0,0,0,0,0,0,2,1,1,1,0,0,1
"EX32 8",5990,5836,3,1,0,0,0,0,0,0,1,3,3,5,75,1,2,33,0,2,5,20,5,1,3,1,0,2,0,0,0,0,0,0,1,0,0,0,0,1,0,0,0,5,6,1,7,1,0,1,5,0,23,0,0,3,0,9,0,0,0,0,5,0,6,0,12,0,0,2,0,0,0,0,0,9,1,0,0,0,0,0,2,0,0,0,0,0,0,0,1,0,0,0,0,0,1,0,3,3,4,3,0,1
"EX32 9",5059,4904,0,0,0,0,0,0,0,0,0,4,1,0,84,1,3,19,0,3,5,14,5,7,23,4,0,0,0,0,0,0,0,0,1,0,0,0,0,1,0,0,0,8,1,8,2,0,0,2,0,0,23,0,0,2,0,8,0,0,0,0,3,8,2,0,20,1,5,1,2,0,0,1,0,10,0,1,0,0,0,0,0,0,0,0,0,0,0,0,0,0,0,0,0,0,0,0,1,1,1,1,0,0
"EX33 1",5215,5176,0,0,0,0,0,0,0,0,0,3,1,4,20,0,3,2,1,2,1,5,0,1,0,0,4,1,0,0,0,0,0,0,0,0,0,0,0,0,0,0,0,1,0,0,0,0,0,0,0,0,3,0,0,0,0,1,0,0,0,0,0,0,2,0,5,0,0,0,0,0,0,1,1,2,1,0,0,0,0,0,0,0,0,0,0,0,0,0,0,0,0,0,0,0,0,0,0,0,2,0,0,2
"EX33 2",4711,4657,1,0,0,0,0,0,0,0,0,1,2,7,19,2,6,3,0,1,0,5,0,1,0,0,1,0,0,0,0,0,0,0,0,0,0,0,0,0,0,0,0,0,0,1,1,0,0,1,0,0,9,0,0,2,0,0,0,0,0,0,0,1,6,0,6,0,0,3,0,0,0,2,0,1,0,3,0,0,0,0,1,0,0,0,0,0,0,0,0,0,0,1,0,0,0,0,2,2,1,1,0,0
"EX34 0",2606,2587,1,2,0,0,0,0,2,0,0,0,0,1,11,2,0,1,0,0,0,0,0,0,6,1,0,0,1,0,0,0,0,0,0,0,0,0,0,0,0,0,0,2,0,0,0,0,0,0,0,0,0,0,0,0,0,0,0,0,0,0,0,0,0,0,2,0,0,0,1,0,0,1,0,0,0,0,0,0,0,0,0,0,0,0,0,0,0,0,0,0,0,0,0,0,0,0,0,0,0,0,0,0
"EX34 7",1587,1533,0,0,0,0,0,0,0,0,0,3,0,0,47,0,3,14,3,0,11,8,0,3,0,0,4,1,0,0,0,0,0,0,0,0,0,0,0,0,0,0,0,0,0,0,0,0,0,0,0,0,3,0,0,0,0,1,1,0,0,0,0,0,1,0,1,0,0,0,0,0,0,1,0,0,0,0,0,0,0,0,0,0,0,0,0,0,0,0,0,0,0,0,0,0,0,0,0,0,0,0,0,0
"EX34 8",6234,6161,0,0,0,0,0,0,0,0,0,7,2,1,42,3,3,16,4,2,1,0,1,7,3,0,0,0,0,0,1,0,0,1,2,0,0,0,0,2,0,0,0,1,4,0,1,1,0,0,0,0,5,1,0,0,0,2,0,0,0,0,0,0,2,0,7,0,0,0,1,0,0,1,0,5,0,0,0,0,0,0,0,0,0,0,0,0,0,0,0,0,0,0,0,0,0,0,0,0,1,0,0,1
"EX34 9",6293,6185,1,5,2,0,0,0,0,3,0,5,1,4,48,6,4,13,2,1,7,2,0,1,4,0,7,0,1,0,0,0,0,0,0,0,0,0,0,0,0,0,0,3,1,0,1,0,0,0,0,1,17,4,0,0,0,3,1,0,0,0,4,0,5,0,20,0,0,1,0,0,0,2,0,17,0,0,0,0,0,0,1,0,0,0,0,0,0,0,0,0,0,0,0,0,1,0,1,1,0,0,0,0
"EX35 6",1616,1580,0,0,0,0,0,0,0,0,0,0,0,2,26,0,8,9,2,0,0,1,2,2,0,2,0,0,0,0,0,0,0,0,1,0,0,0,0,1,0,0,0,3,0,0,0,0,0,0,0,0,2,0,1,0,0,1,0,0,0,0,0,0,0,0,2,0,0,0,0,0,0,2,0,0,0,0,0,0,0,0,0,0,0,0,0,0,0,0,0,0,0,0,0,0,0,0,0,0,0,0,0,0
"EX36 3",3810,3746,0,0,0,0,0,0,0,0,0,1,1,2,29,0,1,16,1,2,0,6,0,0,2,0,0,1,0,0,0,0,0,0,0,0,0,0,0,0,0,0,0,0,2,0,1,0,0,1,0,0,2,0,0,0,0,0,0,0,0,0,2,0,0,0,23,1,3,0,1,0,0,0,0,14,4,0,0,0,0,0,1,0,0,0,0,0,0,0,0,0,0,0,1,0,0,0,1,1,1,1,0,0
"EX36 4",4434,4390,0,0,0,0,0,0,0,0,0,1,0,0,26,0,2,10,0,0,0,6,0,2,0,0,6,0,0,0,0,0,0,0,0,0,0,0,0,0,0,0,0,0,2,1,0,0,0,0,0,0,1,0,0,0,0,1,0,0,0,0,0,0,0,0,12,0,0,5,1,0,0,1,0,3,2,0,0,0,0,0,1,0,0,0,0,0,0,0,0,0,0,1,0,0,0,0,0,0,0,0,0,0
"EX37 9",3281,3253,1,0,0,0,0,0,0,0,0,2,0,1,18,1,1,5,0,2,0,0,1,5,0,0,3,0,0,0,0,0,0,0,1,0,0,0,0,1,0,0,0,0,0,0,1,0,0,1,0,0,0,0,0,0,0,0,0,0,0,0,0,0,0,0,1,0,0,0,0,0,0,0,0,1,0,0,0,0,0,0,2,0,0,0,0,0,0,0,0,0,0,0,2,0,0,0,1,1,0,0,0,0
"EX38 7",4310,4281,0,1,0,0,0,0,0,1,0,2,7,1,9,0,0,5,0,0,1,0,0,0,0,0,1,2,0,0,0,0,0,0,0,0,0,0,0,0,0,0,0,0,1,0,0,0,0,0,0,0,1,0,0,0,0,0,0,0,0,0,0,1,0,0,5,0,0,2,1,0,0,1,0,1,0,0,0,0,0,0,0,0,0,0,0,0,0,0,0,0,0,0,0,0,0,0,1,1,1,1,0,0
"EX38 8",3536,3493,0,0,0,0,0,0,0,0,0,2,1,2,25,0,0,11,0,0,2,0,7,0,1,1,1,0,0,2,0,0,0,0,1,1,0,0,0,0,0,0,0,1,0,0,0,0,0,0,0,0,2,0,0,0,0,0,0,2,0,0,0,0,0,0,9,2,2,0,0,0,0,0,0,5,0,0,0,0,0,0,0,0,0,0,0,0,0,0,0,0,0,0,0,0,0,0,0,0,0,0,0,0
"EX39 1",9134,9049,1,0,0,0,0,0,0,0,0,5,0,2,48,3,4,16,3,5,5,0,2,3,3,0,2,1,1,0,0,0,0,0,3,0,0,0,0,3,0,0,0,4,0,0,0,0,0,0,0,0,6,0,0,0,0,0,2,0,0,0,4,0,0,0,8,1,3,3,1,0,0,0,0,0,0,0,0,0,0,0,1,0,0,0,0,0,0,0,0,0,0,0,0,0,1,0,0,0,7,5,0,2
"EX39 2",3621,3557,0,0,0,0,0,0,0,0,0,1,1,0,25,1,2,7,7,1,0,0,1,2,0,1,0,0,0,1,0,0,2,0,0,0,0,0,0,0,0,0,0,0,7,15,0,0,0,0,0,0,2,0,0,0,0,2,0,0,0,0,0,0,0,0,11,0,0,5,1,0,0,4,0,1,0,0,0,0,0,0,1,0,0,0,0,0,0,0,0,0,0,0,1,0,0,0,1,1,0,0,0,0
"EX39 3",8740,8608,1,3,1,0,0,0,1,1,0,4,1,2,60,2,10,17,1,1,9,1,1,4,6,2,1,1,1,0,0,0,1,2,1,0,0,0,0,1,0,0,0,1,1,1,0,0,0,0,0,0,2,0,1,0,0,1,0,0,0,0,0,0,0,0,45,1,14,23,1,0,0,4,0,2,0,0,0,0,0,0,1,0,0,0,0,0,0,0,0,0,0,0,1,0,0,0,0,0,9,4,0,5
"EX39 4",6572,6515,1,1,0,1,0,0,0,0,0,4,1,3,24,3,4,12,0,0,0,1,0,2,0,0,0,1,1,0,0,0,0,0,0,0,0,0,0,0,0,0,0,1,4,3,0,0,0,0,0,0,3,1,0,0,0,0,0,0,2,0,0,0,0,0,9,0,0,4,0,0,0,4,0,0,1,0,0,0,0,0,1,0,0,0,0,0,0,0,1,0,0,0,0,0,0,0,0,0,2,0,0,2
"EX39 5",6048,5993,0,1,0,0,0,0,0,1,0,1,2,3,32,2,4,9,4,0,1,0,9,0,0,0,3,0,0,0,0,0,0,0,1,0,1,0,0,0,0,0,0,0,0,0,0,0,0,0,0,0,2,0,0,0,0,1,0,0,0,0,0,0,0,1,8,0,2,4,0,0,0,0,0,2,0,0,0,0,0,0,2,0,0,0,0,0,0,0,0,0,0,0,0,0,0,2,0,0,3,1,1,1
"EX39 6",1864,1830,1,0,0,0,0,0,0,0,0,1,0,1,12,1,2,4,1,0,0,0,3,0,0,0,1,0,0,0,0,0,0,0,1,0,0,0,0,1,0,0,0,0,2,8,0,0,0,0,0,0,5,0,0,0,0,4,0,0,1,0,0,0,0,0,2,0,0,0,1,0,0,1,0,0,0,0,0,0,0,0,0,0,0,0,0,0,0,0,0,0,0,0,0,0,0,0,1,1,0,0,0,0
"EX4  0",293,292,0,0,0,0,0,0,0,0,0,0,0,0,1,0,0,1,0,0,0,0,0,0,0,0,0,0,0,0,0,0,0,0,0,0,0,0,0,0,0,0,0,0,0,0,0,0,0,0,0,0,0,0,0,0,0,0,0,0,0,0,0,0,0,0,0,0,0,0,0,0,0,0,0,0,0,0,0,0,0,0,0,0,0,0,0,0,0,0,0,0,0,0,0,0,0,0,0,0,0,0,0,0
"EX4  1",8866,8531,0,0,0,0,0,0,0,0,0,2,5,9,176,6,6,111,14,10,6,9,1,4,1,2,0,2,0,2,0,2,0,0,1,0,0,1,0,0,0,0,0,5,15,14,4,0,2,2,0,0,28,0,0,5,0,13,0,0,0,0,9,0,0,1,58,4,2,28,0,2,2,5,2,13,0,0,0,0,0,0,11,0,0,0,0,0,0,0,0,0,0,2,3,0,0,6,0,0,7,7,0,0
"EX4  2",7359,7036,0,0,0,0,0,0,0,0,0,5,7,12,162,4,6,123,3,0,5,8,1,4,0,0,2,1,3,0,2,0,0,0,4,0,3,1,0,0,1,1,0,5,8,29,18,0,4,14,0,0,12,3,1,5,0,2,0,0,0,0,1,0,0,0,49,4,1,25,1,2,1,2,6,2,5,2,0,0,0,0,5,0,0,0,2,0,0,0,0,0,0,0,1,0,0,2,1,1,3,3,0,0
"EX4  3",2096,1684,1,1,0,0,0,1,0,0,0,10,7,16,169,5,8,111,3,2,12,3,3,3,3,7,1,2,1,1,2,2,0,0,0,0,0,0,0,0,0,0,0,4,6,45,11,1,0,3,2,5,5,1,1,0,1,2,0,0,0,0,0,0,0,0,127,6,10,85,1,3,6,9,2,4,1,0,0,0,0,0,3,1,0,0,0,0,0,0,0,0,0,0,0,0,1,1,2,2,5,5,0,0
"EX4  4",8775,7330,5,1,1,0,0,0,0,0,0,44,17,32,302,24,54,92,8,6,9,14,0,11,18,36,10,13,2,3,1,1,0,0,11,2,3,2,1,3,0,0,0,58,27,114,52,1,4,19,0,28,79,10,12,4,0,18,1,1,3,4,16,0,2,8,691,22,57,480,11,35,36,20,22,7,1,0,0,0,0,0,5,0,0,0,0,0,1,0,0,0,0,1,2,0,0,1,2,2,5,5,0,0
"EX4  5",2895,2651,0,0,0,0,0,0,0,0,0,7,1,6,70,4,9,43,1,1,1,4,0,3,0,0,3,0,1,0,0,0,0,0,6,0,5,1,0,0,0,0,0,7,1,25,30,3,2,16,9,0,18,1,2,4,0,8,0,0,0,3,0,0,0,0,70,2,4,23,3,13,0,3,11,9,2,0,0,0,0,0,2,0,0,0,0,0,0,0,0,0,0,0,2,0,0,0,1,1,0,0,0,0
"EX4  6",8036,7110,7,3,0,0,0,1,2,0,0,46,8,27,228,20,29,75,8,7,10,27,0,12,15,14,2,2,0,5,1,0,0,1,13,1,3,0,1,8,0,0,0,26,15,61,30,0,4,12,0,14,81,8,8,13,0,11,1,1,1,4,30,1,0,3,370,14,43,220,9,19,23,5,19,17,1,0,0,0,0,0,8,0,0,0,0,0,0,1,0,0,0,0,3,0,1,3,2,2,1,1,0,0
"EX4  7",5087,4574,4,0,0,0,0,0,0,0,0,17,6,24,140,13,14,59,5,4,7,7,0,9,9,4,3,2,1,1,1,1,0,0,6,2,1,2,0,1,0,0,0,15,8,70,17,1,1,10,4,1,38,5,4,2,0,11,1,1,1,2,8,0,0,3,154,14,8,65,2,5,3,2,17,38,0,0,0,0,0,0,7,0,0,0,0,1,0,1,0,0,0,0,1,0,0,4,2,2,5,5,0,0
"EX4  8",6005,5842,1,0,0,0,0,0,0,0,0,2,1,4,66,8,11,25,5,0,2,4,0,8,0,0,1,0,2,0,0,0,0,0,2,0,0,1,0,1,0,0,0,5,0,21,17,0,0,12,0,5,11,1,0,0,0,9,0,1,0,0,0,0,0,0,29,4,2,12,0,4,0,1,5,1,0,0,0,0,0,0,0,0,0,0,0,0,0,0,0,0,0,0,0,0,0,0,1,1,3,1,1,1
"EX4  9",3572,3438,0,0,0,0,0,0,0,0,0,6,2,3,40,3,1,16,2,0,0,7,1,2,5,2,0,0,1,0,0,0,0,0,1,1,0,0,0,0,0,0,0,2,8,14,19,0,10,8,0,1,5,0,1,0,0,0,0,0,0,0,4,0,0,0,31,2,0,9,1,4,0,1,10,4,0,0,0,0,0,0,1,0,0,0,0,0,0,0,0,0,0,1,0,0,0,0,1,1,1,0,0,1
"EX5  1",3436,3400,0,0,0,0,0,0,0,0,0,4,0,0,16,1,3,3,3,0,0,0,1,0,0,0,2,2,0,1,0,0,0,0,0,0,0,0,0,0,0,0,0,1,0,2,1,0,0,1,0,0,0,0,0,0,0,0,0,0,0,0,0,0,0,0,9,0,0,7,1,0,0,0,0,1,0,0,0,0,0,0,2,0,0,0,0,2,0,0,0,0,0,0,0,0,0,0,0,0,1,0,0,1
"EX5  2",4649,4599,0,0,0,0,0,0,0,0,0,3,4,3,23,2,2,5,1,2,0,0,7,0,0,0,1,0,1,1,1,0,0,0,0,0,0,0,0,0,0,0,0,1,0,1,1,1,0,0,0,0,0,0,0,0,0,0,0,0,0,0,0,0,0,0,9,3,0,4,0,0,0,0,0,2,0,0,0,0,0,0,1,0,0,0,0,0,0,0,0,0,0,0,0,0,0,1,0,0,4,3,0,1
"EX5  3",2284,2258,0,0,0,0,0,0,0,0,0,1,0,3,10,1,1,0,0,2,4,0,0,0,0,0,1,0,0,0,0,0,0,1,0,0,0,0,0,0,0,0,0,0,0,2,3,0,0,3,0,0,4,0,0,0,0,2,0,0,0,0,2,0,0,0,2,1,0,1,0,0,0,0,0,0,0,0,0,0,0,0,0,0,0,0,0,0,0,0,0,0,0,0,0,0,0,0,1,1,0,0,0,0
"EX5  4",4889,4850,0,0,0,0,0,0,0,0,0,3,0,1,23,1,6,5,0,2,0,6,0,0,2,0,0,1,0,0,0,0,0,0,4,0,0,0,4,0,0,0,0,1,2,1,0,0,0,0,0,0,0,0,0,0,0,0,0,0,0,0,0,0,0,0,2,0,0,0,0,0,0,1,1,0,0,0,0,0,0,0,1,0,0,0,0,0,0,0,0,0,0,0,0,0,1,0,0,0,1,0,0,1
"EX5  5",2786,2767,0,0,0,0,0,0,0,0,0,3,1,0,8,1,4,1,0,0,0,0,0,0,0,2,0,0,0,0,0,0,0,0,0,0,0,0,0,0,0,0,0,0,0,0,0,0,0,0,0,0,0,0,0,0,0,0,0,0,0,0,0,0,0,0,4,1,0,0,1,0,0,1,0,1,0,0,0,0,0,0,2,0,0,0,0,0,0,0,0,0,0,2,0,0,0,0,0,0,1,1,0,0
"EX6  6",2734,2716,0,0,0,0,0,0,0,0,0,3,1,0,10,0,1,0,2,4,1,0,0,1,0,0,1,0,0,0,0,0,0,0,0,0,0,0,0,0,0,0,0,0,0,1,0,0,0,0,0,0,0,0,0,0,0,0,0,0,0,0,0,0,0,0,0,0,0,0,0,0,0,0,0,0,0,0,0,0,0,0,0,0,0,0,0,0,0,0,0,0,0,0,0,0,0,0,1,1,2,2,0,0
"EX6  7",3922,3896,0,0,0,0,0,0,0,0,0,0,0,1,19,2,6,2,0,0,0,3,0,2,0,1,1,2,0,0,0,0,0,0,1,0,0,0,0,1,0,0,0,0,0,0,0,0,0,0,0,0,0,0,0,0,0,0,0,0,0,0,0,0,0,0,5,4,0,1,0,0,0,0,0,0,0,0,0,0,0,0,0,0,0,0,0,0,0,0,0,0,0,0,0,0,0,0,0,0,0,0,0,0
"EX6  8",6670,6604,0,0,0,0,0,0,0,0,0,5,4,3,28,0,9,7,1,1,0,0,0,5,0,0,2,2,1,0,0,0,0,0,0,0,0,0,0,0,0,0,0,0,0,3,0,0,0,0,0,0,2,0,0,0,0,0,0,0,0,2,0,0,0,0,17,1,1,1,1,0,0,2,0,10,1,0,0,0,0,0,2,0,0,0,0,1,0,0,0,0,0,0,0,0,0,1,0,0,2,0,0,2
"EX7  0",5532,5474,1,0,0,0,0,0,0,0,0,5,0,1,26,0,6,11,1,0,0,0,0,1,0,4,1,1,0,0,1,0,0,0,0,0,0,0,0,0,0,0,0,3,0,2,0,0,0,0,0,0,10,0,0,0,0,1,0,0,1,5,3,0,0,0,9,0,1,3,2,0,0,3,0,0,0,0,0,0,0,0,0,0,0,0,0,0,0,0,0,0,0,0,0,0,0,0,0,0,1,0,0,1
"EX7  9",6599,6482,1,2,1,0,0,0,0,1,0,3,0,1,57,6,5,24,5,0,1,0,0,4,4,4,0,0,1,0,1,0,0,2,0,0,0,0,0,0,0,0,0,3,5,0,4,0,2,2,0,0,21,0,0,0,0,4,0,0,0,3,12,2,0,0,15,0,0,8,0,0,0,5,0,1,1,0,0,0,0,0,0,0,0,0,0,0,0,0,0,0,0,0,0,0,0,0,0,0,5,2,2,1
"EX8  1",6792,6492,0,0,0,0,0,0,0,0,0,2,9,7,172,7,7,79,16,3,2,14,9,11,18,1,1,1,0,1,2,0,0,0,4,0,2,0,0,2,0,0,0,6,11,4,0,0,0,0,0,0,35,1,0,0,0,7,1,2,0,1,23,0,0,0,43,2,4,6,1,0,0,3,1,25,1,0,0,0,0,0,6,0,0,0,0,0,0,0,3,0,0,0,0,1,0,2,0,0,1,1,0,0
"EX8  2",7459,7329,1,1,1,0,0,0,0,0,0,4,0,10,66,0,13,25,2,1,0,2,4,3,5,0,8,2,0,0,0,0,1,0,1,0,0,0,1,0,0,0,0,3,3,3,2,0,0,2,0,0,6,0,0,0,0,4,0,0,0,2,0,0,0,0,22,0,2,6,2,0,0,0,0,12,0,0,0,0,0,0,0,0,0,0,0,0,0,0,0,0,0,0,0,0,0,0,0,0,8,4,0,4
"EX8  3",5388,5348,0,0,0,0,0,0,0,0,0,5,4,4,15,2,1,8,0,0,0,1,0,0,0,2,1,0,0,0,0,0,0,0,5,4,0,0,0,1,0,0,0,0,0,0,0,0,0,0,0,0,2,0,0,0,0,2,0,0,0,0,0,0,0,0,4,0,0,1,0,0,0,2,1,0,0,0,0,0,0,0,0,0,0,0,0,0,0,0,0,0,0,0,0,0,0,0,0,0,1,1,0,0
"EX8  4",9253,9140,1,0,0,0,0,0,0,0,0,6,2,3,57,2,9,29,4,0,5,2,0,1,0,0,3,0,1,0,0,0,1,0,1,0,0,0,0,1,0,0,0,2,3,1,0,0,0,0,0,0,16,1,0,0,0,0,0,0,0,0,14,0,0,1,11,0,0,2,1,0,0,7,1,0,0,0,0,0,0,0,0,0,0,0,0,0,0,0,0,0,0,0,0,0,0,0,0,0,10,4,1,5
"EX8  5",7349,7268,2,1,0,0,0,0,0,1,0,6,0,1,26,2,4,7,0,0,1,0,3,2,2,0,3,0,1,0,0,0,1,0,1,0,0,0,0,1,0,0,0,4,0,1,3,0,0,3,0,0,3,0,0,0,0,0,0,0,0,0,2,0,1,0,20,1,2,8,0,0,0,2,0,6,1,2,0,0,0,0,8,0,0,0,0,0,0,0,0,0,0,0,8,0,0,0,0,0,3,2,1,0
"EX9  6",5071,5027,1,0,0,0,0,0,0,0,0,3,0,2,23,1,7,2,0,1,0,0,0,0,3,1,5,0,3,0,0,0,0,0,0,0,0,0,0,0,0,0,0,0,1,0,0,0,0,0,0,0,6,0,0,0,0,4,0,0,0,0,2,0,0,0,4,0,1,2,1,0,0,0,0,0,0,0,0,0,0,0,0,0,0,0,0,0,0,0,0,0,0,0,0,0,0,0,3,3,1,0,0,1
"EX9  7",1545,1532,0,0,0,0,0,0,0,0,0,1,0,0,11,0,3,0,0,0,0,0,1,0,3,0,3,0,0,1,0,0,0,0,0,0,0,0,0,0,0,0,0,0,0,0,0,0,0,0,0,0,1,0,0,0,0,1,0,0,0,0,0,0,0,0,0,0,0,0,0,0,0,0,0,0,0,0,0,0,0,0,0,0,0,0,0,0,0,0,0,0,0,0,0,0,0,0,0,0,0,0,0,0
"FY1  1",282,255,0,1,0,0,0,0,0,1,0,2,0,1,10,0,0,6,0,1,3,0,0,0,0,0,0,0,0,0,0,0,0,0,0,0,0,0,0,0,0,0,0,0,0,1,2,0,2,0,0,0,1,0,0,0,0,1,0,0,0,0,0,0,0,0,7,2,0,3,0,0,0,2,0,0,0,0,0,0,0,0,1,0,0,0,0,0,0,0,0,0,0,0,0,0,0,1,0,0,1,1,0,0
"FY1  2",7539,7126,0,3,0,0,0,0,0,3,0,5,1,3,273,17,7,192,1,0,10,8,25,7,1,1,1,1,0,0,0,0,2,0,0,0,0,0,0,0,0,0,0,6,8,15,6,0,2,3,0,1,55,9,12,1,0,11,3,0,0,7,8,0,1,3,35,1,1,12,0,0,0,9,1,11,0,0,0,0,0,0,1,0,0,0,0,0,0,0,1,0,0,0,0,0,0,0,0,0,2,1,1,0
"FY1  3",4168,3973,0,2,0,0,0,0,0,2,0,2,4,6,104,5,11,62,0,0,0,0,18,4,0,4,0,0,0,0,0,0,0,0,3,3,0,0,0,0,0,0,0,3,0,5,13,0,4,4,2,3,23,4,0,0,0,2,1,0,0,5,9,0,0,2,27,0,2,9,0,0,0,6,0,10,0,0,0,0,0,0,3,0,0,0,0,0,0,0,0,0,0,0,0,0,3,0,0,0,0,0,0,0
"FY1  4",6322,5913,3,4,0,0,0,0,0,4,0,7,6,12,266,9,4,234,4,0,1,1,6,1,2,0,1,0,0,3,0,0,0,0,4,2,0,0,1,1,0,0,0,1,1,3,30,0,29,0,1,0,36,7,8,0,0,3,6,0,0,6,4,1,1,0,24,2,4,7,0,0,4,6,0,1,0,0,0,0,0,0,7,0,1,0,0,2,1,0,0,0,0,1,1,0,0,1,3,3,2,2,0,0
"FY1  5",5903,5590,1,1,0,0,0,0,0,1,0,1,7,3,187,0,1,155,5,3,2,4,16,0,0,0,0,0,0,1,0,0,0,0,0,0,0,0,0,0,0,0,0,0,3,2,12,0,4,2,0,6,49,9,2,5,1,25,6,0,0,1,0,0,0,0,39,7,5,6,0,0,0,3,0,16,2,0,0,0,0,0,7,0,0,0,0,0,0,1,0,0,0,0,1,0,0,5,0,0,1,0,1,0
"FY1  6",8084,7802,3,2,0,0,0,0,0,2,0,2,0,2,181,2,0,169,4,0,1,1,3,0,0,1,0,0,0,0,0,0,0,0,2,0,0,0,0,2,0,0,0,3,3,1,8,0,2,3,3,0,33,3,2,2,0,4,1,0,0,7,4,5,5,0,38,0,6,22,0,0,0,8,0,1,1,0,0,0,0,0,1,0,0,0,0,0,0,0,1,0,0,0,0,0,0,0,0,0,3,1,1,1
"FY2  0",13906,13678,1,2,0,0,0,0,0,2,0,4,1,3,107,13,4,79,0,2,1,0,0,5,0,2,0,0,0,0,0,0,1,0,0,0,0,0,0,0,0,0,0,1,2,6,3,1,2,0,0,0,43,8,3,0,0,14,0,2,3,5,8,0,0,0,40,3,16,9,1,0,0,7,0,3,1,0,0,0,0,0,0,0,0,0,0,0,0,0,0,0,0,0,0,0,0,0,0,0,15,13,0,2
"FY2  9",9892,9662,0,1,0,0,0,0,0,1,0,8,2,5,126,7,4,75,6,3,4,5,10,3,1,2,4,2,0,0,0,0,0,0,0,0,0,0,0,0,0,0,0,3,4,4,7,0,6,0,0,1,29,1,6,1,0,6,0,0,0,0,2,0,10,3,30,2,7,7,1,0,0,7,0,6,0,0,0,0,0,0,1,0,0,0,0,0,0,1,0,0,0,0,0,0,0,0,3,3,7,6,0,1
"FY3  0",1881,1856,0,0,0,0,0,0,0,0,0,2,1,0,10,2,0,0,3,0,0,0,2,0,0,1,0,0,0,0,0,0,2,0,0,0,0,0,0,0,0,0,0,0,0,0,0,0,0,0,0,0,5,0,3,0,0,0,0,0,0,0,0,0,2,0,2,0,0,1,1,0,0,0,0,0,0,2,0,0,0,0,2,0,0,0,0,0,0,0,0,0,0,0,0,0,2,0,0,0,1,1,0,0
"FY3  7",10082,9917,0,0,0,0,0,0,0,0,0,2,1,5,82,8,0,59,0,0,5,0,1,1,1,0,4,1,0,0,0,0,2,0,3,2,0,0,0,1,0,0,0,0,2,4,4,0,4,0,0,0,19,4,1,1,0,5,0,0,0,2,6,0,0,0,33,2,10,5,0,0,0,3,0,11,2,0,0,0,0,0,5,0,0,0,0,0,0,0,0,0,0,5,0,0,0,0,3,3,2,1,1,0
"FY3  8",9174,8810,2,5,0,0,0,0,0,5,0,6,0,9,124,10,0,97,0,0,3,0,2,0,0,4,2,4,1,1,0,0,0,0,3,3,0,0,0,0,0,0,0,7,3,20,10,0,1,0,9,0,64,6,3,2,0,10,2,0,0,5,35,0,1,0,104,6,12,13,1,0,2,10,5,53,2,2,0,0,0,0,0,0,0,0,0,0,0,0,0,0,0,0,0,0,0,0,2,2,3,2,1,0
"FY3  9",9622,9435,1,0,0,0,0,0,0,0,0,3,1,5,106,4,3,78,1,1,2,6,0,5,0,1,2,2,0,0,0,0,1,0,1,1,0,0,0,0,0,0,0,8,4,1,4,0,0,2,0,2,29,2,2,0,0,15,1,0,0,4,5,0,0,0,20,2,2,5,1,0,0,6,1,2,1,0,0,0,0,0,0,0,0,0,0,0,0,0,0,0,0,0,0,0,0,0,0,0,4,4,0,0
"FY4  1",8281,7980,1,6,1,0,0,0,0,5,0,1,1,4,216,11,5,152,1,4,9,9,4,14,2,2,0,2,0,0,0,0,1,0,2,0,1,1,0,0,0,0,0,9,1,6,3,0,1,1,1,0,14,4,4,1,0,3,0,0,0,1,0,0,0,1,34,2,10,13,0,0,0,6,1,2,0,0,0,0,0,0,2,0,0,0,0,0,0,1,0,0,0,0,1,0,0,0,1,1,0,0,0,0
"FY4  2",7582,7465,0,3,1,0,0,0,0,2,0,4,1,6,47,5,4,30,1,0,0,2,0,4,0,0,1,0,0,0,0,0,0,0,0,0,0,0,0,0,0,0,0,0,2,4,3,0,0,0,0,3,19,10,0,1,0,2,0,0,1,4,0,0,0,1,25,1,8,5,2,0,0,8,1,0,0,0,0,0,0,0,2,0,0,0,0,0,0,0,1,0,0,0,0,0,1,0,0,0,1,1,0,0
"FY4  3",9953,9743,1,3,0,0,0,0,0,3,0,5,3,5,96,4,4,61,9,3,2,0,1,3,2,2,1,2,0,0,0,0,2,0,0,0,0,0,0,0,0,0,0,6,1,9,4,0,1,1,0,2,26,8,1,0,0,13,0,0,4,0,0,0,0,0,40,0,12,12,1,0,1,4,2,7,1,0,0,0,0,0,3,0,0,0,0,0,0,0,0,0,0,0,0,0,3,0,0,0,8,8,0,0
"FY4  4",11390,11197,3,4,0,0,0,0,0,4,0,2,0,3,96,7,8,53,1,1,3,1,10,3,0,2,6,0,0,1,0,0,0,0,0,0,0,0,0,0,0,0,0,8,3,5,2,0,0,0,0,2,19,1,3,8,0,0,2,0,0,5,0,0,0,0,39,1,7,14,0,0,2,7,0,5,3,0,0,0,0,0,2,0,0,0,0,0,0,0,0,0,0,0,0,0,1,1,2,2,5,4,1,0
"FY4  5",4898,4828,2,0,0,0,0,0,0,0,0,1,0,2,36,5,1,24,0,0,3,0,2,1,0,0,0,0,0,0,0,0,0,0,0,0,0,0,0,0,0,0,0,2,0,1,4,0,0,3,0,1,5,0,0,0,0,0,0,0,0,0,5,0,0,0,16,0,4,4,0,0,0,1,0,7,0,0,0,0,0,0,0,0,0,0,0,0,0,0,0,0,0,0,0,0,0,0,0,0,1,1,0,0
"FY5  1",7783,7674,3,0,0,0,0,0,0,0,0,2,0,1,37,4,2,22,4,0,2,0,0,0,0,3,0,0,0,0,0,0,0,0,1,0,0,0,1,0,0,0,0,2,5,1,2,0,1,1,0,0,12,0,1,0,0,0,0,1,0,0,0,0,4,6,29,0,2,6,6,0,0,4,0,11,0,0,0,0,0,0,1,0,0,0,0,0,1,0,0,0,0,0,0,0,0,0,0,0,13,13,0,0
"FY5  2",11824,11735,1,0,0,0,0,0,0,0,0,2,1,7,42,4,8,15,3,1,1,0,0,0,7,2,0,0,0,0,0,0,1,0,2,1,0,1,0,0,0,0,0,3,1,1,2,0,0,2,0,0,7,3,0,0,0,0,0,0,0,2,2,0,0,0,15,0,3,3,1,0,0,3,0,5,0,0,0,0,0,0,1,0,0,0,0,0,0,0,1,0,0,0,0,0,0,0,4,4,0,0,0,0
"FY5  3",10871,10752,3,0,0,0,0,0,0,0,0,2,2,4,46,6,2,28,0,0,0,0,0,0,5,1,2,0,0,1,0,0,1,0,4,0,0,1,0,3,0,0,0,1,0,4,0,0,0,0,0,0,16,0,2,1,0,2,0,0,1,2,4,0,4,0,31,0,2,12,0,0,0,5,0,9,3,0,0,0,0,0,5,0,0,0,0,0,1,0,1,0,0,0,2,0,0,1,1,1,0,0,0,0
"FY5  4",8069,8003,1,0,0,0,0,0,0,0,0,3,1,3,29,4,1,6,1,1,3,0,2,2,6,2,1,0,0,0,0,0,0,0,1,0,0,1,0,0,0,0,0,4,3,3,0,0,0,0,0,0,3,0,0,0,0,0,0,0,0,3,0,0,0,0,14,0,1,8,1,0,0,2,0,2,0,0,0,0,0,0,0,0,0,0,0,0,0,0,0,0,0,0,0,0,0,0,0,0,1,1,0,0
"FY5  5",5127,5092,0,0,0,0,0,0,0,0,0,0,1,4,11,3,2,2,1,0,0,0,1,1,0,0,0,0,1,0,0,0,0,0,1,1,0,0,0,0,0,0,0,0,0,0,0,0,0,0,0,0,11,1,0,1,1,3,0,3,0,0,2,0,0,0,2,0,1,0,0,0,0,0,0,1,0,0,0,0,0,0,1,1,0,0,0,0,0,0,0,0,0,0,0,0,0,0,0,0,4,3,0,1
"FY6  0",7033,6993,1,0,0,0,0,0,0,0,0,0,0,0,10,1,2,0,0,0,0,0,3,0,4,0,0,0,0,0,0,0,0,0,0,0,0,0,0,0,0,0,0,2,2,4,0,0,0,0,0,0,4,0,2,0,0,0,2,0,0,0,0,0,0,0,12,0,2,5,0,0,0,1,0,4,0,1,0,0,0,0,2,0,0,0,0,0,0,0,2,0,0,0,0,0,0,0,0,0,2,1,0,1
"FY6  7",12400,12251,0,0,0,0,0,0,0,0,0,9,1,7,62,8,6,25,2,4,2,0,0,1,10,1,1,1,0,0,0,0,1,0,4,0,0,0,0,4,0,0,0,0,5,11,3,0,2,0,1,0,13,9,0,2,0,0,0,0,0,2,0,0,0,0,27,1,5,4,3,0,0,11,0,3,0,0,0,0,0,0,4,1,0,0,0,0,0,2,0,0,0,0,0,0,1,0,1,1,2,2,0,0
"FY6  8",5258,5213,3,0,0,0,0,0,0,0,0,0,1,2,19,1,1,10,0,0,3,0,0,0,0,0,2,1,1,0,0,0,0,0,0,0,0,0,0,0,0,0,0,1,0,0,0,0,0,0,0,0,5,2,0,0,0,0,0,0,0,0,0,0,0,3,14,0,6,3,0,0,0,4,0,1,0,0,0,0,0,0,0,0,0,0,0,0,0,0,0,0,0,0,0,0,0,0,0,0,0,0,0,0
"FY6  9",2683,2662,0,0,0,0,0,0,0,0,0,1,0,0,5,1,0,1,0,0,0,2,0,0,0,1,0,0,0,0,0,0,0,0,2,0,0,1,0,1,0,0,0,0,0,0,1,0,1,0,0,0,0,0,0,0,0,0,0,0,0,0,0,0,0,0,9,0,3,2,0,0,0,0,0,4,0,0,0,0,0,0,0,0,0,0,0,0,0,0,0,0,0,0,0,0,0,0,1,1,2,2,0,0
"FY7  6",6547,6328,1,2,0,0,0,0,0,2,0,1,0,4,105,2,2,9,3,0,0,0,0,0,85,1,1,1,1,0,0,0,0,0,1,0,0,0,1,0,0,0,0,1,3,1,6,0,4,2,0,0,76,2,27,1,0,37,3,0,0,3,0,1,1,1,14,0,2,4,1,0,0,6,0,1,0,0,0,0,0,0,0,0,0,0,0,0,0,0,0,0,0,0,0,0,0,0,0,0,4,4,0,0
"FY7  7",8635,8595,1,0,0,0,0,0,0,0,0,1,0,1,19,0,4,5,0,0,0,0,0,0,8,1,1,0,0,0,0,0,0,0,0,0,0,0,0,0,0,0,0,2,0,2,0,0,0,0,0,0,4,3,0,0,0,0,0,0,0,0,0,1,0,0,5,0,2,1,0,0,0,0,1,1,0,0,0,0,0,0,1,0,0,0,0,0,0,0,0,0,0,0,1,0,0,0,0,0,4,3,0,1
"FY7  8",9820,9495,0,0,0,0,0,0,0,0,0,3,1,9,83,2,64,5,0,4,0,0,0,0,4,0,2,1,0,0,0,0,0,1,4,0,0,3,0,1,0,0,0,10,2,2,3,0,0,3,0,0,5,2,0,0,0,0,0,0,1,2,0,0,0,0,203,1,9,137,3,1,38,4,3,7,0,0,0,0,0,0,0,0,0,0,0,0,0,0,0,0,0,0,0,0,0,0,0,0,0,0,0,0
"FY8  1",9100,8890,1,2,1,0,0,0,0,1,0,5,2,12,121,16,16,62,4,0,2,0,6,4,4,0,4,3,0,0,0,0,0,0,0,0,0,0,0,0,0,0,0,2,1,2,2,0,0,2,0,0,17,4,3,1,0,0,3,0,0,0,6,0,0,0,39,0,6,14,2,1,0,4,0,10,2,0,0,0,0,0,2,0,0,0,0,0,0,0,0,0,0,1,0,0,0,1,2,2,0,0,0,0
"FY8  2",8571,8431,0,1,0,0,0,0,0,1,0,3,4,5,68,9,10,35,0,0,0,4,6,1,0,0,2,0,0,1,0,0,0,0,2,0,0,1,0,1,0,0,0,4,6,2,3,2,0,1,0,0,10,6,0,0,0,1,0,0,0,2,0,0,1,0,24,0,2,7,0,0,0,3,1,9,2,1,0,0,0,0,4,0,0,0,0,0,0,0,0,0,0,0,0,0,0,4,0,0,3,2,0,1
"FY8  3",9531,9410,4,1,0,0,0,0,0,1,0,0,1,9,53,5,16,19,1,2,0,0,2,0,7,0,1,0,0,0,0,0,0,0,1,1,0,0,0,0,0,0,0,8,3,5,2,0,2,0,0,0,15,5,4,0,0,2,0,0,0,3,1,0,0,0,16,1,4,6,1,0,0,1,0,3,0,0,0,0,0,0,2,0,0,0,0,0,0,0,0,0,0,0,1,0,0,1,0,0,1,0,0,1
"FY8  4",9876,9701,0,0,0,0,0,0,0,0,0,3,3,17,65,15,13,19,0,6,2,0,7,0,0,0,3,0,0,0,0,0,0,0,2,0,0,1,0,1,0,0,0,12,6,9,0,0,0,0,0,0,17,1,0,1,0,5,1,0,0,9,0,0,0,0,33,0,11,4,4,0,0,7,1,4,2,0,0,0,0,0,2,0,0,0,0,0,0,0,0,0,0,0,0,0,0,2,3,3,3,2,0,1
"FY8  5",5776,5639,0,0,0,0,0,0,0,0,0,3,0,16,71,14,16,28,3,0,0,0,0,2,0,0,3,3,1,0,0,0,0,1,2,0,2,0,0,0,0,0,0,1,0,4,5,1,0,4,0,0,12,0,1,2,0,0,0,0,1,5,0,0,0,3,16,4,2,5,0,0,0,3,1,0,1,2,0,0,0,0,4,0,0,0,0,0,0,0,0,0,0,0,2,0,2,0,0,0,1,1,0,0
"GL1  1",1864,1527,1,0,0,0,0,0,0,0,0,11,12,1,241,4,5,150,21,18,5,6,4,16,4,3,2,0,0,0,2,0,0,1,3,1,2,0,0,0,0,0,0,4,1,0,4,0,1,2,1,0,30,1,0,0,0,3,18,1,0,1,0,1,2,3,15,4,0,8,0,0,1,1,0,1,0,0,0,0,0,0,14,0,0,0,0,0,2,0,3,0,3,3,2,0,0,1,0,0,0,0,0,0
"GL1  2",3683,3365,1,0,0,0,0,0,0,0,0,3,13,4,173,9,8,92,12,11,7,9,4,6,2,3,4,2,1,2,0,0,1,0,7,4,3,0,0,0,0,0,0,4,1,1,12,0,1,4,7,0,37,4,2,1,0,4,8,0,0,2,10,3,0,3,40,1,5,11,0,0,1,7,0,15,0,0,0,0,0,0,18,4,1,0,0,0,6,0,2,0,1,3,1,0,0,0,2,2,2,2,0,0
"GL1  3",5637,5022,0,0,0,0,0,0,0,0,0,14,16,9,253,9,6,176,15,15,0,14,3,2,8,1,2,2,0,0,0,0,0,0,12,3,7,1,1,0,0,0,0,5,0,13,20,0,5,4,11,0,145,11,6,2,0,8,8,1,5,10,79,0,7,8,87,5,3,8,0,1,0,8,1,58,3,0,0,0,0,0,30,0,0,0,1,0,0,0,3,1,1,6,1,1,2,14,3,3,8,4,0,4
"GL1  4",11338,9042,0,1,1,0,0,0,0,0,0,38,59,13,839,17,13,429,149,157,11,1,17,13,19,0,7,0,1,0,1,0,4,0,36,12,11,13,0,0,0,0,0,7,9,16,48,0,16,6,23,3,1019,108,8,33,0,170,569,0,0,43,64,11,2,11,103,9,5,7,0,0,0,1,1,62,18,0,5,1,1,0,85,6,5,13,0,0,14,1,14,0,0,10,5,3,4,10,15,15,2,0,2,0
"GL1  5",10123,9368,5,1,1,0,0,0,0,0,0,12,20,8,397,15,4,278,29,37,3,7,5,5,8,3,3,0,0,0,0,0,0,0,18,3,5,8,0,2,0,0,0,16,6,9,6,0,3,1,2,0,153,18,5,7,0,46,41,0,0,16,10,0,10,0,63,7,7,12,0,0,2,9,0,24,2,2,0,0,0,0,29,3,1,2,0,0,7,0,6,0,2,2,0,0,2,4,2,2,8,4,0,4
"GL10 2",6651,6497,5,0,0,0,0,0,0,0,0,15,3,5,79,3,14,50,4,2,0,0,0,4,0,1,0,1,0,0,0,0,0,0,2,0,1,0,1,0,0,0,0,1,2,0,0,0,0,0,0,0,8,0,3,0,0,1,0,0,0,2,0,0,2,0,29,0,4,6,4,0,0,3,1,9,2,2,0,0,0,0,1,0,0,0,0,0,0,1,0,0,0,0,0,0,0,0,1,1,1,1,0,0
"GL10 3",6887,6801,1,0,0,0,0,0,0,0,0,1,1,1,45,2,7,21,1,1,0,2,2,8,0,0,1,0,0,0,0,0,0,0,1,0,0,0,0,1,0,0,0,5,2,1,1,0,1,0,0,0,6,0,0,0,0,1,1,1,0,0,3,0,0,0,17,1,7,2,1,0,0,1,0,2,3,0,0,0,0,0,2,0,0,0,0,0,0,0,0,0,0,0,1,0,0,1,0,0,2,0,0,2
"GL11 4",5918,5768,2,0,0,0,0,0,0,0,0,2,48,0,60,21,6,24,1,1,2,0,1,0,0,0,3,1,0,0,0,0,0,0,0,0,0,0,0,0,0,0,0,1,5,0,0,0,0,0,0,0,9,2,0,0,0,0,2,0,0,4,0,0,1,0,11,0,5,4,0,0,0,1,0,1,0,1,0,0,0,0,1,0,0,0,0,0,0,0,0,0,0,0,0,0,0,1,2,2,8,6,1,1
"GL11 5",7811,7728,2,0,0,0,0,0,0,0,0,5,13,3,34,5,4,14,1,2,0,0,0,2,0,3,2,1,0,0,0,0,0,0,0,0,0,0,0,0,0,0,0,0,1,0,0,0,0,0,0,0,6,0,0,0,0,5,0,0,0,0,0,1,0,0,9,0,2,2,1,0,0,0,0,4,0,0,0,0,0,0,2,0,0,0,0,0,0,0,0,0,0,0,1,0,0,1,0,0,8,5,0,3
"GL11 6",3828,3799,1,0,0,0,0,0,0,0,0,0,5,0,16,3,1,5,1,0,0,0,1,3,1,0,1,0,0,0,0,0,0,0,0,0,0,0,0,0,0,0,0,0,1,1,0,0,0,0,0,0,0,0,0,0,0,0,0,0,0,0,0,0,0,0,0,0,0,0,0,0,0,0,0,0,0,0,0,0,0,0,1,0,0,0,0,0,0,0,0,1,0,0,0,0,0,0,2,2,2,1,0,1
"GL12 7",6118,6032,0,0,0,0,0,0,0,0,0,7,5,1,27,2,4,9,2,1,1,0,2,4,0,1,1,0,0,0,0,0,0,0,1,0,0,0,0,1,0,0,0,0,2,1,0,0,0,0,0,0,10,6,0,0,0,2,0,0,0,0,2,0,0,0,27,1,0,0,0,0,0,2,0,24,0,0,0,0,0,0,0,0,0,0,0,0,0,0,0,0,0,0,0,0,0,0,2,2,3,1,0,2
"GL12 8",8490,8398,5,0,0,0,0,0,0,0,0,6,5,8,39,0,6,14,8,0,4,2,1,1,0,0,2,0,1,0,0,0,0,0,2,2,0,0,0,0,0,0,0,0,5,0,5,0,0,4,0,1,5,1,0,2,0,0,2,0,0,0,0,0,0,0,4,2,0,0,1,0,0,0,0,0,1,0,0,0,0,0,5,0,0,0,0,2,0,2,0,0,0,0,0,0,0,1,1,1,2,1,0,1
"GL13 9",5684,5628,4,0,0,0,0,0,0,0,0,3,3,3,20,2,3,5,1,4,2,1,0,1,0,0,0,0,1,0,0,0,0,0,0,0,0,0,0,0,0,0,0,0,2,3,0,0,0,0,0,0,0,0,0,0,0,0,0,0,0,0,0,0,0,0,14,0,3,6,1,0,0,3,0,1,0,1,0,0,0,0,3,0,0,0,0,0,0,0,0,0,0,0,3,0,0,0,0,0,0,0,0,0
"GL14 1",3706,3638,3,0,0,0,0,0,0,0,0,1,2,2,39,0,3,29,0,1,1,0,0,0,0,0,2,1,1,0,0,0,1,0,1,0,1,0,0,0,0,0,0,1,0,1,1,0,1,0,0,0,0,0,0,0,0,0,0,0,0,0,0,0,0,0,7,0,0,4,1,0,0,2,0,0,0,0,0,0,0,0,0,0,0,0,0,0,0,0,0,0,0,0,0,0,0,0,0,0,10,2,3,5
"GL14 2",7728,7625,2,0,0,0,0,0,0,0,0,1,1,2,52,0,4,37,2,0,0,0,0,8,1,0,0,0,0,0,0,0,0,0,4,0,4,0,0,0,0,0,0,3,5,0,1,0,1,0,0,0,11,1,1,3,0,0,0,0,0,1,5,0,0,0,14,2,1,2,0,0,0,6,0,3,0,2,0,0,0,0,1,0,0,0,0,0,0,0,0,0,0,0,0,0,0,1,0,0,4,1,0,3
"GL14 3",3732,3695,1,0,0,0,0,0,0,0,0,0,0,1,17,0,1,8,2,2,0,0,0,0,0,1,1,0,0,2,0,0,0,0,0,0,0,0,0,0,0,0,0,0,0,0,1,0,0,1,0,0,5,0,3,0,0,0,0,0,0,0,0,0,2,0,11,0,7,2,0,0,0,0,0,2,0,0,0,0,0,0,0,0,0,0,0,0,0,0,0,0,0,0,0,0,0,0,0,0,1,1,0,0
"GL15 4",4871,4845,1,0,0,0,0,0,0,0,0,1,0,0,11,2,0,3,0,0,1,0,1,0,0,0,3,0,0,0,1,0,0,0,0,0,0,0,0,0,0,0,0,4,0,0,0,0,0,0,0,0,1,0,0,0,0,1,0,0,0,0,0,0,0,0,5,1,0,0,1,0,0,2,0,1,0,0,0,0,0,0,0,0,0,0,0,0,0,0,0,0,0,0,0,0,0,0,1,1,2,1,0,1
"GL15 5",8504,8430,1,0,0,0,0,0,0,0,0,1,4,3,36,3,8,9,2,2,0,0,4,1,3,0,3,0,0,1,0,0,0,0,1,0,1,0,0,0,0,0,0,0,13,0,0,0,0,0,0,0,3,1,0,1,0,0,0,0,0,0,0,0,1,0,5,0,0,0,0,0,0,3,0,1,1,0,0,0,0,0,3,0,0,0,0,0,0,0,0,0,0,0,3,0,0,0,0,0,4,2,0,2
"GL15 6",6787,6738,6,0,0,0,0,0,0,0,0,5,0,0,17,1,4,3,6,0,0,0,0,0,0,0,1,0,0,1,0,0,1,0,3,0,3,0,0,0,0,0,0,3,6,0,1,0,1,0,0,0,0,0,0,0,0,0,0,0,0,0,0,0,0,0,7,1,0,0,1,0,0,4,0,1,0,0,0,0,0,0,0,0,0,0,0,0,0,0,0,0,0,0,0,0,0,0,0,0,1,1,0,0
"GL16 7",6903,6865,1,0,0,0,0,0,0,0,0,6,0,0,13,0,0,12,0,0,0,0,0,1,0,0,0,0,0,0,0,0,0,0,0,0,0,0,0,0,0,0,0,0,2,0,0,0,0,0,0,0,2,0,0,0,0,2,0,0,0,0,0,0,0,0,10,2,5,1,0,0,0,2,0,0,0,0,0,0,0,0,1,0,0,0,0,0,0,0,0,0,0,0,1,0,0,0,1,1,2,0,2,0
"GL16 8",6086,6037,2,0,0,0,0,0,0,0,0,1,1,0,10,1,2,2,0,2,0,1,0,0,0,0,0,2,0,0,0,0,0,0,0,0,0,0,0,0,0,0,0,0,1,0,2,0,2,0,0,0,4,0,0,3,0,0,1,0,0,0,0,0,0,0,20,1,10,4,2,0,0,2,0,1,0,0,0,0,0,0,3,0,0,0,0,0,0,0,0,0,0,0,1,0,0,2,0,0,5,5,0,0
"GL17 0",4398,4363,2,0,0,0,0,0,0,0,0,0,0,2,16,0,0,7,1,0,6,0,0,1,0,0,0,1,0,0,0,0,0,0,0,0,0,0,0,0,0,0,0,3,1,1,0,0,0,0,0,0,3,2,0,1,0,0,0,0,0,0,0,0,0,0,7,1,0,2,0,0,0,3,0,1,0,0,0,0,0,0,0,0,0,0,0,0,0,0,0,0,0,0,0,0,0,0,0,0,0,0,0,0
"GL17 9",6457,6414,0,0,0,0,0,0,0,0,0,0,0,1,19,0,4,10,0,0,2,0,0,0,0,0,0,0,0,2,0,0,1,0,1,0,0,0,0,1,0,0,0,9,0,1,0,0,0,0,0,0,1,0,0,1,0,0,0,0,0,0,0,0,0,0,4,0,0,2,2,0,0,0,0,0,0,0,0,0,0,0,0,0,0,0,0,0,0,0,0,0,0,0,0,0,0,0,0,0,7,2,5,0
"GL18 1",5841,5638,2,0,0,0,0,0,0,0,0,3,1,5,173,1,2,143,7,0,10,2,0,1,5,0,0,0,1,1,0,0,0,0,1,0,0,0,0,1,0,0,0,1,1,0,0,0,0,0,0,0,3,0,1,0,0,0,0,0,0,0,2,0,0,0,8,1,2,0,0,0,0,3,0,2,0,0,0,0,0,0,1,0,0,0,0,0,0,0,0,0,0,0,1,0,0,0,3,3,1,0,0,1
"GL18 2",1457,1436,1,0,0,0,0,0,0,0,0,2,0,1,8,0,0,3,0,0,0,0,0,0,0,0,4,1,0,0,0,0,0,0,1,0,0,1,0,0,0,0,0,0,0,0,0,0,0,0,0,0,1,0,0,0,0,0,1,0,0,0,0,0,0,0,4,0,0,1,0,0,0,3,0,0,0,0,0,0,0,0,0,0,0,0,0,0,0,0,0,0,0,0,0,0,0,0,2,2,1,1,0,0
"GL19 3",6510,6434,8,0,0,0,0,0,0,0,0,7,0,2,27,1,7,11,2,1,0,2,0,0,0,1,0,0,2,0,0,0,0,0,2,0,0,0,0,2,0,0,0,3,0,0,0,0,0,0,0,0,7,0,0,2,0,0,0,0,0,0,0,1,4,0,19,0,4,11,0,0,0,3,0,1,0,0,0,0,0,0,1,0,0,0,0,0,0,0,0,0,0,0,1,0,0,0,0,0,0,0,0,0
"GL19 4",3095,3046,0,0,0,0,0,0,0,0,0,0,2,1,35,2,3,10,2,1,6,0,2,3,0,0,2,4,0,0,0,0,0,0,0,0,0,0,0,0,0,0,0,2,2,0,0,0,0,0,0,0,2,2,0,0,0,0,0,0,0,0,0,0,0,0,3,0,0,1,0,0,2,0,0,0,0,0,0,0,0,0,0,0,0,0,0,0,0,0,0,0,0,0,0,0,0,0,0,0,2,1,0,1
"GL2  0",11613,11389,3,0,0,0,0,0,0,0,0,7,1,6,69,7,4,30,9,0,2,5,3,1,2,3,1,0,0,1,1,0,0,0,11,2,4,5,0,0,0,0,0,3,7,5,11,0,7,0,3,1,61,6,3,5,0,11,16,0,5,7,3,1,3,1,26,1,1,5,0,0,0,3,2,12,2,0,0,1,1,0,9,0,0,0,0,2,0,1,2,0,0,2,1,0,0,1,1,1,3,3,0,0
"GL2  2",4517,4281,4,0,0,0,0,0,0,0,0,0,2,4,155,2,5,129,0,2,2,6,1,2,0,2,3,1,0,0,0,0,0,0,3,2,1,0,0,0,0,0,0,1,3,6,0,0,0,0,0,0,16,6,0,0,0,3,2,0,2,2,0,0,0,1,21,1,1,12,1,0,0,3,0,3,0,0,0,0,0,0,20,1,2,0,0,0,2,0,1,0,0,1,1,1,0,11,1,1,0,0,0,0
"GL2  3",495,486,0,0,0,0,0,0,0,0,0,0,0,0,7,0,0,2,0,0,2,0,0,2,0,0,0,1,0,0,0,0,0,0,0,0,0,0,0,0,0,0,0,0,0,0,0,0,0,0,0,0,2,0,0,0,0,2,0,0,0,0,0,0,0,0,0,0,0,0,0,0,0,0,0,0,0,0,0,0,0,0,0,0,0,0,0,0,0,0,0,0,0,0,0,0,0,0,0,0,0,0,0,0
"GL2  4",15013,14500,1,1,0,0,0,0,1,0,0,9,6,8,359,12,6,278,12,15,10,2,2,17,1,1,1,1,1,0,0,0,0,0,10,1,5,3,0,1,0,0,0,5,3,3,1,0,0,1,0,0,47,5,3,1,0,3,7,0,1,10,10,0,6,1,33,1,8,12,1,0,0,6,0,2,3,0,1,0,0,0,19,0,0,0,0,0,3,0,0,1,0,6,3,3,1,2,2,2,5,3,1,1
"GL2  5",3544,3393,1,1,1,0,0,0,0,0,0,5,4,9,73,2,1,44,6,15,1,0,0,0,4,0,0,0,0,0,0,0,0,0,2,2,0,0,0,0,1,1,0,3,7,4,3,0,0,0,3,0,26,1,0,5,0,7,9,0,0,0,0,0,4,0,10,1,7,1,1,0,0,0,0,0,0,0,0,0,0,0,2,0,0,0,0,0,0,0,0,0,0,2,0,0,0,0,0,0,0,0,0,0
"GL2  7",4623,4587,0,1,1,0,0,0,0,0,0,2,0,1,17,0,3,6,0,2,4,0,0,0,0,0,2,0,0,0,0,0,0,0,0,0,0,0,0,0,0,0,0,2,1,2,0,0,0,0,0,0,0,0,0,0,0,0,0,0,0,0,0,0,0,0,7,0,0,0,0,0,0,4,0,2,1,0,0,0,0,0,1,0,0,0,0,0,0,0,0,0,0,0,0,0,1,0,0,0,2,2,0,0
"GL2  8",3589,3552,2,2,0,0,0,2,0,0,0,0,0,1,14,0,1,10,0,0,0,0,0,0,0,1,2,0,0,0,0,0,0,0,3,0,0,0,0,3,0,0,0,3,0,0,0,0,0,0,0,0,0,0,0,0,0,0,0,0,0,0,0,0,0,0,8,0,1,3,0,1,0,1,0,2,0,0,0,0,0,0,3,0,0,0,0,0,0,0,0,0,0,1,0,0,1,1,0,0,1,0,0,1
"GL2  9",6333,6195,6,1,1,0,0,0,0,0,0,8,5,4,66,1,8,43,2,0,0,1,1,6,3,0,0,0,1,0,0,0,0,0,2,0,2,0,0,0,0,0,0,1,3,3,0,0,0,0,0,0,17,4,2,0,0,2,4,0,0,0,5,0,0,0,19,4,1,3,1,0,0,3,0,6,1,0,0,0,0,0,1,0,0,0,0,0,0,0,0,0,0,0,0,0,0,1,2,2,0,0,0,0
"GL20 5",6883,6670,1,0,0,0,0,0,0,0,0,7,4,4,149,2,13,115,2,1,4,2,0,4,3,2,0,0,1,0,0,0,0,0,2,0,0,2,0,0,0,0,0,2,5,0,1,0,0,0,0,1,17,0,3,2,0,5,0,0,2,0,0,0,5,0,17,0,4,3,2,0,0,3,0,5,0,0,0,0,0,0,1,0,0,0,0,0,0,0,0,0,0,0,1,0,0,0,1,1,2,2,0,0
"GL20 6",2780,2730,0,0,0,0,0,0,0,0,0,1,2,10,19,1,0,10,2,1,1,1,0,3,0,0,0,0,0,0,0,0,0,0,0,0,0,0,0,0,0,0,0,3,2,0,1,0,0,1,0,0,2,0,1,0,0,0,0,1,0,0,0,0,0,0,3,1,0,1,0,0,0,1,0,0,0,0,0,0,0,0,2,0,0,0,0,0,0,0,0,0,0,0,1,0,0,1,0,0,5,0,5,0
"GL20 7",7094,6971,1,0,0,0,0,0,0,0,0,2,4,4,73,2,5,49,8,0,4,2,0,0,0,0,1,2,0,0,0,0,0,0,0,0,0,0,0,0,0,0,0,7,7,0,0,0,0,0,0,0,6,0,1,2,0,2,0,0,0,0,0,0,1,0,12,2,0,2,2,0,0,1,0,3,2,0,0,0,0,0,6,0,0,0,0,0,0,0,0,0,0,0,6,0,0,0,1,1,0,0,0,0
"GL20 8",10503,10282,3,0,0,0,0,0,0,0,0,5,8,2,155,4,6,123,2,1,9,5,0,0,0,0,1,1,1,1,1,0,0,0,1,0,0,1,0,0,0,0,0,0,1,0,3,0,0,3,0,0,14,1,0,0,0,3,0,0,0,1,8,0,1,0,15,0,1,3,0,0,0,3,0,7,1,3,0,0,0,0,8,0,0,0,0,0,2,0,0,0,0,2,3,0,0,1,0,0,3,2,0,1
"GL3  1",5731,5415,2,0,0,0,0,0,0,0,0,12,4,9,197,54,29,76,4,5,4,0,1,2,5,4,12,0,0,1,0,0,0,0,0,0,0,0,0,0,0,0,0,7,11,0,0,0,0,0,0,0,30,4,2,2,0,0,10,0,1,5,0,0,6,0,17,1,2,5,3,0,0,1,0,5,0,15,0,0,0,0,9,0,0,0,0,2,1,0,0,0,0,0,3,0,0,3,1,1,2,1,1,0
"GL3  2",7257,7167,3,0,0,0,0,0,0,0,0,7,4,0,46,10,9,14,1,1,4,0,0,0,4,0,3,0,0,0,0,0,0,0,1,1,0,0,0,0,0,0,0,1,0,2,0,0,0,0,0,0,8,0,0,0,0,2,2,0,0,2,0,0,2,0,9,1,0,1,2,0,0,1,0,4,0,4,0,0,0,0,3,0,0,0,0,0,0,0,0,0,0,1,2,0,0,0,0,0,2,2,0,0
"GL3  3",8202,8044,3,0,0,0,0,0,0,0,0,0,1,6,75,6,6,40,8,0,0,6,0,4,0,2,1,1,0,0,1,0,0,0,4,1,0,3,0,0,0,0,0,6,1,7,7,0,0,3,2,2,28,11,0,1,0,2,0,0,0,5,4,0,4,1,12,0,1,5,1,0,0,3,0,2,0,0,0,0,0,0,1,0,0,0,0,0,1,0,0,0,0,0,0,0,0,0,2,2,5,2,2,1
"GL3  4",8228,7958,2,1,0,0,0,0,0,0,1,5,10,3,178,8,3,118,14,1,0,4,2,8,0,6,3,2,9,0,0,0,0,0,2,1,0,1,0,0,0,0,0,2,0,5,3,0,1,1,1,0,23,1,2,4,0,3,7,4,1,1,0,0,0,0,18,5,8,1,0,0,0,2,0,1,1,1,0,0,0,0,5,0,0,0,0,0,1,0,0,2,0,1,1,0,0,0,4,4,8,8,0,0
"GL4  0",11936,11706,5,0,0,0,0,0,0,0,0,11,11,6,120,6,6,67,10,2,9,4,0,10,0,2,2,0,0,0,0,0,2,0,11,0,7,0,0,4,0,0,0,5,4,1,1,0,1,0,0,0,24,6,3,1,0,0,6,0,0,0,3,2,1,2,19,3,2,5,0,0,0,4,1,4,0,0,0,0,0,0,5,0,0,0,0,0,1,1,0,0,1,0,1,0,0,1,2,2,5,3,0,2
"GL4  3",3152,3088,3,0,0,0,0,0,0,0,0,2,0,0,29,2,2,13,1,0,4,2,0,0,0,0,1,0,0,0,2,2,0,0,0,0,0,0,0,0,0,0,0,2,2,3,0,0,0,0,0,0,18,3,0,0,0,2,3,0,0,8,1,1,0,0,5,0,0,3,0,0,0,1,0,1,0,0,0,0,0,0,0,0,0,0,0,0,0,0,0,0,0,0,0,0,0,0,0,0,0,0,0,0
"GL4  4",9990,9674,1,0,0,0,0,0,0,0,0,6,24,5,130,11,3,88,4,2,4,0,1,4,2,1,5,2,2,0,0,1,0,0,6,1,5,0,0,0,0,0,0,4,6,10,6,0,0,6,0,0,54,5,0,5,0,2,11,0,0,23,8,0,0,0,43,3,7,18,1,0,0,6,1,6,1,2,0,0,0,0,12,1,0,0,0,0,0,0,1,1,3,0,1,1,2,2,0,0,7,4,0,3
"GL4  5",8539,8374,4,0,0,0,0,0,0,0,0,3,4,11,72,1,8,46,4,1,0,1,0,2,4,1,2,0,1,0,1,0,0,0,1,0,1,0,0,0,0,0,0,2,2,3,0,0,0,0,0,0,31,11,2,3,0,3,1,1,0,8,0,1,0,1,25,0,4,8,5,1,0,2,0,5,0,0,0,0,0,0,5,0,0,0,0,0,1,1,0,0,0,0,1,0,0,2,0,0,2,2,0,0
"GL4  6",9920,9518,2,1,0,0,0,0,1,0,0,15,29,5,192,7,10,121,20,12,1,0,1,4,9,1,1,0,0,0,0,0,5,0,2,2,0,0,0,0,0,0,0,2,4,6,4,0,3,0,1,0,67,18,0,3,0,6,4,3,0,21,12,0,0,0,32,1,8,9,1,0,0,3,0,9,1,0,0,2,2,0,28,1,3,1,0,0,2,0,6,0,0,3,2,1,6,3,0,0,11,2,8,1
"GL4  8",2484,2461,2,0,0,0,0,0,0,0,0,0,0,1,9,0,1,1,0,4,0,0,0,3,0,0,0,0,0,0,0,0,0,0,0,0,0,0,0,0,0,0,0,2,0,1,4,0,0,2,2,0,0,0,0,0,0,0,0,0,0,0,0,0,0,0,3,1,0,2,0,0,0,0,0,0,0,0,0,0,0,0,0,0,0,0,0,0,0,0,0,0,0,0,0,0,0,0,0,0,1,1,0,0
"GL5  1",7665,7450,1,0,0,0,0,0,0,0,0,8,4,12,127,14,17,61,4,1,2,2,0,5,0,3,7,2,7,2,0,0,0,0,7,2,1,0,0,4,0,0,0,7,5,0,6,4,0,2,0,0,9,1,0,0,0,0,0,0,0,4,0,4,0,0,22,0,1,9,2,1,0,2,0,5,2,0,0,0,0,0,2,0,0,0,0,0,0,0,0,0,0,0,0,0,1,1,2,2,3,2,0,1
"GL5  2",4409,4306,1,0,0,0,0,0,0,0,0,4,0,2,63,0,5,39,0,2,5,0,0,6,4,2,0,0,0,0,0,0,0,0,3,0,1,0,0,2,0,0,0,4,4,1,4,2,0,2,0,0,7,0,0,0,0,2,2,0,0,3,0,0,0,0,8,0,4,2,1,0,0,0,0,0,1,0,0,0,0,0,0,0,0,0,0,0,0,0,0,0,0,0,0,0,0,0,1,1,1,1,0,0
"GL5  3",4201,4139,0,0,0,0,0,0,0,0,0,9,5,3,32,1,4,16,0,0,0,0,1,5,0,0,3,1,1,0,0,0,0,0,2,0,0,1,0,1,0,0,0,0,1,0,2,1,0,1,0,0,3,0,2,0,0,0,0,0,1,0,0,0,0,0,4,0,0,0,2,0,0,1,0,1,0,0,0,0,0,0,0,0,0,0,0,0,0,0,0,0,0,0,0,0,0,0,0,0,1,0,0,1
"GL5  4",10170,10001,1,0,0,0,0,0,0,0,0,10,2,11,103,6,12,61,2,1,5,2,1,1,3,0,3,2,1,3,0,0,0,0,1,0,0,1,0,0,0,0,0,5,0,1,1,0,0,0,0,1,10,1,0,0,0,2,5,0,0,2,0,0,0,0,16,0,3,7,0,0,1,3,0,1,1,0,0,0,0,0,3,0,0,0,0,0,0,0,0,0,0,0,2,0,0,1,0,0,5,4,0,1
"GL5  5",3593,3550,1,0,0,0,0,0,0,0,0,2,1,0,30,1,5,6,4,1,0,3,0,3,0,0,1,3,3,0,0,0,0,0,1,0,0,1,0,0,0,0,0,0,1,1,1,1,0,0,0,0,1,0,0,0,0,1,0,0,0,0,0,0,0,0,2,0,0,0,0,0,0,0,0,1,1,0,0,0,0,0,2,0,0,0,0,0,0,0,0,0,0,0,1,0,1,0,0,0,0,0,0,0
"GL50 1",995,886,2,0,0,0,0,0,0,0,0,4,7,12,56,1,13,20,1,4,2,0,2,3,0,0,0,1,9,0,0,0,0,0,3,0,3,0,0,0,0,0,0,3,1,1,5,0,0,5,0,0,5,0,2,2,0,0,1,0,0,0,0,0,0,0,10,2,0,2,1,0,1,1,0,3,0,0,0,0,0,0,0,0,0,0,0,0,0,0,0,0,0,0,0,0,0,0,0,0,0,0,0,0
"GL50 2",8158,7846,4,1,1,0,0,0,0,0,0,22,15,20,112,5,20,29,10,2,3,0,0,6,4,3,5,8,16,1,0,0,0,0,5,0,0,0,2,3,0,0,0,10,4,8,9,0,0,9,0,0,22,4,0,3,0,5,2,0,0,4,4,0,0,0,69,7,4,28,8,1,0,8,4,7,2,0,0,0,0,0,11,0,0,0,0,0,0,0,1,0,0,1,6,0,0,3,0,0,0,0,0,0
"GL50 3",4152,3618,3,0,0,0,0,0,0,0,0,29,10,18,253,5,13,181,16,3,3,6,0,3,6,1,7,6,2,1,0,0,0,0,2,0,1,1,0,0,0,0,0,14,4,11,8,0,4,1,1,2,39,3,3,7,0,13,2,1,0,2,6,2,0,0,138,1,27,55,14,17,0,15,3,5,1,0,0,0,0,0,3,0,0,0,0,0,0,0,1,0,0,0,1,0,0,1,1,1,1,0,0,1
"GL50 4",8655,7885,2,0,0,0,0,0,0,0,0,20,39,29,391,11,16,273,27,4,8,1,6,18,9,2,6,3,2,0,0,4,0,1,2,0,0,0,0,2,0,0,0,2,5,10,17,0,3,7,5,2,162,10,8,1,0,42,91,0,1,0,2,1,5,1,77,9,7,35,4,0,1,10,6,5,0,0,0,0,0,0,11,0,0,0,0,2,0,1,0,0,0,6,2,0,0,0,2,2,1,1,0,0
"GL51 0",11423,10837,1,0,0,0,0,0,0,0,0,10,19,22,352,8,8,278,17,7,5,1,0,9,6,5,1,4,1,0,0,0,1,1,8,4,1,0,0,3,0,0,0,17,11,1,6,0,0,6,0,0,73,8,4,4,0,19,12,0,0,4,14,0,7,1,45,3,4,11,3,2,0,5,0,15,2,0,0,0,0,0,9,0,0,0,0,0,0,0,0,0,0,2,6,0,1,0,2,2,10,7,0,3
"GL51 3",9740,9463,0,0,0,0,0,0,0,0,0,12,6,7,128,10,6,79,9,5,0,1,0,5,3,5,3,0,1,0,1,0,0,0,6,0,2,1,2,1,0,0,0,4,6,15,7,1,0,6,0,0,30,3,0,0,0,17,7,0,0,0,3,0,0,0,52,4,3,22,6,1,0,7,0,9,0,0,0,0,0,0,3,0,0,0,0,0,0,0,0,0,0,3,0,0,0,0,0,0,1,1,0,0
"GL51 4",2340,2299,0,0,0,0,0,0,0,0,0,0,1,2,16,0,2,11,1,0,0,0,0,0,0,0,1,1,0,0,0,0,0,0,2,0,2,0,0,0,0,0,0,0,1,1,0,0,0,0,0,0,16,1,0,8,0,0,4,3,0,0,0,0,0,0,1,0,0,0,1,0,0,0,0,0,0,0,0,0,0,0,1,0,0,0,0,0,0,0,0,0,0,0,0,0,0,1,0,0,0,0,0,0
"GL51 6",7757,7466,4,1,1,0,0,0,0,0,0,19,6,21,87,3,7,45,2,4,9,1,1,1,7,0,1,4,2,0,0,0,0,0,7,0,1,3,0,3,0,0,0,22,2,8,11,0,0,11,0,0,37,0,2,1,0,6,6,6,5,0,5,2,0,4,56,1,10,25,7,3,0,3,5,1,1,0,0,0,0,0,4,1,0,0,0,0,0,0,0,0,0,0,2,0,0,1,1,1,5,5,0,0
"GL51 7",6111,5763,2,1,1,0,0,0,0,0,0,11,23,10,196,8,8,158,5,3,3,0,1,5,0,2,0,2,1,0,0,0,0,0,5,1,1,3,0,0,0,0,0,2,9,12,2,0,1,1,0,0,33,2,1,3,0,5,11,3,0,0,6,1,0,1,29,0,0,8,1,2,0,1,0,14,3,0,0,0,0,0,9,0,0,0,0,2,0,0,1,0,0,0,3,0,1,2,2,2,2,0,0,2
"GL51 8",6604,6094,0,0,0,0,0,0,0,0,0,9,24,10,238,14,14,167,11,4,3,1,3,5,7,1,5,2,1,0,0,0,0,0,1,0,0,0,0,1,0,0,0,8,10,16,4,0,0,3,0,1,124,10,9,4,0,31,52,0,0,2,12,2,1,1,54,0,3,18,2,2,1,8,4,16,0,0,0,0,0,0,9,0,0,0,0,0,0,0,0,0,0,0,2,0,0,7,2,2,1,0,1,0
"GL51 9",5461,4940,1,0,0,0,0,0,0,0,0,4,15,15,331,4,11,244,16,3,8,1,0,8,29,5,0,1,1,0,0,0,0,0,5,0,1,3,0,1,0,0,0,3,7,3,10,1,1,8,0,0,82,4,3,0,0,13,53,1,1,0,5,0,0,2,40,2,2,19,2,1,1,1,5,5,2,0,2,0,0,0,0,0,0,0,0,0,0,0,0,0,0,0,0,0,0,0,1,1,2,0,1,1
"GL52 2",4518,4145,2,0,0,0,0,0,0,0,0,15,26,16,190,10,26,99,11,3,2,4,5,15,3,7,2,1,1,0,0,0,0,1,6,1,1,0,0,4,0,0,0,7,6,13,3,0,0,2,1,0,47,6,3,4,0,13,8,0,0,4,6,0,1,2,30,0,6,8,2,2,0,6,0,5,1,0,0,0,0,0,10,0,0,0,0,0,0,4,0,0,0,4,1,0,0,1,0,0,2,2,0,0
"GL52 3",5425,5322,1,0,0,0,0,0,0,0,0,5,0,7,58,9,1,21,5,1,2,1,1,8,0,2,2,0,1,4,0,0,0,0,1,0,0,0,0,1,0,0,0,1,1,3,2,0,0,2,0,0,13,0,0,0,0,1,8,1,0,0,3,0,0,0,9,0,0,3,1,1,0,3,1,0,0,0,0,0,0,0,0,0,0,0,0,0,0,0,0,0,0,0,0,0,0,0,0,0,2,0,1,1
"GL52 5",8402,8091,3,5,0,0,5,0,0,0,0,4,16,9,145,8,4,88,9,1,1,1,1,8,15,4,3,0,1,1,0,0,0,0,3,1,0,1,0,1,0,0,0,12,5,6,8,0,0,7,0,1,46,3,0,0,0,4,6,1,3,0,28,0,1,0,35,1,4,4,2,0,0,1,2,21,0,0,0,1,1,0,8,0,0,0,0,0,0,0,4,0,0,2,0,0,1,1,4,4,1,1,0,0
"GL52 6",9095,8633,5,0,0,0,0,0,0,0,0,24,26,23,229,16,15,111,25,10,10,2,2,18,4,1,5,3,4,3,0,0,0,0,2,0,0,0,0,2,0,0,0,10,7,5,4,0,0,4,0,0,42,3,2,1,0,8,7,1,3,3,6,1,5,2,74,2,2,26,4,1,0,4,1,34,0,1,0,0,0,0,5,1,0,0,0,0,0,0,1,0,0,0,1,2,0,0,0,0,5,5,0,0
"GL52 7",1478,1463,0,0,0,0,0,0,0,0,0,0,0,0,12,1,2,7,0,1,0,1,0,0,0,0,0,0,0,0,0,0,0,0,0,0,0,0,0,0,0,0,0,0,0,0,0,0,0,0,0,0,0,0,0,0,0,0,0,0,0,0,0,0,0,0,2,0,0,0,2,0,0,0,0,0,0,0,0,0,0,0,1,0,0,0,0,0,0,0,0,0,0,0,1,0,0,0,0,0,0,0,0,0
"GL52 8",9173,9001,0,0,0,0,0,0,0,0,0,2,12,6,84,7,4,58,5,2,0,0,0,2,0,2,0,1,0,0,2,0,1,0,1,0,0,0,0,1,0,0,0,2,1,2,3,0,1,2,0,0,44,2,0,4,0,2,31,1,0,0,0,0,0,4,13,0,1,4,0,0,0,2,0,6,0,0,0,0,0,0,2,0,0,0,0,0,0,0,0,0,0,0,2,0,0,0,0,0,0,0,0,0
"GL52 9",3716,3668,0,0,0,0,0,0,0,0,0,4,5,1,13,2,1,8,0,0,0,0,0,0,0,0,1,0,1,0,0,0,0,0,7,0,6,1,0,0,0,0,0,0,1,0,1,0,0,1,0,0,12,1,0,0,0,0,11,0,0,0,0,0,0,0,3,0,0,0,1,0,0,1,0,1,0,0,0,0,0,0,1,0,0,0,0,0,0,0,0,0,0,0,1,0,0,0,0,0,0,0,0,0
"GL53 0",3973,3929,1,1,1,0,0,0,0,0,0,3,1,2,17,2,3,7,0,1,0,0,0,0,0,1,1,0,2,0,0,0,0,0,1,0,1,0,0,0,0,0,0,0,1,2,3,0,0,2,1,0,1,1,0,0,0,0,0,0,0,0,0,0,0,0,11,0,0,5,1,1,1,1,0,2,0,0,0,0,0,0,0,0,0,0,0,0,0,0,0,0,0,0,0,0,0,0,0,0,0,0,0,0
"GL53 7",5999,5697,1,0,0,0,0,0,0,0,0,13,10,15,123,8,15,58,8,5,5,3,3,4,4,0,4,2,3,1,0,0,0,0,3,0,1,1,0,1,0,0,0,23,6,10,8,1,4,1,0,2,18,1,4,3,0,3,1,0,0,2,0,4,0,0,70,3,11,21,9,6,1,7,0,10,2,0,0,0,0,0,2,0,0,0,0,0,0,0,0,0,0,0,2,0,0,0,0,0,0,0,0,0
"GL53 8",5185,5088,1,0,0,0,0,0,0,0,0,29,3,3,27,4,7,10,3,0,0,0,0,0,0,1,0,1,0,1,0,0,0,0,2,0,0,2,0,0,0,0,0,4,3,1,0,0,0,0,0,0,7,0,2,0,0,0,0,1,0,0,0,0,4,0,15,1,3,4,2,1,0,4,0,0,0,0,0,0,0,0,2,0,0,0,0,0,0,0,0,0,2,0,0,0,0,0,0,0,0,0,0,0
"GL53 9",3989,3928,2,2,0,0,0,0,1,1,0,6,1,3,27,0,2,6,6,1,0,0,0,0,0,3,0,1,8,0,0,0,0,0,1,0,1,0,0,0,0,0,0,1,1,0,1,0,0,1,0,0,8,0,1,2,0,1,2,0,2,0,0,0,0,0,5,0,0,2,1,0,0,0,0,2,0,0,0,0,0,0,2,0,0,0,0,0,0,0,0,0,0,0,1,0,0,1,1,1,0,0,0,0
"GL54 1",2914,2832,3,0,0,0,0,0,0,0,0,4,0,3,43,3,5,11,8,3,2,0,0,3,0,0,1,7,0,0,0,0,0,0,0,0,0,0,0,0,0,0,0,0,0,0,0,0,0,0,0,0,5,4,0,0,0,0,0,0,0,0,0,0,1,0,20,0,0,6,0,0,0,4,0,10,0,0,0,0,0,0,4,0,0,0,0,0,0,0,0,1,0,0,1,0,0,2,0,0,0,0,0,0
"GL54 2",5359,5185,1,0,0,0,0,0,0,0,0,5,4,7,117,4,7,67,9,4,1,3,0,14,0,3,0,3,0,0,0,0,2,0,0,0,0,0,0,0,0,0,0,0,1,0,0,0,0,0,0,0,10,3,1,0,0,0,0,0,0,1,2,2,0,1,27,5,2,4,3,0,0,5,0,8,0,0,0,0,0,0,1,0,0,0,0,0,0,0,0,0,0,0,1,0,0,0,1,1,0,0,0,0
"GL54 3",3586,3520,0,0,0,0,0,0,0,0,0,7,2,3,37,2,9,7,1,2,2,4,1,2,0,1,2,2,2,0,0,0,0,0,2,0,0,1,0,1,0,0,0,0,0,0,3,2,1,0,0,0,3,0,2,0,0,1,0,0,0,0,0,0,0,0,7,0,0,0,4,0,0,2,0,1,0,0,0,0,0,0,1,0,0,0,0,0,0,0,0,0,0,0,0,0,0,1,1,1,0,0,0,0
"GL54 4",2822,2786,0,0,0,0,0,0,0,0,0,2,7,3,15,1,1,5,2,1,0,0,0,2,0,0,1,0,0,0,0,2,0,0,0,0,0,0,0,0,0,0,0,0,1,0,0,0,0,0,0,0,0,0,0,0,0,0,0,0,0,0,0,0,0,0,5,1,1,0,1,0,0,0,1,0,1,0,0,0,0,0,2,0,0,0,0,0,0,0,0,0,0,0,2,0,0,0,0,0,1,1,0,0
"GL54 5",6861,6773,3,0,0,0,0,0,0,0,0,5,0,5,52,0,14,15,2,1,0,0,0,6,0,4,8,2,0,0,0,0,0,0,1,0,0,0,0,1,0,0,0,0,2,1,0,0,0,0,0,0,4,1,0,0,0,3,0,0,0,0,0,0,0,0,13,0,4,4,3,0,0,0,0,2,0,0,0,0,0,0,1,0,0,0,0,0,0,0,0,0,0,0,1,0,0,0,0,0,1,1,0,0
"GL55 6",5314,5205,0,1,0,0,0,1,0,0,0,12,2,4,66,3,3,21,4,2,4,4,1,10,1,0,6,5,2,0,0,0,0,0,0,0,0,0,0,0,0,0,0,4,0,2,0,0,0,0,0,0,8,0,0,0,0,0,4,0,0,0,2,0,2,0,9,0,0,3,1,0,0,1,0,3,1,0,0,0,0,0,1,0,0,0,0,0,0,0,0,0,0,0,0,0,0,1,0,0,0,0,0,0
"GL56 0",5023,4933,0,0,0,0,0,0,0,0,0,6,4,1,52,3,6,18,7,0,2,0,5,3,0,0,3,2,2,1,0,0,0,0,2,1,0,0,0,1,0,0,0,2,0,0,0,0,0,0,0,0,5,0,0,0,0,0,1,0,0,0,4,0,0,0,11,1,0,2,0,0,0,4,0,4,0,0,0,0,0,0,4,0,0,0,0,0,0,0,0,0,0,0,0,0,2,2,1,1,2,0,0,2
"GL56 9",3151,3111,1,0,0,0,0,0,0,0,0,4,3,0,25,1,3,13,0,0,1,0,0,4,0,0,1,0,2,0,0,0,0,0,0,0,0,0,0,0,0,0,0,1,2,0,0,0,0,0,0,0,1,0,1,0,0,0,0,0,0,0,0,0,0,0,2,0,0,2,0,0,0,0,0,0,0,0,0,0,0,0,0,0,0,0,0,0,0,0,0,0,0,0,0,0,0,0,0,0,1,1,0,0
"GL6  0",6142,6004,0,0,0,0,0,0,0,0,0,12,2,2,84,4,11,41,0,6,6,0,1,9,0,0,4,1,1,0,0,0,0,0,2,0,0,0,0,2,0,0,0,4,0,2,1,1,0,0,0,0,15,1,0,0,0,7,0,0,0,0,7,0,0,0,12,0,3,4,2,1,0,2,0,0,0,0,0,0,0,0,1,0,0,0,0,0,0,0,0,0,0,0,0,0,0,1,1,1,0,0,0,0
"GL6  6",3893,3829,1,1,0,0,0,0,0,1,0,4,1,5,29,3,2,11,0,5,1,0,0,5,0,0,2,0,0,0,0,0,0,0,0,0,0,0,0,0,0,0,0,5,0,0,2,1,0,0,0,1,3,0,0,0,0,0,0,0,0,0,0,1,0,2,11,0,0,4,3,0,0,1,2,1,0,0,0,0,0,0,0,0,0,0,0,0,0,0,0,0,0,0,0,0,0,0,0,0,2,1,0,1
"GL6  7",3687,3641,0,0,0,0,0,0,0,0,0,5,0,1,30,2,3,5,2,2,2,0,0,3,2,0,3,1,1,0,2,2,0,0,2,0,0,0,0,2,0,0,0,0,0,1,0,0,0,0,0,0,0,0,0,0,0,0,0,0,0,0,0,0,0,0,4,0,0,1,0,0,0,2,0,0,1,0,0,0,0,0,3,0,0,0,0,0,0,0,0,0,0,0,3,0,0,0,0,0,0,0,0,0
"GL6  8",6416,6359,1,0,0,0,0,0,0,0,0,6,1,3,31,0,3,11,3,1,0,0,0,2,0,4,3,2,2,0,0,0,0,0,1,0,1,0,0,0,0,0,0,1,0,1,0,0,0,0,0,0,0,0,0,0,0,0,0,0,0,0,0,0,0,0,5,0,1,1,1,0,0,0,2,0,0,0,0,0,0,0,4,0,0,0,0,0,0,0,1,0,0,0,2,0,0,1,1,1,2,0,0,2
"GL6  9",3619,3568,2,0,0,0,0,0,0,0,0,3,0,0,25,0,4,9,0,0,1,0,3,0,0,0,2,3,3,0,0,0,0,0,2,0,0,0,0,2,0,0,0,0,0,0,0,0,0,0,0,0,6,0,0,2,0,0,0,0,0,4,0,0,0,0,5,0,1,0,1,0,0,2,0,1,0,0,0,0,0,0,0,0,0,0,0,0,0,0,0,0,0,0,0,0,0,0,1,1,7,1,0,6
"GL7  1",13551,13263,4,0,0,0,0,0,0,0,0,13,6,9,98,2,12,34,3,15,4,0,8,2,0,2,7,7,1,1,0,0,0,0,4,0,0,4,0,0,0,0,0,5,4,1,1,0,1,0,0,0,50,2,6,0,0,2,3,0,0,14,11,0,11,1,77,2,1,46,4,0,5,7,0,12,0,4,0,0,0,0,8,0,0,2,0,0,0,0,1,0,0,0,1,1,0,3,1,1,3,2,0,1
"GL7  2",4790,4724,3,0,0,0,0,0,0,0,0,8,6,8,25,0,1,7,2,3,2,0,3,0,3,0,1,2,0,1,0,0,0,0,1,0,0,1,0,0,0,0,0,0,0,0,0,0,0,0,0,0,4,0,0,0,0,3,0,0,0,0,1,0,0,0,9,1,1,2,1,0,0,1,0,3,0,1,0,0,0,0,1,0,0,0,0,0,0,0,1,0,0,0,0,0,0,0,0,0,0,0,0,0
"GL7  3",4561,4511,0,0,0,0,0,0,0,0,0,2,0,5,24,3,3,4,1,4,0,0,0,2,0,1,3,2,1,0,0,0,0,0,0,0,0,0,0,0,0,0,0,2,0,1,1,0,0,0,0,1,4,0,0,0,0,1,0,0,0,0,3,0,0,0,10,0,0,5,1,0,0,2,0,2,0,0,0,0,0,0,0,0,0,0,0,0,0,0,0,0,0,0,0,0,0,0,1,1,0,0,0,0
"GL7  4",4255,4198,2,0,0,0,0,0,0,0,0,1,7,4,23,2,6,10,0,0,0,0,0,0,0,0,2,1,2,0,0,0,0,0,0,0,0,0,0,0,0,0,0,1,0,1,0,0,0,0,0,0,7,0,0,0,0,5,0,0,0,2,0,0,0,0,8,0,0,3,0,0,0,1,0,4,0,0,0,0,0,0,0,0,0,0,0,0,0,0,0,0,0,0,0,0,0,0,2,2,1,0,0,1
"GL7  5",7088,6985,2,1,0,0,0,0,0,1,0,7,7,0,58,4,8,16,8,1,4,0,2,1,0,0,4,4,4,1,0,0,1,0,2,0,0,1,0,1,0,0,0,1,2,0,0,0,0,0,0,0,2,0,0,0,0,0,2,0,0,0,0,0,0,0,17,0,1,2,4,0,0,1,0,9,0,0,0,0,0,0,3,0,0,0,0,0,0,0,0,0,0,0,3,0,0,0,0,0,1,1,0,0
"GL7  6",4673,4555,2,0,0,0,0,0,0,0,0,8,0,4,43,2,6,20,2,1,0,0,2,1,1,1,2,1,4,0,0,0,0,0,1,0,0,0,0,1,0,0,0,3,0,0,3,0,1,2,0,0,10,1,1,0,1,1,0,0,0,0,2,0,4,0,27,2,3,10,3,0,0,3,0,6,0,1,0,0,0,0,14,0,0,0,0,0,0,0,0,0,0,2,0,0,0,12,0,0,2,0,0,2
"GL7  7",2190,2123,0,0,0,0,0,0,0,0,0,0,0,1,25,1,9,1,3,0,0,0,4,0,0,0,1,2,0,0,4,0,0,0,0,0,0,0,0,0,0,0,0,2,1,0,1,0,0,0,0,1,1,0,0,0,0,0,0,0,0,0,1,0,0,0,34,0,2,31,1,0,0,0,0,0,0,0,0,0,0,0,0,0,0,0,0,0,0,0,0,0,0,0,0,0,0,0,1,1,1,1,0,0
"GL8  8",8259,8054,3,0,0,0,0,0,0,0,0,11,6,6,108,1,11,64,2,3,9,0,0,0,0,0,6,3,5,1,0,0,0,3,0,0,0,0,0,0,0,0,0,9,6,0,3,2,0,0,0,1,13,0,0,0,0,6,0,0,0,0,4,2,0,1,34,1,0,2,3,0,0,0,1,27,0,0,0,0,0,0,4,0,0,0,0,0,0,0,0,0,0,0,3,0,1,0,0,0,2,2,0,0
"GL9  1",2587,2572,0,0,0,0,0,0,0,0,0,6,0,0,7,0,1,1,0,0,0,0,0,3,0,2,0,0,0,0,0,0,0,0,0,0,0,0,0,0,0,0,0,0,0,0,0,0,0,0,0,0,0,0,0,0,0,0,0,0,0,0,0,0,0,0,2,0,0,0,0,0,0,1,0,0,1,0,0,0,0,0,0,0,0,0,0,0,0,0,0,0,0,0,0,0,0,0,0,0,0,0,0,0
"GU1  1",10270,9299,1,0,0,0,0,0,0,0,0,43,36,76,377,26,25,162,27,5,12,9,6,26,15,32,7,8,9,2,6,0,0,0,36,10,12,9,2,3,1,0,1,21,8,43,30,4,3,22,0,1,123,17,5,3,0,33,20,0,1,11,2,2,24,5,138,2,2,56,8,8,4,22,11,24,1,1,0,0,0,0,19,1,0,0,0,0,0,0,0,0,0,5,7,1,1,4,14,14,4,4,0,0
"GU1  2",8607,7980,2,0,0,0,0,0,0,0,0,38,21,52,211,14,29,78,12,7,4,0,0,13,6,12,6,11,12,3,2,2,0,0,29,2,17,1,0,9,0,0,0,21,9,21,64,2,12,43,0,7,75,5,12,6,0,9,16,0,2,10,5,5,4,1,75,5,10,44,6,2,0,2,0,6,0,0,0,0,0,0,4,0,0,0,0,0,0,0,0,0,0,0,2,0,0,2,2,2,3,3,0,0
"GU1  3",4496,4033,0,0,0,0,0,0,0,0,0,26,22,37,218,23,32,52,10,6,3,4,2,15,6,35,13,5,5,5,0,1,0,1,4,1,1,0,0,2,0,0,0,7,16,17,24,3,7,13,0,1,28,7,7,1,0,5,0,0,0,0,0,0,6,2,52,1,2,14,7,1,0,20,3,4,0,0,0,0,0,0,10,0,0,0,0,1,0,0,3,0,0,0,2,0,0,4,1,1,1,1,0,0
"GU1  4",4753,3929,4,2,1,0,0,1,0,0,0,41,36,45,389,44,22,122,12,4,5,4,5,23,5,86,21,7,15,7,1,4,1,1,10,3,5,0,1,1,0,0,0,23,17,42,19,1,3,11,0,4,58,3,10,1,0,13,3,0,0,1,2,4,17,4,116,6,2,48,12,1,1,18,14,14,0,0,0,0,0,0,18,0,1,2,0,0,0,0,0,1,0,1,9,0,1,3,2,2,2,2,0,0
"GU10 1",4456,4367,0,0,0,0,0,0,0,0,0,11,4,4,37,2,3,9,1,5,7,0,0,1,2,1,1,1,3,0,0,0,1,0,1,0,0,1,0,0,0,0,0,6,5,0,1,0,0,1,0,0,3,0,0,0,0,1,0,0,0,0,0,0,2,0,16,3,4,5,2,0,0,1,1,0,0,0,0,0,0,0,1,0,0,0,0,0,0,0,0,0,0,0,0,0,0,1,0,0,0,0,0,0
"GU10 2",2819,2672,1,0,0,0,0,0,0,0,0,3,5,3,35,2,5,6,1,0,3,0,1,1,0,0,3,9,2,0,0,0,0,2,10,0,0,6,0,4,0,0,0,4,0,4,5,0,4,1,0,0,53,32,4,1,0,8,0,0,0,0,7,0,1,0,17,1,0,8,3,0,0,0,0,5,0,0,0,0,0,0,3,0,0,0,0,0,0,0,1,0,0,1,1,0,0,0,4,4,0,0,0,0
"GU10 3",4338,4218,1,0,0,0,0,0,0,0,0,10,0,9,51,7,11,8,2,1,3,0,2,0,2,2,7,1,4,1,0,0,0,0,3,0,1,1,0,1,0,0,0,9,3,1,1,0,1,0,0,0,11,4,0,0,0,5,1,0,0,0,1,0,0,0,15,0,0,3,4,1,0,3,0,4,0,0,0,0,0,0,5,0,0,0,0,0,0,0,0,0,0,0,5,0,0,0,0,0,1,1,0,0
"GU10 4",6351,6193,1,0,0,0,0,0,0,0,0,10,9,6,59,0,10,17,3,2,2,0,0,2,6,0,4,2,6,1,1,0,3,0,3,0,0,1,0,2,0,0,0,3,0,10,6,0,4,0,0,2,16,0,0,3,0,4,0,0,0,1,4,0,3,1,33,2,0,14,2,0,0,2,0,12,1,0,0,0,0,0,0,0,0,0,0,0,0,0,0,0,0,0,0,0,0,0,0,0,2,2,0,0
"GU10 5",3672,3585,0,0,0,0,0,0,0,0,0,7,4,5,36,0,5,4,8,0,6,4,0,2,0,1,1,3,1,0,1,0,0,0,0,0,0,0,0,0,0,0,0,0,0,4,1,0,1,0,0,0,10,0,1,2,0,1,1,0,0,0,4,0,1,0,12,2,1,0,2,0,0,2,1,4,0,1,0,0,0,0,7,0,0,0,0,0,0,0,0,0,0,3,2,0,0,2,0,0,0,0,0,0
"GU11 1",5819,4149,1,3,2,0,0,0,0,1,0,7,15,19,155,6,10,109,4,4,7,3,7,1,1,0,0,1,0,1,1,0,0,0,4,0,0,0,0,4,0,0,0,5,18,4,10,0,1,2,7,0,1234,17,10,9,0,3,0,0,0,8,31,0,1151,5,98,4,11,4,0,1,1,6,0,69,2,29,0,0,0,0,55,0,0,0,0,6,1,0,3,1,0,21,3,0,7,13,9,9,4,3,1,0
"GU11 2",4233,3489,8,0,0,0,0,0,0,0,0,2,2,1,43,2,5,21,3,1,2,3,1,1,2,0,0,0,1,0,0,0,0,1,1,1,0,0,0,0,0,0,0,1,10,1,3,0,0,3,0,0,608,2,0,5,0,4,0,0,0,1,4,0,586,6,15,1,2,6,1,0,0,1,1,3,0,12,0,0,0,0,34,0,0,0,0,3,0,0,8,0,0,5,5,0,6,7,3,3,0,0,0,0
"GU11 3",11973,10890,2,5,0,2,0,0,0,2,1,21,18,25,210,17,11,119,4,3,18,7,4,9,4,2,1,2,1,1,2,0,4,1,11,10,0,0,0,1,0,0,0,6,14,14,28,0,1,1,25,1,606,30,5,15,1,6,15,1,5,6,19,0,496,7,87,0,11,14,0,0,0,5,0,54,3,1,0,0,0,0,29,0,0,0,0,0,0,0,0,0,0,12,6,0,4,7,4,4,2,2,0,0
"GU12 4",13884,12543,0,0,0,0,0,0,0,0,0,19,37,32,227,24,22,101,11,5,26,4,3,17,4,1,2,4,1,0,1,0,1,0,9,6,0,1,0,2,1,1,0,4,21,11,42,0,3,8,31,0,791,50,6,18,0,8,1,0,8,11,30,4,652,3,99,8,17,20,0,0,5,12,1,35,1,0,0,0,0,0,38,0,0,0,0,0,2,0,1,0,0,24,4,1,1,5,3,3,7,3,0,4
"GU12 5",7456,7184,3,0,0,0,0,0,0,0,0,19,1,10,96,6,13,47,4,1,8,0,0,7,0,3,3,0,1,2,1,0,0,0,13,0,1,1,10,1,0,0,0,6,5,12,13,3,0,3,7,0,33,7,0,3,0,3,6,0,2,1,0,1,10,0,40,1,10,14,1,0,0,2,2,9,1,0,0,0,0,0,14,0,0,0,0,0,4,0,0,0,0,7,2,0,1,0,6,6,1,1,0,0
"GU12 6",8867,8594,1,0,0,0,0,0,0,0,0,10,9,16,96,5,9,40,2,6,5,3,1,7,7,0,4,4,0,2,1,0,0,0,3,0,1,0,0,2,0,0,0,9,2,1,2,0,0,0,1,1,61,8,1,4,0,10,7,0,0,4,1,0,26,0,42,1,3,11,2,1,5,9,1,9,0,0,0,0,0,0,14,0,0,0,0,0,1,1,0,0,0,7,3,0,2,0,1,1,6,6,0,0
"GU14 0",7690,7186,2,0,0,0,0,0,0,0,0,9,6,4,111,14,6,44,4,5,9,4,0,11,2,3,0,0,1,6,1,0,1,0,6,1,2,2,1,0,0,0,0,3,4,6,7,0,0,4,0,3,275,17,2,7,0,9,2,0,1,5,3,0,226,3,56,2,6,19,2,0,5,4,1,16,1,0,0,0,0,0,9,0,0,0,0,1,0,0,0,0,0,4,2,0,0,2,2,2,4,3,1,0
"GU14 6",9023,8386,3,1,1,0,0,0,0,0,0,26,27,13,163,7,21,70,12,5,6,8,1,2,11,3,2,3,2,4,0,0,0,6,6,1,1,3,0,1,0,0,0,2,12,7,11,0,0,9,0,2,255,24,9,7,0,5,1,0,7,2,9,2,187,2,72,7,12,10,5,0,3,10,1,22,2,2,0,0,0,0,28,0,0,0,0,1,2,1,1,0,0,14,4,0,1,4,3,3,6,3,1,2
"GU14 7",5868,5464,0,0,0,0,0,0,0,0,0,10,10,12,103,11,9,46,6,6,5,0,0,7,4,2,0,1,3,2,0,0,0,1,4,0,1,2,0,1,0,0,0,2,13,4,7,0,1,4,0,2,174,20,7,0,0,11,2,0,19,9,12,0,87,7,49,1,3,17,3,2,3,4,2,11,3,0,0,0,0,0,12,0,0,0,0,1,1,0,0,0,0,8,2,0,0,0,0,0,4,0,3,1
"GU14 8",15680,13352,0,0,0,0,0,0,0,0,0,10,69,10,170,10,27,52,7,10,12,6,1,17,7,7,5,1,1,4,0,0,2,1,7,6,1,0,0,0,0,0,0,16,12,16,9,1,0,5,2,1,1848,20,12,6,0,25,9,0,3,14,4,2,1745,8,121,4,10,19,2,0,23,20,4,36,3,0,0,0,0,0,28,0,0,0,0,3,0,0,0,2,0,9,4,1,1,8,7,7,5,2,2,1
"GU14 9",14543,13626,2,1,0,0,0,0,0,1,0,23,34,15,162,12,16,51,12,14,20,0,0,7,11,8,6,0,1,3,0,0,1,0,6,5,1,0,0,0,1,1,0,14,16,9,2,0,0,1,1,0,506,14,10,4,0,11,10,0,3,8,7,0,433,6,93,1,11,20,1,3,8,10,3,36,0,0,0,0,0,0,27,0,0,0,1,5,0,0,0,0,0,15,6,0,0,0,1,1,5,5,0,0
"GU15 1",9596,9251,1,1,0,0,0,0,0,1,0,19,11,19,94,9,14,24,6,1,3,5,2,3,9,0,11,2,2,2,0,0,1,0,3,0,1,1,0,1,0,0,0,2,4,6,13,0,0,9,0,4,75,8,8,21,0,7,8,4,1,2,2,3,10,1,67,3,2,17,19,0,0,3,4,15,4,0,0,0,0,0,27,0,4,0,0,4,0,0,0,0,0,3,14,0,0,2,1,1,2,2,0,0
"GU15 2",9254,8461,0,0,0,0,0,0,0,0,0,18,22,13,155,7,27,42,21,6,7,2,1,16,6,1,8,2,6,2,1,0,0,0,13,7,1,3,0,2,0,0,0,12,10,21,20,0,0,17,2,1,409,60,23,33,1,19,12,8,6,18,5,0,221,3,78,1,5,13,9,0,0,7,0,38,5,0,1,0,0,0,17,0,0,0,0,0,5,1,0,0,0,8,1,0,1,1,2,2,2,0,0,2
"GU15 3",6457,5767,0,0,0,0,0,0,0,0,0,20,32,18,175,11,9,59,8,8,13,1,2,19,23,6,2,4,1,7,2,0,0,0,2,1,1,0,0,0,0,0,0,6,7,19,3,0,0,2,0,1,309,46,15,25,1,26,1,3,7,14,3,3,164,1,78,8,7,7,9,0,0,15,1,30,1,0,0,0,0,0,16,0,0,0,0,1,1,0,1,0,0,1,4,0,0,8,2,2,3,2,0,1
"GU15 4",8123,7292,3,1,0,0,0,0,0,1,0,13,38,12,151,14,11,63,12,2,9,5,1,8,6,1,8,3,4,2,2,0,0,0,7,5,1,0,0,1,0,0,0,4,13,16,7,0,0,3,3,1,475,23,11,5,0,35,4,5,3,16,5,6,359,3,63,3,9,6,9,0,3,12,5,13,3,4,0,0,0,0,19,0,0,2,0,0,0,0,1,0,0,11,2,1,0,2,2,2,3,3,0,0
"GU16 6",9887,9564,0,0,0,0,0,0,0,0,0,13,4,9,68,1,8,20,4,2,2,3,0,10,2,8,1,1,2,4,0,0,0,0,5,2,1,1,0,1,0,0,0,3,10,16,2,0,0,2,0,0,127,5,3,6,0,9,7,1,1,5,9,0,80,1,53,4,8,15,1,0,0,3,2,9,11,2,0,0,0,0,8,0,0,0,0,1,3,0,1,0,0,1,0,0,0,2,1,1,2,2,0,0
"GU16 7",1997,1730,0,0,0,0,0,0,0,0,0,3,14,2,36,7,1,5,3,2,1,0,0,0,7,1,6,0,3,0,0,0,0,0,0,0,0,0,0,0,0,0,0,1,1,2,4,0,1,3,0,0,108,8,2,4,0,16,3,3,0,4,13,1,52,2,84,0,5,1,0,0,0,3,0,70,5,0,0,0,0,0,11,0,0,0,0,0,0,0,0,0,0,2,7,0,1,1,1,1,0,0,0,0
"GU16 8",7397,7030,2,0,0,0,0,0,0,0,0,6,12,4,86,8,16,20,2,6,0,0,2,0,14,1,8,2,6,0,0,0,1,0,6,0,1,0,0,5,0,0,0,3,4,8,9,0,1,8,0,0,109,8,2,6,0,12,9,0,0,10,19,0,40,3,107,3,6,9,0,0,0,6,0,79,4,0,0,0,0,0,4,0,0,0,0,0,2,0,0,0,0,2,0,0,0,0,5,5,2,1,0,1
"GU16 9",3650,3504,0,0,0,0,0,0,0,0,0,5,1,7,42,4,7,9,5,1,3,0,0,3,0,2,4,1,0,3,0,0,0,0,3,1,2,0,0,0,0,0,0,9,1,0,5,0,0,0,0,5,34,7,4,1,0,0,0,0,3,3,9,3,3,1,33,2,6,4,5,1,0,1,0,13,1,0,0,0,0,0,4,0,0,0,0,0,0,0,0,0,0,2,2,0,0,0,0,0,2,2,0,0
"GU17 0",6961,6675,1,0,0,0,0,0,0,0,0,11,14,8,78,3,11,32,4,2,5,1,0,5,1,0,5,2,0,5,1,0,1,0,2,1,0,0,0,1,0,0,0,2,1,13,4,0,1,3,0,0,119,2,6,1,0,4,0,0,0,6,0,0,100,0,22,0,0,16,1,0,0,2,0,1,2,0,0,0,0,0,7,0,0,0,0,4,0,0,0,0,0,0,2,0,0,1,2,2,2,0,0,2
"GU17 9",3776,3576,0,0,0,0,0,0,0,0,0,10,4,2,57,4,4,16,6,3,5,3,1,7,0,2,2,1,1,0,0,0,2,0,0,0,0,0,0,0,0,0,0,2,5,0,5,0,1,2,0,2,73,8,4,0,0,11,0,0,0,2,0,0,48,0,23,1,7,4,0,1,0,4,1,5,0,2,0,0,0,0,13,0,0,0,0,0,0,0,4,0,0,1,5,0,0,3,1,1,3,2,0,1
"GU18 5",6592,6426,1,0,0,0,0,0,0,0,0,12,9,3,72,12,11,9,11,2,3,0,0,7,4,3,2,1,4,2,1,0,0,0,0,0,0,0,0,0,0,0,0,4,1,0,4,1,0,2,0,1,29,2,2,3,0,5,10,1,0,2,0,0,3,1,28,3,7,11,1,0,0,3,0,2,1,0,0,0,0,0,2,0,0,0,0,0,0,0,0,0,0,0,2,0,0,0,0,0,1,1,0,0
"GU19 5",5351,5124,0,0,0,0,0,0,0,0,0,8,8,18,110,6,4,48,26,3,1,0,0,5,0,4,3,4,2,2,0,2,0,0,7,1,4,1,0,1,0,0,0,7,2,4,13,1,0,3,8,1,27,9,0,7,0,4,4,1,0,2,0,0,0,0,18,1,5,6,0,1,0,4,1,0,0,0,0,0,0,0,5,0,0,0,0,0,0,0,0,0,0,0,3,0,0,2,0,0,0,0,0,0
"GU2  4",2683,2497,0,0,0,0,0,0,0,0,0,10,7,10,78,5,9,21,0,6,2,0,0,8,0,12,8,3,2,2,0,0,0,0,11,0,10,0,0,1,0,0,0,9,1,13,9,0,8,1,0,0,6,0,0,0,0,0,1,0,0,5,0,0,0,0,22,0,0,13,2,1,0,2,3,1,0,0,0,0,0,0,9,0,0,0,0,0,0,0,0,1,0,2,6,0,0,0,1,1,0,0,0,0
"GU2  7",10602,8351,5,0,0,0,0,0,0,0,0,69,33,74,658,49,46,59,18,5,14,16,2,11,21,392,9,7,3,1,1,1,2,1,22,2,1,2,1,16,0,0,0,43,57,126,102,1,2,87,4,8,213,30,30,4,0,19,7,1,0,34,16,10,58,4,808,31,71,510,15,23,28,29,73,24,4,0,0,0,0,0,29,0,0,1,0,0,4,5,2,1,0,3,3,7,0,3,8,8,4,4,0,0
"GU2  8",7961,7026,2,0,0,0,0,0,0,0,0,20,24,47,287,24,14,109,8,7,6,12,6,23,10,46,6,5,4,2,2,0,2,1,11,1,6,2,0,2,0,0,0,18,7,67,26,0,2,20,4,0,171,20,3,3,0,27,3,9,6,15,29,0,53,3,211,12,8,53,3,11,8,7,18,86,5,0,0,0,0,0,41,3,0,5,0,0,1,2,0,0,0,16,5,5,2,2,3,3,0,0,0,0
"GU2  9",11683,10569,4,1,1,0,0,0,0,0,0,35,30,80,276,35,27,81,15,13,11,6,3,16,10,27,10,11,5,1,4,0,1,0,11,0,4,0,1,6,1,1,0,17,16,148,47,2,2,28,8,7,187,36,15,5,0,19,17,7,10,42,7,5,17,7,219,8,11,91,5,15,3,17,44,22,3,0,0,0,0,0,32,0,0,0,0,1,2,4,2,1,2,5,12,2,0,1,3,3,7,7,0,0
"GU20 6",4238,4124,1,0,0,0,0,0,0,0,0,13,0,16,51,12,9,9,0,1,1,0,0,4,3,5,3,0,2,2,0,0,0,0,1,0,0,0,0,1,0,0,0,1,2,1,4,0,0,4,0,0,13,2,1,2,0,1,5,0,0,1,0,1,0,0,8,0,1,3,0,1,0,2,0,1,0,0,0,0,0,0,3,0,0,0,0,0,0,0,0,0,0,1,1,0,0,1,0,0,0,0,0,0
"GU21 2",11105,10404,0,1,1,0,0,0,0,0,0,23,28,37,190,34,29,70,2,4,8,3,0,10,0,6,13,2,4,2,1,0,2,0,5,1,0,0,0,4,0,0,0,20,5,22,40,2,0,36,1,1,145,55,11,20,1,10,12,0,4,10,2,4,5,11,154,11,13,45,5,12,0,27,5,29,7,0,0,0,0,0,27,0,0,0,1,0,0,0,0,0,0,2,17,4,0,3,2,2,2,2,0,0
"GU21 3",10534,9489,3,0,0,0,0,0,0,0,0,15,42,55,283,68,14,125,10,4,10,6,2,12,10,4,11,0,4,3,0,0,0,0,12,2,5,3,0,2,0,0,0,31,5,38,84,0,0,15,59,10,354,122,19,73,1,43,10,8,5,24,1,1,35,12,79,4,7,13,14,3,11,5,5,17,0,0,0,0,0,0,39,0,0,0,0,1,1,1,0,0,0,11,20,0,0,5,1,1,4,1,3,0
"GU21 4",9503,9008,0,1,0,0,0,0,0,1,0,35,20,36,154,38,16,36,2,2,6,1,0,2,2,6,30,2,4,6,0,0,1,0,12,0,2,1,0,9,0,0,0,11,10,8,18,2,0,10,2,4,101,27,9,18,1,18,1,0,4,2,1,2,5,13,59,2,2,26,9,2,0,3,2,13,0,0,0,0,0,0,24,0,0,0,0,0,0,0,0,0,1,3,17,1,1,1,1,1,5,5,0,0
"GU21 5",8129,5897,0,2,0,0,0,1,0,0,1,28,70,29,390,85,9,175,12,17,18,9,2,34,5,3,14,0,1,1,3,0,0,2,16,7,5,1,0,3,0,0,0,11,14,63,78,0,17,7,53,1,1398,564,35,323,7,50,13,2,16,23,81,4,245,35,78,7,3,16,2,5,2,4,1,35,3,0,0,0,0,0,46,5,0,1,1,3,3,0,1,0,0,16,8,0,2,6,3,3,6,4,2,0
"GU21 6",2192,1656,0,1,0,0,0,0,0,1,0,14,37,19,202,52,8,61,21,5,9,5,0,19,5,7,1,3,0,1,0,0,3,2,2,0,0,0,0,2,0,0,0,16,7,25,26,0,1,21,2,2,126,29,22,3,0,7,10,8,2,10,7,5,19,4,48,6,4,12,5,3,1,8,0,9,0,0,0,0,0,0,10,0,0,0,0,2,0,0,0,0,0,5,1,0,1,1,3,3,0,0,0,0
"GU21 7",1968,1856,0,0,0,0,0,0,0,0,0,10,7,4,41,16,5,7,2,1,0,0,0,5,2,0,3,0,0,0,0,0,0,0,4,1,0,2,0,1,0,0,0,4,3,5,2,0,0,2,0,0,11,3,0,1,0,3,1,0,0,0,3,0,0,0,7,0,1,0,5,0,1,0,0,0,0,0,0,0,0,0,11,0,0,0,0,3,0,0,0,2,0,0,5,0,0,1,1,1,2,2,0,0
"GU21 8",4001,3845,1,0,0,0,0,0,0,0,0,8,7,12,62,15,3,10,1,4,7,5,3,10,0,1,2,0,0,0,1,0,0,0,1,1,0,0,0,0,0,0,0,5,1,0,0,0,0,0,0,0,28,2,1,2,0,2,7,2,3,4,0,5,0,0,22,0,6,7,2,0,0,2,0,5,0,0,0,2,2,0,7,0,0,0,0,0,0,0,0,0,0,0,3,2,0,2,0,0,0,0,0,0
"GU22 0",6746,6267,1,0,0,0,0,0,0,0,0,36,9,9,216,38,34,49,9,10,5,1,0,9,0,5,44,4,2,2,3,0,1,0,4,1,0,0,0,3,0,0,0,14,2,8,15,0,3,12,0,0,76,23,14,8,0,5,16,2,0,1,0,0,4,3,41,4,4,8,7,3,0,3,0,11,1,0,0,0,0,0,45,0,1,0,0,3,0,1,2,0,0,11,22,0,0,5,2,2,1,1,0,0
"GU22 7",8413,7116,3,1,1,0,0,0,0,0,0,64,41,65,503,86,40,166,22,14,10,12,0,29,9,12,70,9,6,9,5,0,3,1,33,11,18,1,0,3,0,0,0,38,7,50,30,1,3,15,11,0,304,72,34,27,0,24,11,22,7,22,27,4,37,17,106,7,6,34,12,0,5,13,2,25,2,2,0,0,0,0,46,2,0,0,0,0,1,2,5,0,0,14,18,1,0,3,3,3,1,1,0,0
"GU22 8",9244,8035,0,0,0,0,0,0,0,0,0,28,24,30,325,80,13,104,13,7,10,8,3,14,4,4,59,2,2,0,1,0,1,0,11,2,1,3,0,5,0,0,0,7,3,26,44,0,3,5,36,0,613,237,5,216,8,13,8,0,0,20,24,2,78,2,62,11,4,19,4,4,1,1,0,14,4,0,0,0,0,0,22,0,0,0,0,0,1,0,0,1,0,2,3,5,4,6,11,11,3,1,0,2
"GU22 9",7552,7079,0,0,0,0,0,0,0,0,0,28,12,26,175,45,9,66,8,2,7,4,0,7,3,0,5,8,4,6,1,0,0,0,5,5,0,0,0,0,0,0,0,13,3,5,12,0,6,6,0,0,116,33,5,8,0,15,7,0,2,22,0,1,17,6,50,1,3,18,1,0,1,5,7,10,4,0,0,0,0,0,25,0,0,0,0,0,1,2,0,0,0,8,7,6,0,1,1,1,2,1,0,1
"GU23 6",3711,3630,1,0,0,0,0,0,0,0,0,7,6,5,42,5,5,15,1,0,0,0,0,1,2,0,9,2,1,1,0,0,0,0,2,0,0,1,1,0,0,0,0,2,3,0,2,0,0,1,0,1,4,3,0,0,0,1,0,0,0,0,0,0,0,0,6,0,0,0,0,0,4,1,0,1,0,0,0,0,0,0,1,0,0,0,0,0,0,0,0,0,0,0,0,0,0,1,0,0,0,0,0,0
"GU23 7",2943,2851,1,0,0,0,0,0,0,0,0,9,10,11,37,6,6,3,1,1,1,2,1,1,0,0,5,7,0,1,2,0,0,0,0,0,0,0,0,0,0,0,0,2,2,0,1,1,0,0,0,0,5,3,0,0,0,2,0,0,0,0,0,0,0,0,10,1,0,1,1,0,1,3,0,3,0,0,0,2,1,1,1,0,0,1,0,0,0,0,0,0,0,0,0,0,0,0,0,0,1,1,0,0
"GU24 0",4684,4500,1,0,0,0,0,0,0,0,0,4,2,7,49,5,9,13,2,2,0,0,2,4,0,2,4,4,1,1,0,0,0,0,1,0,0,0,0,1,0,0,0,3,1,7,11,0,0,11,0,0,36,1,0,0,1,5,2,0,0,2,0,1,24,0,17,0,4,4,0,0,0,4,3,1,1,21,0,0,0,0,20,0,0,0,0,0,0,0,0,0,0,1,8,0,0,11,4,4,0,0,0,0
"GU24 8",4065,3929,0,0,0,0,0,0,0,0,0,11,4,12,53,2,10,9,2,0,5,1,1,4,1,2,4,8,1,3,0,0,0,0,5,0,0,0,0,5,0,0,0,0,6,3,5,2,0,1,1,1,14,3,0,0,0,7,0,1,1,1,0,1,0,0,16,5,1,1,1,0,0,2,0,5,1,0,0,0,0,0,5,0,0,0,0,1,0,0,1,0,0,1,2,0,0,0,2,2,0,0,0,0
"GU24 9",8421,8218,3,0,0,0,0,0,0,0,0,13,3,7,83,9,17,28,2,2,3,0,1,10,0,2,5,3,0,0,1,0,0,0,7,1,4,0,0,2,0,0,0,3,1,6,9,0,0,9,0,0,25,5,3,5,1,0,6,0,0,3,0,2,0,0,29,4,9,3,3,0,2,3,1,3,1,0,0,0,0,0,11,1,0,1,0,0,0,0,0,0,0,3,6,0,0,0,3,3,0,0,0,0
"GU25 4",5293,4713,2,0,0,0,0,0,0,0,0,24,32,49,221,31,23,57,14,4,12,2,6,5,5,0,30,14,16,1,1,0,0,0,7,0,0,1,0,6,0,0,0,65,18,17,10,0,0,6,0,4,43,4,6,12,0,1,8,0,1,1,0,2,5,3,71,4,2,14,2,10,0,9,11,18,1,0,0,0,0,0,17,0,0,0,0,0,0,0,0,0,0,3,13,0,0,1,3,3,1,0,1,0
"GU26 6",7274,6970,0,0,0,0,0,0,0,0,0,5,15,9,155,4,7,64,20,7,10,2,1,5,11,1,9,5,4,0,5,0,0,0,3,0,0,0,1,2,0,0,0,9,5,1,12,0,0,7,5,0,15,7,0,1,0,2,1,0,0,0,4,0,0,0,59,1,10,25,2,1,3,4,0,13,0,0,0,0,0,0,10,0,0,0,0,0,0,0,0,0,0,3,4,0,2,1,5,5,1,0,0,1
"GU27 1",6502,6279,0,0,0,0,0,0,0,0,0,16,17,20,91,6,7,23,6,8,3,2,1,5,12,2,8,3,0,4,0,0,1,0,5,0,0,2,0,3,0,0,0,1,1,3,8,1,0,7,0,0,23,6,0,1,0,5,2,0,0,1,0,0,8,0,29,0,3,9,3,0,0,2,0,12,0,0,0,0,0,0,6,0,0,0,0,0,0,0,0,0,0,2,0,0,0,4,1,1,2,2,0,0
"GU27 2",4860,4746,0,0,0,0,0,0,0,0,0,12,3,11,50,5,12,2,1,1,1,2,0,3,7,1,9,4,2,0,0,0,0,0,3,1,0,0,1,1,0,0,0,5,0,2,6,0,0,5,0,1,4,0,0,1,0,1,2,0,0,0,0,0,0,0,13,0,0,0,1,0,0,4,0,8,0,0,0,0,0,0,5,0,0,0,0,0,0,0,0,0,0,1,3,0,0,1,0,0,0,0,0,0
"GU27 3",5709,5607,0,0,0,0,0,0,0,0,0,9,2,5,45,2,3,9,4,6,3,1,1,5,2,1,0,1,5,1,0,0,0,1,0,0,0,0,0,0,0,0,0,5,2,2,2,0,0,2,0,0,15,0,2,0,0,0,0,0,2,2,9,0,0,0,10,1,0,2,2,0,0,3,0,2,0,0,0,0,0,0,5,0,0,0,0,0,0,0,0,0,0,1,4,0,0,0,0,0,0,0,0,0
"GU28 0",3643,3540,0,0,0,0,0,0,0,0,0,7,0,11,52,4,7,18,0,7,3,0,0,1,3,0,3,0,5,0,1,0,0,0,3,1,1,1,0,0,0,0,0,4,0,1,0,0,0,0,0,0,11,0,0,0,0,0,3,0,0,2,0,4,2,0,12,0,0,8,0,0,0,1,0,3,0,0,0,0,0,0,2,0,0,0,0,0,0,0,0,0,0,0,2,0,0,0,0,0,0,0,0,0
"GU28 9",2796,2760,0,2,0,1,0,0,0,1,0,2,0,0,17,1,1,4,2,5,0,0,0,0,0,0,0,2,0,1,0,0,0,1,0,0,0,0,0,0,0,0,0,1,0,0,0,0,0,0,0,0,7,0,4,0,0,0,0,1,0,0,0,0,2,0,6,0,0,4,0,0,0,1,0,1,0,0,0,0,0,0,0,0,0,0,0,0,0,0,0,0,0,0,0,0,0,0,0,0,1,1,0,0
"GU29 0",3124,3081,2,0,0,0,0,0,0,0,0,6,0,4,11,1,1,2,0,0,0,0,0,2,0,1,3,0,1,0,0,0,0,0,1,0,0,0,0,1,0,0,0,3,2,2,0,0,0,0,0,0,2,0,1,0,0,0,0,0,0,0,0,1,0,0,9,0,0,0,1,0,0,6,0,2,0,0,0,0,0,0,1,0,0,0,0,0,0,0,0,0,0,0,1,0,0,0,0,0,0,0,0,0
"GU29 9",5710,5563,0,0,0,0,0,0,0,0,0,7,8,11,91,10,1,67,3,2,2,0,1,0,0,0,4,0,0,0,0,1,0,0,1,0,1,0,0,0,0,0,0,0,3,3,0,0,0,0,0,0,12,0,0,0,0,1,4,0,0,7,0,0,0,0,5,0,2,2,0,0,1,0,0,0,0,0,0,0,0,0,4,0,0,0,0,0,0,0,0,0,0,0,4,0,0,0,0,0,2,1,1,0
"GU3  1",2358,2312,0,0,0,0,0,0,0,0,0,3,1,2,27,1,3,11,0,2,0,0,0,1,1,1,2,3,1,1,0,0,0,0,1,0,0,0,0,1,0,0,0,1,2,0,0,0,0,0,0,0,5,0,0,0,0,2,3,0,0,0,0,0,0,0,1,0,0,0,0,0,0,1,0,0,0,0,0,0,0,0,3,0,0,0,0,0,0,0,0,0,0,0,3,0,0,0,0,0,0,0,0,0
"GU3  2",2352,2315,0,1,0,0,0,0,0,1,0,7,2,2,13,5,1,0,0,0,1,0,0,0,2,0,3,1,0,0,0,0,0,0,0,0,0,0,0,0,0,0,0,1,0,2,0,0,0,0,0,0,2,0,0,0,0,0,0,0,0,0,0,0,2,0,4,0,0,0,0,3,0,1,0,0,0,0,0,0,0,0,0,0,0,0,0,0,0,0,0,0,0,0,0,0,0,0,3,3,0,0,0,0
"GU3  3",5992,5714,0,0,0,0,0,0,0,0,0,11,4,25,88,10,10,12,15,4,3,6,0,7,4,8,3,1,0,2,1,0,2,0,1,1,0,0,0,0,0,0,0,8,7,29,12,1,0,11,0,0,29,4,3,0,0,3,2,0,4,6,0,0,7,0,56,0,0,23,6,7,0,5,7,8,0,0,2,0,0,0,3,0,0,0,0,0,0,0,0,0,0,0,3,0,0,0,1,1,2,1,0,1
"GU30 7",8812,8573,1,1,1,0,0,0,0,0,0,18,13,7,116,3,4,40,6,6,13,7,4,8,8,2,6,4,4,1,0,0,0,0,1,0,1,0,0,0,0,0,0,9,0,0,2,2,0,0,0,0,28,1,3,3,0,4,0,0,2,5,3,0,7,0,33,3,7,4,6,0,0,0,0,13,0,0,0,0,0,0,8,0,0,0,0,0,0,0,1,0,0,1,2,0,0,4,1,1,1,0,1,0
"GU31 4",7378,7209,0,0,0,0,0,0,0,0,0,10,5,2,87,3,20,40,0,1,7,1,0,9,1,1,1,1,1,1,0,0,0,0,1,0,0,0,0,1,0,0,0,3,1,0,5,1,0,0,0,4,19,1,0,0,0,3,2,0,0,0,9,0,4,0,30,5,2,8,3,1,3,2,1,4,1,0,0,0,0,0,3,0,0,0,0,0,1,0,0,0,0,1,0,0,0,1,0,0,3,1,0,2
"GU31 5",3496,3422,0,0,0,0,0,0,0,0,0,4,25,6,23,1,6,2,0,2,4,0,0,2,0,0,4,1,0,0,0,1,0,0,1,0,1,0,0,0,0,0,0,0,0,0,1,0,0,1,0,0,4,0,0,0,0,2,0,0,0,0,1,1,0,0,1,0,0,0,1,0,0,0,0,0,0,3,0,0,0,0,6,0,0,0,0,0,0,0,0,0,0,0,6,0,0,0,0,0,0,0,0,0
"GU32 1",3232,3188,0,0,0,0,0,0,0,0,0,7,5,2,16,3,1,5,0,0,0,1,0,0,0,0,4,0,1,1,0,0,0,0,1,0,1,0,0,0,0,0,0,2,0,1,0,0,0,0,0,0,4,0,2,0,0,1,0,0,0,0,1,0,0,0,3,1,0,0,1,0,0,1,0,0,0,0,0,0,0,0,1,0,0,0,0,0,0,0,0,0,0,0,0,0,0,1,0,0,2,1,0,1
"GU32 2",3736,3628,0,0,0,0,0,0,0,0,0,10,3,4,46,0,7,23,1,0,0,0,0,4,8,0,0,1,1,0,0,1,0,0,0,0,0,0,0,0,0,0,0,2,1,1,2,0,0,2,0,0,12,1,2,0,0,2,0,0,0,0,6,0,1,0,21,0,0,2,3,1,0,2,0,13,0,0,0,0,0,0,6,0,0,0,0,0,0,0,0,0,0,6,0,0,0,0,0,0,0,0,0,0
"GU32 3",4626,4432,0,0,0,0,0,0,0,0,0,6,3,7,72,3,6,42,6,0,3,1,0,1,6,0,1,2,1,0,0,0,0,0,4,1,0,0,0,3,0,0,0,2,3,2,3,0,0,3,0,0,58,0,9,0,0,7,0,0,0,0,31,0,10,1,25,0,1,8,3,1,0,4,0,7,1,0,0,0,0,0,3,0,0,1,0,0,0,0,0,0,0,1,0,0,0,1,3,3,3,2,0,1
"GU33 6",1883,1848,0,1,0,0,0,0,0,1,0,4,1,0,17,0,2,3,1,0,0,0,1,3,2,0,5,0,0,0,0,0,0,0,0,0,0,0,0,0,0,0,0,1,0,0,0,0,0,0,0,0,3,0,0,0,0,3,0,0,0,0,0,0,0,0,5,0,1,0,1,1,0,1,0,0,1,2,0,0,0,0,0,0,0,0,0,0,0,0,0,0,0,0,0,0,0,0,0,0,1,0,1,0
"GU33 7",6306,6140,0,0,0,0,0,0,0,0,0,18,3,0,61,4,11,18,1,1,7,1,0,2,6,1,1,3,3,1,1,0,0,0,1,0,0,0,0,1,0,0,0,4,4,2,4,1,0,3,0,0,10,0,0,0,0,7,2,0,0,1,0,0,0,0,35,0,3,6,0,1,0,2,0,21,2,0,0,0,0,0,18,0,0,0,0,0,0,0,0,0,0,12,1,0,0,5,3,3,3,2,0,1
"GU34 1",6227,6033,0,0,0,0,0,0,0,0,0,7,3,8,82,6,4,54,0,5,1,3,2,1,1,1,1,1,1,1,0,0,0,0,1,0,0,0,0,1,0,0,0,5,13,3,0,0,0,0,0,0,20,1,0,0,0,5,1,0,0,0,5,0,8,0,47,2,0,4,2,0,1,13,0,25,0,0,0,0,0,0,1,0,0,0,0,0,0,0,0,0,0,1,0,0,0,0,1,1,3,0,0,3
"GU34 2",9843,9513,0,0,0,0,0,0,0,0,0,15,12,10,135,6,6,83,2,2,2,5,3,5,7,5,2,0,2,0,4,0,0,1,1,0,1,0,0,0,0,0,0,8,13,3,1,1,0,0,0,0,39,0,3,1,0,10,1,0,2,2,17,0,2,1,76,2,0,6,5,0,0,2,0,61,0,1,0,0,0,0,11,0,0,0,0,0,0,0,0,0,0,8,3,0,0,0,1,1,4,3,1,0
"GU34 3",2419,2390,0,0,0,0,0,0,0,0,0,3,1,0,8,0,4,1,0,0,0,1,0,0,0,0,1,1,0,0,0,0,0,0,1,0,0,0,0,1,0,0,0,1,0,1,0,0,0,0,0,0,3,2,0,0,0,0,0,0,0,0,0,1,0,0,7,0,0,2,0,0,0,3,0,2,0,0,0,0,0,0,3,0,0,0,0,0,0,0,0,0,0,0,2,0,0,1,0,0,1,1,0,0
"GU34 4",3820,3757,0,0,0,0,0,0,0,0,0,9,1,3,30,3,1,10,3,1,0,0,0,3,0,0,4,0,3,1,0,0,1,0,2,0,0,0,0,2,0,0,0,0,1,1,0,0,0,0,0,0,6,0,0,0,0,1,0,0,0,0,4,0,1,0,4,0,0,1,1,0,0,1,0,0,1,0,0,0,0,0,5,0,0,0,0,0,1,0,0,0,0,3,1,0,0,0,0,0,1,1,0,0
"GU34 5",6572,6474,1,0,0,0,0,0,0,0,0,9,2,3,43,6,4,14,5,0,2,2,0,0,1,1,6,1,1,0,0,0,0,0,2,0,0,0,0,2,0,0,0,4,0,1,0,0,0,0,0,0,25,0,4,3,0,2,3,0,0,0,3,0,10,0,3,0,0,0,0,0,0,0,1,1,1,0,0,0,0,0,4,0,0,0,0,0,0,0,0,0,0,1,3,0,0,0,1,1,0,0,0,0
"GU35 0",10679,10145,0,2,0,0,0,0,0,2,0,3,9,4,234,3,24,126,5,7,26,13,0,2,10,6,8,2,1,0,0,0,1,0,3,0,2,0,0,1,0,0,0,3,5,2,4,0,4,0,0,0,67,0,3,0,0,6,4,0,0,1,1,0,50,2,144,7,8,12,2,0,0,8,0,103,4,3,0,0,0,0,44,0,0,0,0,1,0,0,1,0,0,23,11,0,0,8,0,0,7,0,0,7
"GU35 8",5461,5321,2,0,0,0,0,0,0,0,0,9,0,8,49,1,6,14,2,4,4,3,0,4,1,3,2,3,0,2,0,0,0,0,3,0,3,0,0,0,0,0,0,3,9,0,1,0,0,1,0,0,16,0,0,0,0,3,0,0,0,0,0,0,13,0,33,3,4,2,2,0,0,1,0,19,2,0,0,0,0,0,6,0,0,0,0,0,1,0,0,0,0,5,0,0,0,0,0,0,1,0,0,1
"GU35 9",6062,5848,1,0,0,0,0,0,0,0,0,6,1,1,114,1,14,57,0,0,18,12,1,5,0,0,3,3,0,0,0,0,0,0,4,0,0,2,1,1,0,0,0,4,5,4,1,0,1,0,0,0,10,0,0,0,0,3,2,0,1,0,0,1,3,0,44,0,1,12,1,0,0,0,0,30,0,0,0,0,0,0,15,0,0,0,0,0,0,1,0,0,0,10,0,0,0,4,3,3,1,1,0,0
"GU4  7",10373,9823,6,1,0,0,0,0,0,1,0,24,14,36,180,25,19,61,6,3,2,0,2,18,4,9,12,13,3,2,1,0,0,0,9,1,5,1,0,2,0,0,0,8,12,67,34,1,1,24,3,5,75,12,6,8,0,3,14,0,0,12,3,3,14,0,59,2,2,32,4,5,3,6,2,3,0,0,0,0,0,0,17,0,0,0,0,0,5,0,0,0,0,2,9,0,0,1,6,6,2,1,0,1
"GU4  8",4930,4790,1,0,0,0,0,0,0,0,0,4,6,4,80,6,12,39,1,2,4,0,1,1,2,0,7,2,0,1,0,0,2,0,1,0,0,1,0,0,0,0,0,6,0,3,3,1,0,2,0,0,13,2,1,0,0,3,5,0,0,0,0,0,2,0,12,1,0,7,0,0,0,1,0,2,1,0,0,0,0,0,7,0,0,0,0,0,0,0,1,0,0,2,4,0,0,0,0,0,0,0,0,0
"GU46 6",11000,10776,0,0,0,0,0,0,0,0,0,16,11,8,87,14,19,13,1,1,6,0,2,3,5,5,3,1,9,5,0,0,0,0,6,0,1,1,1,3,0,0,0,3,0,0,5,1,0,4,0,0,51,1,0,1,0,4,1,0,1,5,1,2,32,3,21,0,4,6,3,0,0,5,1,2,0,0,0,0,0,0,10,0,0,0,0,0,0,0,0,0,0,0,4,2,0,4,0,0,6,4,1,1
"GU46 7",3374,3307,1,1,1,0,0,0,0,0,0,3,5,3,22,1,3,0,9,4,2,0,0,0,1,0,1,0,0,0,0,0,0,1,0,0,0,0,0,0,0,0,0,0,1,4,0,0,0,0,0,0,15,0,0,1,0,1,0,0,1,1,0,0,11,0,9,0,1,4,1,0,0,2,0,1,0,0,0,0,0,0,2,0,0,0,0,0,0,0,0,0,0,0,2,0,0,0,1,1,0,0,0,0
"GU47 0",10265,9569,1,1,0,0,0,0,0,1,0,14,7,13,99,6,7,42,4,2,3,0,1,16,1,3,7,3,3,1,0,0,0,0,5,0,2,1,0,2,0,0,0,6,8,10,1,0,0,1,0,0,463,9,8,18,0,10,11,0,1,10,0,2,392,2,49,0,3,12,1,0,0,8,3,20,2,3,1,0,0,0,12,0,0,0,0,0,0,0,0,0,0,10,1,1,0,0,3,3,0,0,0,0
"GU47 8",4270,4180,0,0,0,0,0,0,0,0,0,8,2,4,34,2,3,12,2,1,0,1,0,2,1,2,5,1,1,0,1,0,0,0,2,0,2,0,0,0,0,0,0,5,1,4,1,0,0,1,0,0,26,5,2,0,0,4,2,0,1,2,0,0,10,0,1,0,0,1,0,0,0,0,0,0,0,0,0,0,0,0,2,0,0,0,0,0,0,0,0,0,0,0,2,0,0,0,0,0,0,0,0,0
"GU47 9",3614,3441,0,0,0,0,0,0,0,0,0,0,7,3,39,0,3,15,1,6,1,0,0,1,2,0,0,3,0,6,0,0,1,0,0,0,0,0,0,0,0,0,0,4,4,11,2,0,1,1,0,0,81,2,0,1,0,2,0,0,0,1,0,0,75,0,9,0,2,0,3,0,0,1,0,3,0,0,0,0,0,0,11,0,0,0,0,1,3,0,2,0,0,1,4,0,0,0,0,0,2,1,0,1
"GU5  0",6731,6494,2,0,0,0,0,0,0,0,0,17,18,9,79,7,15,26,3,2,1,4,1,4,1,1,10,1,2,1,0,0,0,0,11,0,1,1,3,6,0,0,0,5,3,40,1,0,0,0,1,0,9,2,0,0,0,6,0,0,0,0,1,0,0,0,35,2,9,9,3,0,0,6,0,6,0,0,0,0,0,0,5,0,0,0,0,2,0,0,0,0,0,2,0,0,0,1,3,3,0,0,0,0
"GU5  9",4123,4014,1,1,0,0,0,1,0,0,0,11,1,10,59,3,15,21,1,1,0,0,2,3,0,1,9,1,0,1,1,0,0,0,3,0,1,0,0,2,0,0,0,0,0,11,0,0,0,0,0,0,5,0,0,3,0,0,0,0,0,0,0,0,2,0,2,0,0,0,0,0,0,1,0,1,0,0,0,0,0,0,4,0,0,0,0,0,0,0,0,0,0,2,1,0,0,1,1,1,0,0,0,0
"GU51 1",4807,4479,0,0,0,0,0,0,0,0,0,9,39,13,86,1,12,21,1,5,0,1,0,6,4,5,7,5,6,12,0,0,0,0,0,0,0,0,0,0,0,0,0,8,7,2,8,0,0,3,5,0,100,4,17,7,0,11,14,1,2,12,3,4,25,0,19,2,6,6,5,0,0,0,0,0,0,0,0,0,0,0,33,0,0,0,0,0,0,0,0,0,0,1,32,0,0,0,2,2,2,2,0,0
"GU51 2",2422,2278,0,0,0,0,0,0,0,0,0,5,1,8,30,4,3,7,2,0,3,3,0,0,0,0,0,3,0,4,0,0,0,1,6,0,5,1,0,0,0,0,0,1,1,4,0,0,0,0,0,0,53,0,13,3,0,11,2,0,8,5,2,3,4,2,25,0,1,12,1,1,0,5,0,5,0,7,0,0,0,0,1,0,0,0,0,0,0,0,0,0,0,0,1,0,0,0,2,2,0,0,0,0
"GU51 3",8225,7859,3,0,0,0,0,0,0,0,0,15,3,11,159,6,13,72,8,6,7,5,0,7,4,4,1,12,3,10,0,0,0,1,3,0,1,0,0,2,0,0,0,4,2,8,3,1,0,2,0,0,94,3,16,2,0,11,0,0,0,13,4,1,44,0,51,2,4,20,5,0,2,8,1,8,1,0,0,0,0,0,6,0,0,0,0,0,0,0,0,0,0,3,3,0,0,0,1,1,3,2,0,1
"GU51 4",3957,3804,1,1,0,1,0,0,0,0,0,10,12,6,51,4,11,17,2,2,1,0,0,1,2,3,0,2,1,5,0,0,0,0,0,0,0,0,0,0,0,0,0,2,4,3,3,0,0,3,0,0,35,1,2,1,0,1,0,3,0,4,0,0,23,0,15,1,5,4,1,0,0,2,0,2,0,1,0,0,0,0,4,0,0,0,0,0,0,0,0,2,0,0,2,0,0,0,0,0,5,3,0,2
"GU51 5",3168,3073,0,0,0,0,0,0,0,0,0,3,7,6,33,1,3,17,3,2,1,0,0,1,0,2,1,0,2,0,0,0,0,0,1,1,0,0,0,0,0,0,0,4,0,6,2,0,0,2,0,0,22,4,4,0,0,1,0,0,2,1,0,0,10,0,8,0,1,3,1,0,1,1,0,1,0,0,0,0,0,0,3,0,0,0,0,0,0,0,0,0,0,0,3,0,0,0,0,0,0,0,0,0
"GU52 0",2340,2281,0,0,0,0,0,0,0,0,0,6,5,1,33,8,6,4,1,4,1,0,1,6,0,1,0,0,0,1,0,0,0,0,0,0,0,0,0,0,0,0,0,1,0,0,1,0,0,1,0,0,5,0,0,0,0,0,0,0,0,4,0,1,0,0,7,1,0,0,3,2,0,1,0,0,0,0,0,0,0,0,0,0,0,0,0,0,0,0,0,0,0,0,0,0,0,0,0,0,0,0,0,0
"GU52 6",7342,7205,0,0,0,0,0,0,0,0,0,6,7,6,61,5,5,21,3,2,3,0,0,4,1,3,3,2,8,1,0,0,0,0,3,2,0,0,0,1,0,0,0,1,1,2,0,0,0,0,0,0,18,0,0,3,0,4,1,0,0,2,2,0,6,0,24,0,9,7,5,0,0,3,0,0,0,0,0,0,0,0,7,0,0,0,0,0,0,0,0,0,0,0,7,0,0,0,1,1,0,0,0,0
"GU52 7",3179,3132,1,0,0,0,0,0,0,0,0,6,1,3,9,0,2,1,0,2,1,0,0,0,0,0,1,1,1,0,0,0,0,0,1,0,1,0,0,0,0,0,0,1,0,2,1,0,0,1,0,0,13,0,0,3,0,0,0,0,0,0,0,5,5,0,4,2,1,0,0,0,0,0,0,1,0,0,0,0,0,0,5,0,0,0,0,0,0,0,0,0,0,0,5,0,0,0,0,0,0,0,0,0
"GU52 8",2502,2411,2,0,0,0,0,0,0,0,0,1,3,8,20,0,5,7,1,0,1,1,0,0,2,0,2,1,0,0,0,0,0,0,1,1,0,0,0,0,0,0,0,0,1,1,0,0,0,0,0,0,43,1,0,1,0,3,0,0,0,0,0,1,37,0,2,0,1,1,0,0,0,0,0,0,0,4,0,0,0,0,5,0,0,0,0,2,0,0,1,0,0,0,2,0,0,0,0,0,0,0,0,0
"GU6  7",7865,7722,3,0,0,0,0,0,0,0,0,14,13,10,51,1,5,20,4,2,0,0,0,3,0,1,8,0,3,0,2,0,2,0,1,0,0,0,0,1,0,0,0,1,0,1,0,0,0,0,0,0,5,1,0,0,0,3,0,0,0,0,0,1,0,0,38,0,2,7,10,0,0,1,0,15,3,0,0,0,0,0,3,0,0,0,0,0,0,0,0,1,0,1,1,0,0,0,1,1,2,1,0,1
"GU6  8",5963,5779,3,0,0,0,0,0,0,0,0,12,26,7,69,2,10,18,5,3,2,0,4,10,2,3,4,2,0,0,4,0,0,0,1,0,0,1,0,0,0,0,0,5,1,1,0,0,0,0,0,0,10,0,0,0,0,2,4,0,0,3,0,1,0,0,45,0,2,3,15,5,0,2,1,17,0,0,0,0,0,0,1,0,0,0,0,0,0,0,0,0,0,0,1,0,0,0,2,2,1,0,0,1
"GU7  1",7272,6998,2,0,0,0,0,0,0,0,0,22,9,27,129,31,12,27,7,3,6,2,0,19,7,4,3,2,4,0,1,1,0,0,8,2,2,0,0,4,0,0,0,9,4,2,3,2,0,1,0,0,16,2,1,0,0,0,5,0,0,0,6,2,0,0,29,1,3,10,3,0,0,4,0,8,0,0,0,0,0,0,12,0,0,0,0,0,0,0,0,0,0,5,5,0,0,2,2,2,0,0,0,0
"GU7  2",6765,6478,1,0,0,0,0,0,0,0,0,13,8,19,110,19,12,29,5,2,3,0,0,12,8,3,8,5,2,0,1,0,0,1,7,0,2,2,0,3,0,0,0,21,4,3,5,0,1,1,0,3,15,3,3,0,0,2,3,1,0,0,2,0,1,0,73,6,7,34,3,9,1,7,2,4,0,0,0,0,0,0,5,1,0,0,0,0,0,0,0,0,0,0,2,0,0,2,1,1,2,1,0,1
"GU7  3",7778,7539,1,1,0,0,0,0,1,0,0,13,7,29,120,14,12,25,14,4,1,0,0,14,25,2,2,5,0,1,1,0,0,0,4,0,3,0,0,1,0,0,0,2,4,2,2,0,0,2,0,0,16,0,4,0,0,1,5,0,0,4,2,0,0,0,34,2,2,7,0,3,0,5,0,9,6,0,0,0,0,0,4,0,0,0,0,0,0,0,0,0,0,0,4,0,0,0,0,0,0,0,0,0
"GU8  4",5520,5318,1,0,0,0,0,0,0,0,0,16,5,9,110,4,5,29,5,19,6,3,3,11,5,0,10,3,3,3,0,0,1,0,15,0,5,9,0,1,0,0,0,9,1,2,2,0,0,1,0,1,17,6,1,0,0,3,0,0,0,6,0,0,1,0,10,0,0,4,0,0,1,0,0,5,0,0,0,0,0,0,5,1,0,0,0,0,0,0,0,0,0,0,3,0,0,1,0,0,0,0,0,0
"GU8  5",7847,7609,1,0,0,0,0,0,0,0,0,14,9,15,108,15,27,13,6,7,0,6,2,8,6,2,7,2,4,1,0,0,1,1,8,0,1,4,0,3,0,0,0,6,8,0,0,0,0,0,0,0,14,6,0,0,0,1,0,0,2,0,4,0,1,0,50,3,3,16,6,10,3,4,0,5,0,0,0,0,0,0,5,0,0,0,0,0,0,0,0,0,0,2,3,0,0,0,0,0,0,0,0,0
"GU8  6",3694,3594,0,0,0,0,0,0,0,0,0,3,7,8,40,6,12,10,1,2,2,0,0,1,2,1,2,0,1,0,0,0,0,0,2,0,0,0,0,2,0,0,0,3,1,2,4,0,0,3,0,1,2,1,0,0,0,0,1,0,0,0,0,0,0,0,21,0,4,3,0,3,0,6,0,5,0,0,0,0,0,0,3,0,0,0,0,0,0,0,0,0,0,0,0,0,0,3,0,0,4,3,0,1
"GU9  0",7162,6924,0,1,0,0,0,1,0,0,0,11,17,11,119,4,12,55,10,5,2,7,0,1,6,3,7,3,2,1,0,0,0,1,4,0,0,0,0,4,0,0,0,7,0,1,9,1,4,4,0,0,34,4,4,5,0,9,3,0,0,0,4,0,5,0,16,1,2,5,2,0,0,5,0,0,1,0,0,0,0,0,6,0,0,0,0,1,0,0,0,0,0,0,2,0,0,3,1,1,1,0,0,1
"GU9  7",4978,4765,2,0,0,0,0,0,0,0,0,23,10,8,103,5,13,14,6,2,1,3,3,8,0,26,4,3,3,8,0,0,3,1,4,0,2,0,0,2,0,0,0,2,2,1,8,0,5,3,0,0,15,1,2,1,0,1,8,0,0,1,0,0,1,0,27,7,2,9,3,1,0,4,1,0,0,0,0,0,0,0,6,0,0,0,0,0,0,0,0,0,0,4,0,0,1,1,1,1,1,1,0,0
"GU9  8",9289,8941,0,2,0,0,0,0,0,2,0,16,6,12,131,11,20,42,14,5,1,5,1,12,3,7,3,4,2,1,0,0,0,0,5,0,2,2,0,1,0,0,0,6,6,15,16,0,10,4,2,0,73,37,0,1,0,14,2,0,0,0,12,0,7,0,49,0,11,16,3,4,2,1,1,11,0,0,0,0,0,0,8,0,0,0,0,0,0,0,1,0,0,4,3,0,0,0,1,1,2,0,0,2
"GU9  9",7152,6949,2,1,0,0,0,0,0,1,0,16,5,18,91,8,7,22,13,6,6,4,0,4,0,5,6,3,1,1,2,0,0,3,3,0,1,1,0,1,1,1,0,1,1,1,5,0,1,4,0,0,17,2,1,0,0,9,4,0,0,0,1,0,0,0,32,5,3,10,3,0,0,9,0,2,0,0,0,0,0,0,5,0,0,0,0,0,0,0,0,0,0,0,4,0,0,1,0,0,4,3,0,1
"HA0  1",9459,4465,0,0,0,0,0,0,0,0,0,26,135,26,975,17,17,742,17,6,47,38,5,43,25,9,6,0,1,1,0,0,1,0,34,5,10,11,1,7,0,0,0,22,5,150,176,0,19,76,67,14,3164,146,109,70,1,39,1589,15,32,733,15,49,323,43,135,5,12,30,10,0,3,18,5,46,6,3,6,0,0,0,127,1,1,94,0,6,2,0,1,1,1,5,0,6,3,6,7,7,3,0,3,0
"HA0  2",12665,6972,1,1,0,0,0,1,0,0,0,55,93,36,798,26,10,466,7,5,100,59,3,68,31,8,9,4,1,1,0,0,0,0,63,50,2,6,3,2,1,1,0,22,1,220,269,0,10,150,102,7,3792,282,166,93,1,54,1840,26,26,687,14,71,464,68,87,2,8,17,6,0,0,4,3,39,8,0,6,0,0,0,218,2,14,146,0,21,3,10,7,1,0,3,0,3,4,4,18,18,12,9,3,0
"HA0  3",11121,6803,0,0,0,0,0,0,0,0,0,26,64,27,782,19,9,392,18,9,198,36,1,39,25,26,7,0,2,0,0,0,0,1,36,27,3,1,2,3,0,0,0,19,6,155,239,0,33,113,74,19,2724,254,135,108,0,18,1320,16,20,464,8,66,286,29,84,13,5,13,13,1,0,4,3,30,2,1,4,0,0,0,131,2,2,73,0,15,1,2,3,0,4,2,1,11,2,13,16,16,4,2,1,1
"HA0  4",13099,5971,0,2,1,0,0,0,1,0,0,29,108,27,442,15,8,256,4,5,40,23,9,54,8,15,0,0,0,0,1,3,1,0,14,7,4,1,0,2,0,0,0,4,10,92,150,2,16,90,26,16,6020,258,262,127,0,43,4144,21,18,713,12,47,284,91,54,1,3,9,2,0,1,7,3,20,8,4,11,0,0,0,143,5,6,97,0,8,2,0,8,0,1,0,0,9,4,3,16,16,2,2,0,0
"HA1  1",7260,5033,4,0,0,0,0,0,0,0,0,46,54,30,529,25,27,196,21,18,100,52,1,24,28,21,6,1,2,2,4,0,0,1,33,19,6,3,3,2,0,0,0,31,13,92,114,0,3,69,38,4,1067,115,119,57,0,33,424,46,35,144,6,17,37,34,115,17,12,41,5,1,3,1,8,24,3,0,2,0,0,0,87,0,3,64,0,6,0,0,5,0,0,4,2,0,0,3,5,5,5,3,2,0
"HA1  2",6958,4642,3,1,0,0,0,0,0,1,0,34,61,33,512,14,19,243,6,16,107,22,0,27,16,9,15,2,7,2,4,0,2,1,41,35,4,2,0,0,1,1,0,34,16,117,131,2,1,79,41,8,1093,73,134,53,0,24,449,51,17,143,18,27,62,42,117,8,7,43,11,1,2,2,2,36,5,0,2,1,1,0,108,1,2,80,0,9,0,1,4,4,0,0,2,3,1,1,6,6,5,2,3,0
"HA1  3",10333,7844,4,5,1,0,0,4,0,0,0,68,32,45,502,30,30,209,12,9,83,24,4,30,17,20,7,10,7,6,1,1,1,1,52,25,8,6,1,12,0,0,0,43,9,103,112,1,11,58,33,9,1037,100,117,70,0,25,440,23,8,125,41,36,35,17,388,9,39,77,13,19,4,1,8,214,4,2,2,0,0,0,68,0,1,32,0,0,4,0,1,2,0,8,6,1,2,11,11,11,6,3,0,3
"HA1  4",12919,9377,5,0,0,0,0,0,0,0,0,75,58,57,762,30,37,263,26,15,223,43,6,43,20,16,13,9,3,10,2,0,1,2,52,29,10,5,3,5,1,1,0,26,22,119,227,1,11,133,72,10,1865,175,117,62,0,34,915,36,6,344,3,49,77,47,104,11,7,32,20,6,0,5,0,18,5,0,3,0,0,0,153,2,0,110,0,4,2,0,4,2,3,5,4,4,6,7,7,7,6,3,3,0
"HA2  0",10380,7225,1,2,1,0,0,1,0,0,0,40,60,26,386,21,31,195,6,5,46,25,0,12,13,8,10,1,8,0,1,0,2,2,63,49,7,3,0,4,1,1,0,28,4,146,269,4,14,176,66,9,1739,112,64,67,0,39,614,18,18,641,10,41,97,18,102,7,10,16,17,7,6,5,2,26,6,0,2,0,0,0,261,3,0,199,0,8,0,5,1,0,4,6,10,1,2,22,10,10,15,15,0,0
"HA2  6",7955,6171,2,0,0,0,0,0,0,0,0,22,23,21,255,16,9,106,11,0,58,22,2,14,9,1,0,3,2,1,0,0,1,0,26,15,7,1,1,2,0,0,0,13,7,97,111,0,1,66,31,13,1068,60,69,52,0,8,542,11,12,256,8,20,9,21,64,2,16,10,10,7,3,9,1,6,0,0,5,0,0,0,57,3,1,29,0,5,0,2,1,0,1,3,3,2,0,7,5,5,8,8,0,0
"HA2  7",7406,5626,1,1,1,0,0,0,0,0,0,26,16,16,281,26,20,102,1,3,73,11,0,8,11,18,7,0,0,1,0,0,0,0,15,5,7,0,0,3,0,0,0,7,6,45,87,1,1,56,23,6,1164,100,55,50,0,32,566,4,12,286,3,21,14,21,66,6,5,31,5,5,3,4,0,3,4,0,3,0,0,0,32,0,3,15,0,3,2,0,1,2,0,1,1,0,2,2,3,3,11,9,2,0
"HA2  8",12767,8187,2,1,1,0,0,0,0,0,0,59,40,20,688,15,37,381,5,15,101,29,3,13,34,18,23,1,5,3,3,1,1,0,38,29,2,1,2,4,0,0,0,15,16,118,249,1,17,122,77,32,2994,175,76,129,0,77,775,16,24,1258,13,67,354,30,94,10,15,32,8,4,4,3,1,16,1,0,6,0,0,0,219,2,0,146,0,9,5,5,11,1,1,10,2,3,5,19,11,11,10,8,1,1
"HA2  9",14441,9347,3,0,0,0,0,0,0,0,0,69,47,27,541,15,42,281,6,1,120,17,7,5,18,10,16,0,0,1,2,0,0,0,64,47,15,2,0,0,0,0,0,14,25,103,304,0,4,187,96,17,3581,150,105,171,1,77,998,33,42,1757,13,68,118,48,85,5,8,23,11,5,4,10,2,15,2,0,5,1,1,0,201,4,0,145,0,8,2,4,12,6,0,6,0,3,3,8,14,14,10,8,2,0
"HA3  0",10735,7251,5,0,0,0,0,0,0,0,0,33,38,14,611,11,10,124,4,2,353,16,0,19,18,28,15,9,2,0,0,0,0,0,15,9,0,3,2,1,1,1,0,14,4,221,137,1,10,88,32,6,2218,98,111,62,0,17,1625,21,27,202,4,27,12,12,103,1,25,34,19,3,2,3,0,12,4,0,7,0,0,0,50,0,0,32,1,2,0,0,0,0,0,2,2,3,5,3,6,6,7,6,0,1
"HA3  5",9910,6868,1,1,1,0,0,0,0,0,0,41,37,39,424,17,11,191,7,13,132,13,4,7,10,4,7,6,0,0,1,0,0,1,38,29,9,0,0,0,1,1,0,15,23,159,282,1,13,151,110,7,1666,140,60,47,0,42,819,21,5,333,6,51,104,38,110,3,20,24,3,4,3,8,1,41,3,3,1,0,0,0,175,1,0,133,0,9,0,6,3,1,0,1,0,6,3,12,18,18,8,7,1,0
"HA3  6",8584,6903,2,0,0,0,0,0,0,0,0,10,10,22,269,18,11,69,2,6,113,14,0,7,4,4,9,6,2,0,1,0,3,0,21,12,2,1,0,6,0,0,0,15,16,79,165,1,9,105,45,5,888,64,28,32,5,29,520,8,2,126,2,21,35,16,63,0,8,10,2,4,0,2,0,34,3,0,4,0,0,0,99,3,0,63,0,8,1,0,8,3,0,0,0,4,6,3,9,9,9,8,1,0
"HA3  7",11390,7708,3,3,3,0,0,0,0,0,0,35,46,21,537,7,17,197,7,8,190,29,1,8,40,9,12,6,2,1,1,2,0,0,68,59,5,1,2,1,5,5,0,23,23,199,334,1,24,200,106,3,2014,144,63,105,6,49,1181,6,10,299,24,46,53,28,95,3,8,26,10,4,0,9,0,30,5,0,2,0,0,0,246,4,0,168,0,7,5,5,11,3,4,2,3,8,9,17,18,18,10,9,1,0
"HA3  8",11437,7350,0,1,1,0,0,0,0,0,0,39,65,14,494,6,8,104,12,5,297,6,0,8,14,23,8,0,1,2,0,0,0,0,14,10,4,0,0,0,2,2,0,8,12,131,167,2,4,115,38,8,2947,95,115,68,3,21,2280,23,9,234,8,41,9,41,79,1,21,22,1,1,0,3,1,25,4,0,10,0,0,0,87,0,1,67,0,1,0,0,3,3,0,0,1,3,1,7,12,12,5,4,1,0
"HA3  9",14833,8665,1,4,1,0,0,0,0,1,2,39,62,24,1091,26,19,185,3,4,740,21,4,9,27,29,18,3,2,0,0,1,0,0,65,58,0,2,1,4,7,7,0,11,14,238,278,1,8,144,106,19,4097,150,116,72,1,32,2992,24,19,498,15,89,33,56,74,4,11,22,3,7,1,5,1,13,7,0,9,0,0,0,140,3,1,81,1,15,3,2,4,1,2,0,6,2,3,16,9,9,5,5,0,0
"HA4  0",9190,8361,0,2,2,0,0,0,0,0,0,18,30,27,235,21,2,118,6,4,24,21,0,4,25,6,2,2,0,0,0,0,0,0,10,0,4,6,0,0,0,0,0,20,4,22,68,1,7,44,6,10,293,23,6,43,0,15,137,6,2,44,1,0,12,4,62,6,8,27,2,0,1,2,0,11,5,0,0,0,0,0,33,7,3,12,0,2,0,1,2,0,0,1,2,0,1,2,3,3,2,1,1,0
"HA4  6",10642,9485,0,1,1,0,0,0,0,0,0,17,19,42,332,19,11,220,10,9,16,9,5,6,13,4,4,1,2,2,0,0,0,1,20,10,4,6,0,0,0,0,0,19,20,28,81,0,4,41,22,14,445,41,24,66,0,9,133,13,2,53,11,3,74,16,87,4,9,37,7,3,0,7,1,10,9,0,0,0,0,0,42,1,0,25,0,3,0,0,1,0,0,0,1,5,1,5,4,4,0,0,0,0
"HA4  7",9839,9227,2,1,0,0,0,0,0,1,0,33,16,25,152,25,17,46,2,2,6,10,1,2,8,17,3,3,9,0,1,0,0,0,12,6,1,2,0,3,0,0,0,12,19,25,38,1,4,19,6,8,201,16,34,27,0,5,68,3,2,11,0,0,33,2,48,0,7,9,14,6,0,6,1,1,4,1,0,0,0,0,23,1,0,1,0,4,0,1,3,0,1,3,5,0,1,3,1,1,3,2,1,0
"HA4  8",8063,7375,0,1,0,0,1,0,0,0,0,11,12,31,190,11,13,94,7,5,13,17,1,6,5,6,6,2,2,2,0,0,0,0,8,2,4,0,0,2,0,0,0,4,10,34,40,0,0,23,6,11,245,19,25,21,0,27,95,3,0,18,7,0,24,6,80,5,14,22,7,3,3,9,3,11,3,0,1,0,0,0,13,0,0,5,0,2,0,0,0,0,0,1,4,1,0,0,8,8,0,0,0,0
"HA4  9",10505,9788,6,2,2,0,0,0,0,0,0,24,24,13,203,16,3,93,4,4,28,5,1,9,19,7,8,1,1,2,0,1,1,0,21,4,12,3,0,2,0,0,0,22,5,37,32,0,12,8,2,10,247,32,19,35,0,17,102,6,8,9,2,9,6,2,57,5,15,19,0,6,1,7,0,4,0,0,0,0,0,0,12,3,2,2,0,1,0,0,3,0,0,0,0,1,0,0,5,5,7,7,0,0
"HA5  1",9021,7782,0,4,3,0,0,1,0,0,0,27,15,29,184,11,13,62,6,8,38,5,0,12,6,5,6,4,1,4,0,2,0,1,25,5,2,0,1,17,0,0,0,16,19,16,62,3,0,42,5,12,736,49,67,38,0,9,234,14,8,265,2,25,15,10,74,0,15,26,19,6,0,2,0,4,2,0,0,0,0,0,29,0,0,16,0,0,2,0,6,0,0,0,2,2,0,1,1,1,2,0,2,0
"HA5  2",8388,7570,0,0,0,0,0,0,0,0,0,17,19,18,156,8,10,62,0,3,41,3,0,5,5,6,3,4,4,2,0,0,0,0,5,1,1,1,0,2,0,0,0,21,8,26,66,1,8,48,3,6,395,37,34,20,0,22,192,0,3,56,5,2,8,16,52,2,9,9,7,7,7,4,0,6,1,5,3,0,0,0,22,0,0,6,0,0,0,0,1,0,0,0,6,1,1,7,5,5,0,0,0,0
"HA5  3",10079,8610,4,2,0,0,0,2,0,0,0,40,48,23,234,20,21,75,11,2,42,12,0,22,8,13,4,1,0,3,0,0,0,0,22,12,1,1,1,7,1,1,0,19,17,60,118,2,9,66,31,10,725,74,29,50,0,37,362,6,3,114,6,17,8,19,84,1,8,32,12,10,4,1,2,11,3,1,0,0,0,0,59,1,1,43,0,2,1,0,9,1,0,0,0,0,1,0,8,8,4,3,1,0
"HA5  4",8477,7251,2,3,0,0,0,2,0,0,1,23,20,15,234,22,10,60,8,8,74,13,4,8,7,12,3,3,1,0,0,0,1,0,11,7,3,1,0,0,4,4,0,4,15,19,80,4,9,56,8,3,736,31,25,32,0,10,481,14,8,92,1,15,4,23,42,2,2,17,4,11,0,1,1,4,0,0,0,0,0,0,10,0,0,2,0,2,0,1,0,0,0,0,0,2,0,3,4,4,4,2,1,1
"HA5  5",7447,6194,2,0,0,0,0,0,0,0,0,15,29,15,183,10,15,62,5,0,40,10,3,7,5,7,13,4,0,0,1,0,1,0,13,7,4,1,0,1,0,0,0,7,23,28,48,0,0,27,19,2,806,56,55,48,0,24,334,9,7,191,1,8,50,23,47,2,13,12,6,1,2,4,0,4,3,0,2,0,0,0,30,0,0,17,0,3,0,0,3,0,0,0,2,2,0,3,1,1,4,2,2,0
"HA6  1",8258,7112,1,3,2,0,0,0,1,0,0,25,119,16,256,35,23,49,7,11,52,25,3,9,3,9,22,3,1,2,0,1,1,0,19,4,2,1,6,6,0,0,0,9,12,20,56,1,2,37,14,2,445,44,33,29,0,14,212,4,2,56,15,10,11,15,111,1,11,20,17,5,1,12,2,42,0,0,2,0,0,0,28,0,1,9,0,0,1,1,4,0,0,1,2,1,1,7,19,19,5,4,0,1
"HA6  2",7688,6696,0,1,0,0,0,0,1,0,0,19,31,28,185,21,21,58,12,2,13,9,2,1,2,15,16,6,1,2,3,0,1,0,12,4,3,1,0,4,0,0,0,17,4,21,21,2,3,5,3,8,529,48,39,36,0,5,337,3,3,32,5,9,5,7,88,4,13,22,14,7,0,6,2,18,2,0,1,0,0,0,31,1,1,3,0,1,2,0,1,2,0,7,3,4,1,5,4,4,0,0,0,0
"HA6  3",5357,4705,0,1,0,0,0,1,0,0,0,16,8,9,96,2,22,18,1,3,8,5,0,0,1,2,16,6,8,0,4,0,0,0,15,0,0,2,0,13,0,0,0,8,5,4,25,3,0,17,0,5,386,36,16,28,0,5,238,7,4,34,0,1,9,8,71,1,15,12,25,10,4,0,0,2,2,0,1,0,0,0,7,0,0,3,0,0,0,0,4,0,0,0,0,0,0,0,0,0,0,0,0,0
"HA7  1",7724,4799,0,1,1,0,0,0,0,0,0,33,26,9,523,11,8,100,1,7,356,8,2,11,9,4,4,1,0,0,1,0,0,0,14,12,0,0,0,2,5,5,0,5,13,77,226,3,5,136,77,5,1822,91,44,37,0,14,1111,10,8,391,5,59,24,28,36,4,0,8,8,2,10,0,0,4,0,0,2,0,0,0,115,0,0,86,4,3,5,2,1,0,0,2,0,7,1,4,13,13,5,3,1,1
"HA7  2",11697,8458,2,1,0,0,0,0,0,0,1,15,17,24,563,11,13,118,9,3,326,17,2,6,12,19,14,4,9,0,0,0,0,0,28,28,0,0,0,0,1,1,0,3,3,143,223,10,8,122,71,12,2054,106,40,47,0,23,1527,5,6,230,2,20,4,44,62,6,16,18,5,4,0,1,0,8,4,0,7,0,0,0,77,1,0,49,0,8,3,1,3,0,0,0,0,4,1,7,12,12,4,0,0,4
"HA7  3",8105,6790,3,0,0,0,0,0,0,0,0,31,7,16,213,10,3,34,11,5,111,6,1,4,11,6,6,1,2,0,0,0,0,2,23,23,0,0,0,0,0,0,0,7,15,78,138,8,11,91,26,2,648,27,26,20,0,13,430,6,0,44,0,8,54,20,47,0,12,17,3,0,0,1,1,6,7,0,2,0,0,0,73,1,4,46,0,2,2,0,3,0,2,0,0,1,7,5,7,7,7,7,0,0
"HA7  4",8277,6703,0,1,0,0,0,0,0,0,1,16,19,28,310,14,9,91,9,2,128,12,2,11,19,4,1,5,3,0,0,0,0,0,15,7,5,3,0,0,0,0,0,8,10,73,173,20,19,101,28,5,734,47,40,21,0,10,477,3,9,82,6,9,3,27,104,8,26,36,3,0,0,0,2,26,3,0,2,0,0,0,71,0,0,34,0,4,7,0,3,0,2,1,6,4,1,9,4,4,6,6,0,0
"HA8  0",11158,7533,0,1,0,0,0,0,0,1,0,53,149,78,894,31,17,230,23,13,429,32,16,18,35,15,22,4,1,4,2,0,2,0,140,123,10,1,4,2,2,2,0,13,59,162,431,6,37,248,133,7,1002,109,17,30,0,68,300,2,13,74,13,38,329,9,326,12,45,83,5,5,4,0,6,133,33,0,0,0,0,0,291,8,4,172,0,37,5,10,9,6,9,1,0,6,5,19,19,19,5,4,1,0
"HA8  5",11850,6596,0,0,0,0,0,0,0,0,0,36,89,26,1257,18,4,289,25,10,819,22,4,16,17,11,20,1,0,1,0,0,0,0,92,84,3,2,0,3,3,3,0,14,25,171,288,0,9,153,110,16,2829,154,70,63,0,54,1898,7,13,330,26,66,129,19,179,7,47,53,6,1,6,1,7,42,9,0,12,0,0,0,201,5,3,126,0,26,4,5,15,0,2,0,0,6,3,6,26,26,6,2,4,0
"HA8  6",10910,6968,1,0,0,0,0,0,0,0,0,48,42,20,1050,37,12,209,41,18,612,42,1,23,13,19,10,2,11,0,0,0,0,0,54,45,3,2,1,3,3,3,0,6,46,152,263,22,8,159,67,7,1950,125,61,49,0,48,1277,8,37,263,5,35,26,16,129,8,25,31,13,4,2,3,1,40,2,0,3,1,1,0,159,1,3,81,0,21,4,3,8,3,2,2,3,3,3,22,10,10,5,3,1,1
"HA8  7",4463,3346,0,0,0,0,0,0,0,0,0,22,61,20,345,10,7,102,20,13,124,21,1,22,6,7,3,2,4,1,0,1,0,1,18,17,0,0,1,0,0,0,0,5,12,58,108,11,6,68,18,5,305,44,12,10,0,7,149,0,1,33,6,22,20,1,112,3,7,31,6,1,3,2,1,51,7,0,2,0,0,0,45,2,5,21,2,6,0,0,0,0,0,2,0,1,2,4,3,3,1,1,0,0
"HA8  8",13914,11394,0,0,0,0,0,0,0,0,0,50,100,52,596,33,18,122,36,11,272,14,4,18,24,16,18,5,1,2,0,0,1,1,101,92,4,0,2,3,8,1,7,25,53,97,395,45,28,243,63,16,699,80,15,18,0,25,443,3,2,53,12,16,9,23,135,1,17,48,9,2,1,2,4,37,14,0,0,1,0,1,189,2,6,93,0,19,5,4,12,6,5,12,2,4,8,11,7,7,12,9,1,2
"HA8  9",11083,8330,0,0,0,0,0,0,0,0,0,48,117,64,735,35,16,198,40,14,312,33,5,25,30,17,6,3,0,1,0,0,0,0,69,59,3,1,2,4,4,4,0,16,30,109,347,44,9,212,77,5,750,92,32,9,0,30,349,7,0,81,2,31,108,9,228,10,55,63,23,3,2,4,3,54,11,0,1,0,0,0,220,0,5,111,0,24,11,13,14,2,8,3,1,3,15,10,13,13,2,1,0,1
"HA9  0",2468,1380,0,1,0,0,0,1,0,0,0,20,46,21,195,9,4,84,3,1,42,14,2,11,10,8,1,4,0,2,0,0,0,0,23,14,4,0,2,3,0,0,0,7,6,67,86,1,5,46,30,4,472,40,88,3,0,7,168,19,24,54,12,6,32,19,63,0,9,31,5,3,0,6,1,6,2,0,0,0,0,0,77,4,3,49,1,0,2,0,2,0,3,0,6,1,2,4,4,4,0,0,0,0
"HA9  6",10391,5925,1,3,2,0,0,1,0,0,0,28,164,24,854,33,10,438,17,4,139,31,2,124,24,16,10,1,2,2,1,0,0,0,39,24,6,8,1,0,1,1,0,15,5,191,185,0,6,69,106,4,2592,216,85,102,2,36,1519,29,9,320,53,34,145,42,116,1,6,29,4,0,0,14,5,51,6,1,10,2,0,2,221,4,11,160,2,10,3,5,1,1,1,0,2,12,3,6,10,10,4,0,3,1
"HA9  7",8638,4722,1,1,1,0,0,0,0,0,0,40,125,30,738,40,19,326,10,3,176,26,3,66,31,18,6,7,3,1,1,0,2,0,46,34,6,1,2,3,4,4,0,14,7,196,223,1,13,123,80,6,2081,180,139,57,1,45,912,19,32,405,22,61,159,49,94,4,4,38,2,0,1,3,1,35,6,0,5,0,0,0,298,7,5,227,0,14,7,5,3,0,2,0,2,3,4,19,7,7,6,5,1,0
"HA9  8",12598,7454,2,2,1,0,0,1,0,0,0,76,111,60,1434,40,20,413,24,7,651,76,6,97,39,35,4,9,6,1,1,1,0,4,62,48,4,8,1,1,0,0,0,30,18,286,286,1,34,166,67,18,2367,228,155,55,1,35,1102,40,66,353,11,70,208,43,173,7,15,63,30,0,2,3,7,34,12,0,3,0,0,0,213,2,3,153,0,23,4,2,3,0,1,0,2,6,2,12,15,15,6,4,0,2
"HA9  9",11683,7247,6,6,6,0,0,0,0,0,0,71,104,53,1097,49,22,396,22,10,411,47,8,55,24,16,24,11,0,0,0,0,1,1,74,61,9,2,0,2,4,4,0,24,18,538,412,4,23,254,112,19,1438,182,101,66,2,40,701,13,22,170,5,58,49,29,213,21,13,74,46,6,0,3,9,27,14,0,1,3,1,2,350,1,26,224,0,34,8,10,4,0,9,3,0,3,18,10,14,14,10,6,1,3
"HD1  1",239,151,0,0,0,0,0,0,0,0,0,5,0,0,17,0,1,3,0,3,0,0,0,0,0,8,0,2,0,0,0,0,0,0,0,0,0,0,0,0,0,0,0,0,0,26,16,0,8,8,0,0,9,3,0,4,0,2,0,0,0,0,0,0,0,0,8,4,2,2,0,0,0,0,0,0,0,0,0,0,0,0,7,0,3,0,0,1,0,0,3,0,0,0,0,0,0,0,0,0,0,0,0,0
"HD1  3",7918,5172,0,0,0,0,0,0,0,0,0,24,2,6,323,2,8,150,2,7,16,22,13,17,3,75,1,2,4,1,0,0,0,0,5,2,0,1,0,2,0,0,0,13,6,265,104,0,58,31,15,0,1774,625,4,907,53,76,21,0,8,2,0,0,3,75,170,14,13,129,0,0,3,4,2,2,3,0,0,0,0,0,37,8,1,0,0,1,4,2,2,0,2,5,0,3,2,7,2,2,15,11,1,3
"HD1  4",8180,6795,1,0,0,0,0,0,0,0,0,12,10,5,240,10,5,166,7,7,4,24,1,6,0,2,2,2,2,2,0,0,0,0,5,0,3,2,0,0,0,0,0,8,0,73,78,2,46,25,4,1,859,315,4,402,41,24,15,0,3,6,0,0,7,42,60,7,11,14,1,0,4,5,4,13,1,0,0,0,0,0,26,2,5,3,0,2,0,1,1,0,2,1,0,2,0,7,0,0,8,7,1,0
"HD1  5",2729,1980,1,0,0,0,0,0,0,0,0,14,3,11,182,6,1,126,3,7,6,7,8,9,0,6,0,1,1,0,1,0,0,0,4,0,2,2,0,0,0,0,0,5,1,60,59,0,42,12,5,0,349,171,7,152,0,1,1,0,8,1,4,0,0,4,39,2,5,13,0,0,3,1,15,0,0,0,0,0,0,0,19,1,8,1,0,3,0,1,0,0,0,1,0,1,1,2,1,1,1,0,0,1
"HD1  6",2855,2017,0,0,0,0,0,0,0,0,0,12,4,2,142,7,2,96,10,1,0,10,0,12,0,0,2,0,1,1,0,0,0,0,6,0,6,0,0,0,0,0,0,0,0,63,106,0,74,15,15,2,446,196,4,214,17,0,2,0,4,3,0,0,0,6,29,6,5,14,0,0,0,1,0,3,0,0,0,1,1,0,26,2,7,2,0,3,0,0,6,1,0,0,0,0,0,5,1,1,0,0,0,0
"HD2  1",14656,13003,1,1,0,0,0,0,0,1,0,34,2,9,392,23,7,307,12,4,1,8,5,15,0,3,0,1,1,0,0,3,0,2,34,1,32,0,0,1,0,0,0,16,3,73,234,0,197,29,8,0,646,185,7,387,2,1,32,0,1,15,0,0,0,16,70,16,13,25,0,3,0,3,6,4,0,0,0,0,0,0,118,1,11,2,0,0,3,1,20,0,9,27,1,1,0,42,7,7,13,9,0,4
"HD2  2",13488,11489,1,1,1,0,0,0,0,0,0,15,2,4,285,41,10,179,2,4,0,14,2,17,2,6,3,3,2,0,0,0,0,0,8,0,5,3,0,0,0,0,0,4,7,94,130,0,52,15,63,0,1354,514,8,754,17,10,29,0,5,0,7,0,0,10,67,3,12,30,0,2,2,3,9,6,0,0,0,0,0,0,13,0,1,1,0,2,0,1,0,0,0,5,0,0,3,0,9,9,5,3,0,2
"HD3  3",14644,14133,0,0,0,0,0,0,0,0,0,6,3,16,97,22,4,48,0,2,1,7,0,4,0,7,1,1,0,0,0,0,0,0,11,1,4,4,0,2,0,0,0,6,3,31,18,0,6,9,3,0,256,82,10,139,3,3,10,0,0,2,2,0,3,2,48,2,14,21,2,0,0,6,0,1,2,0,0,0,0,0,12,3,0,0,0,0,0,1,1,0,0,0,1,2,0,4,1,1,3,2,0,1
"HD3  4",13524,12982,3,1,0,0,0,0,0,1,0,9,4,3,117,11,9,63,4,2,5,4,0,4,0,3,7,1,1,1,0,0,2,0,8,2,4,2,0,0,0,0,0,5,2,25,32,0,19,6,6,1,265,91,8,114,4,2,6,3,2,13,0,0,0,22,34,1,4,15,0,3,0,4,1,3,3,0,0,0,0,0,31,1,8,0,0,0,1,0,0,2,0,13,0,0,1,5,1,1,2,1,1,0
"HD4  5",11442,10017,0,2,0,0,0,0,0,2,0,24,2,2,206,10,3,152,1,4,5,16,10,2,0,1,0,0,1,0,0,0,1,0,24,13,4,4,1,2,0,0,0,3,6,44,60,0,38,20,2,0,974,345,3,528,25,21,10,0,3,3,2,0,7,27,35,1,12,7,1,0,2,2,1,8,1,0,0,0,0,0,32,0,3,1,0,1,0,2,1,0,1,12,0,1,1,9,3,3,8,6,1,1
"HD4  6",10539,9759,1,0,0,0,0,0,0,0,0,32,2,11,215,11,4,142,3,2,6,18,6,2,3,13,0,1,2,0,2,0,0,0,4,0,0,4,0,0,0,0,0,8,4,71,73,1,42,18,2,10,187,51,2,83,11,20,10,4,0,2,0,0,2,2,116,13,1,79,8,2,2,9,1,1,0,0,0,0,0,0,50,1,1,3,1,0,1,0,1,2,2,19,0,1,6,12,2,2,4,3,0,1
"HD4  7",7047,6853,0,0,0,0,0,0,0,0,0,7,1,2,33,3,2,20,0,1,0,0,0,2,1,1,0,2,0,0,0,0,0,1,1,0,0,0,0,1,1,1,0,2,0,12,27,0,12,6,5,4,76,17,0,52,0,2,2,0,0,0,1,0,0,2,16,1,0,10,0,1,0,3,0,1,0,0,0,0,0,0,15,1,2,0,0,0,0,0,3,0,0,1,0,0,3,5,0,0,1,1,0,0
"HD5  0",5098,5029,0,0,0,0,0,0,0,0,0,4,0,0,15,1,1,9,0,0,0,0,0,2,2,0,0,0,0,0,0,0,0,0,4,0,4,0,0,0,0,0,0,0,1,3,2,0,0,2,0,0,32,13,0,17,0,0,2,0,0,0,0,0,0,0,2,0,0,0,0,2,0,0,0,0,0,0,0,0,0,0,0,0,0,0,0,0,0,0,0,0,0,0,0,0,0,0,0,0,6,5,0,1
"HD5  8",13304,12581,2,7,5,0,0,1,0,1,0,11,5,10,181,16,11,116,4,3,9,1,1,8,1,3,1,0,2,0,4,0,0,1,9,3,4,2,0,0,0,0,0,9,4,112,87,0,57,29,0,1,159,63,8,63,0,8,9,0,2,0,5,1,0,0,57,6,4,15,0,0,0,7,5,19,1,0,0,0,0,0,59,5,3,0,1,1,0,3,0,0,0,23,0,3,3,17,2,2,9,7,2,0
"HD5  9",11528,10754,0,2,1,0,0,0,0,1,0,20,5,3,130,14,2,98,3,0,2,0,3,5,0,0,2,0,0,0,0,0,0,1,15,3,7,1,0,4,0,0,0,2,5,62,102,0,65,31,5,1,293,106,2,166,0,0,6,0,0,3,4,0,0,6,63,3,9,31,2,0,1,7,1,2,7,0,0,1,1,0,59,9,3,0,0,2,2,0,9,0,0,25,1,0,3,5,1,1,11,9,2,0
"HD6  1",2556,2499,0,0,0,0,0,0,0,0,0,0,0,2,30,4,3,16,0,0,0,0,0,4,0,3,0,0,0,0,0,0,0,0,1,0,0,0,0,1,0,0,0,2,0,1,2,0,0,2,0,0,7,0,0,1,0,1,1,0,0,0,4,0,0,0,12,3,2,0,0,0,0,0,0,7,0,0,0,0,0,0,0,0,0,0,0,0,0,0,0,0,0,0,0,0,0,0,0,0,0,0,0,0
"HD6  2",7274,7185,2,1,0,0,0,0,0,1,0,1,1,3,25,3,2,17,0,0,1,0,1,0,0,0,0,1,0,0,0,0,0,0,7,0,4,3,0,0,0,0,0,1,1,0,2,0,0,2,0,0,22,5,0,7,0,2,2,0,0,0,6,0,0,0,16,0,2,2,0,0,0,1,0,11,0,0,0,0,0,0,3,0,0,0,0,0,0,0,0,0,0,2,0,0,0,1,2,2,2,2,0,0
"HD6  3",11691,11538,0,2,0,0,0,1,0,1,0,5,1,6,32,3,0,19,2,0,0,0,0,1,0,3,1,1,0,0,1,0,1,0,1,0,0,0,0,1,0,0,0,2,1,1,1,0,0,1,0,0,54,13,3,19,0,8,8,0,1,2,0,0,0,0,32,1,8,5,0,0,0,3,0,15,0,0,0,0,0,0,8,0,0,1,0,0,0,0,0,0,0,0,0,0,1,6,0,0,7,7,0,0
"HD6  4",4934,4887,0,1,0,0,0,0,0,1,0,1,0,1,24,2,3,16,0,0,0,1,0,0,0,0,2,0,0,0,0,0,0,0,0,0,0,0,0,0,0,0,0,2,1,0,0,0,0,0,0,0,10,4,1,3,0,0,1,0,0,0,1,0,0,0,4,0,1,0,0,0,0,0,0,3,0,0,0,0,0,0,2,0,0,0,0,0,0,0,0,0,0,0,0,0,0,2,0,0,1,1,0,0
"HD7  4",8002,7905,1,0,0,0,0,0,0,0,0,9,0,1,24,5,1,14,2,0,0,0,1,1,0,0,0,0,0,0,0,0,0,0,3,0,2,1,0,0,0,0,0,3,3,2,7,0,2,5,0,0,30,17,1,7,0,0,1,0,0,2,0,0,2,0,6,0,0,0,0,0,0,1,0,5,0,0,0,0,0,0,7,0,0,0,0,0,0,0,2,0,0,4,1,0,0,0,0,0,1,0,0,1
"HD7  5",9465,9362,1,0,0,0,0,0,0,0,0,2,0,1,41,4,4,22,2,1,2,0,0,4,0,0,1,1,0,0,0,0,0,0,2,0,1,0,0,1,0,0,0,4,0,1,7,0,6,0,1,0,20,3,3,11,0,0,3,0,0,0,0,0,0,0,10,0,2,4,2,0,1,1,0,0,0,0,0,0,0,0,8,0,0,0,0,0,2,0,0,0,0,5,0,0,0,1,1,1,5,2,0,3
"HD7  6",4346,4316,0,0,0,0,0,0,0,0,0,0,0,2,12,1,1,2,0,0,0,0,0,2,0,0,2,1,0,3,0,0,0,0,0,0,0,0,0,0,0,0,0,1,0,0,2,0,2,0,0,0,0,0,0,0,0,0,0,0,0,0,0,0,0,0,9,0,2,6,0,0,0,0,1,0,0,0,0,0,0,0,4,0,0,0,0,0,0,0,0,0,0,0,1,0,0,3,0,0,0,0,0,0
"HD8  0",11376,11132,2,0,0,0,0,0,0,0,0,3,4,4,69,9,1,18,1,0,7,10,0,0,5,10,3,2,1,2,0,0,0,0,4,1,0,1,0,2,0,0,0,4,3,9,18,1,8,4,0,5,54,13,5,25,0,0,5,0,1,0,2,0,3,0,65,3,3,48,2,1,2,3,1,2,0,0,0,0,0,0,4,0,0,0,0,0,0,0,1,0,0,0,3,0,0,0,0,0,1,0,0,1
"HD8  8",11647,11583,1,0,0,0,0,0,0,0,0,5,0,1,19,1,6,4,1,2,0,0,0,2,0,0,3,0,0,0,0,0,0,0,0,0,0,0,0,0,0,0,0,2,0,3,3,0,0,3,0,0,20,8,1,11,0,0,0,0,0,0,0,0,0,0,5,1,1,1,0,1,0,0,0,0,1,0,0,0,0,0,5,0,0,0,0,0,0,0,2,0,0,0,3,0,0,0,0,0,0,0,0,0
"HD8  9",10220,10144,0,0,0,0,0,0,0,0,0,3,2,1,31,0,3,20,0,1,2,0,0,1,0,0,0,1,1,2,0,0,0,0,1,0,0,1,0,0,0,0,0,1,1,4,8,0,3,4,0,1,12,6,0,5,0,1,0,0,0,0,0,0,0,0,12,0,0,6,1,2,0,2,0,0,1,0,0,0,0,0,0,0,0,0,0,0,0,0,0,0,0,0,0,0,0,0,0,0,0,0,0,0
"HD9  1",7034,6984,1,0,0,0,0,0,0,0,0,2,1,3,22,0,4,14,0,1,0,0,1,0,0,1,0,0,0,1,0,0,0,0,2,0,0,0,2,0,0,0,0,3,1,0,2,0,1,1,0,0,1,0,0,0,0,0,1,0,0,0,0,0,0,0,7,0,0,1,0,0,0,5,0,0,1,0,0,1,1,0,2,0,0,0,0,0,0,0,0,1,0,0,1,0,0,0,0,0,2,1,1,0
"HD9  2",4112,4080,0,1,1,0,0,0,0,0,0,0,0,1,13,0,2,7,0,1,0,0,0,1,0,0,2,0,0,0,0,0,0,0,0,0,0,0,0,0,0,0,0,3,0,0,1,0,1,0,0,0,3,0,0,0,0,0,3,0,0,0,0,0,0,0,3,0,1,1,0,0,0,1,0,0,0,0,0,0,0,0,5,0,0,0,0,0,0,0,0,0,0,0,4,0,0,1,0,0,2,2,0,0
"HD9  3",3899,3881,0,0,0,0,0,0,0,0,0,2,0,1,7,2,2,0,0,0,0,0,0,0,2,0,0,0,0,1,0,0,0,0,0,0,0,0,0,0,0,0,0,1,0,2,0,0,0,0,0,0,4,0,0,2,0,0,0,0,0,0,0,2,0,0,1,0,0,1,0,0,0,0,0,0,0,0,0,0,0,0,0,0,0,0,0,0,0,0,0,0,0,0,0,0,0,0,0,0,0,0,0,0
"HD9  4",3897,3869,1,1,0,0,0,0,0,1,0,0,0,2,10,1,0,6,0,0,0,0,2,0,0,0,1,0,0,0,0,0,0,0,0,0,0,0,0,0,0,0,0,0,0,0,1,1,0,0,0,0,8,6,0,1,0,0,1,0,0,0,0,0,0,0,4,0,0,1,1,0,0,1,0,1,0,0,0,0,0,0,0,0,0,0,0,0,0,0,0,0,0,0,0,0,0,0,0,0,1,0,0,1
"HD9  5",4385,4333,0,0,0,0,0,0,0,0,0,2,0,0,17,1,2,6,2,1,0,0,0,1,1,0,1,0,0,0,2,0,0,0,3,0,3,0,0,0,0,0,0,1,0,3,0,0,0,0,0,0,15,6,0,6,0,0,0,0,0,0,3,0,0,0,10,4,2,4,0,0,0,0,0,0,0,0,0,0,0,0,0,0,0,0,0,0,0,0,0,0,0,0,0,0,0,0,0,0,1,1,0,0
"HD9  6",6180,6130,0,0,0,0,0,0,0,0,0,2,0,0,17,1,2,9,0,0,0,0,0,1,0,1,1,0,1,1,0,0,0,0,1,1,0,0,0,0,0,0,0,0,0,2,4,0,2,1,0,1,11,1,0,2,0,0,3,0,4,1,0,0,0,0,10,0,0,9,0,0,0,1,0,0,0,0,0,0,0,0,1,0,0,0,0,0,0,0,0,0,0,0,0,0,0,1,0,0,2,2,0,0
"HD9  7",4807,4753,0,1,0,0,0,0,0,1,0,4,0,6,21,1,0,7,3,2,1,0,0,0,0,1,5,0,0,0,0,0,0,1,0,0,0,0,0,0,0,0,0,1,1,2,6,0,5,1,0,0,9,2,0,5,0,0,2,0,0,0,0,0,0,0,2,0,0,2,0,0,0,0,0,0,0,0,0,0,0,0,0,0,0,0,0,0,0,0,0,0,0,0,0,0,0,0,0,0,1,1,0,0
"HG1  1",1148,979,0,0,0,0,0,0,0,0,0,10,0,11,97,7,1,50,3,4,0,10,2,16,2,0,0,2,0,0,0,0,0,0,1,0,1,0,0,0,0,0,0,4,3,0,2,0,0,2,0,0,6,0,0,0,0,0,0,0,0,2,0,0,4,0,30,2,0,9,0,0,0,0,0,19,0,0,0,0,0,0,3,0,0,0,0,0,0,0,0,0,0,0,1,0,0,2,0,0,2,2,0,0
"HG1  2",7384,6839,0,2,0,0,0,0,0,2,0,18,8,22,246,9,3,84,17,6,4,30,2,66,12,3,4,1,5,0,0,0,0,0,9,3,4,1,1,0,0,0,0,11,3,7,4,0,0,3,1,0,25,6,2,0,0,2,0,0,0,5,4,0,6,0,178,18,50,87,1,1,0,3,1,17,0,0,0,0,0,0,7,0,0,0,0,0,0,1,0,0,0,4,0,0,0,2,1,1,4,3,0,1
"HG1  3",7195,7020,1,0,0,0,0,0,0,0,0,5,3,10,94,7,4,44,6,8,3,5,1,10,0,0,4,1,0,1,0,0,0,0,3,1,1,1,0,0,0,0,0,5,3,3,4,0,0,4,0,0,20,0,2,2,0,6,0,0,0,0,6,0,4,0,10,0,1,4,2,0,0,3,0,0,0,4,0,0,0,0,7,0,0,0,0,2,0,0,0,0,0,2,2,0,0,1,1,1,2,1,0,1
"HG1  4",11696,11149,0,2,0,1,0,0,0,1,0,21,10,7,264,11,12,149,8,15,4,18,1,25,12,3,0,2,1,1,0,0,0,2,17,9,7,1,0,0,0,0,0,7,4,11,7,0,0,7,0,0,70,3,0,1,0,6,0,0,0,1,43,0,16,0,94,1,5,22,4,0,0,2,1,56,3,4,0,0,0,0,21,0,0,0,0,0,0,0,2,0,0,9,0,0,4,6,0,0,8,7,0,1
"HG1  5",5542,4971,0,0,0,0,0,0,0,0,0,14,20,22,402,14,3,237,27,13,8,24,2,47,20,2,2,1,1,1,0,0,0,0,4,1,1,0,1,1,0,0,0,14,8,2,6,0,0,6,0,0,20,2,1,3,0,0,0,0,0,5,3,0,5,1,39,3,0,8,4,0,3,0,0,21,0,0,0,0,0,0,19,0,0,0,0,0,2,0,0,0,0,5,2,0,1,9,0,0,1,1,0,0
"HG2  0",7705,7447,3,0,0,0,0,0,0,0,0,17,7,18,149,6,5,66,4,8,5,10,8,26,1,0,3,2,3,2,0,0,0,0,5,0,4,0,0,1,0,0,0,3,4,1,3,0,0,3,0,0,7,0,1,2,0,0,0,0,0,2,0,0,2,0,27,0,6,7,3,0,0,2,0,8,1,0,0,0,0,0,12,0,0,0,0,0,3,0,1,0,0,4,2,0,0,2,1,1,1,1,0,0
"HG2  7",10686,10231,0,0,0,0,0,0,0,0,0,11,5,14,219,10,16,132,5,4,4,19,4,12,6,3,1,0,1,0,0,1,1,0,18,16,1,1,0,0,0,0,0,5,8,8,5,0,1,4,0,0,60,5,8,1,0,6,3,0,1,4,26,0,5,1,71,0,8,13,4,0,0,1,0,44,1,0,0,0,0,0,24,0,0,0,0,0,2,0,0,0,0,14,0,0,5,3,4,4,3,0,2,1
"HG2  8",8375,8224,1,1,1,0,0,0,0,0,0,16,0,5,85,15,11,34,4,4,1,2,0,5,1,0,3,0,3,2,0,0,0,0,7,3,0,1,0,3,0,0,0,6,2,2,2,0,0,0,0,2,4,0,1,0,0,0,1,0,0,0,2,0,0,0,12,0,0,1,5,0,0,3,1,2,0,0,0,0,0,0,4,0,0,0,0,0,0,0,0,0,0,1,0,0,0,3,0,0,4,2,0,2
"HG2  9",5541,5389,0,0,0,0,0,0,0,0,0,16,3,6,47,7,3,22,1,1,1,0,1,2,0,2,4,0,2,0,0,1,0,0,2,0,0,1,0,1,0,0,0,2,0,2,4,0,0,4,0,0,12,4,0,1,0,1,0,0,3,0,2,0,0,1,54,5,12,28,0,0,0,0,0,9,0,0,0,0,0,0,3,0,0,0,0,0,0,0,0,0,0,0,1,0,0,2,0,0,1,1,0,0
"HG3  1",5109,5050,0,1,0,0,0,0,0,0,1,4,4,1,22,2,7,3,1,1,1,0,0,4,0,1,0,1,1,0,0,0,0,0,1,0,0,0,0,1,0,0,0,3,0,3,1,0,0,0,0,1,5,1,0,0,0,2,0,0,0,0,0,0,2,0,11,0,3,7,0,0,0,1,0,0,0,0,0,0,0,0,3,0,0,0,0,3,0,0,0,0,0,0,0,0,0,0,0,0,0,0,0,0
"HG3  2",10720,10390,1,0,0,0,0,0,0,0,0,9,9,23,160,6,12,72,9,6,9,16,4,15,0,2,2,4,1,1,0,0,0,1,18,10,1,0,6,1,0,0,0,13,4,8,1,0,0,1,0,0,7,4,0,0,0,0,1,0,0,0,0,0,0,2,48,3,10,16,3,1,0,8,0,7,0,2,0,0,0,0,22,0,1,0,0,0,0,0,2,0,0,17,0,0,1,1,0,0,5,3,0,2
"HG3  3",4271,4189,0,0,0,0,0,0,0,0,0,8,0,6,30,2,3,11,1,1,0,2,0,4,1,0,1,4,0,0,0,0,0,0,1,0,0,0,0,1,0,0,0,4,1,14,1,0,0,0,0,1,5,0,0,0,0,0,0,0,0,0,0,0,5,0,9,2,0,5,0,0,0,0,0,1,1,0,0,0,0,0,3,0,0,0,0,0,0,0,0,0,0,0,3,0,0,0,0,0,0,0,0,0
"HG3  4",2117,2088,1,0,0,0,0,0,0,0,0,1,0,2,19,0,3,11,0,0,0,0,0,5,0,0,0,0,0,0,0,0,0,0,0,0,0,0,0,0,0,0,0,0,1,1,0,0,0,0,0,0,4,0,0,0,0,0,0,0,0,0,4,0,0,0,0,0,0,0,0,0,0,0,0,0,0,0,0,0,0,0,0,0,0,0,0,0,0,0,0,0,0,0,0,0,0,0,0,0,0,0,0,0
"HG3  5",3349,3284,0,0,0,0,0,0,0,0,0,2,1,2,38,0,0,21,0,0,0,1,9,2,1,0,1,1,1,0,0,0,0,1,1,1,0,0,0,0,0,0,0,0,0,0,0,0,0,0,0,0,1,0,0,0,0,0,0,0,0,0,0,0,1,0,10,0,0,7,0,1,0,2,0,0,0,6,0,0,0,0,2,0,0,0,0,0,0,0,0,0,0,0,1,1,0,0,1,1,1,1,0,0
"HG4  1",7820,7430,0,2,1,0,0,0,0,1,0,3,1,4,253,5,11,130,15,1,6,4,59,17,0,1,2,1,0,0,0,0,1,0,5,5,0,0,0,0,0,0,0,57,0,0,3,0,0,3,0,0,19,1,1,0,0,4,0,0,0,0,6,0,7,0,28,0,5,2,0,0,0,3,0,18,0,2,0,0,0,0,9,0,0,0,0,0,0,0,0,1,0,3,3,1,1,0,2,2,2,2,0,0
"HG4  2",8264,7983,5,2,0,0,0,0,0,2,0,6,1,6,141,1,8,65,12,1,13,9,22,3,5,0,1,0,1,0,0,0,0,0,14,14,0,0,0,0,0,0,0,17,3,12,2,0,0,1,0,1,15,2,0,1,0,1,0,0,0,0,0,0,11,0,33,6,4,9,1,0,1,2,0,10,0,7,0,0,0,0,13,1,0,0,0,3,0,0,1,0,0,5,0,0,0,3,1,1,3,1,0,2
"HG4  3",4065,4038,3,0,0,0,0,0,0,0,0,1,2,0,14,1,0,7,3,1,0,1,1,0,0,0,0,0,0,0,0,0,0,0,2,0,0,0,0,2,0,0,0,2,0,0,1,0,0,0,0,1,0,0,0,0,0,0,0,0,0,0,0,0,0,0,1,0,0,0,0,0,0,1,0,0,0,0,0,0,0,0,1,0,0,0,0,0,0,0,0,0,0,0,1,0,0,0,0,0,0,0,0,0
"HG4  4",2367,2329,0,0,0,0,0,0,0,0,0,2,0,3,25,2,1,14,0,1,1,1,0,4,0,0,0,0,1,0,0,0,0,0,0,0,0,0,0,0,0,0,0,2,0,1,0,0,0,0,0,0,0,0,0,0,0,0,0,0,0,0,0,0,0,0,3,0,0,0,0,0,0,0,0,3,0,2,0,0,0,0,0,0,0,0,0,0,0,0,0,0,0,0,0,0,0,0,0,0,0,0,0,0
"HG4  5",2485,2446,0,0,0,0,0,0,0,0,0,0,1,2,24,0,2,12,1,1,0,3,4,0,0,1,0,0,0,0,0,0,0,0,0,0,0,0,0,0,0,0,0,0,0,6,0,0,0,0,0,0,0,0,0,0,0,0,0,0,0,0,0,0,0,0,2,1,0,0,0,0,1,0,0,0,0,0,0,0,0,0,2,0,0,0,0,0,0,0,0,0,0,0,2,0,0,0,0,0,2,2,0,0
"HG5  0",8681,8559,1,0,0,0,0,0,0,0,0,7,0,3,61,2,4,38,0,3,2,1,3,2,2,0,4,0,0,0,0,0,0,0,3,2,0,0,1,0,0,0,0,6,1,3,0,0,0,0,0,0,14,5,3,0,0,0,0,0,0,0,2,0,1,3,19,0,2,4,1,0,0,5,1,6,0,0,0,0,0,0,2,0,0,0,0,0,0,0,0,0,0,2,0,0,0,0,0,0,2,2,0,0
"HG5  8",5006,4934,2,0,0,0,0,0,0,0,0,4,0,2,30,0,3,18,0,2,0,0,1,4,0,0,1,0,0,0,0,0,0,1,0,0,0,0,0,0,0,0,0,2,0,1,0,0,0,0,0,0,9,2,1,0,0,3,2,0,0,1,0,0,0,0,17,0,0,5,2,0,0,0,0,7,3,2,0,0,0,0,1,0,0,0,0,0,0,0,0,0,0,0,1,0,0,0,0,0,2,0,0,2
"HG5  9",4196,4159,1,0,0,0,0,0,0,0,0,5,1,3,14,1,2,7,0,1,0,0,0,0,2,0,1,0,0,0,0,0,0,0,2,0,0,1,0,1,0,0,0,0,1,2,1,0,0,1,0,0,0,0,0,0,0,0,0,0,0,0,0,0,0,0,4,0,0,0,0,0,0,1,0,3,0,0,0,0,0,0,3,0,0,0,0,0,0,0,0,0,0,1,0,0,0,2,0,0,0,0,0,0
"HP1  1",7435,7153,3,0,0,0,0,0,0,0,0,17,6,9,87,13,3,22,0,4,11,2,1,12,3,2,6,3,2,2,0,0,0,1,2,0,1,0,0,1,0,0,0,9,0,6,9,0,0,9,0,0,66,15,10,2,2,2,10,3,0,16,4,1,0,1,46,8,6,19,2,4,0,2,0,5,0,0,0,0,0,0,21,0,0,0,0,2,1,0,2,0,0,8,3,0,0,5,0,0,1,0,0,1
"HP1  2",8316,8075,1,0,0,0,0,0,0,0,0,5,3,9,91,5,6,38,2,5,20,3,0,5,3,1,1,1,0,0,0,0,1,0,6,2,2,0,2,0,0,0,0,6,3,5,12,0,2,10,0,0,65,18,1,14,0,1,15,0,0,12,2,1,1,0,27,4,7,5,0,2,1,1,1,6,0,0,0,0,0,0,5,0,0,0,0,0,0,5,0,0,0,0,0,0,0,0,1,1,2,0,0,2
"HP1  3",7718,7489,0,0,0,0,0,0,0,0,0,10,6,5,81,16,6,29,1,4,6,3,0,6,3,0,3,1,0,1,1,0,0,1,3,3,0,0,0,0,0,0,0,5,7,1,7,0,0,7,0,0,49,8,9,1,0,3,2,0,0,9,6,2,9,0,28,0,4,10,1,0,0,4,0,7,2,0,0,0,0,0,20,0,0,0,0,0,0,4,12,0,0,3,0,0,0,1,4,4,3,3,0,0
"HP10 0",5028,4892,0,0,0,0,0,0,0,0,0,7,1,12,63,7,5,29,3,3,0,0,0,1,1,1,3,3,5,1,0,1,0,0,1,0,0,0,0,1,0,0,0,0,2,6,7,0,0,7,0,0,26,6,2,5,2,6,0,0,0,3,0,2,0,0,9,0,2,0,2,0,0,1,0,4,0,0,0,0,0,0,0,0,0,0,0,0,0,0,0,0,0,0,0,0,0,0,2,2,0,0,0,0
"HP10 8",5518,5418,0,0,0,0,0,0,0,0,0,10,6,6,26,0,5,6,2,2,3,0,1,1,2,0,0,1,2,1,0,0,0,0,4,0,3,0,0,1,0,0,0,2,4,2,0,0,0,0,0,0,23,1,0,10,0,7,3,0,0,2,0,0,0,0,10,0,0,2,4,0,0,1,0,1,2,0,0,0,0,0,5,0,0,3,0,0,0,0,0,0,0,0,0,0,1,1,0,0,2,2,0,0
"HP10 9",7758,7531,0,0,0,0,0,0,0,0,0,14,2,10,89,10,12,35,13,5,4,0,0,1,1,1,0,3,4,0,0,0,0,0,2,0,2,0,0,0,0,0,0,4,0,0,9,0,0,4,2,3,81,7,1,19,0,6,4,0,3,22,1,7,11,0,9,0,0,0,3,0,0,2,0,3,1,0,0,0,0,0,6,0,0,0,0,0,0,0,0,0,0,0,4,0,0,2,0,0,1,0,0,1
"HP11 1",7403,6814,2,0,0,0,0,0,0,0,0,22,10,20,159,5,11,83,8,3,16,4,3,12,6,2,5,0,1,0,0,0,0,0,4,0,0,1,1,2,0,0,0,8,5,9,11,0,0,9,2,0,243,93,2,30,2,21,14,1,2,18,1,31,15,13,73,1,9,29,4,9,2,5,1,6,7,0,0,0,0,0,20,0,0,0,0,0,0,1,2,3,0,11,1,1,0,1,3,3,0,0,0,0
"HP11 2",5547,4281,1,0,0,0,0,0,0,0,0,13,15,27,332,4,24,253,6,2,2,8,2,10,5,8,2,1,0,0,2,2,0,1,8,0,5,2,0,1,0,0,0,8,4,6,20,0,0,10,10,0,716,288,27,266,11,31,3,0,2,28,13,8,7,32,85,4,1,31,1,3,2,3,1,38,1,0,0,0,0,0,25,2,0,0,0,0,0,3,1,0,0,13,1,0,2,3,4,4,2,1,0,1
"HP12 3",11663,8513,2,0,0,0,0,0,0,0,0,17,30,20,758,21,11,570,22,3,38,29,7,21,10,2,8,3,5,2,0,0,5,1,17,3,9,2,0,3,0,0,0,27,7,13,44,0,15,28,0,1,2037,700,23,1026,83,44,4,0,13,97,14,11,1,21,64,0,5,22,5,0,4,8,0,11,9,5,0,0,0,0,88,0,0,1,0,0,0,0,1,2,0,47,2,1,4,30,12,12,9,6,2,1
"HP12 4",10001,9070,1,0,0,0,0,0,0,0,0,14,20,14,242,18,4,161,12,4,17,5,1,6,2,5,1,3,0,0,0,0,3,0,9,1,7,1,0,0,0,0,0,7,6,4,18,0,3,11,0,4,522,170,4,206,18,15,1,6,0,57,28,14,0,3,44,0,12,9,7,0,1,5,0,8,2,0,2,0,0,0,23,0,2,0,0,2,1,0,1,0,0,11,4,0,0,2,2,2,3,1,2,0
"HP13 5",13409,12148,2,1,1,0,0,0,0,0,0,25,27,27,319,15,35,190,13,2,10,4,3,5,14,2,9,9,5,1,0,0,1,1,18,2,10,4,1,1,0,0,0,7,7,15,6,0,4,1,1,0,719,204,51,271,11,21,17,0,4,44,12,51,5,28,50,6,13,13,4,0,0,7,0,6,1,0,0,0,0,0,31,0,0,1,0,2,1,0,0,3,0,15,3,0,1,5,4,4,3,1,1,1
"HP13 6",10796,9109,0,2,2,0,0,0,0,0,0,24,34,22,325,10,17,195,11,9,14,16,3,14,19,3,3,3,3,1,0,0,4,0,22,10,10,1,0,1,0,0,0,12,3,28,45,1,0,21,22,1,986,354,31,403,31,41,14,0,3,70,5,10,6,18,111,4,26,28,15,12,0,12,1,7,6,0,0,0,0,0,64,0,0,4,0,0,4,3,0,6,0,27,6,0,3,11,5,5,4,4,0,0
"HP13 7",16840,15302,2,0,0,0,0,0,0,0,0,36,37,32,454,31,21,259,19,15,33,21,6,22,6,3,7,5,1,3,1,0,1,0,24,5,12,3,2,2,0,0,0,14,12,17,58,0,3,27,26,2,690,219,10,247,12,60,23,3,4,58,19,10,10,15,94,9,17,32,6,1,2,10,5,12,0,0,0,0,0,0,58,1,2,0,0,0,1,3,2,3,0,18,9,1,2,16,4,4,6,3,2,1
"HP14 3",9135,8932,1,0,0,0,0,0,0,0,0,14,6,8,79,10,11,29,3,2,2,0,0,9,0,5,2,2,1,1,0,0,2,0,3,1,2,0,0,0,0,0,0,3,3,7,7,0,0,2,5,0,40,15,3,8,1,2,2,0,1,1,2,0,5,0,19,1,7,4,0,3,0,1,0,2,1,0,0,0,0,0,9,0,0,0,0,0,0,0,1,0,0,3,3,0,1,1,3,3,1,0,0,1
"HP14 4",8008,7814,7,0,0,0,0,0,0,0,0,14,6,8,27,0,6,10,1,1,0,0,1,0,0,2,3,2,1,0,0,0,0,0,7,0,4,0,0,3,0,0,0,0,0,4,3,0,0,1,1,1,98,2,5,9,1,0,4,0,0,6,0,16,51,4,14,0,1,4,5,0,0,2,0,0,2,0,0,0,0,0,3,0,0,0,0,0,1,0,0,0,0,0,2,0,0,0,2,2,1,0,0,1
"HP15 6",7963,7841,6,0,0,0,0,0,0,0,0,6,3,4,44,5,7,9,1,1,1,1,0,1,2,5,6,1,2,2,0,0,0,0,0,0,0,0,0,0,0,0,0,0,4,2,2,0,0,1,1,0,23,2,6,6,0,2,1,0,0,0,0,0,5,1,20,0,5,9,2,0,0,1,0,3,0,0,0,0,0,0,5,2,0,0,0,0,0,0,0,0,0,0,3,0,0,0,2,2,1,0,0,1
"HP15 7",8978,8774,1,1,0,0,0,0,0,1,0,11,1,9,56,6,4,19,4,4,5,0,0,4,0,2,2,2,2,0,0,0,2,0,2,0,1,0,0,1,0,0,0,7,3,1,11,1,0,9,0,1,62,11,7,8,0,10,15,0,0,7,0,3,0,1,23,1,9,3,1,2,0,3,1,2,1,0,0,0,0,0,10,0,0,3,0,0,0,0,0,0,0,0,2,0,0,5,6,6,0,0,0,0
"HP16 0",6776,6641,2,0,0,0,0,0,0,0,0,9,3,10,59,7,8,13,5,4,3,0,0,3,3,1,7,1,2,1,0,1,0,0,4,0,1,0,0,3,0,0,0,6,1,0,1,0,0,1,0,0,16,1,0,0,0,0,6,0,0,7,1,1,0,0,20,2,0,1,1,0,0,4,1,11,0,0,0,0,0,0,2,0,0,0,0,0,0,0,0,0,0,1,1,0,0,0,0,0,2,2,0,0
"HP16 9",4756,4659,0,0,0,0,0,0,0,0,0,12,4,6,35,6,7,7,3,0,0,0,0,3,0,1,3,2,0,3,0,0,0,0,4,0,1,0,0,3,0,0,0,2,0,1,2,0,0,2,0,0,5,0,0,0,0,2,0,0,0,1,0,1,0,1,11,0,0,1,3,3,0,2,0,2,0,0,0,0,0,0,13,0,0,0,0,0,0,0,0,0,0,5,8,0,0,0,1,1,1,1,0,0
"HP17 0",1118,1108,0,0,0,0,0,0,0,0,0,1,1,0,2,0,1,1,0,0,0,0,0,0,0,0,0,0,0,0,0,0,0,0,0,0,0,0,0,0,0,0,0,0,0,0,0,0,0,0,0,0,1,1,0,0,0,0,0,0,0,0,0,0,0,0,4,0,0,0,2,0,0,0,1,1,0,0,0,0,0,0,0,0,0,0,0,0,0,0,0,0,0,0,0,0,0,0,1,1,0,0,0,0
"HP17 8",7778,7630,0,0,0,0,0,0,0,0,0,19,10,6,47,8,7,12,2,0,1,0,0,2,2,1,6,5,1,0,0,0,0,0,1,0,0,1,0,0,0,0,0,1,2,8,0,0,0,0,0,0,26,3,0,1,0,9,0,0,0,2,6,0,0,5,23,0,6,0,0,0,0,2,0,10,5,0,0,0,0,0,4,0,0,0,0,0,0,0,0,0,0,3,0,0,0,1,0,0,1,1,0,0
"HP17 9",881,859,0,0,0,0,0,0,0,0,0,3,0,1,2,0,2,0,0,0,0,0,0,0,0,0,0,0,0,0,0,0,0,0,2,0,0,0,0,2,1,1,0,2,0,1,0,0,0,0,0,0,5,0,2,0,0,0,0,0,0,0,0,3,0,0,3,0,0,2,0,0,0,1,0,0,0,0,0,0,0,0,2,0,0,0,0,0,0,0,0,0,0,0,2,0,0,0,0,0,0,0,0,0
"HP18 0",6029,5919,2,0,0,0,0,0,0,0,0,5,5,10,41,8,2,14,0,2,1,2,0,5,0,1,4,1,1,0,0,0,0,0,1,0,0,0,0,1,0,0,0,1,0,7,1,0,0,1,0,0,10,2,0,4,0,1,3,0,0,0,0,0,0,0,14,0,0,4,1,1,2,6,0,0,0,0,0,0,0,0,10,0,0,0,0,1,0,1,0,0,0,0,2,0,6,0,1,1,2,2,0,0
"HP18 9",7099,6992,3,1,1,0,0,0,0,0,0,18,1,5,47,2,9,5,4,1,8,0,0,3,1,1,4,8,0,1,0,0,0,0,1,0,0,0,0,1,0,0,0,0,0,4,1,0,0,1,0,0,8,2,0,1,0,0,2,0,0,2,0,1,0,0,14,0,0,7,0,0,0,4,0,3,0,0,0,0,0,0,4,0,0,0,0,0,0,0,0,0,0,2,2,0,0,0,0,0,0,0,0,0
"HP19 0",2222,2079,1,0,0,0,0,0,0,0,0,2,3,6,71,8,4,43,7,3,3,0,0,3,0,0,0,0,0,0,0,0,0,0,1,0,0,0,0,1,0,0,0,11,0,1,1,0,0,1,0,0,21,9,0,2,0,1,3,0,3,3,0,0,0,0,19,2,2,10,1,0,0,2,0,2,0,0,0,0,0,0,4,0,0,0,0,0,0,2,0,0,0,0,2,0,0,0,1,1,1,0,0,1
"HP19 7",6597,6086,1,0,0,0,0,0,0,0,0,10,8,3,171,3,6,110,10,2,10,1,0,16,8,0,3,2,0,0,0,0,0,0,3,0,3,0,0,0,0,0,0,3,4,2,74,0,0,5,69,0,153,94,1,26,3,6,5,0,5,4,5,3,0,1,40,3,2,10,5,0,0,7,0,13,0,0,0,0,0,0,32,0,0,0,0,2,6,0,2,0,0,4,7,0,0,11,6,6,1,0,1,0
"HP19 8",3328,3135,0,1,0,0,0,0,0,1,0,4,6,7,79,10,5,34,0,2,8,0,0,8,6,4,0,0,2,0,0,0,0,0,5,2,3,0,0,0,0,0,0,2,0,0,17,0,0,0,17,0,51,35,0,1,4,0,3,0,2,1,0,0,0,5,11,1,0,1,0,0,0,9,0,0,0,0,0,0,0,0,10,0,0,0,0,0,0,0,1,0,0,9,0,0,0,0,0,0,0,0,0,0
"HP19 9",10224,9129,0,1,1,0,0,0,0,0,0,19,48,12,288,48,3,161,11,12,9,6,2,9,13,9,1,0,1,1,2,0,0,0,12,2,8,2,0,0,0,0,0,12,1,15,128,0,0,1,127,0,432,232,6,89,5,13,23,6,10,30,0,10,0,8,60,1,8,18,1,0,2,2,2,26,0,0,0,0,0,0,60,0,0,0,0,2,1,0,2,0,0,39,1,1,0,14,5,5,2,2,0,0
"HP2  4",10543,9911,1,0,0,0,0,0,0,0,0,20,25,12,159,23,5,57,8,4,30,9,0,5,6,3,2,3,1,1,2,0,0,0,6,5,0,0,0,1,0,0,0,5,12,17,10,0,0,5,2,3,237,47,29,17,3,20,37,1,11,46,10,14,0,2,64,8,7,24,1,6,0,4,3,6,5,1,0,0,0,0,52,0,0,0,2,10,1,1,5,0,0,16,4,0,5,8,4,4,7,6,0,1
"HP2  5",11905,11076,0,1,0,0,0,0,0,1,0,21,25,17,247,22,3,124,10,10,51,5,0,8,3,0,4,1,0,0,0,0,6,0,7,4,0,2,0,1,0,0,0,12,4,13,18,2,5,8,2,1,262,97,13,15,3,23,14,2,1,17,54,8,8,7,103,8,20,13,1,0,1,14,0,41,5,0,0,0,0,0,89,0,0,0,0,19,9,6,4,0,0,33,3,0,6,9,1,1,9,9,0,0
"HP2  6",7455,6991,1,2,2,0,0,0,0,0,0,7,18,13,171,11,7,95,10,4,13,2,0,15,2,1,8,1,0,1,0,0,1,0,7,4,2,0,1,0,0,0,0,7,7,6,15,0,0,14,0,1,120,36,3,13,0,8,32,1,0,8,1,5,11,2,41,0,1,11,2,0,0,3,0,22,2,0,0,0,0,0,46,1,0,0,0,15,9,4,2,0,0,9,4,1,0,1,3,3,0,0,0,0
"HP2  7",6608,6164,0,2,2,0,0,0,0,0,0,8,13,11,142,4,7,84,1,7,8,2,5,13,0,2,0,7,1,0,1,0,0,0,5,2,0,0,3,0,0,0,0,15,6,12,9,1,0,6,2,0,141,21,1,3,0,16,14,0,17,31,7,1,14,16,35,1,4,21,0,0,1,7,0,1,0,0,0,0,0,0,36,0,0,0,0,2,0,5,3,1,0,13,2,0,4,6,6,6,3,3,0,0
"HP20 1",7676,7025,0,0,0,0,0,0,0,0,0,8,20,7,224,42,4,100,6,11,8,3,0,23,15,2,5,1,2,1,1,0,0,0,13,5,4,0,0,4,0,0,0,4,4,11,26,1,2,3,19,1,240,110,3,53,2,5,12,1,10,24,13,7,0,0,48,2,2,15,3,0,0,7,2,12,5,0,0,0,0,0,38,0,0,0,0,1,1,1,0,0,0,23,2,0,3,7,3,3,5,1,0,4
"HP20 2",6478,5525,1,1,0,0,0,0,0,0,1,13,34,26,225,40,4,115,12,9,3,6,0,12,14,1,3,1,1,1,2,0,0,1,4,1,3,0,0,0,0,0,0,3,0,30,81,0,0,1,80,0,389,167,12,124,6,11,0,10,14,8,8,18,0,11,102,1,14,10,1,0,0,14,0,58,4,0,0,0,0,0,36,0,0,0,0,1,1,1,0,0,0,22,3,1,2,5,4,4,4,3,1,0
"HP21 7",9301,8739,3,3,0,0,0,2,0,1,0,14,15,8,158,35,14,69,11,4,5,1,1,7,1,1,3,2,2,1,0,0,0,1,1,0,1,0,0,0,0,0,0,4,2,13,19,0,1,4,13,1,235,60,9,48,9,6,34,0,19,21,14,11,0,4,44,0,2,13,3,1,3,8,0,14,0,0,0,0,0,0,43,4,0,0,0,1,2,0,0,0,0,24,2,0,2,8,0,0,0,0,0,0
"HP21 8",12474,11034,0,0,0,0,0,0,0,0,0,24,32,34,327,8,11,206,21,5,14,7,0,20,23,1,5,3,1,0,0,1,0,1,9,6,1,0,0,2,0,0,0,8,1,27,214,0,1,1,212,0,568,264,5,135,15,9,37,3,4,15,36,15,0,30,113,1,7,8,3,0,0,12,0,73,9,0,0,1,0,1,69,0,0,0,0,2,3,4,0,0,0,39,5,3,7,6,4,4,9,7,2,0
"HP21 9",10119,9480,0,0,0,0,0,0,0,0,0,15,13,13,239,14,7,77,16,7,87,1,0,9,8,2,6,3,2,0,0,0,0,0,5,4,0,1,0,0,0,0,0,9,1,16,3,0,0,1,2,0,178,77,5,14,0,6,32,0,0,14,15,14,1,0,104,4,6,8,8,0,1,7,1,62,7,0,0,0,0,0,39,0,0,0,0,1,0,0,0,0,0,23,7,1,0,7,4,4,0,0,0,0
"HP22 4",5017,4954,2,0,0,0,0,0,0,0,0,8,3,5,17,3,1,3,0,1,1,0,0,1,0,0,5,2,0,0,0,0,0,0,0,0,0,0,0,0,0,0,0,0,0,6,0,0,0,0,0,0,5,2,0,1,0,0,0,0,0,1,0,1,0,0,7,1,1,0,0,0,1,1,1,1,1,1,0,0,0,0,4,0,0,0,0,0,0,0,0,0,0,4,0,0,0,0,0,0,5,4,1,0
"HP22 5",12931,12640,2,1,0,0,0,0,0,1,0,18,4,8,80,9,11,27,1,1,6,1,0,3,2,0,8,2,3,6,0,0,0,0,7,0,4,0,1,2,0,0,0,9,3,9,8,0,0,8,0,0,72,24,1,5,0,4,10,0,0,9,3,1,15,0,55,3,24,10,3,0,0,5,2,7,1,0,0,0,0,0,11,1,0,1,0,0,0,0,1,0,0,2,4,0,2,0,0,0,4,4,0,0
"HP22 6",5898,5801,2,1,1,0,0,0,0,0,0,15,5,1,36,7,6,11,1,1,0,0,0,0,0,0,3,2,5,0,0,0,0,0,0,0,0,0,0,0,0,0,0,4,4,0,7,4,0,1,2,0,7,1,1,1,0,3,0,0,0,1,0,0,0,0,12,0,2,1,4,0,0,4,1,0,0,0,0,0,0,0,1,0,0,0,0,0,0,0,0,0,0,0,1,0,0,0,1,1,1,1,0,0
"HP23 4",5874,5803,2,0,0,0,0,0,0,0,0,7,4,7,22,4,1,5,0,1,1,0,0,1,0,1,1,3,3,1,0,0,0,0,1,0,1,0,0,0,0,0,0,2,5,0,0,0,0,0,0,0,11,0,0,0,0,4,2,0,0,1,0,0,4,0,3,0,0,2,0,0,0,1,0,0,0,0,0,0,0,0,3,0,0,0,0,0,0,0,0,0,0,0,3,0,0,0,1,1,3,3,0,0
"HP23 5",7790,7591,1,1,0,0,0,0,1,0,0,22,15,9,77,14,9,19,1,1,5,2,1,2,7,1,0,4,5,3,0,0,1,2,3,0,2,0,0,1,0,0,0,3,1,6,3,1,0,1,0,1,22,9,1,1,0,2,4,0,0,0,0,5,0,0,34,1,8,13,4,0,0,1,0,7,0,0,0,0,0,0,2,0,0,0,0,0,0,0,0,0,0,1,1,0,0,0,0,0,0,0,0,0
"HP23 6",3218,3168,0,0,0,0,0,0,0,0,0,3,3,2,25,5,2,6,2,1,2,0,0,1,3,0,0,0,0,3,0,0,0,0,0,0,0,0,0,0,0,0,0,0,0,0,0,0,0,0,0,0,0,0,0,0,0,0,0,0,0,0,0,0,0,0,16,0,1,0,1,0,0,4,4,6,0,0,0,0,0,0,1,0,0,0,0,0,0,0,0,0,1,0,0,0,0,0,0,0,0,0,0,0
"HP27 0",6236,6118,0,0,0,0,0,0,0,0,0,8,1,8,47,13,5,14,2,4,0,0,0,2,0,1,4,2,0,0,0,0,0,0,3,3,0,0,0,0,0,0,0,1,1,0,0,0,0,0,0,0,30,1,0,19,2,5,0,0,0,1,0,0,2,0,18,1,2,5,3,0,0,4,0,3,0,0,0,0,0,0,0,0,0,0,0,0,0,0,0,0,0,0,0,0,0,0,0,0,1,0,0,1
"HP27 9",5628,5512,2,0,0,0,0,0,0,0,0,16,6,5,38,8,7,11,0,0,1,0,0,0,0,0,7,0,2,2,0,0,0,0,1,0,0,0,0,1,0,0,0,6,0,2,0,0,0,0,0,0,20,3,0,11,0,0,0,0,0,0,0,6,0,0,15,0,0,7,0,0,0,1,0,3,4,0,0,0,0,0,4,0,0,0,0,0,2,0,0,0,0,1,0,0,0,1,0,0,1,0,1,0
"HP3  0",7899,7647,0,0,0,0,0,0,0,0,0,22,8,21,63,6,8,16,3,2,4,2,2,1,3,0,7,2,6,1,0,0,0,0,13,11,2,0,0,0,0,0,0,8,10,7,12,5,3,3,1,0,36,0,5,7,1,6,6,1,0,9,0,0,1,0,28,4,2,6,2,0,8,0,1,5,0,0,0,0,0,0,19,0,0,5,0,0,1,2,0,1,0,1,6,2,0,1,1,1,4,0,0,4
"HP3  8",9503,9003,0,0,0,0,0,0,0,0,0,4,14,5,98,5,7,57,0,0,0,8,1,4,2,6,4,0,2,0,1,0,0,1,4,1,2,0,0,1,0,0,0,5,20,1,10,2,0,7,1,0,245,121,1,33,0,21,27,4,2,17,5,5,6,3,50,4,5,17,2,9,0,6,1,5,1,0,0,0,0,0,31,0,0,0,0,7,1,6,6,0,0,5,1,0,0,5,2,2,11,7,0,4
"HP3  9",13496,12697,1,0,0,0,0,0,0,0,0,22,29,24,210,24,20,82,6,10,19,13,1,19,1,1,7,2,0,2,2,0,0,1,8,5,2,0,0,1,0,0,0,18,18,15,9,0,1,5,2,1,342,169,15,50,1,12,33,14,7,16,1,9,3,12,57,3,1,14,4,1,2,11,2,19,0,0,1,0,0,0,33,3,1,0,0,4,1,1,3,2,0,5,4,1,2,6,2,2,10,6,1,3
"HP4  1",6687,6514,0,1,0,1,0,0,0,0,0,8,3,9,79,12,7,17,5,3,2,2,1,5,0,0,7,8,1,3,0,0,4,2,1,0,0,0,0,1,0,0,0,1,1,2,2,0,0,2,0,0,28,5,3,0,0,10,5,0,0,0,4,1,0,0,31,1,2,12,5,0,0,6,0,5,0,0,1,0,0,0,4,0,0,0,0,0,0,0,0,0,0,0,4,0,0,0,1,1,1,0,0,1
"HP4  2",7171,7009,4,0,0,0,0,0,0,0,0,18,4,6,67,11,6,22,4,4,2,0,0,2,2,1,4,4,5,0,0,0,0,0,1,0,0,0,0,1,0,0,0,4,3,3,5,0,0,4,0,1,10,1,0,0,0,0,3,0,3,0,3,0,0,0,31,2,17,5,2,0,0,3,2,0,0,0,0,0,0,0,4,0,0,0,0,0,1,0,0,0,0,0,2,0,0,1,1,1,1,1,0,0
"HP4  3",9055,8826,4,2,0,0,0,0,0,2,0,13,14,9,92,4,21,21,0,5,5,0,0,4,2,1,11,10,5,2,0,0,0,1,1,0,0,0,0,1,0,0,0,3,1,6,6,0,0,6,0,0,45,6,0,4,0,1,13,0,0,8,11,0,1,1,23,3,3,3,6,0,0,2,0,2,4,0,0,0,0,0,9,0,0,0,0,0,6,1,0,0,0,0,2,0,0,0,0,0,1,1,0,0
"HP5  1",6433,6203,0,0,0,0,0,0,0,0,0,7,6,7,89,8,8,33,8,3,2,1,0,17,0,1,1,4,1,0,0,0,2,0,0,0,0,0,0,0,0,0,0,6,5,0,4,2,0,1,1,0,60,27,2,9,0,5,3,4,0,7,0,2,1,0,29,2,1,4,5,1,0,6,0,10,0,0,0,0,0,0,8,0,0,0,0,1,0,0,0,0,0,1,6,0,0,0,5,5,4,2,0,2
"HP5  2",10960,10315,1,1,1,0,0,0,0,0,0,12,3,19,153,3,12,65,0,1,5,4,4,20,13,1,8,6,9,0,0,1,0,1,8,5,1,0,1,1,0,0,0,13,11,5,6,1,2,2,1,0,350,160,2,132,6,14,16,0,3,7,2,7,0,1,43,2,5,7,2,0,6,4,0,15,2,0,0,0,0,0,17,0,0,0,0,1,1,0,0,0,0,7,8,0,0,0,3,3,0,0,0,0
"HP5  3",6945,6481,0,6,5,0,0,0,1,0,0,12,3,5,123,3,7,49,6,3,6,8,0,23,10,0,3,3,1,1,0,0,0,0,5,2,1,0,0,2,0,0,0,10,13,7,9,0,0,8,1,0,233,122,2,75,1,13,15,0,0,3,0,0,0,2,25,1,3,12,6,0,0,2,0,0,1,0,0,0,0,0,10,0,0,0,0,0,0,2,3,0,0,0,5,0,0,0,0,0,3,2,1,0
"HP6  5",5671,5414,0,0,0,0,0,0,0,0,0,8,5,9,114,10,7,56,3,5,7,1,1,6,4,0,7,0,6,0,1,0,0,0,7,0,0,3,0,4,0,0,0,11,3,2,2,0,0,2,0,0,72,6,8,3,0,9,17,4,5,14,2,0,0,4,22,0,2,1,5,1,0,6,0,6,1,0,0,0,0,0,2,0,0,0,0,0,0,0,0,0,0,2,0,0,0,0,0,0,0,0,0,0
"HP6  6",7963,7611,2,0,0,0,0,0,0,0,0,15,9,35,142,12,12,67,2,6,18,3,0,6,0,1,3,3,5,3,0,0,1,0,3,0,2,0,0,1,0,0,0,12,2,0,10,1,0,9,0,0,72,4,0,9,1,5,17,4,0,15,0,3,3,11,43,0,6,7,4,0,2,7,0,17,0,0,0,1,0,1,5,0,0,0,0,0,0,1,0,0,0,0,3,0,0,1,1,1,0,0,0,0
"HP7  0",4059,3890,0,2,2,0,0,0,0,0,0,10,6,6,66,4,7,38,5,0,5,0,0,0,6,1,0,0,0,0,0,0,0,0,4,0,1,1,1,1,0,0,0,1,0,2,3,0,2,0,1,0,31,2,1,3,0,0,6,0,0,14,0,0,0,5,30,2,0,17,0,0,0,0,0,11,0,0,0,0,0,0,7,0,0,0,0,0,0,0,0,0,0,4,3,0,0,0,0,0,1,0,0,1
"HP7  9",6148,5793,1,1,1,0,0,0,0,0,0,17,5,11,158,4,3,80,5,9,19,2,2,9,2,1,10,5,7,0,0,0,0,0,8,0,5,0,0,3,0,0,0,8,3,6,9,1,1,6,0,1,81,6,7,5,0,6,9,8,0,39,0,0,0,1,44,0,7,13,4,0,0,2,0,18,0,0,0,0,0,0,2,0,0,0,0,0,0,0,0,0,0,0,2,0,0,0,0,0,1,0,1,0
"HP8  4",6636,6472,1,0,0,0,0,0,0,0,0,18,1,7,80,13,12,17,3,3,2,3,3,4,1,3,6,1,6,3,0,0,0,0,1,0,0,0,0,1,0,0,0,7,3,1,0,0,0,0,0,0,17,3,0,0,0,1,4,0,1,6,0,1,1,0,26,0,5,3,7,0,0,1,3,7,0,0,0,0,0,0,1,0,0,0,0,0,0,0,0,0,0,1,0,0,0,0,1,1,0,0,0,0
"HP9  1",8702,8308,1,0,0,0,0,0,0,0,0,29,19,21,151,17,17,46,10,7,8,0,3,8,3,0,8,4,15,4,1,0,0,0,9,0,3,0,0,6,0,0,0,7,1,3,11,0,2,6,1,2,52,9,1,28,0,0,3,0,0,10,0,0,1,0,76,3,7,36,14,0,1,14,0,1,0,1,0,0,0,0,10,0,0,0,0,2,1,0,1,0,0,0,6,0,0,0,3,3,0,0,0,0
"HP9  2",7814,7513,3,0,0,0,0,0,0,0,0,47,9,13,132,9,20,52,3,4,11,0,0,6,3,1,5,15,2,1,0,0,0,0,3,0,0,0,0,3,0,0,0,12,2,6,5,0,0,4,0,1,36,2,0,11,1,18,0,0,0,1,0,0,3,0,25,0,1,0,7,2,1,7,0,6,1,0,0,0,0,0,4,0,0,0,0,0,0,0,0,0,0,1,0,0,1,2,2,2,2,2,0,0
"HR1  1",13698,13186,3,1,0,0,0,0,0,1,0,7,28,3,267,2,6,189,9,2,6,34,1,5,6,1,3,0,1,0,2,0,0,0,4,0,0,4,0,0,0,0,0,28,3,10,6,0,0,3,0,3,81,2,6,7,0,2,0,0,0,10,47,0,6,1,61,2,0,16,1,1,0,9,2,29,1,0,0,0,0,0,4,0,0,1,0,1,0,0,0,0,0,0,1,0,1,0,5,5,1,0,1,0
"HR1  2",5083,4653,4,1,0,0,0,0,0,1,0,6,33,10,275,0,3,159,28,5,9,28,17,5,7,1,1,2,4,1,3,2,0,0,2,0,0,2,0,0,0,0,0,14,0,16,0,0,0,0,0,0,26,4,0,2,0,1,0,1,0,4,9,1,4,0,39,1,6,17,0,0,3,3,0,9,0,0,0,0,0,0,2,0,0,0,0,0,0,0,0,0,0,1,1,0,0,0,1,1,1,1,0,0
"HR1  3",6202,5874,4,0,0,0,0,0,0,0,0,4,2,2,285,1,1,113,13,3,3,121,12,2,14,0,1,0,0,0,1,0,0,0,1,0,0,1,0,0,0,0,0,1,0,1,0,0,0,0,0,0,4,0,0,0,0,0,0,0,0,0,4,0,0,0,11,0,0,1,1,0,0,8,0,0,1,0,0,0,0,0,7,0,0,0,0,0,0,0,1,0,0,2,4,0,0,0,1,1,5,2,3,0
"HR1  4",6038,5906,2,1,0,0,0,0,0,1,0,2,1,1,90,1,5,30,14,2,15,7,1,7,7,1,0,0,0,0,0,0,0,0,4,0,0,2,0,2,0,0,0,8,1,3,0,0,0,0,0,0,9,0,0,0,0,0,0,0,0,0,4,0,5,0,8,0,0,0,1,0,0,3,0,3,1,0,0,0,0,0,1,0,0,0,0,0,0,0,0,0,0,0,0,0,1,0,0,0,1,1,0,0
"HR2  0",4252,4199,1,1,1,0,0,0,0,0,0,2,4,3,36,0,4,11,3,1,5,5,0,0,1,0,4,0,1,0,1,0,0,0,0,0,0,0,0,0,0,0,0,2,0,2,0,0,0,0,0,0,0,0,0,0,0,0,0,0,0,0,0,0,0,0,0,0,0,0,0,0,0,0,0,0,0,0,0,0,0,0,1,0,0,0,0,0,0,0,0,0,0,0,1,0,0,0,1,1,0,0,0,0
"HR2  6",7924,7554,5,0,0,0,0,0,0,0,0,4,10,1,280,2,4,174,17,1,13,49,8,1,8,0,1,1,0,0,1,0,0,0,5,0,0,2,3,0,0,0,0,12,1,8,1,0,1,0,0,0,21,2,1,1,0,4,1,0,0,3,0,0,9,0,17,2,1,1,1,0,0,10,0,2,0,1,0,0,0,0,2,0,0,0,0,0,0,0,0,0,0,0,0,0,1,1,2,2,0,0,0,0
"HR2  7",14662,13815,5,0,0,0,0,0,0,0,0,8,38,9,683,2,5,465,35,9,23,65,30,27,13,0,3,1,4,0,1,0,0,0,17,2,2,11,2,0,7,7,0,30,7,3,1,0,0,0,1,0,16,4,2,1,1,0,0,0,0,0,0,2,6,0,13,1,0,4,1,0,0,4,0,2,1,0,0,0,0,0,3,0,0,0,0,0,0,0,1,0,0,0,2,0,0,0,0,0,7,5,1,1
"HR2  8",4871,4702,6,0,0,0,0,0,0,0,0,2,3,1,133,2,5,50,7,0,15,6,0,3,37,0,7,0,0,0,0,0,0,1,7,2,0,5,0,0,0,0,0,5,0,0,0,0,0,0,0,0,2,0,2,0,0,0,0,0,0,0,0,0,0,0,8,0,0,0,5,0,0,1,0,2,0,0,0,0,0,0,1,0,0,0,0,0,1,0,0,0,0,0,0,0,0,0,0,0,1,0,1,0
"HR2  9",5756,5675,1,0,0,0,0,0,0,0,0,1,6,1,45,0,3,26,3,0,2,3,2,0,4,0,2,0,0,0,0,0,0,0,0,0,0,0,0,0,0,0,0,5,0,1,0,0,0,0,0,0,3,1,0,0,0,0,0,0,0,0,0,0,0,2,15,1,1,6,1,0,0,5,0,0,1,0,0,0,0,0,1,0,0,0,0,0,0,0,0,0,0,0,1,0,0,0,0,0,2,1,1,0
"HR3  5",4638,4589,0,0,0,0,0,0,0,0,0,2,0,3,30,3,2,9,2,1,0,0,0,2,0,0,6,4,0,1,0,0,0,0,0,0,0,0,0,0,0,0,0,1,0,0,0,0,0,0,0,0,6,0,0,1,0,0,0,0,0,0,0,0,5,0,4,1,0,0,3,0,0,0,0,0,0,0,0,0,0,0,3,0,1,0,0,0,0,0,0,0,0,0,2,0,0,0,0,0,0,0,0,0
"HR3  6",2910,2880,2,0,0,0,0,0,0,0,0,3,0,0,23,1,0,10,0,0,0,2,7,0,0,0,1,2,0,0,0,0,0,0,0,0,0,0,0,0,0,0,0,0,0,0,1,0,0,1,0,0,0,0,0,0,0,0,0,0,0,0,0,0,0,0,1,0,0,0,1,0,0,0,0,0,0,0,0,0,0,0,0,0,0,0,0,0,0,0,0,0,0,0,0,0,0,0,0,0,0,0,0,0
"HR4  0",10485,9939,7,1,0,0,0,0,0,1,0,6,37,11,422,3,13,302,33,1,7,29,10,8,8,1,4,2,0,0,1,0,0,0,7,0,2,3,2,0,0,0,0,15,0,6,3,0,3,0,0,0,14,5,0,0,0,0,0,0,0,0,2,0,7,0,11,0,0,0,0,0,0,1,0,9,1,1,0,0,0,0,3,0,0,0,0,0,0,0,0,0,0,2,1,0,0,0,0,0,2,1,0,1
"HR4  7",5508,5414,3,0,0,0,0,0,0,0,0,3,1,1,61,0,1,36,1,0,1,1,4,9,4,0,3,1,0,0,0,0,0,0,1,0,0,0,1,0,0,0,0,1,0,3,0,0,0,0,0,0,1,0,0,1,0,0,0,0,0,0,0,0,0,0,10,0,0,0,0,0,0,0,2,6,2,3,0,0,0,0,5,0,0,0,0,0,0,0,0,0,0,0,4,0,0,1,0,0,1,0,0,1
"HR4  8",5884,5797,0,0,0,0,0,0,0,0,0,0,3,1,68,0,6,31,4,2,0,12,6,1,0,1,3,0,2,0,0,0,0,0,1,0,0,1,0,0,0,0,0,0,1,0,0,0,0,0,0,0,6,5,0,1,0,0,0,0,0,0,0,0,0,0,6,0,0,6,0,0,0,0,0,0,0,0,0,0,0,0,1,0,0,0,0,0,0,0,0,0,0,0,0,0,0,1,0,0,0,0,0,0
"HR4  9",7411,6679,3,0,0,0,0,0,0,0,0,4,63,7,548,1,5,440,14,3,8,53,12,3,4,1,0,1,2,0,1,0,0,0,3,1,1,1,0,0,0,0,0,23,0,4,2,0,2,0,0,0,36,7,1,5,0,7,0,0,0,0,10,0,2,4,31,0,3,0,0,0,1,15,0,11,1,0,0,0,0,0,4,0,0,0,0,0,0,0,0,0,0,1,2,0,0,1,2,2,2,2,0,0
"HR5  3",4553,4436,0,0,0,0,0,0,0,0,0,1,3,1,66,1,0,26,0,2,3,1,0,21,11,1,0,0,0,0,0,0,0,0,0,0,0,0,0,0,0,0,0,0,0,0,0,0,0,0,0,0,6,0,1,0,0,0,0,0,0,0,5,0,0,0,31,0,2,2,0,0,0,1,0,26,0,0,0,0,0,0,7,0,0,0,0,0,0,0,0,0,0,0,3,0,0,4,1,1,1,0,1,0
"HR6  0",4371,4272,0,1,1,0,0,0,0,0,0,3,4,3,81,4,5,47,1,6,3,3,4,3,2,0,2,0,0,1,0,0,0,0,0,0,0,0,0,0,0,0,0,2,1,1,0,0,0,0,0,0,1,0,0,0,0,0,0,0,0,0,0,0,1,0,1,0,0,0,0,0,0,0,0,0,1,0,0,0,0,0,1,0,0,0,0,0,0,0,0,0,0,0,1,0,0,0,0,0,0,0,0,0
"HR6  8",10266,9799,1,0,0,0,0,0,0,0,0,1,3,4,414,2,7,261,41,12,1,21,3,53,7,2,2,0,1,0,1,0,0,0,2,0,0,2,0,0,0,0,0,4,7,3,1,1,0,0,0,0,10,0,0,0,0,1,0,0,0,0,9,0,0,0,15,1,3,6,1,0,0,1,1,2,0,0,0,0,0,0,0,0,0,0,0,0,0,0,0,0,0,0,0,0,0,0,1,1,1,1,0,0
"HR6  9",5237,5124,2,0,0,0,0,0,0,0,0,4,1,2,60,0,5,29,4,5,3,4,0,2,4,0,3,1,0,0,0,0,0,0,1,0,0,0,0,1,0,0,0,3,2,0,2,0,0,1,0,1,6,1,0,0,0,0,0,0,0,0,0,0,5,0,27,4,2,18,0,0,0,1,1,0,1,0,0,0,0,0,1,0,0,0,0,0,0,0,0,0,0,0,0,1,0,0,1,1,1,1,0,0
"HR7  4",6973,6777,1,0,0,0,0,0,0,0,0,5,1,0,150,1,2,73,4,0,3,2,0,57,3,0,4,0,1,0,0,0,0,0,3,0,0,2,0,1,0,0,0,1,0,0,0,0,0,0,0,0,2,0,0,0,0,2,0,0,0,0,0,0,0,0,8,0,0,3,0,0,0,2,0,3,0,0,0,0,0,0,2,0,0,0,0,0,0,0,1,0,0,0,1,0,0,0,4,4,19,0,3,16
"HR8  1",4275,4141,3,0,0,0,0,0,0,0,0,3,0,0,101,0,5,56,4,0,4,11,7,0,4,0,1,0,0,4,1,0,0,4,1,0,0,0,0,1,0,0,0,3,1,0,0,0,0,0,0,0,7,1,0,2,0,0,0,0,0,0,4,0,0,0,13,1,0,0,1,0,0,0,0,11,0,0,0,0,0,0,1,0,0,0,0,0,0,0,0,0,0,0,1,0,0,0,0,0,1,1,0,0
"HR8  2",9351,9004,4,0,0,0,0,0,0,0,0,4,11,5,274,2,3,158,21,3,10,13,24,12,21,1,3,1,0,1,1,0,0,0,2,0,0,2,0,0,0,0,0,12,0,0,0,0,0,0,0,0,10,0,5,0,0,0,0,0,0,2,3,0,0,0,21,3,4,3,1,0,0,1,1,7,1,1,0,0,0,0,3,0,0,0,0,1,0,0,0,0,0,0,0,0,0,2,0,0,0,0,0,0
"HR9  5",7055,6888,8,0,0,0,0,0,0,0,0,4,1,2,134,2,11,55,3,3,6,30,4,11,4,0,3,1,1,0,0,0,0,0,1,0,0,0,0,1,0,0,0,5,4,0,1,0,0,1,0,0,0,0,0,0,0,0,0,0,0,0,0,0,0,0,7,0,2,1,2,0,0,1,1,0,0,0,0,0,0,0,0,0,0,0,0,0,0,0,0,0,0,0,0,0,0,0,0,0,0,0,0,0
"HR9  6",4459,4391,7,1,0,0,0,0,0,1,0,2,0,2,39,1,1,11,3,2,0,3,0,6,2,3,1,1,1,0,4,0,0,0,1,0,0,0,0,1,0,0,0,2,1,0,0,0,0,0,0,0,6,0,1,0,0,0,0,0,0,0,0,0,5,0,5,0,0,1,0,0,0,1,0,0,3,0,0,0,0,0,0,0,0,0,0,0,0,0,0,0,0,0,0,0,0,0,0,0,2,0,0,2
"HR9  7",8967,8654,8,0,0,0,0,0,0,0,0,4,13,1,230,0,6,98,16,8,14,49,4,23,4,0,3,0,1,0,3,0,1,0,6,1,0,5,0,0,1,1,0,14,3,0,0,0,0,0,0,0,19,0,0,0,0,0,0,0,0,2,6,0,11,0,7,0,1,0,1,0,3,0,0,0,2,0,0,0,0,0,2,0,0,0,0,0,0,0,0,0,0,0,1,0,0,1,2,2,3,1,0,2
"HU1  1",889,794,1,0,0,0,0,0,0,0,0,3,4,10,36,4,7,9,0,3,3,0,2,0,0,5,1,0,0,0,1,0,1,0,0,0,0,0,0,0,0,0,0,3,1,13,8,0,7,1,0,0,3,2,1,0,0,0,0,0,0,0,0,0,0,0,11,1,3,3,1,0,2,0,0,1,0,0,0,0,0,0,0,0,0,0,0,0,0,0,0,0,0,0,0,0,0,0,1,1,1,1,0,0
"HU1  2",2084,1575,1,1,0,0,0,0,0,1,0,15,32,5,134,10,0,57,0,1,7,14,29,1,0,11,0,0,3,0,0,0,1,0,8,8,0,0,0,0,0,0,0,29,13,40,159,0,128,17,12,2,13,7,0,2,0,3,0,0,0,0,0,0,0,1,34,14,2,12,0,0,0,2,0,4,0,0,0,0,0,0,24,2,2,0,0,0,1,0,4,1,5,5,0,0,1,3,1,1,0,0,0,0
"HU1  3",197,123,0,0,0,0,0,0,0,0,0,2,1,4,14,5,0,5,0,0,0,0,0,0,0,3,0,0,0,0,0,0,1,0,0,0,0,0,0,0,0,0,0,6,3,34,4,0,4,0,0,0,3,0,0,2,0,0,0,0,0,0,1,0,0,0,2,0,1,1,0,0,0,0,0,0,0,0,0,0,0,0,0,0,0,0,0,0,0,0,0,0,0,0,0,0,0,0,1,1,0,0,0,0
"HU10 6",10590,10445,0,0,0,0,0,0,0,0,0,2,2,2,43,5,6,16,2,4,0,2,4,3,0,0,0,1,0,0,0,0,0,0,1,0,1,0,0,0,0,0,0,4,7,15,7,1,2,4,0,0,22,13,1,1,0,0,0,0,2,2,0,0,0,3,23,2,1,2,0,0,3,12,0,3,0,0,0,0,0,0,5,2,0,0,0,0,0,0,2,0,0,0,1,0,0,0,2,2,10,8,0,2
"HU10 7",7983,7866,1,0,0,0,0,0,0,0,0,6,0,1,42,2,4,16,4,0,1,5,5,1,0,0,3,0,1,0,0,0,0,0,4,0,0,0,0,4,0,0,0,3,2,6,6,0,1,5,0,0,36,10,11,2,0,4,0,1,1,1,0,0,0,6,7,0,2,2,1,0,0,1,0,1,0,0,0,0,0,0,2,0,0,0,0,0,0,2,0,0,0,0,0,0,0,0,0,0,1,1,0,0
"HU11 4",7946,7912,0,0,0,0,0,0,0,0,0,0,0,1,9,0,3,3,0,0,0,0,0,1,0,0,2,0,0,0,0,0,0,0,0,0,0,0,0,0,0,0,0,0,2,1,2,0,1,1,0,0,10,1,2,4,0,2,0,0,0,0,0,0,0,1,8,0,1,0,0,0,1,0,0,6,0,0,0,0,0,0,0,0,0,0,0,0,0,0,0,0,0,0,0,0,0,0,0,0,1,1,0,0
"HU11 5",3656,3641,0,0,0,0,0,0,0,0,0,0,0,0,11,2,1,3,0,0,1,0,0,0,0,0,4,0,0,0,0,0,0,0,1,0,0,0,0,1,0,0,0,0,0,0,0,0,0,0,0,0,0,0,0,0,0,0,0,0,0,0,0,0,0,0,3,0,0,0,0,0,0,2,0,1,0,0,0,0,0,0,0,0,0,0,0,0,0,0,0,0,0,0,0,0,0,0,0,0,0,0,0,0
"HU12 0",5311,5267,0,0,0,0,0,0,0,0,0,1,1,4,21,1,1,7,0,0,0,9,2,0,0,0,1,0,0,0,0,0,0,0,0,0,0,0,0,0,0,0,0,1,1,2,1,0,0,1,0,0,1,0,0,0,0,1,0,0,0,0,0,0,0,0,9,0,0,6,0,0,0,1,0,2,0,0,0,0,0,0,0,0,0,0,0,0,0,0,0,0,0,0,0,0,0,0,1,1,1,0,0,1
"HU12 8",10753,10680,0,1,0,0,0,0,0,1,0,1,0,3,38,7,4,16,4,0,0,2,0,0,1,1,2,0,0,1,0,0,0,0,0,0,0,0,0,0,0,0,0,6,0,0,1,0,0,1,0,0,0,0,0,0,0,0,0,0,0,0,0,0,0,0,19,0,1,14,1,0,0,3,0,0,0,0,0,0,0,0,0,0,0,0,0,0,0,0,0,0,0,0,0,0,0,0,1,1,3,3,0,0
"HU12 9",8828,8773,0,0,0,0,0,0,0,0,0,0,0,1,28,2,3,3,3,0,1,2,1,0,2,4,7,0,0,0,0,0,0,0,2,0,1,0,0,1,0,0,0,3,0,8,1,0,0,0,0,1,3,1,0,1,0,1,0,0,0,0,0,0,0,0,9,0,2,4,0,0,0,2,0,1,0,0,0,0,0,0,0,0,0,0,0,0,0,0,0,0,0,0,0,0,0,0,0,0,0,0,0,0
"HU13 0",7244,7104,0,0,0,0,0,0,0,0,0,9,4,6,36,5,3,15,0,2,0,5,2,0,0,0,4,0,0,0,0,0,0,0,0,0,0,0,0,0,0,0,0,8,9,10,11,0,1,10,0,0,26,9,0,2,0,1,1,0,2,2,3,2,1,3,16,3,0,9,0,0,0,3,1,0,0,0,0,0,0,0,0,0,0,0,0,0,0,0,0,0,0,0,0,0,0,0,0,0,5,4,0,1
"HU13 9",7255,7160,0,0,0,0,0,0,0,0,0,2,4,7,37,4,2,13,1,1,0,8,0,1,0,1,2,2,2,0,0,0,0,0,3,0,0,3,0,0,0,0,0,1,3,2,1,0,0,0,0,1,14,7,2,2,0,0,0,0,0,2,0,0,0,1,20,0,4,9,0,0,0,4,0,2,1,0,0,0,0,0,1,0,0,0,0,0,0,0,1,0,0,0,0,0,0,0,0,0,0,0,0,0
"HU14 3",8088,7960,3,0,0,0,0,0,0,0,0,1,2,7,41,5,7,6,0,2,0,0,0,0,2,0,13,2,1,1,0,2,0,0,10,4,1,0,0,5,0,0,0,2,3,7,1,0,0,1,0,0,39,10,3,0,0,2,1,0,4,8,9,0,0,2,10,1,0,1,3,0,0,4,0,1,0,0,0,0,0,0,1,1,0,0,0,0,0,0,0,0,0,0,0,0,0,0,0,0,1,0,0,1
"HU15 1",12705,12450,1,1,0,0,0,0,0,1,0,5,1,6,76,2,9,32,2,1,0,2,0,1,12,1,9,4,0,1,0,0,0,0,8,0,0,0,0,8,0,0,0,9,4,24,8,2,2,4,0,0,74,22,9,4,0,5,0,1,12,14,3,0,0,4,29,3,2,17,0,0,0,6,0,1,0,0,0,0,0,0,4,0,0,0,0,0,0,0,0,0,0,0,0,0,0,4,1,1,4,2,1,1
"HU15 2",10683,10569,0,1,1,0,0,0,0,0,0,4,3,2,40,9,5,8,1,0,1,1,6,6,0,0,0,0,2,1,0,0,0,0,1,0,0,0,0,1,0,0,0,4,0,0,3,0,1,0,0,2,6,0,3,1,0,0,0,0,0,0,2,0,0,0,44,4,3,9,0,0,0,4,0,23,1,0,0,0,0,0,5,0,0,0,0,0,0,0,2,0,0,0,1,0,0,2,0,0,1,1,0,0
"HU16 4",6628,6507,0,0,0,0,0,0,0,0,0,3,1,4,41,3,3,14,0,0,7,3,2,0,0,0,7,0,0,1,0,0,1,0,0,0,0,0,0,0,0,0,0,6,7,22,1,0,0,1,0,0,11,2,3,0,0,4,0,0,0,0,0,0,0,2,20,1,1,9,0,2,0,4,0,2,1,0,0,0,0,0,5,0,0,0,0,0,2,0,2,0,0,0,0,0,0,1,0,0,0,0,0,0
"HU16 5",9450,9274,0,0,0,0,0,0,0,0,0,5,1,5,42,3,7,20,0,0,5,2,0,0,1,2,1,0,0,0,0,0,0,1,1,0,0,0,0,1,0,0,0,11,2,30,2,0,2,0,0,0,34,8,3,4,0,3,1,1,1,3,4,0,6,0,32,4,7,7,0,1,0,5,0,4,4,0,0,0,0,0,6,0,0,0,0,0,0,0,1,0,0,4,0,0,0,1,1,1,4,4,0,0
"HU17 0",9828,9669,0,1,0,0,0,0,0,1,0,6,1,13,58,4,11,8,3,4,2,7,0,9,3,3,2,0,0,0,1,0,1,0,1,0,0,0,0,1,0,0,0,1,7,3,5,0,0,5,0,0,21,4,2,0,0,5,0,0,3,4,0,0,3,0,35,1,0,5,7,0,1,8,0,13,0,0,0,0,0,0,4,0,0,0,0,0,0,0,0,0,0,0,2,0,0,2,2,2,1,1,0,0
"HU17 5",2611,2599,0,0,0,0,0,0,0,0,0,0,0,1,6,0,1,4,0,0,0,1,0,0,0,0,0,0,0,0,0,0,0,0,0,0,0,0,0,0,0,0,0,0,0,0,1,0,0,1,0,0,0,0,0,0,0,0,0,0,0,0,0,0,0,0,2,0,0,1,0,0,0,1,0,0,0,0,0,0,0,0,0,0,0,0,0,0,0,0,0,0,0,0,0,0,0,0,0,0,2,1,0,1
"HU17 7",8514,8391,1,0,0,0,0,0,0,0,0,5,1,4,31,5,5,3,0,0,3,1,2,0,4,2,4,2,0,0,0,0,0,0,1,0,0,0,0,1,0,0,0,1,5,2,7,0,2,4,0,1,46,6,0,0,0,2,0,0,0,3,0,0,33,2,12,2,4,3,0,0,0,1,0,1,1,1,0,0,0,0,5,0,0,0,0,2,0,0,0,0,0,0,2,0,1,0,0,0,1,0,0,1
"HU17 8",11229,11063,2,0,0,0,0,0,0,0,0,4,6,14,51,5,16,14,0,0,1,3,0,0,1,1,5,3,2,0,0,0,0,0,5,1,0,0,0,4,0,0,0,3,5,3,14,3,5,1,5,0,26,4,3,4,0,0,3,0,2,4,2,0,3,1,20,2,1,5,7,0,0,4,0,0,1,2,0,0,0,0,9,0,0,0,0,0,0,0,0,0,0,4,3,0,0,2,0,0,2,2,0,0
"HU17 9",10031,9895,1,0,0,0,0,0,0,0,0,9,3,8,34,2,10,8,0,1,2,0,1,0,0,2,3,2,2,0,0,0,0,1,4,2,0,0,0,2,0,0,0,8,3,3,2,0,0,2,0,0,25,2,3,5,0,0,0,4,4,4,0,0,0,3,31,0,4,6,0,1,1,6,1,12,0,0,0,0,0,0,2,0,0,0,0,0,0,0,0,0,0,0,0,0,2,0,0,0,3,2,0,1
"HU18 1",8557,8487,0,2,2,0,0,0,0,0,0,2,0,4,27,3,4,3,0,0,1,7,6,0,0,0,2,0,1,0,0,0,0,0,2,1,1,0,0,0,0,0,0,7,1,4,5,0,0,3,0,2,5,5,0,0,0,0,0,0,0,0,0,0,0,0,5,0,0,2,1,0,0,2,0,0,0,0,0,0,0,0,0,0,0,0,0,0,0,0,0,0,0,0,0,0,0,0,0,0,6,5,1,0
"HU19 2",6909,6844,0,0,0,0,0,0,0,0,0,1,0,8,29,0,3,17,0,1,0,5,1,0,1,0,0,0,0,0,0,0,1,0,1,0,0,0,0,1,0,0,0,0,1,1,0,0,0,0,0,0,6,3,0,0,0,0,0,0,0,3,0,0,0,0,15,0,1,7,0,0,0,4,0,3,0,0,0,0,0,0,1,0,0,0,0,0,0,0,0,0,0,0,1,0,0,0,1,1,1,1,0,0
"HU2  0",1022,908,0,0,0,0,0,0,0,0,0,5,1,0,45,0,0,35,0,0,0,7,3,0,0,0,0,0,0,0,0,0,0,0,0,0,0,0,0,0,0,0,0,6,0,4,19,0,17,2,0,0,29,4,0,1,0,23,0,0,0,0,0,0,0,1,1,0,0,0,0,0,0,0,0,1,0,0,0,0,0,0,3,0,0,0,0,0,0,0,0,0,0,3,0,0,0,0,0,0,1,1,0,0
"HU2  8",1575,1243,0,0,0,0,0,0,0,0,0,8,9,8,105,0,0,63,3,2,1,19,3,0,6,6,2,0,0,0,0,0,0,0,1,0,1,0,0,0,0,0,0,4,11,22,116,0,72,34,6,4,20,9,3,0,0,3,0,0,2,1,2,0,0,0,14,1,1,2,0,0,0,5,5,0,0,0,0,0,0,0,13,0,0,4,0,0,1,0,3,0,0,0,0,1,1,3,1,1,0,0,0,0
"HU2  9",1259,1078,0,0,0,0,0,0,0,0,0,0,5,3,109,0,0,73,7,2,0,10,12,5,0,0,0,0,0,0,0,0,0,0,2,2,0,0,0,0,0,0,0,9,1,7,14,0,13,1,0,0,3,0,0,1,0,0,1,0,0,0,1,0,0,0,15,0,0,3,1,0,0,0,1,10,0,0,0,0,0,0,11,0,0,0,0,4,0,0,3,0,0,0,0,0,0,4,1,1,1,1,0,0
"HU20 3",999,983,0,0,0,0,0,0,0,0,0,0,1,1,2,0,0,0,0,0,0,0,0,0,1,0,1,0,0,0,0,0,0,0,0,0,0,0,0,0,0,0,0,1,0,0,0,0,0,0,0,0,6,0,0,0,0,0,0,0,0,0,0,0,6,0,5,0,0,0,0,0,0,0,0,5,0,0,0,0,0,0,0,0,0,0,0,0,0,0,0,0,0,0,0,0,0,0,0,0,0,0,0,0
"HU3  1",6245,4688,0,0,0,0,0,0,0,0,0,18,19,6,812,10,8,565,41,27,14,45,77,7,4,3,4,0,0,0,5,0,2,0,10,4,4,2,0,0,0,0,0,44,37,140,183,0,137,26,15,5,161,42,4,6,0,83,3,1,4,9,5,2,0,2,73,6,6,31,1,3,0,4,8,10,4,0,0,0,0,0,49,0,2,2,0,4,0,0,14,0,0,6,0,0,6,15,5,5,0,0,0,0
"HU3  2",5238,4159,0,3,0,0,0,0,0,3,0,11,29,5,423,2,3,248,21,10,6,71,57,0,0,0,3,1,1,0,0,0,0,0,10,4,3,3,0,0,0,0,0,69,23,66,247,0,215,27,5,0,66,4,1,14,0,9,0,0,2,5,26,0,0,5,83,11,3,13,0,0,1,4,3,43,5,0,0,0,0,0,34,0,6,6,0,2,0,1,4,0,0,2,0,2,1,10,4,4,6,6,0,0
"HU3  3",4177,3370,0,1,0,0,0,0,1,0,0,6,10,0,539,3,3,313,24,6,1,64,102,16,3,2,0,0,0,0,0,0,0,2,3,1,0,1,1,0,0,0,0,106,10,12,53,0,42,5,6,0,14,2,0,7,0,0,0,0,0,3,0,0,0,2,37,1,2,9,0,0,0,4,0,19,2,2,0,0,0,0,12,0,0,1,0,0,0,0,2,0,0,6,1,0,0,2,1,1,1,1,0,0
"HU3  5",2531,2257,0,0,0,0,0,0,0,0,0,1,10,1,160,0,1,107,11,6,0,22,12,0,0,1,0,0,0,0,0,0,0,0,5,2,3,0,0,0,0,0,0,18,18,13,16,0,11,5,0,0,11,4,2,1,0,0,0,0,0,1,2,0,0,1,7,0,2,4,0,0,0,1,0,0,0,0,0,0,0,0,12,0,0,0,0,0,1,0,3,0,0,1,0,1,0,6,2,2,0,0,0,0
"HU3  6",7841,7021,0,0,0,0,0,0,0,0,0,3,12,8,472,4,4,290,25,3,32,50,47,12,0,3,2,0,0,0,0,0,0,0,6,5,0,0,1,0,0,0,0,68,31,42,30,0,14,13,1,2,71,10,0,16,0,15,2,0,0,6,21,0,0,1,53,13,11,12,0,0,0,8,0,9,0,0,0,0,0,0,18,0,0,0,0,0,5,0,5,0,0,3,1,0,2,2,4,4,2,2,0,0
"HU4  6",12121,11751,0,1,1,0,0,0,0,0,0,2,6,6,149,4,5,97,4,1,0,8,19,4,2,1,3,1,0,0,0,0,0,0,3,1,0,1,1,0,0,0,0,37,12,20,28,0,16,12,0,0,47,7,1,4,0,16,0,0,0,7,10,0,0,2,36,3,10,10,1,1,1,4,0,6,0,0,0,0,0,0,18,0,0,0,0,0,0,0,6,0,0,4,3,0,5,0,2,2,3,1,2,0
"HU4  7",10288,10136,0,1,0,0,0,0,0,1,0,10,4,6,46,3,1,28,1,0,1,1,4,3,2,0,2,0,0,0,0,0,0,0,0,0,0,0,0,0,0,0,0,12,11,14,8,0,2,5,1,0,16,3,0,6,0,6,1,0,0,0,0,0,0,0,21,0,4,11,0,0,0,4,0,2,0,0,0,0,0,0,1,0,0,0,0,0,0,0,0,0,0,0,1,0,0,0,0,0,2,1,0,1
"HU5  1",5426,3901,0,0,0,0,0,0,0,0,0,15,27,15,1026,1,10,699,82,6,6,87,84,10,7,24,2,1,3,2,2,0,0,0,8,3,2,2,0,1,0,0,0,60,12,68,50,0,30,15,3,2,34,15,1,1,0,7,3,0,1,5,0,0,1,0,173,11,10,126,1,4,2,4,12,0,3,0,0,0,0,0,30,3,0,1,0,3,2,0,8,1,0,3,0,3,0,6,4,4,3,3,0,0
"HU5  2",9030,7143,1,1,1,0,0,0,0,0,0,37,25,32,928,14,26,586,69,12,7,88,66,7,3,34,4,5,2,0,3,0,1,1,7,3,2,0,0,2,0,0,0,54,18,106,26,0,15,4,6,1,117,28,5,8,0,45,7,0,8,2,2,8,2,2,467,22,21,347,4,5,6,2,54,6,0,0,2,0,0,0,59,0,1,0,0,3,2,1,23,0,0,10,0,3,0,16,5,5,2,1,0,1
"HU5  3",9590,8578,3,0,0,0,0,0,0,0,0,18,26,25,490,7,12,344,24,11,5,35,28,5,3,4,6,1,2,0,0,3,0,0,22,2,17,0,0,3,0,0,0,40,24,58,57,0,34,17,5,1,121,27,0,7,3,68,4,1,0,2,6,0,0,3,95,5,5,61,4,1,0,6,1,3,9,2,0,0,0,0,25,1,2,0,0,1,2,0,10,0,0,2,1,0,0,6,3,3,3,3,0,0
"HU5  4",8682,8506,1,0,0,0,0,0,0,0,0,4,7,1,35,0,9,16,1,0,0,1,1,2,0,3,2,0,0,0,0,0,0,0,1,1,0,0,0,0,0,0,0,0,6,29,8,0,2,5,0,1,39,16,2,7,0,11,1,0,0,0,0,0,0,2,35,10,0,15,0,0,0,8,0,2,0,0,0,0,0,0,4,0,0,0,0,0,0,0,2,0,0,1,0,0,0,1,0,0,6,4,0,2
"HU5  5",16496,16317,2,0,0,0,0,0,0,0,0,2,4,4,101,2,6,48,4,2,13,11,5,2,3,0,2,1,0,0,1,0,1,0,1,1,0,0,0,0,0,0,0,3,5,3,9,0,5,4,0,0,12,4,0,2,0,2,0,0,0,2,0,2,0,0,20,2,1,7,0,0,0,9,0,1,0,0,0,0,0,0,8,0,0,0,0,0,0,1,3,0,0,0,1,0,1,2,0,0,5,5,0,0
"HU6  0",475,471,0,0,0,0,0,0,0,0,0,0,0,0,3,0,0,0,0,0,0,0,3,0,0,0,0,0,0,0,0,0,0,0,0,0,0,0,0,0,0,0,0,0,0,0,0,0,0,0,0,0,1,0,0,0,0,0,0,0,0,0,0,1,0,0,0,0,0,0,0,0,0,0,0,0,0,0,0,0,0,0,0,0,0,0,0,0,0,0,0,0,0,0,0,0,0,0,0,0,0,0,0,0
"HU6  7",11674,10567,1,0,0,0,0,0,0,0,0,30,14,21,357,10,31,126,17,3,16,38,21,4,14,62,2,3,0,3,5,0,0,2,5,1,2,0,0,2,0,0,0,23,19,95,28,1,13,12,1,1,76,18,14,7,0,12,4,0,0,7,4,0,6,4,406,16,54,284,3,2,4,17,21,4,1,0,0,0,0,0,24,0,0,2,0,3,2,0,1,0,0,13,0,1,1,1,3,3,5,5,0,0
"HU6  8",9079,8417,0,2,1,0,0,0,0,0,1,4,17,8,258,10,6,155,13,1,0,30,31,0,2,8,0,1,0,0,0,0,0,1,7,0,5,1,0,1,0,0,0,22,32,105,30,0,6,23,0,1,25,8,0,6,0,3,1,0,0,5,0,0,2,0,81,5,12,60,1,0,0,1,0,1,1,0,0,0,0,0,70,0,0,1,0,1,0,1,18,0,2,15,1,0,4,27,1,1,0,0,0,0
"HU6  9",11272,10800,1,2,0,0,0,0,0,2,0,8,56,4,235,1,3,153,15,1,4,20,31,0,2,0,4,0,0,1,0,0,0,0,1,0,0,1,0,0,0,0,0,4,6,27,9,0,3,5,0,1,8,2,0,4,0,0,0,0,0,0,0,0,0,2,31,10,6,8,0,0,0,3,1,3,0,0,0,0,0,0,76,0,0,0,0,3,0,1,40,0,0,7,0,0,10,15,1,1,3,2,0,1
"HU7  0",1796,1775,0,0,0,0,0,0,0,0,0,0,0,0,13,0,0,10,3,0,0,0,0,0,0,0,0,0,0,0,0,0,0,0,2,0,0,2,0,0,0,0,0,1,0,1,0,0,0,0,0,0,2,0,0,2,0,0,0,0,0,0,0,0,0,0,2,0,0,0,0,0,0,2,0,0,0,0,0,0,0,0,0,0,0,0,0,0,0,0,0,0,0,0,0,0,0,0,0,0,0,0,0,0
"HU7  3",6399,6217,1,0,0,0,0,0,0,0,0,0,3,16,41,0,0,28,2,1,2,5,0,1,0,1,1,0,0,0,0,0,0,0,0,0,0,0,0,0,0,0,0,9,5,51,8,0,5,2,0,1,12,3,4,1,0,0,0,0,0,2,2,0,0,0,27,1,3,11,0,2,0,2,6,2,0,0,0,0,0,0,7,0,0,0,0,0,0,0,2,0,0,2,2,0,1,0,0,0,2,1,0,1
"HU7  4",22701,22454,0,4,0,0,0,0,0,4,0,1,8,11,134,2,9,89,3,0,1,12,12,1,2,0,2,1,0,0,0,0,0,0,2,1,0,0,1,0,0,0,0,15,5,11,3,0,0,1,1,1,3,0,0,1,0,0,0,0,2,0,0,0,0,0,19,2,4,6,0,0,2,1,1,2,1,0,0,0,0,0,21,0,0,0,0,2,8,0,0,0,0,3,1,0,4,3,1,1,9,6,1,2
"HU7  5",4765,4673,0,1,0,0,0,0,0,1,0,0,10,5,55,0,0,50,1,0,0,0,3,0,0,1,0,0,0,0,0,0,0,0,0,0,0,0,0,0,0,0,0,6,1,0,0,0,0,0,0,0,2,0,0,0,0,0,0,0,0,2,0,0,0,0,3,0,0,1,0,0,0,2,0,0,0,0,0,0,0,0,4,0,0,0,0,0,0,1,2,0,0,0,0,0,0,1,1,1,4,4,0,0
"HU7  6",4655,4609,0,1,0,0,0,1,0,0,0,0,1,0,27,0,0,12,0,0,0,10,3,0,0,0,1,0,1,0,0,0,0,0,0,0,0,0,0,0,0,0,0,1,3,1,0,0,0,0,0,0,2,2,0,0,0,0,0,0,0,0,0,0,0,0,4,0,0,2,0,0,0,0,0,2,0,0,0,0,0,0,2,0,0,0,0,0,0,0,0,0,0,0,0,0,0,2,0,0,4,4,0,0
"HU8  0",9118,9049,0,1,1,0,0,0,0,0,0,0,10,1,25,1,2,14,1,0,3,0,1,0,0,3,0,0,0,0,0,0,0,0,1,0,0,1,0,0,0,0,0,1,3,2,1,0,1,0,0,0,10,1,0,2,0,5,0,0,2,0,0,0,0,0,8,1,2,2,1,0,0,2,0,0,0,0,0,0,0,0,3,0,1,0,0,0,0,0,2,0,0,0,0,0,0,0,1,1,2,2,0,0
"HU8  7",2033,1908,0,0,0,0,0,0,0,0,0,2,0,0,53,0,5,20,3,2,3,7,8,2,1,0,0,0,0,0,0,0,2,0,0,0,0,0,0,0,0,0,0,8,4,4,21,0,18,2,0,1,12,2,2,1,1,1,0,1,1,0,1,0,0,2,18,0,4,11,0,0,0,1,2,0,0,0,0,0,0,0,3,0,0,0,0,1,0,0,1,0,0,0,0,0,0,1,0,0,0,0,0,0
"HU8  8",8324,8114,0,0,0,0,0,0,0,0,0,3,5,2,101,2,2,53,5,1,9,15,6,4,3,0,1,0,0,0,0,0,0,0,1,0,0,0,0,1,0,0,0,12,12,9,2,0,0,2,0,0,28,2,2,13,0,9,1,1,0,0,0,0,0,0,20,0,0,15,0,0,0,1,0,4,0,0,0,0,0,0,12,0,0,0,0,0,0,5,5,0,0,0,0,0,0,2,0,0,3,3,0,0
"HU8  9",14090,13938,1,0,0,0,0,0,0,0,0,6,4,4,48,0,1,24,1,2,3,3,8,0,0,1,1,2,2,0,0,0,0,0,1,0,0,1,0,0,0,0,0,6,10,0,20,0,4,7,6,3,14,3,0,6,0,1,0,0,0,0,0,1,3,0,28,3,4,6,0,0,6,5,0,4,0,0,0,0,0,0,7,0,1,0,0,0,0,0,1,0,0,2,0,0,0,3,0,0,3,1,0,2
"HU9  1",4298,3881,0,2,0,0,0,0,0,2,0,1,4,5,154,2,3,90,1,1,12,15,5,4,8,8,3,0,2,0,0,0,0,0,3,0,1,2,0,0,0,0,0,8,9,59,21,0,7,3,11,0,97,35,6,6,0,11,0,10,6,9,5,3,0,6,40,2,3,27,0,0,2,2,4,0,0,0,0,0,0,0,11,0,0,1,0,0,0,3,0,0,0,0,0,2,5,0,1,1,2,2,0,0
"HU9  2",5550,5258,0,1,0,0,0,1,0,0,0,2,1,2,189,0,5,93,14,3,9,26,26,6,2,4,1,0,0,0,0,0,0,0,0,0,0,0,0,0,0,0,0,33,3,15,1,0,1,0,0,0,7,2,2,0,0,3,0,0,0,0,0,0,0,0,20,1,3,7,0,0,0,1,0,8,0,0,0,0,0,0,17,0,0,1,0,3,2,0,2,0,0,2,0,0,2,5,0,0,1,1,0,0
"HU9  3",10032,9766,1,1,0,0,0,0,0,1,0,3,10,7,150,1,0,105,8,5,4,6,5,11,2,1,0,1,0,0,0,0,0,1,2,1,0,1,0,0,0,0,0,11,14,8,4,0,3,1,0,0,19,2,2,4,0,2,1,0,0,2,4,0,0,2,25,0,8,7,0,0,1,1,0,8,0,0,0,0,0,0,6,0,0,0,0,0,0,0,3,0,0,3,0,0,0,0,2,2,3,1,0,2
"HU9  4",12351,12129,2,0,0,0,0,0,0,0,0,1,10,5,126,0,6,85,5,3,1,8,5,7,0,2,3,1,0,0,0,0,0,0,3,0,1,2,0,0,0,0,0,14,8,6,5,0,2,2,1,0,11,2,2,0,0,3,2,0,0,0,1,1,0,0,15,2,4,3,0,0,0,4,2,0,0,0,0,0,0,0,10,0,0,0,0,0,0,0,1,0,0,9,0,0,0,0,0,0,6,4,0,2
"HU9  5",8263,8011,0,0,0,0,0,0,0,0,0,4,18,3,159,5,4,124,9,2,2,6,2,3,0,1,1,0,0,0,0,0,0,0,0,0,0,0,0,0,0,0,0,5,12,4,3,0,2,1,0,0,14,2,0,2,0,2,8,0,0,0,0,0,0,0,19,0,4,3,0,0,4,5,1,2,0,0,0,0,0,0,6,0,0,0,0,2,0,0,1,0,0,0,0,0,2,1,1,1,4,3,0,1
"HX1  1",478,426,0,0,0,0,0,0,0,0,0,0,0,0,35,0,0,24,3,1,3,0,2,2,0,0,0,0,0,0,0,0,0,0,0,0,0,0,0,0,0,0,0,0,0,2,0,0,0,0,0,0,14,0,5,1,0,0,0,1,0,7,0,0,0,0,1,0,1,0,0,0,0,0,0,0,0,0,0,0,0,0,0,0,0,0,0,0,0,0,0,0,0,0,0,0,0,0,0,0,0,0,0,0
"HX1  2",4149,3673,1,0,0,0,0,0,0,0,0,0,1,2,134,4,1,69,6,32,12,2,2,3,0,0,2,0,0,1,0,0,0,0,13,6,3,4,0,0,0,0,0,4,0,2,17,0,11,6,0,0,243,44,13,132,1,16,2,2,8,17,4,0,0,4,52,0,3,9,1,0,2,4,1,17,15,0,0,0,0,0,1,0,0,0,0,0,0,0,0,0,0,0,0,0,0,1,3,3,3,3,0,0
"HX1  3",7046,5269,0,0,0,0,0,0,0,0,0,10,0,2,217,21,1,81,40,56,2,3,6,4,0,0,0,0,1,2,0,0,0,0,9,1,3,5,0,0,0,0,0,7,2,7,26,0,10,8,8,0,1441,428,5,940,23,6,7,4,5,9,9,0,0,5,39,2,1,14,2,0,5,3,0,10,2,0,0,0,0,0,9,0,1,1,0,0,0,0,0,0,1,4,0,0,1,1,2,2,6,6,0,0
"HX1  4",6884,4361,0,2,0,0,0,0,0,1,1,10,0,0,458,3,5,169,105,137,2,23,11,2,0,0,0,0,0,1,0,0,0,0,6,0,5,1,0,0,0,0,0,7,2,20,58,0,17,21,20,0,1874,606,0,1194,47,16,0,0,0,3,2,1,0,5,31,13,3,5,1,0,2,0,0,2,5,0,0,0,0,0,37,1,0,3,0,0,1,0,0,0,1,12,0,5,2,12,2,2,16,12,4,0
"HX1  5",4204,2613,0,0,0,0,0,0,0,0,0,7,2,2,239,0,0,66,75,72,2,2,4,11,1,1,1,0,1,0,0,3,0,0,3,0,1,2,0,0,0,0,0,5,2,15,65,0,27,26,12,0,1195,285,2,703,23,158,3,0,3,9,0,0,0,9,29,3,0,5,0,0,1,1,0,16,3,0,0,0,0,0,24,0,0,11,0,0,0,0,1,0,0,5,0,1,1,5,2,2,1,1,0,0
"HX2  0",8392,7930,0,1,0,0,1,0,0,0,0,1,1,6,209,15,2,162,14,7,0,0,5,0,0,0,2,0,0,0,0,0,1,1,15,0,11,4,0,0,0,0,0,1,13,5,12,0,2,7,3,0,179,48,2,120,7,1,0,0,0,0,0,0,0,1,14,5,2,5,0,0,1,0,0,1,0,0,0,0,0,0,3,0,0,0,0,0,0,0,0,0,0,1,0,0,0,2,0,0,2,2,0,0
"HX2  6",4846,4785,0,0,0,0,0,0,0,0,0,5,0,3,25,0,0,13,1,0,7,1,0,0,0,1,0,0,0,2,0,0,0,0,0,0,0,0,0,0,0,0,0,0,1,0,4,0,1,3,0,0,10,0,0,5,0,0,5,0,0,0,0,0,0,0,8,0,3,1,0,0,0,2,2,0,0,0,0,0,0,0,3,0,0,0,0,0,0,0,0,0,0,3,0,0,0,0,0,0,2,2,0,0
"HX2  7",5916,5728,0,0,0,0,0,0,0,0,0,2,0,1,30,9,1,13,2,1,0,0,1,1,0,0,2,0,0,0,0,0,0,0,10,0,7,3,0,0,0,0,0,0,1,7,7,0,1,3,3,0,122,39,2,66,4,8,0,0,0,2,0,1,0,0,4,0,2,1,0,0,0,1,0,0,0,0,0,0,0,0,1,0,0,0,0,0,0,0,0,0,0,0,0,0,0,1,0,0,3,3,0,0
"HX2  8",6696,6527,0,1,1,0,0,0,0,0,0,0,2,1,144,0,3,109,13,8,0,5,2,2,0,0,0,0,0,0,0,0,2,0,1,0,1,0,0,0,0,0,0,1,1,0,4,0,0,3,0,1,2,0,0,2,0,0,0,0,0,0,0,0,0,0,3,0,0,2,0,0,0,0,0,1,0,0,0,0,0,0,6,0,0,0,0,0,0,1,1,0,0,3,0,0,0,1,0,0,3,2,1,0
"HX2  9",8639,8575,0,1,0,0,0,0,0,0,1,3,2,0,40,4,2,27,0,4,1,0,0,0,0,2,0,0,0,0,0,0,0,0,4,1,0,0,2,1,0,0,0,0,0,0,2,0,1,1,0,0,3,1,0,0,0,0,0,0,0,0,2,0,0,0,3,0,0,2,0,0,0,0,0,1,0,0,0,0,0,0,1,0,0,0,0,0,0,0,0,0,0,0,1,0,0,0,1,1,4,3,0,1
"HX3  0",7314,7072,0,0,0,0,0,0,0,0,0,3,4,0,39,5,4,16,1,1,0,1,0,0,0,2,5,0,3,1,0,0,0,0,2,0,0,2,0,0,0,0,0,7,1,18,5,0,5,0,0,0,133,32,2,55,0,7,2,11,12,3,0,0,0,9,25,2,0,4,0,0,0,2,1,14,2,0,0,0,0,0,3,0,0,0,0,0,0,2,0,0,0,0,0,0,0,1,0,0,2,1,1,0
"HX3  5",7724,7472,0,2,0,0,0,0,0,2,0,3,0,1,182,1,0,132,5,33,0,6,2,0,0,0,2,0,0,0,0,0,1,0,2,0,2,0,0,0,0,0,0,14,2,0,4,0,1,0,0,3,20,4,0,13,1,0,2,0,0,0,0,0,0,0,10,1,0,3,2,0,2,1,0,0,1,0,0,0,0,0,8,0,0,0,0,0,0,0,0,0,2,3,0,0,0,3,2,2,2,2,0,0
"HX3  6",6127,5871,0,1,1,0,0,0,0,0,0,1,0,2,151,4,1,126,2,8,2,4,2,1,0,0,0,0,0,0,0,0,1,0,11,1,7,3,0,0,0,0,0,26,2,1,6,0,4,2,0,0,33,8,0,10,0,3,0,0,3,8,0,0,0,1,12,1,1,7,0,0,0,2,0,1,0,0,0,0,0,0,3,1,0,0,0,0,0,2,0,0,0,0,0,0,0,0,0,0,7,7,0,0
"HX3  7",9376,9307,1,0,0,0,0,0,0,0,0,2,1,1,30,3,5,11,0,1,0,1,1,0,0,4,3,0,1,0,0,0,0,0,2,2,0,0,0,0,0,0,0,0,1,1,2,0,0,0,0,2,16,9,0,4,0,0,0,1,0,2,0,0,0,0,11,0,1,4,0,0,2,1,1,1,1,0,0,0,0,0,0,0,0,0,0,0,0,0,0,0,0,0,0,0,0,0,1,1,0,0,0,0
"HX3  8",7004,6934,1,1,0,0,0,0,0,1,0,3,0,3,35,3,6,16,1,0,0,2,2,0,3,1,0,0,0,0,0,0,1,0,5,1,1,2,1,0,0,0,0,0,0,0,1,0,0,1,0,0,14,3,0,9,0,0,2,0,0,0,0,0,0,0,4,0,0,1,0,0,0,2,0,1,0,0,0,0,0,0,1,0,0,0,0,0,0,0,1,0,0,0,0,0,0,0,0,0,2,2,0,0
"HX3  9",6697,6572,0,0,0,0,0,0,0,0,0,2,0,0,71,1,2,56,5,1,0,0,2,1,0,2,0,1,0,0,0,0,0,0,1,0,1,0,0,0,0,0,0,6,1,5,5,0,1,4,0,0,14,4,1,4,0,0,2,0,0,0,1,0,2,0,11,0,0,2,2,0,0,4,0,3,0,0,0,0,0,0,2,0,0,0,0,0,0,0,0,0,0,2,0,0,0,0,1,1,6,5,1,0
"HX4  0",1653,1640,0,0,0,0,0,0,0,0,0,4,0,1,5,0,0,4,0,1,0,0,0,0,0,0,0,0,0,0,0,0,0,0,0,0,0,0,0,0,0,0,0,2,0,1,0,0,0,0,0,0,0,0,0,0,0,0,0,0,0,0,0,0,0,0,0,0,0,0,0,0,0,0,0,0,0,0,0,0,0,0,0,0,0,0,0,0,0,0,0,0,0,0,0,0,0,0,0,0,0,0,0,0
"HX4  8",6094,6039,0,3,3,0,0,0,0,0,0,2,2,0,19,4,3,5,4,0,0,0,0,0,0,0,3,0,0,0,0,0,0,0,0,0,0,0,0,0,0,0,0,0,1,1,0,0,0,0,0,0,10,6,0,3,0,1,0,0,0,0,0,0,0,0,10,0,4,2,0,0,1,3,0,0,0,0,0,0,0,0,2,0,0,0,0,0,0,0,0,0,0,1,0,0,0,1,2,2,3,2,1,0
"HX4  9",3992,3968,0,0,0,0,0,0,0,0,0,0,0,0,12,0,1,6,4,0,0,0,0,0,0,0,0,0,0,0,0,0,1,0,0,0,0,0,0,0,0,0,0,1,1,0,0,0,0,0,0,0,3,2,0,1,0,0,0,0,0,0,0,0,0,0,7,1,1,2,0,0,0,2,0,0,1,0,0,0,0,0,0,0,0,0,0,0,0,0,0,0,0,0,0,0,0,0,0,0,0,0,0,0
"HX5  0",5626,5462,0,0,0,0,0,0,0,0,0,0,0,3,51,3,2,40,5,0,1,0,0,0,0,0,0,0,0,0,0,0,0,0,0,0,0,0,0,0,0,0,0,0,0,1,1,0,0,1,0,0,86,32,0,43,0,0,10,0,0,1,0,0,0,0,19,3,6,6,0,0,0,1,0,1,2,0,0,0,0,0,2,0,0,0,0,0,0,0,0,0,0,0,0,0,1,1,0,0,1,1,0,0
"HX5  9",4286,4182,0,0,0,0,0,0,0,0,0,2,1,0,45,2,1,28,0,4,3,0,0,4,0,3,0,0,0,0,0,0,0,0,0,0,0,0,0,0,0,0,0,5,1,3,3,0,0,2,1,0,36,7,8,19,0,2,0,0,0,0,0,0,0,0,4,0,2,0,0,0,0,1,0,1,0,0,0,0,0,0,0,0,0,0,0,0,0,0,0,0,0,0,0,0,0,0,0,0,4,4,0,0
"HX6  1",4116,4085,0,0,0,0,0,0,0,0,0,2,0,1,17,0,1,9,1,0,0,3,0,0,3,0,0,0,0,0,0,0,0,0,0,0,0,0,0,0,0,0,0,0,2,0,1,0,0,1,0,0,0,0,0,0,0,0,0,0,0,0,0,0,0,0,7,0,2,4,0,0,0,0,1,0,0,0,0,0,0,0,0,0,0,0,0,0,0,0,0,0,0,0,0,0,0,0,0,0,1,0,1,0
"HX6  2",5922,5824,1,0,0,0,0,0,0,0,0,3,1,3,36,4,7,23,0,1,0,1,0,0,0,0,0,0,0,0,0,0,0,0,8,1,7,0,0,0,0,0,0,3,0,0,3,0,0,2,1,0,16,4,0,7,0,0,5,0,0,0,0,0,0,0,21,0,0,3,1,1,0,2,0,14,0,0,0,0,0,0,2,0,0,0,0,0,0,0,0,0,0,0,1,0,0,1,0,0,1,1,0,0
"HX6  3",2980,2955,1,1,0,0,0,1,0,0,0,1,0,2,12,2,1,8,0,0,0,0,0,0,0,0,0,1,0,0,0,0,0,0,0,0,0,0,0,0,0,0,0,2,0,0,0,0,0,0,0,0,0,0,0,0,0,0,0,0,0,0,0,0,0,0,3,0,2,0,0,0,0,0,0,1,0,0,0,0,0,0,0,0,0,0,0,0,0,0,0,0,0,0,0,0,0,0,1,1,2,2,0,0
"HX6  4",5000,4916,0,1,0,0,0,0,0,1,0,4,1,1,20,4,7,3,0,0,0,0,0,3,0,2,0,1,0,0,0,0,0,0,1,0,0,1,0,0,0,0,0,5,1,5,0,0,0,0,0,0,5,5,0,0,0,0,0,0,0,0,0,0,0,0,39,0,11,19,1,0,0,3,1,1,3,0,0,0,0,0,1,0,0,0,0,0,0,0,0,0,0,0,0,0,1,0,0,0,0,0,0,0
"HX7  5",4521,4486,1,1,0,0,0,0,0,0,1,2,0,3,11,0,2,4,0,0,0,0,1,0,0,0,3,0,1,0,0,0,0,0,0,0,0,0,0,0,0,0,0,0,1,0,1,0,0,1,0,0,6,0,0,5,0,0,0,0,0,0,0,0,1,0,8,0,1,2,0,0,0,3,0,2,0,0,0,0,0,0,0,0,0,0,0,0,0,0,0,0,0,0,0,0,0,0,0,0,1,1,0,0
"HX7  6",2174,2149,0,1,1,0,0,0,0,0,0,0,0,2,11,1,2,3,0,1,0,0,0,0,0,1,2,0,0,0,0,0,1,0,0,0,0,0,0,0,0,0,0,0,0,0,0,0,0,0,0,0,1,0,0,1,0,0,0,0,0,0,0,0,0,0,6,0,1,3,0,0,0,2,0,0,0,0,0,0,0,0,1,0,0,0,0,0,0,0,0,0,0,0,0,0,0,1,1,1,2,2,0,0
"HX7  7",2525,2505,1,0,0,0,0,0,0,0,0,2,0,1,11,2,4,1,1,0,0,0,0,0,0,0,1,0,1,1,0,0,0,0,0,0,0,0,0,0,0,0,0,0,1,0,0,0,0,0,0,0,0,0,0,0,0,0,0,0,0,0,0,0,0,0,3,1,0,0,2,0,0,0,0,0,0,0,0,0,0,0,0,0,0,0,0,0,0,0,0,0,0,0,0,0,0,0,0,0,1,1,0,0
"HX7  8",3660,3605,0,0,0,0,0,0,0,0,0,2,0,9,20,3,7,4,0,0,0,0,0,0,1,1,1,2,1,0,0,0,0,0,0,0,0,0,0,0,0,0,0,2,1,0,1,1,0,0,0,0,7,0,0,5,0,0,0,0,0,0,0,0,2,0,11,0,0,1,2,0,0,3,0,0,5,0,0,0,0,0,1,0,0,0,0,0,0,0,0,0,0,0,0,0,1,0,1,1,0,0,0,0
"IG1  1",13337,7693,0,1,1,0,0,0,0,0,0,92,54,27,479,10,11,150,14,2,93,157,14,9,6,8,1,3,0,0,0,0,0,1,41,38,0,2,0,1,1,1,0,24,49,103,201,1,15,83,100,2,4242,1362,289,948,2,466,495,35,69,453,46,17,7,53,75,0,6,28,0,0,7,1,5,22,6,0,0,0,0,0,226,0,2,97,2,6,16,3,59,2,4,6,0,3,18,8,24,24,5,4,1,0
"IG1  2",19158,11390,0,1,0,0,0,1,0,0,0,121,60,29,786,28,30,183,3,4,311,173,15,4,10,6,5,7,1,1,2,0,3,0,75,62,7,4,0,2,0,0,0,49,75,82,268,3,38,88,133,6,5509,2019,162,922,10,791,505,17,72,833,24,75,21,58,121,14,29,16,5,0,2,10,10,30,5,0,3,2,2,0,523,4,3,214,9,20,7,6,194,10,9,7,2,5,14,19,46,46,18,13,5,0
"IG1  3",16323,11001,2,0,0,0,0,0,0,0,0,83,120,27,652,21,11,202,9,9,121,157,22,16,49,17,11,2,3,2,0,0,0,0,44,36,2,5,0,1,0,0,0,73,54,75,140,0,12,41,80,7,3712,1003,237,810,4,581,602,24,46,296,33,31,7,38,95,9,11,32,8,0,9,10,3,9,4,1,0,1,1,0,179,1,1,60,0,9,8,9,43,6,2,4,4,6,9,17,55,55,9,4,5,0
"IG1  4",12120,8250,0,0,0,0,0,0,0,0,0,72,53,27,404,15,11,134,12,7,69,96,8,7,10,19,2,10,3,1,0,0,0,0,56,47,7,2,0,0,0,0,0,27,33,62,92,0,7,38,45,2,2703,667,177,436,1,357,541,30,80,326,25,37,8,18,90,5,21,26,2,0,4,6,0,21,5,0,3,0,0,0,210,2,8,87,0,16,1,11,46,3,12,2,1,2,4,15,27,27,11,9,2,0
"IG10 1",6544,6331,0,0,0,0,0,0,0,0,0,10,13,7,70,15,10,32,0,3,0,4,0,0,2,1,2,0,1,0,0,0,0,0,7,1,4,0,0,2,0,0,0,8,18,11,5,1,0,4,0,0,25,4,1,10,0,0,7,0,0,0,0,3,0,0,31,1,0,19,1,0,1,1,1,5,2,0,0,0,0,0,6,0,0,0,0,0,0,0,0,0,0,2,3,0,0,1,1,1,1,0,0,1
"IG10 2",8850,8479,0,0,0,0,0,0,0,0,0,12,16,18,173,19,7,53,3,5,21,20,0,4,27,5,6,1,1,1,0,0,0,0,11,5,2,2,0,2,0,0,0,6,18,3,3,0,0,3,0,0,27,9,0,4,0,7,4,0,0,0,1,2,0,0,44,2,7,18,1,1,0,10,0,5,0,0,1,0,0,0,34,0,0,0,1,2,1,2,0,0,1,1,22,1,0,3,1,1,4,2,0,2
"IG10 3",10321,9831,1,0,0,0,0,0,0,0,0,11,19,5,210,12,10,49,6,4,22,47,7,2,28,9,3,5,1,4,0,0,0,1,13,4,3,4,0,2,0,0,0,19,27,5,5,0,3,2,0,0,98,22,6,26,0,20,8,0,4,3,5,2,0,2,47,3,7,11,2,0,5,9,0,10,0,0,0,0,0,0,26,2,0,0,0,3,7,0,0,1,0,0,12,0,0,1,2,2,2,2,0,0
"IG10 4",4624,4478,2,0,0,0,0,0,0,0,0,6,2,4,53,12,8,8,1,2,3,1,1,5,0,2,3,5,0,1,0,0,1,0,2,0,0,0,2,0,0,0,0,9,4,3,2,0,0,2,0,0,42,9,2,25,0,2,4,0,0,0,0,0,0,0,13,1,1,3,1,0,0,1,1,4,1,0,0,0,0,0,3,0,0,0,0,0,0,0,0,0,0,0,1,2,0,0,0,0,1,0,1,0
"IG11 0",8867,7024,2,1,0,0,1,0,0,0,0,86,95,21,465,29,7,93,6,0,42,168,6,4,78,6,19,3,0,0,1,0,3,0,100,97,0,3,0,0,0,0,0,16,46,33,16,1,1,7,7,0,523,106,6,50,0,258,15,1,1,46,25,9,0,6,71,3,4,8,1,4,2,12,3,31,3,0,0,0,0,0,352,2,4,57,3,48,51,23,84,6,15,9,1,9,11,29,14,14,2,2,0,0
"IG11 7",14721,9646,1,0,0,0,0,0,0,0,0,248,201,63,1048,28,31,240,17,7,135,348,7,14,177,8,21,3,4,1,4,0,3,0,437,404,27,6,0,0,0,0,0,58,213,111,105,0,5,52,21,27,1616,514,90,241,1,321,57,8,80,219,34,17,14,20,184,4,21,66,3,1,4,28,3,51,3,1,0,0,0,0,760,4,3,128,2,91,69,42,274,21,40,12,3,10,29,32,22,22,7,4,2,1
"IG11 8",7567,4609,0,2,1,0,0,0,0,0,1,100,90,39,499,20,9,134,8,15,60,152,3,24,48,9,6,4,1,2,3,0,1,0,125,111,11,1,0,2,10,10,0,51,83,30,63,0,2,27,18,16,1453,589,67,195,0,311,38,4,75,101,23,23,9,18,83,5,9,23,2,14,5,1,4,16,4,1,0,0,0,0,308,1,5,63,0,25,24,15,109,5,14,11,0,14,13,9,19,19,2,2,0,0
"IG11 9",18556,13654,0,0,0,0,0,0,0,0,0,109,92,23,1030,34,11,204,14,7,163,417,8,13,110,25,11,1,1,1,4,0,3,3,105,87,5,11,2,0,0,0,0,54,65,71,120,0,3,64,42,11,2814,701,81,440,1,1099,154,5,71,124,66,24,14,34,135,5,21,36,2,2,8,12,4,36,9,0,0,0,0,0,258,1,2,53,2,25,12,22,74,2,22,4,3,12,12,12,12,12,14,13,0,1
"IG2  6",13799,9660,1,0,0,0,0,0,0,0,0,42,21,27,450,23,26,100,5,12,94,110,13,9,20,30,1,0,4,2,0,1,0,0,49,37,6,2,0,4,0,0,0,29,68,26,85,3,14,49,15,4,3070,443,128,391,0,515,520,9,35,867,61,70,14,17,142,4,34,38,6,2,4,4,3,38,9,0,2,1,1,0,110,3,2,24,0,8,7,1,24,3,1,13,5,4,4,11,13,13,3,1,1,1
"IG2  7",13891,9522,0,0,0,0,0,0,0,0,0,88,46,25,529,30,27,93,6,4,99,197,14,5,24,18,8,2,1,0,1,0,0,0,40,30,3,6,1,0,14,13,1,50,51,26,96,3,9,35,45,4,3162,398,110,460,1,420,472,10,38,1096,57,70,6,24,73,5,13,33,2,0,0,1,1,14,4,0,3,0,0,0,144,2,0,44,0,17,5,7,31,4,4,1,5,9,4,11,15,15,7,5,2,0
"IG3  8",16481,10555,0,0,0,0,0,0,0,0,0,79,151,17,725,29,18,268,7,9,134,196,3,7,32,10,5,4,0,0,0,2,0,1,69,59,3,5,0,2,2,2,0,49,40,57,163,0,17,72,72,2,4156,949,155,1211,10,596,613,9,67,390,33,33,53,37,64,5,3,15,1,0,0,2,1,32,5,0,5,0,0,0,305,1,6,143,0,10,4,8,63,2,5,7,2,10,9,35,33,33,11,9,2,0
"IG3  9",17769,12261,0,5,1,0,0,2,0,1,1,62,55,36,651,39,10,122,6,11,127,254,6,7,20,28,12,5,0,2,1,0,1,0,72,70,0,2,0,0,0,0,0,40,41,43,174,0,9,94,69,2,3993,1089,175,1127,3,604,571,28,52,237,38,32,4,33,58,2,23,16,0,0,0,5,1,11,0,0,2,0,0,0,228,1,0,82,0,7,14,9,56,7,3,12,0,7,16,14,38,38,10,7,3,0
"IG4  5",8627,6151,0,0,0,0,0,0,0,0,0,11,12,14,238,7,5,53,3,7,67,53,9,2,12,11,3,4,1,0,1,0,0,0,10,7,1,1,0,1,1,1,0,12,27,33,46,7,5,13,21,0,1988,334,50,384,1,449,291,3,9,388,44,4,2,29,47,0,20,14,0,0,8,3,0,1,1,0,2,0,0,0,19,0,0,4,0,2,2,2,1,1,0,0,1,1,3,2,12,12,4,4,0,0
"IG5  0",16473,12959,0,4,3,0,0,0,0,0,1,48,24,22,326,15,16,69,2,4,65,88,2,11,13,37,2,2,0,0,0,0,0,0,34,27,3,3,0,1,0,0,0,37,108,42,65,8,3,31,20,3,2535,345,74,465,0,395,421,6,6,724,54,28,2,15,119,3,32,46,1,1,5,17,5,6,3,0,1,0,0,0,113,2,2,37,0,5,9,5,14,6,7,11,7,1,1,6,21,21,15,13,2,0
"IG6  1",7966,6198,1,0,0,0,0,0,0,0,0,26,10,10,280,12,8,36,4,0,49,133,4,9,14,7,2,1,0,0,0,0,0,1,28,19,1,6,0,2,0,0,0,21,37,26,35,5,1,22,7,0,1196,177,18,131,0,191,214,5,15,378,24,24,7,12,47,0,18,5,0,2,2,1,1,15,3,0,1,0,0,0,42,0,0,10,0,6,4,3,8,0,4,3,1,0,0,3,7,7,1,1,0,0
"IG6  2",11326,9495,0,2,0,0,0,0,0,2,0,42,36,21,458,22,10,80,1,3,98,187,4,2,23,18,4,3,2,0,0,0,1,0,29,26,0,1,1,1,0,0,0,27,66,19,40,3,7,9,19,2,917,142,30,145,1,132,139,5,11,274,17,13,1,7,99,5,31,32,2,0,6,8,0,11,4,1,0,0,0,0,62,0,1,3,0,6,2,1,20,4,4,2,7,1,4,7,8,8,4,3,1,0
"IG6  3",6378,5530,0,0,0,0,0,0,0,0,0,21,34,4,245,8,6,33,3,3,27,119,3,3,30,3,2,5,0,0,0,0,0,0,34,23,3,7,1,0,0,0,0,33,46,11,28,1,4,21,2,0,296,82,17,23,0,38,40,0,0,71,17,6,0,2,41,5,11,11,2,0,0,5,1,4,2,0,0,0,0,0,46,1,0,7,0,12,3,0,0,6,6,0,3,0,2,6,6,6,3,3,0,0
"IG7  4",7013,6056,0,0,0,0,0,0,0,0,0,23,29,8,319,8,3,53,5,8,50,142,2,11,25,8,2,0,0,0,0,0,2,0,38,30,1,6,0,1,0,0,0,45,50,13,14,1,0,12,1,0,278,55,16,46,0,34,36,0,6,55,18,6,1,5,56,0,2,31,1,0,0,8,0,10,4,0,0,0,0,0,79,0,0,12,0,13,3,2,8,0,7,7,14,2,7,4,3,3,2,2,0,0
"IG7  5",8179,7271,2,0,0,0,0,0,0,0,0,18,19,15,231,11,5,65,3,4,30,77,0,0,25,7,0,1,0,1,2,0,0,0,9,5,4,0,0,0,0,0,0,11,35,16,38,5,1,19,9,4,401,77,24,159,1,39,51,0,2,29,11,7,0,1,80,4,14,17,0,1,6,0,1,20,17,0,0,0,0,0,27,2,0,0,0,6,2,3,0,5,0,5,3,0,0,1,2,2,4,0,3,1
"IG7  6",4382,4033,0,0,0,0,0,0,0,0,0,4,10,12,92,9,8,15,2,2,10,21,0,1,11,4,1,0,2,6,0,0,0,0,10,8,2,0,0,0,0,0,0,9,16,3,12,2,0,3,4,3,139,18,11,57,0,9,25,0,0,11,4,4,0,0,37,4,3,14,3,0,3,3,0,5,2,0,0,0,0,0,4,0,0,0,0,2,1,0,0,0,0,0,0,0,1,0,1,1,0,0,0,0
"IG8  0",8178,7504,0,2,2,0,0,0,0,0,0,26,13,34,200,19,18,52,4,7,20,29,0,5,34,7,3,0,0,2,0,0,0,0,8,1,0,5,0,2,0,0,0,28,16,17,13,1,0,7,4,1,211,52,11,17,0,36,54,2,3,27,2,5,0,2,44,0,6,10,6,2,1,9,1,9,0,0,0,1,0,1,56,0,0,0,0,2,0,6,5,0,0,2,41,0,0,0,2,2,3,3,0,0
"IG8  7",8909,7291,0,3,0,0,0,3,0,0,0,77,64,40,419,27,8,98,12,10,60,102,2,6,71,11,1,3,2,1,4,0,0,1,63,44,10,5,3,1,1,0,1,41,127,41,36,6,8,7,4,11,444,116,14,30,0,122,60,6,5,70,9,11,0,1,122,6,26,48,13,3,1,7,1,16,1,0,1,0,0,0,118,1,0,28,0,12,6,6,22,4,7,2,16,1,4,9,13,13,8,5,0,3
"IG8  8",7772,6967,3,1,1,0,0,0,0,0,0,24,20,12,215,15,4,54,0,1,52,50,0,7,12,13,1,2,1,1,0,0,2,0,36,33,2,1,0,0,2,1,1,17,28,22,24,1,2,15,5,1,291,70,11,49,0,45,67,0,2,38,6,1,0,2,61,5,12,17,4,0,0,12,0,6,5,0,1,0,0,0,37,1,2,1,0,4,0,2,5,2,0,2,11,1,1,5,11,11,0,0,0,0
"IG8  9",8975,8247,2,2,1,0,0,0,1,0,0,34,24,22,186,14,12,41,2,1,24,36,0,5,20,21,1,4,2,1,0,0,1,1,15,11,2,1,0,1,1,1,0,11,60,29,35,0,7,8,19,1,215,50,9,30,0,30,38,0,2,46,7,2,0,1,29,2,8,4,5,0,2,2,0,5,1,0,0,0,0,0,49,3,1,7,0,5,3,0,11,5,0,2,6,1,3,2,9,9,5,4,1,0
"IG9  5",7290,6981,2,0,0,0,0,0,0,0,0,14,5,10,84,15,16,8,1,5,3,13,2,3,2,4,1,4,5,2,0,0,0,0,12,6,1,3,0,2,0,0,0,11,24,7,15,11,0,3,0,1,81,11,10,14,0,10,12,3,0,12,8,1,0,0,23,0,0,17,3,0,0,0,0,2,1,0,0,0,0,0,18,0,0,1,0,6,0,0,0,0,0,0,10,0,0,1,1,1,2,2,0,0
"IG9  6",5088,4845,2,1,0,0,0,1,0,0,0,13,6,19,86,9,7,29,1,3,8,15,1,2,2,2,1,1,1,2,2,0,0,0,7,1,0,5,0,1,0,0,0,18,10,3,5,3,0,1,0,1,48,6,10,4,0,12,15,0,0,0,0,0,1,0,17,0,1,6,2,0,1,3,0,3,1,0,0,0,0,0,5,0,0,0,0,1,0,0,0,0,0,0,3,0,0,1,1,1,2,1,0,1
"IP1  1",525,406,0,0,0,0,0,0,0,0,0,6,17,6,48,2,0,24,1,2,4,3,2,6,2,0,0,1,0,0,0,1,0,0,4,3,0,1,0,0,0,0,0,1,2,3,1,0,0,0,1,0,24,0,3,0,0,5,2,0,8,6,0,0,0,0,2,0,0,2,0,0,0,0,0,0,0,0,0,0,0,0,1,0,0,0,0,0,0,0,1,0,0,0,0,0,0,0,0,0,4,0,4,0
"IP1  2",5246,3836,0,0,0,0,0,0,0,0,0,8,219,10,752,10,9,407,32,3,32,160,63,20,5,3,2,1,5,0,0,0,0,0,3,1,1,0,1,0,0,0,0,54,10,5,159,0,135,10,3,11,140,7,11,5,0,65,0,7,20,8,6,3,0,8,24,0,6,9,0,0,0,1,0,6,2,0,0,1,1,0,16,1,0,2,0,3,3,1,0,1,0,4,1,0,0,0,7,7,2,1,1,0
"IP1  3",3271,2815,0,1,1,0,0,0,0,0,0,6,37,4,169,5,7,79,2,0,11,43,6,4,2,0,2,1,0,2,0,2,3,0,2,1,1,0,0,0,0,0,0,26,9,5,44,0,36,8,0,0,81,2,4,4,0,58,0,0,1,2,8,1,0,1,59,1,18,16,0,0,0,0,0,23,1,0,0,0,0,0,8,0,0,0,0,0,0,0,0,0,0,4,0,0,0,4,3,3,2,0,1,1
"IP1  4",8225,7501,0,1,0,0,0,0,0,1,0,9,71,13,402,8,4,229,11,2,15,71,31,6,14,0,0,4,4,2,0,0,0,1,8,3,5,0,0,0,0,0,0,13,4,18,55,0,50,0,1,4,75,4,3,10,0,19,1,0,4,12,10,12,0,0,40,1,2,17,0,0,3,1,0,16,0,0,0,0,0,0,9,0,0,0,0,1,2,0,0,0,0,4,1,0,0,1,2,2,4,2,0,2
"IP1  5",8757,8259,0,0,0,0,0,0,0,0,0,9,71,4,216,11,3,128,3,2,5,38,4,8,7,5,0,2,0,0,0,0,0,0,13,11,2,0,0,0,0,0,0,14,19,1,65,0,60,5,0,0,35,0,0,2,0,26,2,0,1,4,0,0,0,0,30,3,7,7,0,0,0,4,1,7,1,1,0,1,1,0,9,0,0,0,0,0,0,0,2,2,0,3,0,0,0,2,2,2,8,6,1,1
"IP1  6",11841,11560,0,0,0,0,0,0,0,0,0,5,34,1,105,14,4,67,3,1,1,4,1,5,1,0,1,0,1,0,0,0,2,0,12,12,0,0,0,0,0,0,0,1,15,9,25,0,17,6,0,2,30,3,0,1,0,10,7,0,0,4,2,1,2,0,22,0,3,9,0,0,0,4,0,6,0,0,0,0,0,0,10,0,0,0,0,0,1,0,0,0,0,5,1,1,0,2,5,5,7,4,0,3
"IP10 0",2997,2966,0,0,0,0,0,0,0,0,0,2,0,2,17,1,2,1,1,1,1,2,0,0,0,2,2,2,1,1,0,0,0,0,1,0,1,0,0,0,0,0,0,1,0,1,0,0,0,0,0,0,1,0,0,0,0,0,1,0,0,0,0,0,0,0,4,0,0,0,0,1,0,0,0,2,1,0,0,0,0,0,2,0,0,0,0,0,0,0,0,0,0,0,2,0,0,0,0,0,0,0,0,0
"IP11 0",5135,5035,0,0,0,0,0,0,0,0,0,1,4,5,61,1,3,40,1,3,1,2,0,10,0,0,0,0,0,0,0,0,0,0,2,0,0,0,0,2,0,0,0,2,2,2,0,0,0,0,0,0,3,0,1,0,0,0,2,0,0,0,0,0,0,0,16,1,5,3,1,0,0,3,0,0,3,0,0,0,0,0,0,0,0,0,0,0,0,0,0,0,0,0,0,0,0,0,0,0,2,1,0,1
"IP11 2",8468,8133,1,0,0,0,0,0,0,0,0,5,12,1,211,2,10,114,0,10,17,31,0,16,3,1,5,0,1,0,1,0,0,0,1,0,0,1,0,0,0,0,0,8,4,4,1,0,0,0,1,0,32,1,4,0,0,9,3,0,0,11,4,0,0,0,40,1,8,15,0,0,0,4,0,12,0,0,0,0,0,0,8,0,0,0,0,0,0,0,0,0,0,0,7,0,1,0,4,4,3,2,0,1
"IP11 7",6359,6148,1,0,0,0,0,0,0,0,0,6,5,4,86,7,8,28,2,2,2,12,0,4,10,3,4,2,1,0,1,0,0,0,2,0,1,1,0,0,0,0,0,5,2,0,5,0,5,0,0,0,62,1,2,0,0,4,3,0,1,4,47,0,0,0,24,0,2,9,0,8,2,0,1,2,0,0,0,0,0,0,6,0,0,0,0,0,0,0,0,2,0,0,2,0,0,2,1,1,2,1,0,1
"IP11 9",8464,8359,0,0,0,0,0,0,0,0,0,8,0,3,52,1,6,21,0,6,7,4,0,0,2,1,4,0,0,0,0,0,0,0,2,1,0,0,0,1,0,0,0,1,2,4,2,0,0,0,1,1,12,0,1,2,0,0,0,0,0,3,2,0,0,4,13,1,1,5,0,0,0,1,0,5,0,0,0,0,0,0,2,0,0,0,0,0,0,0,0,0,0,0,2,0,0,0,2,2,2,2,0,0
"IP12 1",6530,6448,0,0,0,0,0,0,0,0,0,6,5,1,34,6,4,6,1,2,0,0,0,3,1,1,1,5,2,0,1,0,0,1,2,0,0,2,0,0,0,0,0,4,2,1,0,0,0,0,0,0,14,2,0,0,0,3,0,0,0,2,6,1,0,0,10,0,0,3,1,0,0,2,1,2,1,0,0,0,0,0,2,0,0,0,0,0,0,0,1,0,0,0,1,0,0,0,0,0,1,1,0,0
"IP12 2",5317,5244,0,0,0,0,0,0,0,0,0,2,3,3,33,1,8,8,1,0,0,1,3,0,3,3,2,1,1,0,1,0,0,0,1,0,0,0,0,1,0,0,0,2,0,1,2,0,0,2,0,0,12,2,0,0,0,2,0,0,0,0,6,2,0,0,10,0,4,0,1,0,0,1,0,4,0,0,0,0,0,0,4,0,0,0,0,0,0,0,0,0,0,0,2,0,0,2,0,0,0,0,0,0
"IP12 3",4673,4595,1,0,0,0,0,0,0,0,0,2,3,6,24,0,4,1,4,4,4,1,0,0,0,1,2,1,0,2,0,0,0,0,0,0,0,0,0,0,0,0,0,0,1,1,4,0,0,1,1,2,14,2,0,4,0,4,0,0,0,0,0,0,4,0,11,0,2,4,0,0,3,1,0,1,0,0,0,0,0,0,10,0,0,0,0,0,0,0,0,0,0,0,5,0,1,4,0,0,1,0,0,1
"IP12 4",7194,7057,2,0,0,0,0,0,0,0,0,4,7,9,41,8,5,13,0,0,0,6,0,1,0,0,4,3,0,0,0,0,0,1,1,0,1,0,0,0,0,0,0,1,2,0,0,0,0,0,0,0,32,3,2,1,0,12,0,0,0,9,4,1,0,0,30,1,7,15,1,1,1,4,0,0,0,0,0,0,0,0,5,0,0,0,0,0,0,0,2,0,0,0,0,0,0,3,1,1,2,0,0,2
"IP13 0",3888,3858,0,0,0,0,0,0,0,0,0,2,0,3,13,1,1,3,2,0,0,0,0,1,0,0,1,2,2,0,0,0,0,0,0,0,0,0,0,0,0,0,0,0,1,1,0,0,0,0,0,0,4,0,0,1,0,0,0,0,0,0,0,0,3,0,5,0,0,0,1,0,0,2,0,2,0,0,0,0,0,0,1,0,0,0,0,0,0,1,0,0,0,0,0,0,0,0,0,0,0,0,0,0
"IP13 6",4556,4512,0,0,0,0,0,0,0,0,0,3,0,1,22,2,3,3,0,2,1,0,0,0,0,3,3,2,2,0,0,0,1,0,2,1,0,1,0,0,0,0,0,2,0,0,0,0,0,0,0,0,1,0,0,0,0,0,0,0,0,0,0,0,1,0,11,1,3,0,1,0,0,4,0,1,1,0,0,0,0,0,2,0,0,0,0,0,0,0,0,0,0,0,2,0,0,0,0,0,0,0,0,0
"IP13 7",3020,2992,0,0,0,0,0,0,0,0,0,1,0,3,14,1,0,4,0,0,0,1,7,0,0,0,1,0,0,0,0,0,0,0,0,0,0,0,0,0,0,0,0,0,0,0,0,0,0,0,0,0,0,0,0,0,0,0,0,0,0,0,0,0,0,0,6,0,5,0,0,0,0,1,0,0,0,0,0,0,0,0,4,0,0,0,0,0,0,0,0,0,0,0,4,0,0,0,0,0,0,0,0,0
"IP13 8",2221,2196,0,0,0,0,0,0,0,0,0,2,1,0,7,0,0,2,0,2,0,0,0,0,0,0,1,0,2,0,0,0,0,0,1,0,0,0,0,1,0,0,0,1,0,1,1,0,0,1,0,0,6,0,0,0,0,0,0,0,0,0,6,0,0,0,2,0,0,0,0,0,0,2,0,0,0,0,0,0,0,0,2,1,0,0,0,0,0,0,0,0,0,0,1,0,0,0,0,0,1,0,0,1
"IP13 9",4017,3862,0,0,0,0,0,0,0,0,0,4,1,4,37,1,12,2,2,1,5,1,5,2,3,0,1,1,1,0,0,0,0,0,1,0,0,1,0,0,0,0,0,3,11,0,2,0,0,2,0,0,28,1,0,1,0,5,0,0,0,0,21,0,0,0,57,4,22,27,3,0,0,0,0,1,0,0,0,0,0,0,5,0,0,0,0,0,1,0,0,0,0,0,4,0,0,0,0,0,2,1,0,1
"IP14 1",8863,8662,0,0,0,0,0,0,0,0,0,4,8,6,106,2,10,58,2,0,7,12,1,5,1,0,2,3,2,0,0,0,1,0,2,0,0,1,0,1,0,0,0,6,5,0,1,1,0,0,0,0,24,1,4,0,0,1,0,0,0,2,13,1,2,0,32,1,5,10,0,1,3,1,2,8,1,1,0,0,0,0,3,0,0,0,0,0,0,0,0,0,0,2,1,0,0,0,2,2,1,0,0,1
"IP14 2",6413,6325,1,2,0,1,0,0,0,0,1,4,0,3,45,2,3,25,0,0,1,4,0,5,0,2,1,0,1,1,0,0,0,0,0,0,0,0,0,0,1,1,0,4,4,0,1,1,0,0,0,0,5,0,0,0,0,3,2,0,0,0,0,0,0,0,9,0,2,0,0,0,0,3,1,3,0,3,0,0,0,0,0,0,0,0,0,0,0,0,0,0,0,0,0,0,0,0,3,3,3,1,0,2
"IP14 3",4420,4390,0,0,0,0,0,0,0,0,0,1,0,2,17,1,2,5,0,1,0,0,0,4,0,0,3,1,0,0,0,0,0,0,1,0,0,1,0,0,1,1,0,0,0,0,0,0,0,0,0,0,0,0,0,0,0,0,0,0,0,0,0,0,0,0,6,0,0,3,0,0,0,2,0,1,0,0,0,0,0,0,2,0,0,0,0,0,0,0,0,0,0,0,1,0,0,1,0,0,0,0,0,0
"IP14 4",5634,5603,0,0,0,0,0,0,0,0,0,4,0,0,13,3,1,6,1,0,0,0,0,1,0,0,1,0,0,0,0,0,0,0,0,0,0,0,0,0,0,0,0,2,0,0,0,0,0,0,0,0,0,0,0,0,0,0,0,0,0,0,0,0,0,0,8,0,3,1,0,0,0,1,0,3,0,0,0,0,0,0,2,0,0,0,0,0,0,0,0,0,0,0,0,0,0,2,0,0,2,2,0,0
"IP14 5",8185,8048,2,0,0,0,0,0,0,0,0,11,3,5,61,3,5,26,1,1,10,6,1,1,1,0,2,0,3,0,0,0,0,1,0,0,0,0,0,0,1,1,0,7,3,1,1,1,0,0,0,0,13,0,0,2,0,7,0,0,0,0,4,0,0,0,14,1,3,1,0,0,0,2,1,5,1,0,0,0,0,0,12,0,0,0,0,0,0,0,0,0,0,9,1,0,0,2,0,0,3,0,0,3
"IP14 6",4065,4034,3,1,0,0,0,0,0,1,0,2,0,1,13,0,1,2,0,1,4,0,0,0,0,2,2,0,1,0,0,0,0,0,0,0,0,0,0,0,0,0,0,1,0,0,0,0,0,0,0,0,5,2,0,0,0,0,0,0,0,0,3,0,0,0,5,1,4,0,0,0,0,0,0,0,0,0,0,0,0,0,0,0,0,0,0,0,0,0,0,0,0,0,0,0,0,0,0,0,0,0,0,0
"IP15 5",2416,2378,0,0,0,0,0,0,0,0,0,1,0,0,23,0,2,4,4,1,4,1,0,3,0,0,1,3,0,0,0,0,0,0,0,0,0,0,0,0,0,0,0,0,1,0,0,0,0,0,0,0,1,0,0,0,0,1,0,0,0,0,0,0,0,0,12,0,0,3,0,1,0,2,0,6,0,0,0,0,0,0,0,0,0,0,0,0,0,0,0,0,0,0,0,0,0,0,0,0,0,0,0,0
"IP16 4",6336,6190,0,0,0,0,0,0,0,0,0,7,3,3,76,1,9,9,1,0,13,14,11,14,1,0,3,0,0,0,0,0,0,0,0,0,0,0,0,0,0,0,0,4,1,0,0,0,0,0,0,0,12,0,0,2,0,2,0,0,0,0,8,0,0,0,37,0,1,19,6,2,0,1,0,8,0,0,0,0,0,0,1,0,0,0,0,0,0,0,0,0,0,0,1,0,0,0,1,1,1,0,0,1
"IP17 1",6189,6090,0,0,0,0,0,0,0,0,0,4,6,2,69,3,4,8,0,0,10,15,4,16,1,1,3,1,1,1,1,0,0,0,0,0,0,0,0,0,1,1,0,0,1,1,0,0,0,0,0,0,7,0,0,0,0,1,6,0,0,0,0,0,0,0,2,0,0,0,1,0,0,1,0,0,0,0,0,0,0,0,3,0,0,0,0,0,1,0,0,0,0,0,2,0,0,0,0,0,3,0,0,3
"IP17 2",2429,2410,0,0,0,0,0,0,0,0,0,0,0,0,12,0,1,7,2,0,0,0,1,0,0,0,1,0,0,0,0,0,0,0,1,0,0,0,0,1,0,0,0,0,0,0,0,0,0,0,0,0,0,0,0,0,0,0,0,0,0,0,0,0,0,0,3,0,0,0,2,0,0,1,0,0,0,0,0,0,0,0,3,0,0,0,0,0,0,0,0,0,0,0,3,0,0,0,0,0,0,0,0,0
"IP17 3",1862,1852,0,0,0,0,0,0,0,0,0,0,0,0,3,0,0,1,0,0,0,0,0,0,0,0,0,2,0,0,0,0,0,0,0,0,0,0,0,0,0,0,0,0,3,0,0,0,0,0,0,0,0,0,0,0,0,0,0,0,0,0,0,0,0,0,3,0,0,0,1,0,0,0,0,1,1,0,0,0,0,0,1,0,0,0,0,0,0,0,0,0,0,1,0,0,0,0,0,0,0,0,0,0
"IP18 6",3977,3917,0,0,0,0,0,0,0,0,0,2,1,1,13,1,3,2,1,0,1,0,0,1,0,0,3,0,1,0,0,0,0,0,1,0,1,0,0,0,0,0,0,1,0,0,2,0,0,2,0,0,1,0,0,0,0,0,0,0,0,0,0,1,0,0,34,0,6,27,0,0,0,0,0,1,0,0,0,0,0,0,2,1,0,0,0,0,0,0,0,0,0,0,1,0,0,0,0,0,2,2,0,0
"IP19 0",2293,2273,1,0,0,0,0,0,0,0,0,1,4,0,10,0,2,1,0,0,2,0,0,0,0,1,0,2,0,0,0,0,0,2,0,0,0,0,0,0,0,0,0,1,0,0,0,0,0,0,0,0,0,0,0,0,0,0,0,0,0,0,0,0,0,0,2,0,2,0,0,0,0,0,0,0,0,0,0,0,0,0,1,0,0,0,0,0,0,0,0,0,0,0,0,0,0,1,0,0,0,0,0,0
"IP19 8",5760,5722,1,0,0,0,0,0,0,0,0,3,3,1,24,2,1,14,0,0,0,0,0,5,0,0,2,0,0,0,0,0,0,0,0,0,0,0,0,0,0,0,0,1,1,1,1,0,0,0,1,0,0,0,0,0,0,0,0,0,0,0,0,0,0,0,1,1,0,0,0,0,0,0,0,0,0,0,0,0,0,0,0,0,0,0,0,0,0,0,0,0,0,0,0,0,0,0,0,0,1,0,0,1
"IP19 9",1962,1944,1,0,0,0,0,0,0,0,0,0,2,1,10,0,1,3,1,0,3,0,0,0,0,0,1,1,0,0,0,0,0,0,0,0,0,0,0,0,0,0,0,1,0,1,0,0,0,0,0,0,0,0,0,0,0,0,0,0,0,0,0,0,0,0,2,1,0,0,0,0,0,1,0,0,0,0,0,0,0,0,0,0,0,0,0,0,0,0,0,0,0,0,0,0,0,0,0,0,0,0,0,0
"IP2  0",9161,8672,0,0,0,0,0,0,0,0,0,4,47,3,203,3,10,129,6,0,5,30,5,11,1,1,0,2,0,0,0,0,0,0,2,2,0,0,0,0,0,0,0,27,6,7,66,0,62,4,0,0,84,5,4,0,0,44,7,2,9,9,0,0,4,0,22,3,3,5,2,0,2,4,0,3,0,0,0,0,0,0,14,0,0,0,0,1,0,0,1,0,0,4,5,0,0,3,0,0,4,3,0,1
"IP2  8",7079,6234,1,1,0,0,0,0,0,1,0,12,83,17,441,6,19,241,15,2,25,88,17,11,6,3,1,2,1,2,0,2,0,0,16,14,1,1,0,0,0,0,0,37,3,14,124,0,104,17,1,2,35,16,4,1,0,7,1,2,0,2,0,0,1,1,32,2,6,4,0,0,0,5,1,14,0,0,0,0,0,0,22,0,0,1,0,5,0,2,1,1,0,2,3,1,5,1,1,1,6,4,1,1
"IP2  9",13528,12984,0,1,0,0,0,1,0,0,0,6,76,5,237,9,10,140,3,3,8,25,17,9,0,4,1,3,4,0,0,0,1,0,20,11,6,0,0,3,0,0,0,5,11,10,82,0,79,3,0,0,15,2,1,1,0,6,0,0,0,0,2,3,0,0,46,0,17,20,0,0,0,7,0,1,1,0,0,0,0,0,17,0,0,0,0,1,3,0,0,0,0,4,0,0,1,8,3,3,10,7,1,2
"IP20 0",2446,2434,0,0,0,0,0,0,0,0,0,0,0,2,5,0,1,2,0,0,0,0,0,0,0,0,2,0,0,0,0,0,0,0,0,0,0,0,0,0,0,0,0,0,0,0,0,0,0,0,0,0,0,0,0,0,0,0,0,0,0,0,0,0,0,0,2,0,0,0,1,0,0,1,0,0,0,0,0,0,0,0,3,0,0,0,0,0,0,0,1,0,2,0,0,0,0,0,0,0,0,0,0,0
"IP20 9",5101,5046,0,0,0,0,0,0,0,0,0,2,2,3,34,1,1,12,1,0,1,5,0,6,0,3,3,0,1,0,0,0,0,0,0,0,0,0,0,0,0,0,0,1,2,1,0,0,0,0,0,0,2,2,0,0,0,0,0,0,0,0,0,0,0,0,8,0,3,2,0,0,0,1,0,2,0,0,0,0,0,0,0,0,0,0,0,0,0,0,0,0,0,0,0,0,0,0,0,0,0,0,0,0
"IP21 4",6180,6126,0,1,0,0,0,0,0,1,0,5,2,3,26,2,6,13,1,1,1,0,0,0,0,0,1,0,0,1,0,0,0,0,0,0,0,0,0,0,0,0,0,2,2,0,1,1,0,0,0,0,2,0,0,0,0,0,0,0,0,0,2,0,0,0,7,0,0,1,1,0,0,0,5,0,0,0,0,0,0,0,0,0,0,0,0,0,0,0,0,0,0,0,0,0,0,0,0,0,3,0,3,0
"IP21 5",4711,4680,2,0,0,0,0,0,0,0,0,7,0,0,7,0,1,5,0,0,0,1,0,0,0,0,0,0,0,0,0,0,0,0,0,0,0,0,0,0,0,0,0,1,3,0,0,0,0,0,0,0,0,0,0,0,0,0,0,0,0,0,0,0,0,0,10,1,7,0,1,0,0,0,1,0,0,0,0,0,0,0,0,0,0,0,0,0,0,0,0,0,0,0,0,0,0,0,0,0,1,0,0,1
"IP22 1",5261,5207,0,0,0,0,0,0,0,0,0,2,2,2,35,0,6,16,2,0,0,0,4,0,0,1,4,2,0,0,0,0,0,0,0,0,0,0,0,0,0,0,0,0,0,0,2,2,0,0,0,0,3,0,0,0,0,0,0,0,0,0,3,0,0,0,7,0,0,0,1,0,0,1,1,3,1,0,0,0,0,0,1,0,0,0,0,0,0,0,0,0,0,0,1,0,0,0,0,0,0,0,0,0
"IP22 2",5311,5259,0,0,0,0,0,0,0,0,0,1,6,1,29,1,4,14,0,0,0,0,0,2,0,0,2,5,0,1,0,0,0,0,0,0,0,0,0,0,0,0,0,0,0,0,0,0,0,0,0,0,6,0,0,1,0,5,0,0,0,0,0,0,0,0,5,1,1,0,0,0,0,0,2,1,0,0,0,0,0,0,1,0,0,0,0,0,0,0,0,0,0,0,1,0,0,0,0,0,3,1,1,1
"IP22 4",7999,7635,1,0,0,0,0,0,0,0,0,3,8,5,249,3,4,208,0,1,1,9,0,0,11,1,1,6,0,4,0,0,0,0,6,1,2,0,0,3,0,0,0,6,13,1,3,0,2,1,0,0,33,0,0,1,0,12,0,2,0,4,10,2,0,2,28,0,5,10,1,0,0,4,1,6,1,0,0,0,0,0,7,0,0,0,0,0,0,0,0,1,0,3,1,0,1,1,1,1,0,0,0,0
"IP22 5",2705,2671,1,0,0,0,0,0,0,0,0,1,0,0,18,1,1,13,0,0,0,2,0,0,0,0,1,0,0,0,0,0,0,0,0,0,0,0,0,0,0,0,0,1,2,0,0,0,0,0,0,0,2,0,0,0,0,2,0,0,0,0,0,0,0,0,4,1,0,2,0,0,0,0,0,1,0,0,0,0,0,0,5,0,0,0,0,0,0,0,0,1,0,0,4,0,0,0,0,0,0,0,0,0
"IP23 7",4208,4161,0,0,0,0,0,0,0,0,0,1,6,2,18,1,2,6,0,0,0,1,3,0,0,0,2,1,2,0,0,0,0,0,1,0,0,0,0,1,0,0,0,1,0,2,2,0,0,0,2,0,2,0,0,0,0,0,0,0,0,0,2,0,0,0,10,0,2,3,0,0,2,2,1,0,0,0,0,0,0,0,1,0,0,0,0,0,0,0,0,0,0,0,1,0,0,0,0,0,1,0,1,0
"IP23 8",2602,2587,0,0,0,0,0,0,0,0,0,1,0,2,3,0,2,1,0,0,0,0,0,0,0,0,0,0,0,0,0,0,0,0,0,0,0,0,0,0,0,0,0,4,1,0,0,0,0,0,0,0,0,0,0,0,0,0,0,0,0,0,0,0,0,0,4,0,0,3,0,0,0,1,0,0,0,0,0,0,0,0,0,0,0,0,0,0,0,0,0,0,0,0,0,0,0,0,0,0,0,0,0,0
"IP24 1",9434,8083,0,1,0,0,0,0,0,1,0,5,397,11,825,1,6,482,22,2,1,235,57,12,1,2,4,0,0,0,0,0,0,0,2,2,0,0,0,0,0,0,0,35,6,0,2,0,2,0,0,0,47,8,0,10,0,12,1,0,3,5,3,0,4,1,15,2,0,2,1,0,0,7,0,1,2,0,0,0,0,0,3,0,0,0,0,0,0,0,1,0,0,0,0,0,1,1,1,1,1,1,0,0
"IP24 2",9462,8179,2,1,0,0,0,0,0,1,0,3,282,5,842,5,11,546,4,5,2,183,74,0,0,1,1,4,1,0,0,4,1,0,5,1,0,4,0,0,0,0,0,29,19,0,4,1,3,0,0,0,47,2,6,4,0,4,5,5,0,8,5,0,8,0,38,0,4,12,0,0,0,10,1,11,0,0,0,0,0,0,6,0,0,0,0,0,0,0,0,0,0,2,2,0,2,0,0,0,0,0,0,0
"IP24 3",7683,6758,0,1,0,0,0,0,0,1,0,3,311,10,492,3,1,327,6,1,12,95,43,2,0,0,0,0,1,0,1,0,0,0,5,0,2,0,1,2,0,0,0,51,3,0,0,0,0,0,0,0,17,0,0,4,0,4,0,2,0,0,5,0,2,0,16,0,3,3,0,0,0,3,2,3,2,1,0,0,0,0,11,0,0,0,0,0,0,0,2,0,0,5,1,0,1,2,4,4,0,0,0,0
"IP25 6",11172,10521,2,1,0,0,0,0,0,1,0,3,84,6,477,4,9,323,3,1,5,85,33,3,3,1,1,2,3,0,0,1,0,0,3,3,0,0,0,0,0,0,0,14,12,0,2,0,2,0,0,0,16,3,0,1,0,6,2,0,0,0,4,0,0,0,24,1,4,6,0,0,1,5,0,7,0,0,0,0,0,0,2,0,1,0,0,0,0,0,0,0,0,0,0,0,0,1,1,1,4,4,0,0
"IP25 7",6418,6374,0,0,0,0,0,0,0,0,0,0,5,1,20,0,0,11,0,2,0,0,5,1,0,0,1,0,0,0,0,0,0,0,1,0,0,1,0,0,0,0,0,1,0,0,0,0,0,0,0,0,2,0,0,0,0,0,0,0,0,2,0,0,0,0,11,0,4,0,0,0,0,5,0,1,1,0,0,0,0,0,1,0,0,0,0,0,0,0,1,0,0,0,0,0,0,0,0,0,2,2,0,0
"IP26 4",5294,5203,0,0,0,0,0,0,0,0,0,2,3,7,30,1,3,7,2,0,1,4,3,0,5,0,2,0,1,1,0,0,0,0,1,1,0,0,0,0,0,0,0,6,0,1,6,0,0,5,1,0,16,5,0,3,0,5,0,0,0,3,0,0,0,0,11,0,1,6,0,1,0,0,1,2,0,0,0,0,0,0,8,0,0,0,0,0,0,0,0,0,0,0,0,0,4,4,0,0,0,0,0,0
"IP26 5",3335,3305,0,0,0,0,0,0,0,0,0,0,6,1,17,0,2,8,1,0,0,0,0,0,0,0,4,0,1,1,0,0,0,0,0,0,0,0,0,0,0,0,0,0,0,0,0,0,0,0,0,0,2,0,0,0,0,0,0,0,0,2,0,0,0,0,2,0,0,0,0,0,0,1,0,1,0,0,0,0,0,0,1,0,0,0,0,0,0,0,0,0,0,0,1,0,0,0,0,0,1,0,1,0
"IP27 0",10794,10097,1,0,0,0,0,0,0,0,0,3,200,7,437,4,11,310,6,4,2,63,21,2,0,6,5,0,0,0,0,0,3,0,3,0,1,1,0,1,0,0,0,8,2,1,1,1,0,0,0,0,10,2,0,1,0,7,0,0,0,0,0,0,0,0,17,0,4,3,1,0,0,3,0,6,0,0,0,0,0,0,2,0,0,0,0,0,0,0,0,0,0,0,1,0,0,1,4,4,1,0,0,1
"IP27 9",7410,7243,2,0,0,0,0,0,0,0,0,2,18,35,57,1,8,30,1,3,1,4,0,6,0,0,0,0,0,0,0,0,3,0,1,0,0,1,0,0,0,0,0,1,1,1,2,0,0,2,0,0,6,0,0,0,0,1,0,0,0,2,3,0,0,0,34,1,2,1,5,4,0,1,1,19,0,1,0,0,0,0,6,2,0,0,0,0,0,0,0,0,0,0,3,0,0,1,0,0,0,0,0,0
"IP28 6",5441,5349,2,0,0,0,0,0,0,0,0,3,3,2,39,4,10,7,1,1,1,8,0,0,1,1,5,0,0,0,0,0,0,0,3,0,1,2,0,0,0,0,0,3,2,0,1,0,0,0,0,1,1,0,0,1,0,0,0,0,0,0,0,0,0,0,25,0,3,11,1,3,0,4,0,3,0,0,0,0,0,0,4,0,0,0,0,0,0,0,0,0,0,0,0,0,3,1,1,1,3,1,0,2
"IP28 7",8728,8399,0,0,0,0,0,0,0,0,0,3,32,21,175,5,5,110,15,4,7,5,2,13,0,3,0,2,0,2,2,0,0,0,4,1,0,1,0,2,0,0,0,7,13,1,0,0,0,0,0,0,21,4,6,1,0,4,1,0,3,2,0,0,0,0,39,2,1,4,8,6,0,5,1,12,0,0,0,0,0,0,7,0,0,0,0,0,0,1,1,0,0,2,3,0,0,0,5,5,1,0,1,0
"IP28 8",9280,9051,0,0,0,0,0,0,0,0,0,1,37,24,101,5,15,41,10,4,4,5,0,5,0,2,4,2,1,1,0,0,2,0,5,0,4,1,0,0,0,0,0,7,3,1,0,0,0,0,0,0,7,3,0,0,0,2,0,0,0,1,0,0,1,0,34,0,0,3,9,6,0,5,0,10,1,0,0,0,0,0,6,0,0,0,0,0,0,0,0,0,0,0,5,1,0,0,1,1,2,1,1,0
"IP29 4",4311,4259,0,0,0,0,0,0,0,0,0,1,6,4,25,0,3,6,4,0,3,0,2,0,0,0,3,3,0,1,0,0,0,0,0,0,0,0,0,0,0,0,0,4,0,0,0,0,0,0,0,0,2,2,0,0,0,0,0,0,0,0,0,0,0,0,9,0,1,3,0,0,0,2,0,2,1,0,0,0,0,0,0,0,0,0,0,0,0,0,0,0,0,0,0,0,0,0,1,1,0,0,0,0
"IP29 5",4467,4415,0,0,0,0,0,0,0,0,0,2,0,4,39,2,2,19,0,0,0,2,0,3,0,2,2,2,0,0,0,0,5,0,0,0,0,0,0,0,0,0,0,0,2,0,0,0,0,0,0,0,1,0,0,0,0,1,0,0,0,0,0,0,0,0,3,0,0,1,1,0,0,1,0,0,0,0,0,0,0,0,0,0,0,0,0,0,0,0,0,0,0,0,0,0,0,0,0,0,1,1,0,0
"IP3  0",9943,9225,1,2,0,0,0,1,0,1,0,15,45,10,266,16,6,132,4,2,14,53,21,8,0,4,2,1,3,0,0,0,0,0,26,15,10,0,0,1,0,0,0,14,12,16,32,0,18,11,2,1,159,2,40,3,0,49,6,6,19,25,5,1,0,3,81,18,5,41,4,0,3,5,0,5,0,0,0,0,0,0,33,0,1,0,0,1,0,0,2,0,0,24,1,0,0,4,2,2,4,2,1,1
"IP3  8",11433,10683,1,2,0,0,0,0,0,2,0,8,31,18,329,13,6,200,7,4,11,33,17,14,8,3,6,1,0,0,0,0,5,1,9,8,0,1,0,0,0,0,0,21,22,8,33,0,17,10,6,0,141,20,10,12,0,25,8,5,5,25,15,6,2,8,100,3,20,16,2,1,0,8,2,46,2,0,0,0,0,0,19,0,0,0,0,0,1,0,0,0,0,1,4,0,3,10,4,4,4,2,2,0
"IP3  9",11602,10826,0,0,0,0,0,0,0,0,0,16,33,14,234,15,12,103,11,3,7,32,23,16,0,6,3,2,1,0,0,0,0,0,25,4,18,2,0,1,0,0,0,17,43,7,39,1,25,6,7,0,214,10,4,0,0,172,8,1,0,7,10,0,0,2,104,1,30,30,0,0,5,6,0,31,1,0,0,1,1,0,9,0,0,0,0,1,1,0,1,0,0,5,0,1,0,0,7,7,13,10,2,1
"IP30 0",4104,4080,0,0,0,0,0,0,0,0,0,2,1,0,15,0,2,4,0,0,1,1,3,0,0,0,1,1,0,1,0,0,1,0,0,0,0,0,0,0,0,0,0,0,1,1,0,0,0,0,0,0,1,0,0,0,0,0,0,0,0,0,0,0,1,0,2,0,0,0,0,0,0,0,0,2,0,0,0,0,0,0,1,0,0,0,0,0,0,0,0,0,1,0,0,0,0,0,0,0,0,0,0,0
"IP30 9",9034,8914,2,0,0,0,0,0,0,0,0,8,4,4,54,2,17,13,3,1,1,12,0,0,0,0,1,1,2,1,0,0,0,0,0,0,0,0,0,0,0,0,0,8,2,6,0,0,0,0,0,0,9,1,0,0,0,0,2,0,0,0,0,1,5,0,17,0,0,2,8,0,0,3,0,4,0,0,0,0,0,0,1,0,0,0,0,0,0,0,0,0,0,0,0,0,0,1,0,0,5,2,3,0
"IP31 1",6043,5958,2,1,0,0,0,0,0,1,0,4,6,4,38,3,1,17,0,1,2,2,1,3,0,0,1,5,0,1,0,0,1,0,0,0,0,0,0,0,0,0,0,3,0,1,0,0,0,0,0,0,7,2,0,0,0,1,0,0,0,0,4,0,0,0,5,0,1,2,0,0,0,2,0,0,0,8,0,0,0,0,3,0,0,0,0,2,0,0,0,0,0,0,1,0,0,0,0,0,3,2,0,1
"IP31 2",7743,7673,0,0,0,0,0,0,0,0,0,4,2,2,42,4,5,9,0,0,1,3,0,1,4,1,7,5,2,0,0,0,0,0,0,0,0,0,0,0,0,0,0,2,1,5,0,0,0,0,0,0,4,2,0,0,0,0,0,0,0,2,0,0,0,0,5,0,0,0,1,0,0,1,2,1,0,0,0,0,0,0,1,0,0,0,0,0,0,0,0,0,0,0,0,0,0,1,1,1,1,1,0,0
"IP31 3",6808,6736,0,0,0,0,0,0,0,0,0,5,6,1,35,1,11,0,2,0,2,2,1,0,0,0,12,2,2,0,0,0,0,0,0,0,0,0,0,0,0,0,0,2,1,1,9,0,8,1,0,0,2,0,0,0,0,0,0,0,0,0,2,0,0,0,3,1,0,0,0,0,0,2,0,0,0,3,0,0,0,0,1,0,0,0,0,0,0,0,0,0,0,0,1,0,0,0,1,1,2,2,0,0
"IP32 6",8436,8047,1,2,1,0,0,0,0,1,0,12,21,12,232,1,4,146,5,4,5,32,7,18,1,1,3,0,0,1,3,0,0,1,3,0,1,1,0,1,0,0,0,23,6,3,1,0,1,0,0,0,26,0,1,2,0,10,0,0,0,1,3,0,9,0,28,2,2,12,1,0,0,6,0,5,0,1,0,0,0,0,9,0,0,0,0,0,0,5,0,0,1,0,0,3,0,0,1,1,8,8,0,0
"IP32 7",7871,7527,3,0,0,0,0,0,0,0,0,4,34,13,182,3,4,126,9,3,1,13,5,0,10,1,0,3,2,1,0,0,0,1,0,0,0,0,0,0,0,0,0,11,3,10,8,0,4,4,0,0,31,4,8,1,0,8,2,0,0,1,2,0,3,2,37,5,16,5,3,0,0,2,0,6,0,0,0,0,0,0,5,0,0,0,0,0,0,0,0,0,0,0,5,0,0,0,2,2,1,0,0,1
"IP33 1",4309,4041,0,1,1,0,0,0,0,0,0,10,23,7,155,2,7,82,10,6,6,8,5,5,7,4,4,4,2,2,0,0,1,0,0,0,0,0,0,0,0,0,0,5,23,1,4,1,0,1,0,2,13,2,4,0,0,1,2,0,0,0,3,0,0,1,19,2,2,8,2,1,0,2,0,2,0,0,0,0,0,0,2,0,0,0,0,1,0,0,0,0,0,0,1,0,0,0,4,4,1,1,0,0
"IP33 2",9144,8775,0,0,0,0,0,0,0,0,0,11,19,7,126,4,5,80,5,2,7,7,0,0,3,3,2,4,3,1,0,0,0,0,3,1,0,0,1,1,0,0,0,11,6,7,4,0,2,2,0,0,93,9,2,3,0,7,1,0,2,2,57,3,5,2,68,2,8,5,2,0,1,2,1,47,0,0,0,0,0,0,12,0,0,0,0,0,0,0,1,0,0,6,3,0,0,2,0,0,2,1,1,0
"IP33 3",9973,9567,1,1,0,0,0,0,0,1,0,4,41,20,248,6,14,141,18,10,5,17,2,10,10,4,2,3,1,2,3,0,0,0,1,0,0,0,0,1,0,0,0,8,1,4,4,0,4,0,0,0,18,5,0,0,0,1,0,0,0,4,8,0,0,0,47,0,5,14,0,0,0,5,0,21,2,0,0,0,0,0,6,0,0,0,0,0,2,0,1,0,0,0,2,0,1,0,0,0,2,0,0,2
"IP4  1",3236,2804,0,0,0,0,0,0,0,0,0,14,26,7,178,10,2,108,5,5,3,25,8,0,2,3,0,4,1,2,0,0,0,0,7,5,1,1,0,0,0,0,0,16,12,7,33,0,12,12,7,2,94,3,8,0,0,46,0,0,14,5,7,5,0,6,21,3,2,4,0,0,0,2,0,10,0,0,0,0,0,0,11,0,0,1,0,0,2,1,3,0,0,2,1,0,0,1,2,2,4,4,0,0
"IP4  2",7514,6671,1,1,0,0,0,0,0,1,0,20,55,11,370,7,6,180,11,14,20,89,20,9,2,1,7,2,0,0,0,0,1,1,9,6,2,1,0,0,0,0,0,21,13,17,71,1,56,7,6,1,184,15,18,3,0,81,10,3,18,12,9,7,0,8,57,8,3,18,2,1,2,7,1,13,2,0,0,0,0,0,8,1,0,0,0,1,0,0,0,0,0,1,1,1,2,1,2,2,3,3,0,0
"IP4  3",5018,4864,0,0,0,0,0,0,0,0,0,3,7,2,33,5,9,8,0,0,9,0,0,0,0,1,1,0,0,0,0,0,0,0,2,0,1,1,0,0,0,0,0,5,10,4,2,0,1,1,0,0,64,9,1,13,0,27,4,3,1,2,4,0,0,0,21,1,5,5,0,0,0,1,1,8,0,0,0,0,0,0,0,0,0,0,0,0,0,0,0,0,0,0,0,0,0,0,0,0,1,1,0,0
"IP4  4",7496,7112,0,1,0,0,0,0,0,1,0,6,35,3,130,10,6,67,4,3,16,13,2,0,7,0,0,2,0,0,0,0,0,0,8,4,3,0,0,1,0,0,0,5,16,2,25,0,3,16,6,0,93,6,7,2,0,44,3,6,4,4,15,2,0,0,43,0,2,22,1,0,0,1,1,15,1,0,0,0,0,0,5,0,0,0,0,1,0,0,0,0,0,1,1,0,1,1,2,2,10,8,2,0
"IP4  5",11734,11201,1,0,0,0,0,0,0,0,0,16,17,10,150,4,7,65,18,1,11,24,2,6,0,1,2,1,4,1,0,0,3,0,5,2,2,0,0,1,0,0,0,16,23,6,15,1,8,5,1,0,152,7,11,4,0,19,3,0,9,27,66,4,1,1,111,4,14,10,2,3,5,3,0,60,10,0,0,0,0,0,7,0,0,0,0,0,0,1,1,0,0,1,1,1,0,2,1,1,3,2,1,0
"IP5  1",5417,5342,1,0,0,0,0,0,0,0,0,6,0,2,27,3,7,2,1,0,3,1,6,0,0,1,1,0,2,0,0,0,0,0,1,0,0,0,0,1,0,0,0,1,3,3,5,0,0,5,0,0,13,3,0,0,0,2,0,0,0,2,1,5,0,0,8,3,1,0,0,0,0,0,0,4,0,0,0,0,0,0,3,0,0,0,0,0,0,0,0,0,0,0,3,0,0,0,1,1,1,1,0,0
"IP5  2",9890,9572,3,0,0,0,0,0,0,0,0,9,12,13,92,12,13,29,2,3,9,9,0,6,0,3,3,1,1,1,0,0,0,0,7,0,2,2,0,3,0,0,0,8,6,11,9,1,0,7,1,0,73,1,15,7,0,8,5,7,3,8,15,0,0,4,62,9,10,22,2,0,1,1,0,14,3,0,0,0,0,0,8,0,0,0,0,0,0,0,0,0,0,1,6,0,1,0,2,2,3,2,0,1
"IP5  3",3576,3504,0,0,0,0,0,0,0,0,0,5,0,4,22,1,0,6,0,0,0,5,0,2,0,1,2,0,0,0,0,0,4,1,0,0,0,0,0,0,0,0,0,2,0,0,0,0,0,0,0,0,17,0,5,0,0,0,1,2,0,6,2,0,0,1,13,0,1,4,0,0,0,1,0,6,1,0,0,0,0,0,9,0,0,0,0,0,0,0,0,0,0,0,9,0,0,0,0,0,0,0,0,0
"IP6  0",5346,5308,0,0,0,0,0,0,0,0,0,4,2,0,13,0,1,2,0,0,0,0,0,3,0,0,3,2,0,1,0,0,1,0,0,0,0,0,0,0,0,0,0,2,3,0,0,0,0,0,0,0,3,0,1,0,0,0,0,0,0,2,0,0,0,0,10,0,1,1,0,0,0,3,0,5,0,0,0,0,0,0,0,0,0,0,0,0,0,0,0,0,0,0,0,0,0,0,0,0,1,0,0,1
"IP6  8",6010,5947,0,0,0,0,0,0,0,0,0,1,4,0,22,1,3,9,2,0,1,2,1,0,0,0,1,1,0,0,0,0,0,1,0,0,0,0,0,0,0,0,0,5,2,0,1,1,0,0,0,0,11,0,0,0,0,0,0,0,0,0,0,2,9,0,7,2,1,2,1,0,0,1,0,0,0,2,0,0,0,0,6,0,0,0,0,1,0,0,0,0,0,2,1,0,1,1,0,0,2,1,0,1
"IP6  9",4353,4320,0,1,0,0,0,0,0,1,0,5,0,1,10,1,4,0,0,0,1,0,0,2,0,0,2,0,0,0,0,0,0,0,1,0,0,1,0,0,0,0,0,1,0,0,0,0,0,0,0,0,8,0,1,1,0,3,3,0,0,0,0,0,0,0,3,0,0,1,0,0,1,1,0,0,0,0,0,0,0,0,0,0,0,0,0,0,0,0,0,0,0,0,0,0,0,0,1,1,2,2,0,0
"IP7  5",6250,6166,1,0,0,0,0,0,0,0,0,5,0,2,38,3,4,19,0,0,0,0,6,1,0,0,0,2,1,2,0,0,0,0,1,0,0,0,0,1,0,0,0,1,2,0,1,0,0,1,0,0,16,1,4,0,0,0,2,0,0,0,9,0,0,0,10,0,0,0,0,0,0,1,0,9,0,0,0,0,0,0,4,0,0,0,0,0,0,0,0,0,0,4,0,0,0,0,2,2,1,0,1,0
"IP7  6",4721,4648,0,1,0,0,0,0,0,1,0,2,1,7,20,1,6,5,0,1,1,0,0,1,0,0,3,1,1,0,0,0,0,0,2,0,0,0,0,2,0,0,0,4,6,0,0,0,0,0,0,0,11,0,0,0,0,4,0,0,0,0,7,0,0,0,7,0,0,0,0,0,0,3,0,4,0,2,0,0,0,0,6,0,0,0,0,0,0,0,2,0,0,0,2,0,0,2,1,1,3,2,0,1
"IP7  7",5081,4961,3,0,0,0,0,0,0,0,0,6,5,0,41,1,7,17,0,0,2,5,0,0,0,0,5,3,0,1,0,0,0,0,0,0,0,0,0,0,0,0,0,1,2,0,0,0,0,0,0,0,21,0,0,0,0,0,0,0,0,0,6,0,14,1,8,0,1,4,2,0,0,1,0,0,0,12,0,0,0,0,16,0,0,0,0,0,0,0,0,0,0,2,8,0,1,5,4,4,1,0,0,1
"IP8  3",6499,6402,2,0,0,0,0,0,0,0,0,1,12,3,35,1,1,16,0,2,4,4,3,0,0,0,1,1,0,2,0,0,0,0,4,3,0,1,0,0,1,0,1,2,5,1,7,0,6,1,0,0,5,0,3,0,0,1,1,0,0,0,0,0,0,0,14,0,2,5,1,0,0,0,0,5,1,0,0,0,0,0,3,0,0,0,0,0,0,0,0,0,0,0,1,0,0,2,0,0,2,2,0,0
"IP8  4",4089,4058,0,0,0,0,0,0,0,0,0,1,4,7,13,3,4,0,2,0,0,1,3,0,0,0,0,0,0,0,0,0,0,0,0,0,0,0,0,0,0,0,0,0,0,0,0,0,0,0,0,0,4,0,2,0,0,0,0,0,0,0,0,0,2,0,1,0,0,0,0,0,0,1,0,0,0,0,0,0,0,0,0,0,0,0,0,0,0,0,0,0,0,0,0,0,0,0,0,0,1,0,0,1
"IP9  1",4089,4058,0,1,0,0,0,1,0,0,0,4,2,3,10,1,3,0,1,0,0,0,0,0,0,0,5,0,0,0,0,0,0,0,2,0,1,1,0,0,0,0,0,0,0,1,1,0,0,0,0,1,0,0,0,0,0,0,0,0,0,0,0,0,0,0,2,0,2,0,0,0,0,0,0,0,0,0,0,0,0,0,5,0,0,0,0,0,0,0,0,1,0,0,3,0,0,1,0,0,0,0,0,0
"IP9  2",7013,6912,1,1,1,0,0,0,0,0,0,7,0,6,29,0,12,3,0,2,0,0,0,2,0,1,8,0,1,0,0,0,0,0,3,0,1,1,0,1,0,0,0,8,1,1,1,0,0,0,0,1,8,0,0,0,0,3,0,0,0,0,2,0,3,0,35,0,8,15,2,5,0,1,0,4,0,0,0,0,0,0,0,0,0,0,0,0,0,0,0,0,0,0,0,0,0,0,0,0,0,0,0,0
"KT1  1",980,591,1,0,0,0,0,0,0,0,0,8,13,11,110,7,9,9,1,5,3,2,2,2,5,51,4,4,2,1,1,0,0,2,9,1,1,1,0,6,0,0,0,9,8,37,23,0,1,17,0,5,35,4,6,2,0,9,1,0,0,0,2,5,6,0,101,8,4,25,16,29,0,15,0,3,1,0,0,0,0,0,22,0,16,0,0,0,0,0,0,0,0,0,3,2,0,1,2,2,0,0,0,0
"KT1  2",7867,6598,1,1,0,0,0,0,0,1,0,47,43,72,452,59,64,123,14,7,6,18,4,26,23,65,9,16,7,5,2,0,3,1,40,15,10,0,0,15,0,0,0,43,27,64,87,2,8,65,11,1,152,17,13,17,0,12,31,1,2,39,13,6,1,0,201,11,21,53,27,51,5,15,3,8,7,0,0,0,0,0,34,1,0,1,0,6,3,1,0,0,0,9,12,0,0,1,3,3,2,2,0,0
"KT1  3",11085,8683,0,0,0,0,0,0,0,0,0,67,136,73,605,47,72,220,33,16,8,30,4,29,76,30,12,12,6,6,1,0,0,3,64,29,7,3,0,25,0,0,0,47,30,137,196,11,38,118,14,15,560,72,15,129,0,29,57,4,2,225,3,18,4,2,364,8,27,65,20,103,14,21,14,81,11,8,0,0,0,0,96,5,0,36,0,4,2,1,3,5,6,6,6,4,4,14,19,19,0,0,0,0
"KT1  4",2922,2617,0,0,0,0,0,0,0,0,0,18,15,17,107,7,16,31,4,2,4,3,1,3,9,9,4,11,1,1,0,0,1,0,18,5,1,1,1,10,0,0,0,9,3,17,37,0,5,29,3,0,26,0,4,6,0,4,3,0,0,0,3,4,1,1,31,2,1,5,8,3,4,3,0,3,2,0,0,0,0,0,5,0,0,0,0,0,0,0,0,0,0,1,2,0,1,1,0,0,2,1,0,1
"KT10 0",9205,8842,1,0,0,0,0,0,0,0,0,20,11,23,122,6,24,18,4,11,9,3,0,6,2,5,17,11,6,0,0,0,0,0,7,1,3,0,0,3,0,0,0,4,2,15,8,0,0,8,0,0,65,1,3,7,1,4,23,0,0,16,8,1,1,0,75,1,2,6,6,47,0,3,1,6,3,0,0,0,0,0,8,0,0,0,0,0,1,0,0,0,0,0,5,0,0,2,2,2,0,0,0,0
"KT10 8",6058,5670,2,1,1,0,0,0,0,0,0,29,17,23,121,10,23,32,5,1,1,5,0,5,0,4,17,8,7,2,1,0,0,0,30,0,2,1,0,27,0,0,0,8,7,21,7,0,4,2,1,0,35,7,0,6,0,8,5,0,0,3,0,2,0,4,77,0,0,13,4,51,1,2,1,5,0,0,0,0,0,0,6,0,0,0,0,0,0,0,0,1,0,0,5,0,0,0,2,2,2,2,0,0
"KT10 9",4834,4465,1,0,0,0,0,0,0,0,0,15,22,16,131,15,20,11,3,5,3,2,0,2,1,5,14,24,22,3,1,0,0,0,16,5,2,0,1,8,0,0,0,12,0,8,0,0,0,0,0,0,41,2,0,16,0,5,3,0,0,5,6,0,4,0,103,0,1,13,11,64,1,4,0,8,1,0,0,0,0,0,4,0,0,0,0,0,0,0,1,0,0,0,2,0,0,1,0,0,0,0,0,0
"KT11 1",2975,2803,0,1,0,0,0,1,0,0,0,2,16,16,51,5,6,7,3,3,6,1,1,11,3,1,0,1,3,0,0,0,0,0,1,0,0,0,0,1,0,0,0,5,9,8,5,0,3,2,0,0,13,4,4,0,0,3,0,0,0,1,0,1,0,0,37,0,0,6,12,7,2,0,2,8,0,0,0,0,0,0,7,0,0,0,0,4,0,0,0,0,0,3,0,0,0,0,0,0,1,0,1,0
"KT11 2",8860,8060,0,0,0,0,0,0,0,0,0,40,41,77,289,12,60,26,4,7,8,2,1,16,0,2,68,47,29,5,1,0,0,1,38,2,6,0,0,30,0,0,0,24,15,37,13,4,0,7,2,0,46,19,6,3,0,4,8,0,0,2,1,0,2,1,138,2,7,12,16,88,0,4,1,8,0,0,0,0,0,0,42,0,0,0,0,0,0,1,0,4,0,0,31,0,0,6,0,0,0,0,0,0
"KT11 3",2586,2444,0,0,0,0,0,0,0,0,0,13,10,8,69,7,11,7,2,5,4,2,0,7,0,0,9,11,2,0,2,0,0,0,2,0,0,0,0,2,0,0,0,1,3,6,6,0,0,3,0,3,3,0,2,0,0,1,0,0,0,0,0,0,0,0,13,0,0,0,0,10,0,0,1,2,0,0,0,0,0,0,8,0,0,0,0,0,0,0,0,1,0,3,1,0,0,3,0,0,0,0,0,0
"KT12 1",4137,3740,0,1,1,0,0,0,0,0,0,21,12,18,166,15,22,65,4,5,7,6,1,13,4,1,11,1,1,7,2,0,0,1,7,0,5,0,0,2,0,0,0,9,8,16,13,0,0,12,0,1,53,13,8,1,0,11,13,0,0,5,0,2,0,0,53,3,2,7,6,25,0,4,0,5,1,0,0,0,0,0,11,0,0,0,0,0,0,0,0,0,0,0,9,2,0,0,9,9,0,0,0,0
"KT12 2",11142,10454,1,2,2,0,0,0,0,0,0,31,26,25,337,92,17,119,14,4,6,20,0,27,8,4,6,5,4,6,3,0,0,2,14,1,3,7,1,2,0,0,0,14,5,35,19,2,2,11,0,4,68,10,2,11,0,24,4,2,1,10,2,2,0,0,79,3,18,12,5,25,3,2,3,8,0,0,1,0,0,0,24,0,0,0,0,0,4,0,1,0,0,7,9,2,0,1,2,2,5,2,2,1
"KT12 3",7674,7190,1,1,0,0,0,0,0,1,0,30,24,25,156,20,13,47,3,5,9,5,0,23,7,3,8,6,4,1,2,0,0,0,7,3,0,2,0,2,0,0,0,3,7,32,8,1,0,3,4,0,81,16,9,8,0,12,20,3,0,6,3,4,0,0,91,0,15,25,12,26,1,6,3,2,1,0,0,0,0,0,16,0,0,0,0,0,0,0,0,0,0,5,11,0,0,0,1,1,1,0,0,1
"KT12 4",5389,5126,0,1,0,0,0,0,0,1,0,14,12,15,119,17,20,45,2,0,1,8,0,7,3,2,5,5,2,1,0,0,1,0,2,0,1,0,0,1,0,0,0,4,4,8,8,1,0,7,0,0,40,3,4,4,0,9,0,0,0,4,13,1,0,2,32,6,4,6,5,9,0,0,0,1,1,0,0,0,0,0,1,0,0,0,0,0,0,0,0,0,0,0,1,0,0,0,0,0,3,3,0,0
"KT12 5",6786,6408,0,2,1,0,0,1,0,0,0,25,7,33,135,27,20,18,4,2,3,5,0,8,5,4,17,14,5,1,2,0,0,0,13,0,3,2,0,8,0,0,0,13,6,8,10,0,0,9,0,1,37,3,2,3,0,5,9,0,0,11,0,0,0,4,68,2,4,7,12,25,1,8,0,8,1,0,0,0,0,0,19,0,0,0,0,0,0,0,0,0,0,0,13,0,3,3,2,2,0,0,0,0
"KT13 0",6299,5691,1,0,0,0,0,0,0,0,0,29,16,51,189,37,25,32,7,2,7,6,2,7,4,8,19,18,11,3,0,0,1,0,14,0,0,1,0,13,0,0,0,49,7,36,26,0,2,19,0,5,62,12,11,4,0,14,2,1,0,11,3,3,0,1,107,6,5,17,8,29,2,12,4,19,5,0,0,1,1,0,17,0,0,0,0,0,0,0,0,0,0,1,11,3,0,2,2,2,1,0,0,1
"KT13 8",6829,6347,2,0,0,0,0,0,0,0,0,24,30,22,194,25,27,52,10,6,15,1,1,22,9,6,9,4,4,1,1,1,0,0,16,9,1,2,1,3,0,0,0,14,8,14,11,1,0,6,0,4,37,2,3,9,0,9,1,0,2,2,3,0,5,1,87,2,2,8,16,43,0,6,2,8,0,0,0,0,0,0,21,0,0,0,0,0,1,0,0,0,0,0,16,0,0,4,2,2,0,0,0,0
"KT13 9",7222,6709,0,0,0,0,0,0,0,0,0,37,34,37,201,21,28,39,14,4,20,10,1,7,4,1,33,8,5,2,3,0,0,1,17,1,7,0,0,9,0,0,0,12,8,21,16,0,0,9,0,7,59,14,3,3,0,17,4,5,4,4,4,0,1,0,57,1,0,13,3,26,0,5,0,9,0,1,0,0,0,0,12,0,0,0,0,0,0,0,0,0,0,0,11,0,0,1,1,1,0,0,0,0
"KT14 6",5393,5079,2,0,0,0,0,0,0,0,0,9,13,15,140,15,12,30,3,5,9,0,0,5,1,8,44,3,4,0,1,0,0,0,6,0,1,1,0,4,0,0,0,5,8,4,14,1,6,4,0,3,32,16,2,0,0,6,6,0,0,2,0,0,0,0,53,12,1,10,2,3,0,6,0,19,0,0,1,0,0,0,9,0,0,0,0,0,0,0,0,0,0,2,2,1,0,4,1,1,2,1,0,1
"KT14 7",7369,6938,1,2,1,0,0,1,0,0,0,13,15,28,176,29,7,90,4,2,10,3,1,11,2,8,2,2,3,1,0,1,0,0,5,0,0,0,0,5,0,0,0,1,1,35,17,1,1,13,0,2,47,18,3,7,0,9,1,0,0,5,0,2,1,1,74,0,0,17,0,8,2,13,0,32,2,0,0,0,0,0,9,0,0,0,0,0,0,0,0,0,0,3,5,0,0,1,1,1,6,0,2,4
"KT15 1",9439,8972,3,0,0,0,0,0,0,0,0,26,17,44,169,32,13,83,5,2,7,4,2,11,0,2,3,1,2,0,0,0,0,2,15,10,0,3,0,2,0,0,0,18,11,8,6,2,1,1,0,2,71,8,4,11,0,8,6,0,2,5,13,5,4,5,60,5,2,17,2,6,0,7,1,20,0,0,0,0,0,0,14,0,0,0,0,0,1,0,0,0,0,10,2,0,0,1,5,5,0,0,0,0
"KT15 2",7873,7335,1,1,1,0,0,0,0,0,0,21,31,35,182,44,10,58,24,7,12,2,1,7,5,3,3,2,0,1,3,0,0,0,8,5,2,0,0,1,0,0,0,7,13,2,9,0,0,4,5,0,77,14,6,7,0,20,1,1,3,5,5,12,0,3,124,1,11,15,6,10,0,8,2,64,7,0,0,0,0,0,18,1,0,0,0,2,0,1,0,0,0,4,8,0,0,2,8,8,1,0,0,1
"KT15 3",9001,8654,0,2,0,0,0,2,0,0,0,13,5,22,135,39,9,29,0,3,10,12,1,13,2,2,7,3,3,1,0,0,0,1,8,1,2,0,0,5,0,0,0,6,8,9,0,0,0,0,0,0,66,9,1,9,0,19,13,4,0,0,9,0,1,1,55,2,5,6,15,2,1,4,3,16,1,0,0,0,0,0,14,0,0,0,0,0,0,0,0,0,0,5,6,0,0,3,0,0,4,3,1,0
"KT16 0",5456,5019,1,1,0,0,0,0,0,1,0,18,21,39,108,3,13,23,9,4,15,7,4,12,1,1,11,0,5,0,0,0,0,0,9,0,3,0,2,4,0,0,0,5,2,4,2,0,0,2,0,0,61,1,2,6,0,13,4,0,0,0,29,2,2,2,127,2,0,6,4,0,0,4,1,109,1,0,0,0,0,0,30,0,0,0,0,1,1,0,0,0,0,12,3,1,0,12,6,6,3,0,0,3
"KT16 8",5725,5426,2,2,2,0,0,0,0,0,0,9,17,21,121,16,18,47,6,2,5,4,1,5,1,0,12,1,2,1,0,0,0,0,3,0,1,0,0,2,0,0,0,6,1,3,4,0,0,2,0,2,41,4,1,7,0,6,4,0,0,4,8,3,1,3,62,3,0,16,0,6,0,3,0,29,5,0,0,0,0,0,7,0,0,0,0,0,2,0,1,0,0,0,2,1,1,0,0,0,0,0,0,0
"KT16 9",6497,6038,0,0,0,0,0,0,0,0,0,20,36,40,135,24,4,53,7,5,10,9,2,3,0,3,1,7,3,1,0,0,0,3,0,0,0,0,0,0,0,0,0,10,4,7,4,0,0,4,0,0,81,12,8,17,2,16,6,0,0,8,6,0,4,2,96,0,2,18,3,18,0,8,3,39,5,0,0,0,0,0,21,0,0,0,0,8,4,1,0,0,0,2,5,0,0,1,1,1,4,2,1,1
"KT17 1",5164,4843,0,0,0,0,0,0,0,0,0,17,35,20,83,12,4,28,6,3,9,5,1,3,1,6,3,0,0,0,0,1,1,0,5,2,2,0,0,1,0,0,0,7,8,19,5,0,1,2,1,1,40,11,1,0,0,1,7,0,2,11,0,6,1,0,62,3,2,11,5,11,4,10,0,11,5,0,0,0,0,0,10,0,0,0,0,0,0,1,1,1,0,0,5,0,0,2,5,5,5,5,0,0
"KT17 2",7605,7241,1,0,0,0,0,0,0,0,0,14,35,14,69,11,4,20,7,3,3,9,1,0,6,1,1,0,1,0,0,1,1,0,8,0,7,1,0,0,0,0,0,3,8,26,14,1,0,10,0,3,104,8,3,0,0,18,39,0,0,33,1,2,0,0,60,0,1,21,5,24,2,2,0,5,0,0,0,0,0,0,6,0,0,0,0,0,0,0,1,0,0,0,4,1,0,0,2,2,0,0,0,0
"KT17 3",3855,3703,0,0,0,0,0,0,0,0,0,5,11,6,30,5,3,11,1,2,0,0,1,1,0,3,1,0,2,0,0,0,0,0,1,0,1,0,0,0,0,0,0,2,4,7,3,0,0,3,0,0,58,10,3,3,0,5,21,0,0,14,1,0,0,1,20,0,0,3,3,12,0,1,0,1,0,0,0,0,0,0,3,0,0,0,0,0,2,1,0,0,0,0,0,0,0,0,1,1,1,0,1,0
"KT17 4",5930,5478,0,0,0,0,0,0,0,0,0,30,37,15,111,12,5,23,8,5,13,0,0,12,5,14,3,5,1,4,0,0,1,0,5,0,2,0,0,3,0,0,0,14,4,16,11,0,0,9,0,2,53,0,10,0,0,4,17,0,4,10,4,3,0,1,132,4,32,31,13,12,0,5,2,30,3,0,0,0,0,0,21,0,0,0,0,0,0,0,1,1,0,3,5,0,0,11,3,3,0,0,0,0
"KT18 5",7647,7318,1,0,0,0,0,0,0,0,0,16,33,26,74,8,13,29,2,6,0,1,0,3,0,8,3,0,0,1,0,0,0,0,4,1,2,0,0,1,0,0,0,10,7,11,3,0,0,3,0,0,57,7,9,0,0,14,15,1,2,8,0,0,1,0,68,4,7,13,5,11,0,3,1,21,3,0,0,0,0,0,10,0,0,1,0,0,0,0,1,0,0,3,4,0,1,0,3,3,6,3,0,3
"KT18 6",2050,1984,0,1,0,0,0,0,0,1,0,3,7,2,16,4,0,5,3,0,1,0,0,0,1,2,0,0,0,0,0,0,0,0,0,0,0,0,0,0,0,0,0,0,0,3,3,1,1,0,0,1,14,2,0,2,0,2,0,0,0,2,0,0,6,0,12,0,0,6,0,0,0,0,1,3,2,0,0,0,0,0,5,0,0,0,0,0,0,1,0,0,0,0,2,1,0,1,0,0,0,0,0,0
"KT18 7",7120,6687,3,0,0,0,0,0,0,0,0,26,30,28,112,15,10,25,2,4,3,3,0,13,5,10,9,8,4,0,1,0,0,0,6,2,2,0,0,2,0,0,0,6,1,17,6,1,0,5,0,0,94,16,12,3,0,7,23,0,3,10,13,1,0,6,87,2,4,20,5,3,0,4,0,42,7,0,0,0,0,0,11,0,0,0,0,1,0,0,1,2,0,1,2,0,0,4,4,4,2,2,0,0
"KT19 0",8757,8244,1,1,1,0,0,0,0,0,0,19,38,21,107,15,7,40,1,2,8,14,0,4,1,5,2,1,2,1,1,0,3,0,5,5,0,0,0,0,0,0,0,2,6,43,24,2,6,16,0,0,147,30,0,1,0,12,41,0,0,50,3,7,0,3,82,1,1,19,3,47,0,4,0,7,0,1,0,0,0,0,6,1,0,0,0,1,0,0,0,0,0,0,3,0,1,0,7,7,3,1,0,2
"KT19 7",1747,1648,1,0,0,0,0,0,0,0,0,3,16,5,19,2,8,2,1,0,1,0,0,0,0,0,0,2,3,0,0,0,0,0,5,0,5,0,0,0,0,0,0,0,0,0,4,0,0,4,0,0,34,3,2,5,0,0,16,0,0,7,0,0,1,0,5,2,1,1,0,0,0,0,0,1,0,0,2,0,0,0,3,0,0,0,0,0,2,1,0,0,0,0,0,0,0,0,1,1,1,1,0,0
"KT19 8",7577,6719,0,0,0,0,0,0,0,0,0,49,98,75,220,76,20,43,9,3,8,18,1,9,8,12,2,3,4,4,0,0,0,0,9,3,4,1,0,1,0,0,0,8,4,32,7,1,0,2,4,0,100,14,11,0,0,24,6,0,3,20,0,13,9,0,174,10,18,22,15,7,1,3,5,93,0,0,0,0,0,0,47,2,0,0,0,5,0,1,0,1,0,3,17,3,2,13,29,29,6,5,1,0
"KT19 9",14572,13269,2,0,0,0,0,0,0,0,0,85,245,54,237,30,11,93,5,7,6,18,3,11,28,9,7,2,3,1,1,0,2,0,19,9,7,1,0,2,0,0,0,8,16,72,31,9,2,11,1,8,226,20,15,4,0,64,27,0,0,67,9,9,10,1,216,4,21,44,7,28,0,12,0,98,2,0,1,2,0,2,40,2,0,0,0,6,1,0,2,2,0,4,2,0,2,19,32,32,17,15,2,0
"KT2  5",13674,11759,2,1,0,0,0,1,0,0,0,76,72,104,693,80,245,134,13,18,20,22,5,18,25,55,21,9,7,11,7,0,0,3,50,7,13,6,7,17,1,1,0,47,44,147,124,4,9,94,10,7,211,26,19,16,0,37,32,5,1,54,2,5,12,2,302,14,52,83,33,64,16,15,8,13,4,0,0,0,0,0,31,0,2,2,1,0,2,0,0,0,1,2,16,0,1,4,9,9,1,1,0,0
"KT2  6",7631,6681,3,0,0,0,0,0,0,0,0,57,32,59,323,42,58,77,16,12,12,8,1,17,28,20,9,10,3,9,0,0,1,0,34,10,8,5,0,11,0,0,0,21,10,54,52,0,3,38,9,2,162,45,10,14,0,23,17,0,0,40,1,6,4,2,101,6,8,26,11,31,1,9,1,7,1,8,0,0,0,0,21,0,0,0,0,1,0,1,0,5,2,1,10,0,0,1,1,1,12,2,0,10
"KT2  7",7670,5896,2,4,3,0,0,0,0,0,1,58,41,78,473,57,146,95,12,7,13,16,3,22,21,35,13,18,2,8,1,0,3,1,60,10,9,3,0,38,0,0,0,43,15,173,142,0,25,88,14,15,332,47,28,59,0,30,52,5,3,45,2,33,13,15,314,10,20,44,33,109,2,16,3,69,8,0,0,0,0,0,22,1,1,7,0,1,0,1,1,1,0,1,3,0,0,5,13,13,4,1,1,2
"KT20 5",9937,9584,0,0,0,0,0,0,0,0,0,18,49,15,61,13,7,22,3,0,3,3,0,4,0,1,2,0,0,2,0,0,0,1,4,0,0,1,0,3,0,0,0,6,4,17,5,0,5,0,0,0,78,6,0,4,0,33,9,0,0,12,0,11,0,3,74,5,5,10,6,1,0,6,2,29,10,0,0,0,0,0,16,0,0,0,0,0,0,0,0,0,0,9,4,0,1,2,1,1,5,4,0,1
"KT20 6",5573,5408,0,0,0,0,0,0,0,0,0,16,8,7,52,4,15,11,1,0,5,0,3,0,0,1,3,1,4,3,0,0,1,0,2,1,0,1,0,0,0,0,0,7,0,2,8,0,0,8,0,0,41,6,2,3,0,6,13,0,1,8,2,0,0,0,19,0,2,7,1,0,0,1,1,7,0,0,0,0,0,0,2,0,0,0,0,0,0,0,0,0,0,0,0,1,0,1,0,0,1,0,0,1
"KT20 7",4389,4305,0,0,0,0,0,0,0,0,0,5,5,3,33,2,4,8,0,0,1,0,0,1,1,3,1,4,4,1,3,0,0,0,0,0,0,0,0,0,0,0,0,3,2,0,4,0,1,2,0,1,14,0,0,0,0,0,7,0,0,1,0,6,0,0,8,1,3,0,2,2,0,0,0,0,0,0,0,1,0,1,6,0,0,0,0,0,0,0,0,0,0,0,6,0,0,0,0,0,0,0,0,0
"KT21 1",5668,5507,1,0,0,0,0,0,0,0,0,9,0,7,38,8,4,12,0,2,4,1,0,0,0,3,1,1,2,0,0,0,0,0,3,0,0,2,0,1,0,0,0,8,4,3,5,0,0,4,0,1,26,0,4,0,0,9,5,0,0,3,0,0,4,1,51,0,22,21,0,6,0,0,0,1,1,0,0,0,0,0,2,0,0,0,0,0,0,0,0,0,0,0,1,0,0,1,2,2,2,1,0,1
"KT21 2",7611,7392,1,0,0,0,0,0,0,0,0,14,8,13,70,4,4,34,2,4,3,0,1,2,0,1,4,8,3,0,0,0,0,0,2,0,1,0,0,1,0,0,0,2,1,8,10,1,0,9,0,0,34,12,3,2,0,0,5,0,0,6,2,0,4,0,38,2,4,8,7,0,0,2,0,14,1,0,0,0,0,0,9,0,0,0,0,0,0,0,1,0,0,0,8,0,0,0,4,4,5,0,3,2
"KT22 0",3806,3539,1,0,0,0,0,0,0,0,0,10,8,20,98,2,10,19,4,1,6,1,0,5,0,2,20,5,22,1,0,0,0,0,4,2,0,0,0,2,0,0,0,5,0,16,14,4,0,9,1,0,29,3,1,3,1,11,6,0,0,0,3,0,1,0,57,1,7,5,8,21,0,1,1,12,1,0,0,0,0,0,3,0,0,0,0,0,0,0,0,0,0,0,0,0,2,1,1,1,1,1,0,0
"KT22 7",6206,5751,0,0,0,0,0,0,0,0,0,18,31,20,172,12,12,64,9,9,7,12,2,23,4,12,3,0,2,0,0,0,1,0,6,2,4,0,0,0,0,0,0,4,1,5,8,0,5,2,1,0,118,10,14,1,0,24,9,11,4,23,5,15,2,0,57,4,2,25,3,2,0,4,2,12,3,0,0,0,0,0,10,0,0,0,0,2,1,1,0,0,0,1,1,1,0,3,4,4,1,1,0,0
"KT22 8",4593,4357,4,0,0,0,0,0,0,0,0,11,4,10,102,7,12,27,5,0,0,0,2,27,2,5,6,1,2,1,1,0,4,0,3,0,1,0,0,2,0,0,0,4,4,11,3,0,0,1,0,2,32,4,3,1,0,10,2,1,0,5,1,5,0,0,38,0,5,9,6,1,0,11,0,6,0,0,0,0,0,0,6,0,0,0,0,0,0,0,0,0,0,0,6,0,0,0,1,1,3,3,0,0
"KT22 9",8765,8542,1,0,0,0,0,0,0,0,0,12,6,14,61,6,12,13,0,1,0,2,0,8,1,3,4,7,2,0,0,0,0,2,6,0,0,0,0,6,0,0,0,16,4,2,6,2,0,1,0,3,51,9,0,2,0,8,12,0,0,7,0,0,10,3,35,1,2,9,6,12,0,0,0,5,0,0,0,0,0,0,6,0,0,0,0,0,0,0,1,0,0,0,5,0,0,0,2,2,1,1,0,0
"KT23 3",4968,4845,0,0,0,0,0,0,0,0,0,6,4,4,42,2,5,12,4,1,0,0,0,7,0,0,4,5,2,0,0,0,0,0,2,2,0,0,0,0,0,0,0,2,8,4,1,0,0,1,0,0,29,1,5,1,0,2,4,0,1,3,3,0,5,4,18,0,0,0,3,0,1,3,0,10,1,0,0,0,0,0,2,0,0,0,0,0,0,0,0,0,0,2,0,0,0,0,1,1,0,0,0,0
"KT23 4",5429,5307,1,0,0,0,0,0,0,0,0,5,9,6,53,6,3,22,2,3,2,1,1,7,0,1,3,0,1,0,0,0,1,0,4,0,4,0,0,0,0,0,0,3,0,6,3,0,1,2,0,0,21,3,0,0,0,5,3,0,0,10,0,0,0,0,5,0,0,1,1,0,0,1,1,1,0,0,0,0,0,0,2,0,0,0,0,0,0,0,0,0,0,0,2,0,0,0,1,1,3,1,2,0
"KT24 5",5106,4972,2,0,0,0,0,0,0,0,0,7,4,15,40,5,0,2,3,0,6,1,0,4,1,4,10,1,3,0,0,0,0,0,6,0,0,1,1,4,0,0,0,0,1,3,1,0,0,1,0,0,5,3,0,0,0,2,0,0,0,0,0,0,0,0,42,0,17,16,2,4,0,0,0,1,2,0,0,0,0,0,5,0,0,0,0,1,0,0,0,0,0,0,4,0,0,0,2,2,1,1,0,0
"KT24 6",4171,4038,0,0,0,0,0,0,0,0,0,7,5,8,67,1,5,24,7,1,2,0,4,8,0,3,6,4,1,0,0,0,0,1,5,1,0,0,0,4,0,0,0,8,1,7,3,1,0,1,0,1,6,0,0,1,0,2,0,0,0,3,0,0,0,0,10,1,1,3,1,0,0,0,0,3,1,0,0,0,0,0,6,0,0,0,0,0,0,0,0,0,0,0,5,0,0,1,0,0,0,0,0,0
"KT3  3",12132,9383,0,1,1,0,0,0,0,0,0,56,100,67,587,51,62,264,26,14,17,30,6,28,25,24,8,10,5,8,6,0,1,2,23,8,9,3,0,3,0,0,0,17,19,126,112,1,36,56,15,4,670,116,24,63,0,73,65,4,0,260,7,38,15,5,901,9,42,65,60,634,3,12,7,61,8,0,0,0,0,0,53,0,0,9,0,1,0,1,2,2,0,8,14,2,5,9,9,9,8,4,1,3
"KT3  4",4677,3812,2,0,0,0,0,0,0,0,0,29,12,21,156,13,47,31,8,4,9,3,0,7,7,8,7,6,0,6,0,0,0,0,13,3,2,0,0,8,0,0,0,3,1,23,24,0,1,18,0,5,162,28,5,5,0,10,16,0,0,67,11,17,2,1,403,2,9,43,31,292,0,2,0,20,4,0,0,0,0,0,11,2,0,0,0,0,0,1,0,0,1,0,6,0,0,1,2,2,3,0,1,2
"KT3  5",9775,7633,2,2,0,0,0,0,0,2,0,45,49,31,254,42,57,81,4,3,6,14,1,16,10,9,4,1,4,1,0,0,1,0,27,8,12,7,0,0,0,0,0,18,8,132,83,0,12,48,9,14,803,221,11,26,0,13,102,2,0,391,9,10,16,2,654,12,11,26,12,554,0,5,3,24,7,0,0,0,0,0,26,2,1,1,0,1,0,1,1,9,1,1,2,0,0,6,3,3,5,4,0,1
"KT3  6",10435,8011,4,1,0,0,0,1,0,0,0,51,53,43,403,40,24,219,23,7,4,11,0,21,18,9,13,4,3,3,0,0,0,4,13,7,2,1,0,3,0,0,0,11,12,131,56,0,10,34,5,7,984,146,18,39,0,22,50,4,7,652,14,23,4,5,625,12,10,51,17,498,1,2,7,26,1,0,0,0,0,0,30,0,0,1,0,3,0,2,3,0,0,0,17,0,3,1,1,1,6,3,3,0
"KT4  7",10224,9098,2,0,0,0,0,0,0,0,0,20,24,12,176,15,26,55,5,12,6,21,0,7,2,8,5,4,1,1,1,0,2,5,16,4,3,3,4,2,0,0,0,9,20,132,39,0,3,24,9,3,299,83,7,27,0,7,62,0,0,72,5,20,8,8,359,4,3,25,16,278,5,5,4,17,2,0,0,0,0,0,14,0,0,1,0,2,0,0,0,0,0,0,8,0,2,1,2,2,2,1,0,1
"KT4  8",17560,15733,4,1,0,0,0,0,0,0,1,45,71,46,395,33,15,165,7,12,31,23,2,16,47,12,12,3,6,1,0,3,3,4,37,14,9,6,0,8,0,0,0,24,35,117,51,0,7,26,11,7,540,129,26,12,0,30,37,0,8,243,9,14,27,5,400,3,29,39,9,266,1,7,4,41,1,0,3,0,0,0,45,3,2,3,1,3,0,0,1,0,0,8,19,0,1,4,5,5,8,6,2,0
"KT5  8",10342,9074,4,0,0,0,0,0,0,0,0,54,20,56,498,32,80,112,17,18,15,16,1,30,62,65,13,23,5,5,2,1,0,1,55,21,8,4,0,22,0,0,0,18,10,55,58,1,3,39,10,5,202,30,9,17,0,8,31,4,4,80,9,6,1,3,208,11,28,54,29,48,11,5,11,9,2,0,0,0,0,0,25,0,0,0,0,0,1,1,1,0,0,3,15,0,0,4,5,5,0,0,0,0
"KT5  9",9236,7788,1,0,0,0,0,0,0,0,0,36,30,31,274,28,27,72,17,1,9,33,2,34,27,9,0,5,1,7,0,0,1,1,10,5,1,2,0,2,0,0,0,34,15,62,73,0,9,35,19,10,688,72,16,54,0,46,41,0,13,370,62,11,0,3,149,3,25,21,19,59,1,6,1,13,1,0,0,0,0,0,24,1,0,0,0,2,1,1,2,1,0,9,0,0,6,1,10,10,11,6,2,3
"KT6  4",5977,5082,3,1,1,0,0,0,0,0,0,52,27,56,334,26,44,94,13,11,3,18,3,32,21,28,6,19,3,9,1,0,0,3,26,8,7,1,0,10,3,3,0,37,10,39,65,1,8,46,1,9,77,11,8,1,0,19,12,0,3,14,0,6,3,0,136,3,13,24,22,33,3,8,1,29,0,0,0,0,0,0,16,1,0,0,0,1,1,0,1,1,3,1,4,0,0,3,12,12,1,1,0,0
"KT6  5",7575,6788,1,0,0,0,0,0,0,0,0,37,31,24,266,25,43,69,11,9,14,13,3,12,26,17,5,11,3,1,0,1,0,3,22,4,4,0,0,14,0,0,0,24,13,33,23,1,2,13,1,6,149,15,6,16,0,18,25,0,0,43,10,10,5,1,129,4,13,33,13,45,3,12,1,5,0,0,0,0,0,0,32,0,0,0,0,2,1,0,1,1,0,12,10,2,0,3,3,3,0,0,0,0
"KT6  6",6466,5615,6,0,0,0,0,0,0,0,0,27,14,34,314,20,43,109,6,11,6,15,2,27,18,19,7,10,10,1,3,1,2,4,26,5,4,4,0,13,0,0,0,35,11,36,50,1,2,37,7,3,154,11,9,16,0,22,17,9,1,37,4,19,5,4,119,8,13,29,6,48,3,5,2,5,0,0,0,0,0,0,22,0,2,2,0,0,0,0,0,1,0,5,9,0,0,3,3,3,0,0,0,0
"KT6  7",9969,8360,1,1,1,0,0,0,0,0,0,48,44,53,334,59,18,122,9,4,20,37,0,12,35,2,7,3,1,1,1,0,3,0,26,17,0,4,0,5,0,0,0,30,16,77,49,2,11,21,14,1,767,80,20,72,0,42,89,2,1,336,98,18,8,1,126,7,28,30,3,25,1,4,1,26,1,0,0,0,0,0,26,1,0,2,0,3,2,0,4,1,0,4,4,0,1,4,7,7,4,1,0,3
"KT7  0",9852,9435,0,0,0,0,0,0,0,0,0,36,18,39,141,18,30,30,6,4,3,7,0,9,0,2,8,6,14,1,0,0,2,1,5,2,1,0,0,2,0,0,0,9,7,15,6,2,1,2,0,1,44,2,3,5,0,10,11,0,0,10,2,0,0,1,74,2,2,6,10,42,1,5,0,5,1,0,0,0,0,0,19,0,0,0,0,0,0,0,0,1,0,0,17,1,0,0,4,4,0,0,0,0
"KT8  0",2496,2353,0,0,0,0,0,0,0,0,0,10,3,4,83,3,13,38,2,1,4,2,1,6,5,1,1,5,0,1,0,0,0,0,3,0,0,2,1,0,0,0,0,3,2,8,2,0,2,0,0,0,7,2,1,0,0,1,2,0,0,1,0,0,0,0,15,0,1,3,4,5,0,1,0,0,1,0,0,0,0,0,3,0,0,0,0,0,0,0,0,0,1,0,2,0,0,0,0,0,0,0,0,0
"KT8  1",5307,4926,1,0,0,0,0,0,0,0,0,9,30,11,145,7,18,70,7,1,1,11,0,10,3,7,2,2,1,1,4,0,0,0,5,0,0,0,2,3,0,0,0,14,5,15,19,2,0,14,3,0,80,8,0,14,0,28,13,0,0,9,2,2,3,1,32,0,3,18,3,3,0,3,0,2,0,0,0,0,0,0,11,0,0,0,0,0,0,0,0,0,0,0,7,4,0,0,3,3,1,1,0,0
"KT8  2",6951,6431,0,0,0,0,0,0,0,0,0,22,19,27,171,13,3,104,6,6,1,9,0,12,6,2,3,1,3,1,0,0,1,0,14,5,3,5,0,1,1,1,0,14,9,25,30,1,1,13,15,0,121,9,10,18,0,62,15,0,0,3,0,3,0,1,43,10,3,8,2,4,0,7,0,8,1,0,0,0,0,0,13,0,0,0,0,0,1,0,1,1,1,1,5,1,0,2,2,2,9,5,2,2
"KT8  9",4130,3851,2,1,1,0,0,0,0,0,0,24,17,10,126,12,21,48,4,2,3,5,0,6,4,2,5,6,6,1,0,1,0,0,7,1,1,0,0,5,0,0,0,11,5,11,3,0,2,1,0,0,13,7,0,0,0,1,0,0,0,0,1,4,0,0,40,2,8,9,6,4,0,9,0,2,0,0,0,0,0,0,8,0,0,1,0,0,0,0,0,0,0,0,6,0,0,1,0,0,1,1,0,0
"KT9  1",9050,8141,1,0,0,0,0,0,0,0,0,33,54,41,216,19,20,87,9,3,3,31,0,9,23,2,1,5,3,1,0,0,0,0,14,6,4,4,0,0,0,0,0,10,20,41,26,0,3,7,14,2,293,28,3,24,0,16,21,3,2,168,11,14,1,2,111,3,14,37,7,17,5,9,1,14,4,0,1,0,0,0,38,1,1,5,0,1,0,0,2,3,1,8,8,0,2,6,6,6,4,0,0,4
"KT9  2",11431,10546,0,0,0,0,0,0,0,0,0,17,51,41,229,10,20,98,13,3,7,18,0,17,23,6,3,1,3,3,0,0,4,0,22,6,13,2,0,1,0,0,0,15,24,49,34,0,2,17,13,2,238,47,15,31,0,12,8,0,0,108,0,17,0,0,129,1,19,12,4,51,1,8,2,31,0,0,0,0,0,0,28,0,0,1,0,0,2,0,2,0,2,3,11,3,1,3,5,5,3,2,0,1
"L1   0",143,125,2,0,0,0,0,0,0,0,0,1,0,0,6,0,0,4,0,0,0,0,0,0,1,1,0,0,0,0,0,0,0,0,1,0,0,0,0,1,0,0,0,0,0,0,0,0,0,0,0,0,4,1,1,1,0,1,0,0,0,0,0,0,0,0,2,1,0,1,0,0,0,0,0,0,0,0,0,0,0,0,1,0,0,0,0,0,0,1,0,0,0,0,0,0,0,0,0,0,1,1,0,0
"L1   1",334,267,2,0,0,0,0,0,0,0,0,2,0,2,27,5,1,3,2,0,8,0,0,0,3,3,1,0,0,1,0,0,0,0,3,0,0,0,0,3,0,0,0,4,1,12,2,0,0,2,0,0,1,0,0,0,0,0,0,0,0,0,0,0,0,1,11,0,0,9,0,0,0,1,0,1,0,0,0,0,0,0,0,0,0,0,0,0,0,0,0,0,0,0,0,0,0,0,0,0,0,0,0,0
"L1   2",159,116,0,0,0,0,0,0,0,0,0,2,1,2,5,0,0,0,0,0,0,0,0,0,0,5,0,0,0,0,0,0,0,0,0,0,0,0,0,0,0,0,0,0,0,17,2,2,0,0,0,0,0,0,0,0,0,0,0,0,0,0,0,0,0,0,13,0,1,12,0,0,0,0,0,0,0,0,0,0,0,0,1,0,0,0,0,0,0,0,0,0,0,1,0,0,0,0,0,0,0,0,0,0
"L1   3",211,142,0,0,0,0,0,0,0,0,0,0,4,6,10,1,2,3,0,0,0,0,0,0,0,4,0,0,0,0,0,0,0,0,4,0,1,0,0,3,0,0,0,0,5,21,3,0,0,3,0,0,3,0,1,1,0,0,0,0,0,0,0,0,0,1,13,1,0,12,0,0,0,0,0,0,0,0,0,0,0,0,0,0,0,0,0,0,0,0,0,0,0,0,0,0,0,0,0,0,0,0,0,0
"L1   4",1117,870,2,0,0,0,0,0,0,0,0,11,7,8,53,20,3,13,1,2,4,0,0,1,0,6,2,0,0,1,0,0,0,0,10,1,1,0,0,8,0,0,0,0,1,80,9,1,1,5,2,0,9,3,1,1,0,2,0,0,0,2,0,0,0,0,55,7,0,42,2,2,0,1,0,1,0,0,0,0,0,0,2,0,0,0,0,0,0,0,0,0,0,1,0,0,0,1,0,0,0,0,0,0
"L1   5",2283,1889,2,0,0,0,0,0,0,0,0,16,9,31,86,11,7,38,0,2,4,0,0,3,2,14,2,1,1,1,0,0,0,0,11,0,1,0,0,10,0,0,0,1,6,68,11,0,2,8,1,0,7,0,5,0,0,0,0,0,0,2,0,0,0,0,145,5,40,80,2,0,3,7,3,5,0,0,0,0,0,0,1,0,0,1,0,0,0,0,0,0,0,0,0,0,0,0,0,0,0,0,0,0
"L1   6",398,291,2,0,0,0,0,0,0,0,0,1,1,2,49,5,3,15,0,2,2,2,0,0,3,7,2,1,1,0,4,0,0,2,4,0,0,0,0,4,0,0,0,2,0,19,3,0,3,0,0,0,3,0,0,0,0,0,0,0,0,0,0,3,0,0,20,2,0,12,0,2,0,0,3,0,1,0,0,0,0,0,1,0,0,0,0,1,0,0,0,0,0,0,0,0,0,0,0,0,0,0,0,0
"L1   7",871,771,5,2,2,0,0,0,0,0,0,3,0,4,12,3,1,0,0,0,1,0,0,1,1,2,1,0,2,0,0,0,0,0,2,0,1,0,0,1,0,0,0,0,0,1,3,0,1,2,0,0,1,0,1,0,0,0,0,0,0,0,0,0,0,0,66,4,32,28,0,0,1,1,0,0,0,0,0,0,0,0,1,0,0,1,0,0,0,0,0,0,0,0,0,0,0,0,0,0,0,0,0,0
"L1   8",739,553,1,0,0,0,0,0,0,0,0,11,7,12,45,11,7,13,0,0,2,1,0,0,0,8,2,1,0,0,0,0,0,0,7,0,0,0,0,7,0,0,0,4,0,32,12,2,1,4,5,0,16,2,11,0,0,1,0,0,0,0,2,0,0,0,38,5,2,29,0,0,0,1,0,1,0,0,0,0,0,0,1,0,0,0,0,0,0,0,0,0,0,1,0,0,0,0,0,0,0,0,0,0
"L1   9",727,657,2,0,0,0,0,0,0,0,0,3,5,5,8,1,3,0,0,0,0,0,0,1,0,1,0,0,0,0,2,0,0,0,2,0,1,0,0,1,0,0,0,1,0,21,2,0,0,2,0,0,3,0,0,0,0,0,1,1,0,0,1,0,0,0,18,0,1,14,0,0,1,2,0,0,0,0,0,0,0,0,0,0,0,0,0,0,0,0,0,0,0,0,0,0,0,0,0,0,0,0,0,0
"L10  0",497,494,0,0,0,0,0,0,0,0,0,0,0,0,2,0,0,1,0,0,0,1,0,0,0,0,0,0,0,0,0,0,0,0,0,0,0,0,0,0,0,0,0,0,0,0,0,0,0,0,0,0,0,0,0,0,0,0,0,0,0,0,0,0,0,0,1,0,0,1,0,0,0,0,0,0,0,0,0,0,0,0,0,0,0,0,0,0,0,0,0,0,0,0,0,0,0,0,0,0,0,0,0,0
"L10  1",1452,1426,0,0,0,0,0,0,0,0,0,0,0,0,3,0,2,1,0,0,0,0,0,0,0,0,0,0,0,0,0,0,0,0,1,0,1,0,0,0,0,0,0,0,0,0,4,0,0,4,0,0,5,0,0,0,0,1,0,0,0,0,4,0,0,0,13,0,0,4,0,0,0,0,0,6,3,0,0,0,0,0,0,0,0,0,0,0,0,0,0,0,0,0,0,0,0,0,0,0,0,0,0,0
"L10  2",1387,1385,1,0,0,0,0,0,0,0,0,0,0,0,1,0,0,0,0,0,0,0,0,0,0,0,0,1,0,0,0,0,0,0,0,0,0,0,0,0,0,0,0,0,0,0,0,0,0,0,0,0,0,0,0,0,0,0,0,0,0,0,0,0,0,0,0,0,0,0,0,0,0,0,0,0,0,0,0,0,0,0,0,0,0,0,0,0,0,0,0,0,0,0,0,0,0,0,0,0,0,0,0,0
"L10  3",1150,1144,0,0,0,0,0,0,0,0,0,1,0,0,4,0,0,2,0,0,0,0,0,0,0,0,1,1,0,0,0,0,0,0,0,0,0,0,0,0,0,0,0,0,0,0,0,0,0,0,0,0,0,0,0,0,0,0,0,0,0,0,0,0,0,0,0,0,0,0,0,0,0,0,0,0,0,0,0,0,0,0,0,0,0,0,0,0,0,0,0,0,0,0,0,0,0,0,0,0,1,1,0,0
"L10  4",2892,2842,0,0,0,0,0,0,0,0,0,0,0,3,17,1,0,13,0,0,0,3,0,0,0,0,0,0,0,0,0,0,0,0,0,0,0,0,0,0,0,0,0,0,0,5,1,0,0,1,0,0,12,1,0,0,0,2,0,0,0,0,9,0,0,0,10,1,0,6,0,0,0,1,0,2,0,0,0,0,0,0,1,0,0,0,0,0,0,0,0,0,0,1,0,0,0,0,0,0,1,1,0,0
"L10  6",1473,1466,1,0,0,0,0,0,0,0,0,0,0,1,3,0,0,3,0,0,0,0,0,0,0,0,0,0,0,0,0,0,0,0,0,0,0,0,0,0,0,0,0,0,0,0,0,0,0,0,0,0,0,0,0,0,0,0,0,0,0,0,0,0,0,0,0,0,0,0,0,0,0,0,0,0,0,0,0,0,0,0,0,0,0,0,0,0,0,0,0,0,0,0,0,0,0,0,0,0,2,1,1,0
"L10  7",2150,2090,0,0,0,0,0,0,0,0,0,0,0,3,18,0,1,15,1,0,0,0,0,0,0,0,0,1,0,0,0,0,0,0,0,0,0,0,0,0,0,0,0,0,1,5,2,0,2,0,0,0,20,0,1,0,0,0,0,0,0,3,16,0,0,0,9,0,0,0,0,0,0,0,0,9,0,0,0,0,0,0,0,0,0,0,0,0,0,0,0,0,0,0,0,0,0,0,0,0,2,2,0,0
"L10  8",2053,2046,1,0,0,0,0,0,0,0,0,1,0,0,3,2,1,0,0,0,0,0,0,0,0,0,0,0,0,0,0,0,0,0,0,0,0,0,0,0,0,0,0,0,0,1,0,0,0,0,0,0,0,0,0,0,0,0,0,0,0,0,0,0,0,0,1,0,0,1,0,0,0,0,0,0,0,0,0,0,0,0,0,0,0,0,0,0,0,0,0,0,0,0,0,0,0,0,0,0,0,0,0,0
"L10  9",1573,1498,1,0,0,0,0,0,0,0,0,0,0,0,0,0,0,0,0,0,0,0,0,0,0,0,0,0,0,0,0,0,0,0,0,0,0,0,0,0,0,0,0,0,1,2,0,0,0,0,0,0,37,0,0,1,0,0,0,0,0,3,33,0,0,0,33,1,0,3,0,0,0,0,0,29,0,0,0,0,0,0,0,0,0,0,0,0,0,0,0,0,0,0,0,0,0,0,0,0,1,1,0,0
"L11  0",1526,1504,0,0,0,0,0,0,0,0,0,0,0,0,11,0,0,10,0,0,0,0,0,0,0,0,0,1,0,0,0,0,0,0,0,0,0,0,0,0,0,0,0,0,0,0,0,0,0,0,0,0,7,1,0,0,0,0,0,0,0,0,6,0,0,0,2,0,0,0,0,0,0,0,0,2,0,0,0,0,0,0,0,0,0,0,0,0,0,0,0,0,0,0,0,0,0,0,0,0,2,2,0,0
"L11  1",2243,2203,0,0,0,0,0,0,0,0,0,1,1,3,14,0,0,9,0,1,0,3,0,0,0,0,1,0,0,0,0,0,0,0,0,0,0,0,0,0,0,0,0,0,1,4,2,0,0,2,0,0,2,0,0,0,0,0,0,0,0,2,0,0,0,0,2,0,0,0,0,0,1,0,0,0,1,0,0,0,0,0,6,0,0,0,0,0,0,0,0,0,1,4,1,0,0,0,0,0,4,3,1,0
"L11  2",3920,3746,0,0,0,0,0,0,0,0,0,5,0,0,109,0,0,94,2,0,0,7,0,4,1,1,0,0,0,0,0,0,0,0,2,2,0,0,0,0,0,0,0,3,1,2,5,0,2,3,0,0,21,0,0,0,0,4,0,0,0,3,14,0,0,0,6,2,0,0,0,0,0,0,1,3,0,0,0,0,0,0,18,0,0,0,0,0,2,0,1,0,0,13,0,0,0,2,1,1,1,1,0,0
"L11  3",4151,3973,0,1,1,0,0,0,0,0,0,0,4,3,92,0,2,75,4,1,3,0,0,0,4,2,0,0,1,0,0,0,0,0,0,0,0,0,0,0,0,0,0,4,0,6,4,0,4,0,0,0,17,0,0,0,0,4,0,0,0,4,9,0,0,0,10,3,2,4,1,0,0,0,0,0,0,0,0,0,0,0,32,0,0,0,0,1,0,0,14,0,0,15,0,0,2,0,2,2,3,3,0,0
"L11  4",2748,2630,0,0,0,0,0,0,0,0,0,7,0,0,48,0,1,37,4,2,0,2,0,0,0,2,0,0,0,0,0,0,0,0,0,0,0,0,0,0,0,0,0,4,3,6,2,0,0,2,0,0,20,2,0,2,0,2,1,0,0,3,10,0,0,0,21,0,4,7,0,0,0,0,0,8,2,0,0,0,0,0,3,0,0,1,0,0,0,0,0,0,0,0,0,0,0,2,0,0,4,4,0,0
"L11  5",1571,1538,1,0,0,0,0,0,0,0,0,0,2,0,7,0,0,7,0,0,0,0,0,0,0,0,0,0,0,0,0,0,0,0,0,0,0,0,0,0,0,0,0,2,0,0,0,0,0,0,0,0,5,0,0,0,0,3,0,0,0,0,2,0,0,0,5,0,5,0,0,0,0,0,0,0,0,0,0,0,0,0,10,0,0,0,0,0,0,2,0,0,0,8,0,0,0,0,0,0,1,1,0,0
"L11  6",1072,1041,0,0,0,0,0,0,0,0,0,0,0,0,16,0,0,15,0,0,0,0,0,0,0,1,0,0,0,0,0,0,0,0,1,0,1,0,0,0,0,0,0,0,0,2,1,0,1,0,0,0,2,0,0,0,0,0,0,0,0,2,0,0,0,0,6,2,0,2,0,0,0,0,0,2,0,0,0,0,0,0,3,0,0,0,0,3,0,0,0,0,0,0,0,0,0,0,0,0,0,0,0,0
"L11  7",3074,3033,0,0,0,0,0,0,0,0,0,0,0,0,16,0,1,14,0,1,0,0,0,0,0,0,0,0,0,0,0,0,0,0,0,0,0,0,0,0,0,0,0,1,0,2,2,0,1,0,1,0,11,0,0,1,0,0,0,0,0,0,10,0,0,0,5,0,0,3,0,0,0,1,1,0,0,0,0,0,0,0,0,0,0,0,0,0,0,0,0,0,0,0,0,0,0,0,0,0,4,4,0,0
"L11  8",1999,1984,1,0,0,0,0,0,0,0,0,0,0,0,5,0,0,3,0,0,2,0,0,0,0,0,0,0,0,0,0,0,0,0,0,0,0,0,0,0,0,0,0,1,1,2,3,0,0,3,0,0,2,0,0,0,0,0,0,0,0,2,0,0,0,0,0,0,0,0,0,0,0,0,0,0,0,0,0,0,0,0,0,0,0,0,0,0,0,0,0,0,0,0,0,0,0,0,0,0,0,0,0,0
"L11  9",1881,1799,1,0,0,0,0,0,0,0,0,1,0,1,49,1,0,33,10,1,1,0,0,3,0,0,0,0,0,0,0,0,0,0,0,0,0,0,0,0,0,0,0,2,0,1,0,0,0,0,0,0,18,1,3,0,0,0,0,0,0,0,14,0,0,0,8,1,5,2,0,0,0,0,0,0,0,0,0,0,0,0,1,0,0,0,0,0,0,1,0,0,0,0,0,0,0,0,0,0,0,0,0,0
"L12  0",9316,9002,0,0,0,0,0,0,0,0,0,6,0,4,61,6,14,23,2,4,0,7,2,0,0,1,2,0,0,0,0,0,0,0,0,0,0,0,0,0,0,0,0,2,6,31,7,0,2,3,0,2,38,11,3,2,0,5,0,0,2,4,9,0,0,2,148,6,64,64,1,0,0,6,1,6,0,0,0,0,0,0,7,0,0,0,0,1,2,0,0,0,0,2,0,0,2,0,0,0,4,3,1,0
"L12  1",1223,1184,0,0,0,0,0,0,0,0,0,5,1,4,2,0,0,0,0,0,0,0,0,0,2,0,0,0,0,0,0,0,0,0,0,0,0,0,0,0,0,0,0,0,0,9,5,0,3,0,2,0,7,0,1,2,0,0,0,0,4,0,0,0,0,0,6,0,3,2,0,0,0,1,0,0,0,0,0,0,0,0,0,0,0,0,0,0,0,0,0,0,0,0,0,0,0,0,0,0,0,0,0,0
"L12  2",1045,1029,1,0,0,0,0,0,0,0,0,0,0,0,2,0,1,1,0,0,0,0,0,0,0,0,0,0,0,0,0,0,0,0,0,0,0,0,0,0,0,0,0,0,1,2,0,0,0,0,0,0,1,0,0,0,0,0,0,0,1,0,0,0,0,0,5,1,1,3,0,0,0,0,0,0,0,0,0,0,0,0,2,0,2,0,0,0,0,0,0,0,0,0,0,0,0,0,1,1,1,1,0,0
"L12  3",948,937,0,0,0,0,0,0,0,0,0,0,1,0,6,1,0,4,0,0,0,0,0,0,0,1,0,0,0,0,0,0,0,0,0,0,0,0,0,0,0,0,0,0,0,1,0,0,0,0,0,0,0,0,0,0,0,0,0,0,0,0,0,0,0,0,2,0,2,0,0,0,0,0,0,0,0,0,0,0,0,0,1,0,0,0,0,0,0,1,0,0,0,0,0,0,0,0,0,0,0,0,0,0
"L12  4",2860,2757,0,4,4,0,0,0,0,0,0,5,0,0,26,0,0,22,0,1,0,0,0,0,0,3,0,0,0,0,0,0,0,0,0,0,0,0,0,0,0,0,0,2,2,11,1,1,0,0,0,0,5,3,1,0,0,0,1,0,0,0,0,0,0,0,37,3,9,22,0,0,0,1,0,0,2,0,0,0,0,0,7,0,0,0,0,1,0,0,0,0,0,0,0,0,0,6,2,2,1,1,0,0
"L12  5",4309,4226,0,0,0,0,0,0,0,0,0,1,0,0,5,1,0,2,1,0,0,0,0,1,0,0,0,0,0,0,0,0,0,0,0,0,0,0,0,0,0,0,0,6,0,17,0,0,0,0,0,0,16,0,2,0,0,2,0,0,0,2,7,0,3,0,37,0,11,26,0,0,0,0,0,0,0,0,0,0,0,0,0,0,0,0,0,0,0,0,0,0,0,0,0,0,0,0,0,0,1,1,0,0
"L12  6",2149,2097,0,0,0,0,0,0,0,0,0,4,0,2,13,0,1,11,0,0,1,0,0,0,0,0,0,0,0,0,0,0,0,0,1,0,0,0,0,1,0,0,0,0,0,0,0,0,0,0,0,0,5,0,2,0,0,3,0,0,0,0,0,0,0,0,22,1,3,14,0,0,0,0,0,3,1,0,0,0,0,0,1,0,0,0,0,0,0,0,0,0,0,0,0,1,0,0,0,0,4,3,0,1
"L12  7",1996,1973,2,0,0,0,0,0,0,0,0,0,0,0,11,2,0,8,1,0,0,0,0,0,0,0,0,0,0,0,0,0,0,0,1,0,1,0,0,0,0,0,0,0,0,5,0,0,0,0,0,0,0,0,0,0,0,0,0,0,0,0,0,0,0,0,3,0,3,0,0,0,0,0,0,0,0,0,0,0,0,0,0,0,0,0,0,0,0,0,0,0,0,0,0,0,0,0,0,0,1,1,0,0
"L12  8",2394,2343,1,0,0,0,0,0,0,0,0,3,1,0,9,1,1,5,0,0,1,1,0,0,0,0,0,0,0,0,0,0,0,0,1,1,0,0,0,0,0,0,0,1,1,9,4,0,0,0,4,0,4,2,0,0,0,1,0,0,0,0,1,0,0,0,14,0,6,5,0,0,0,1,0,2,0,0,0,0,0,0,0,0,0,0,0,0,0,0,0,0,0,0,0,0,0,0,2,2,1,0,0,1
"L12  9",4557,4491,1,0,0,0,0,0,0,0,0,4,3,1,16,2,1,5,0,2,0,0,0,2,0,1,0,0,0,0,3,0,0,0,0,0,0,0,0,0,0,0,0,1,1,2,5,0,4,1,0,0,11,9,1,0,0,1,0,0,0,0,0,0,0,0,17,0,8,6,1,0,0,2,0,0,0,0,0,0,0,0,3,0,0,0,0,0,0,0,0,0,0,2,0,0,0,1,1,1,0,0,0,0
"L13  0",1357,1330,1,0,0,0,0,0,0,0,0,0,0,0,8,1,0,7,0,0,0,0,0,0,0,0,0,0,0,0,0,0,0,0,0,0,0,0,0,0,0,0,0,0,0,0,0,0,0,0,0,0,11,0,0,0,0,0,0,0,0,3,0,0,8,0,3,0,0,0,0,0,2,1,0,0,0,0,0,0,0,0,0,0,0,0,0,0,0,0,0,0,0,0,0,0,0,0,1,1,3,3,0,0
"L13  1",1498,1403,0,0,0,0,0,0,0,0,0,1,0,2,21,0,0,21,0,0,0,0,0,0,0,0,0,0,0,0,0,0,0,0,0,0,0,0,0,0,0,0,0,0,2,13,2,1,1,0,0,0,3,0,0,0,0,0,0,0,1,2,0,0,0,0,45,1,12,32,0,0,0,0,0,0,0,0,0,0,0,0,6,0,5,0,0,0,1,0,0,0,0,0,0,0,0,0,0,0,0,0,0,0
"L13  2",3068,2942,0,0,0,0,0,0,0,0,0,2,3,0,50,5,0,35,5,2,0,0,3,0,0,0,0,0,0,0,0,0,0,0,0,0,0,0,0,0,0,0,0,1,9,6,6,1,1,3,1,0,20,0,4,1,0,1,1,0,4,2,6,1,0,0,18,1,7,4,0,0,0,2,0,4,0,0,0,0,0,0,9,1,0,5,0,0,2,0,0,0,0,0,0,1,0,0,0,0,2,2,0,0
"L13  3",2980,2870,0,0,0,0,0,0,0,0,0,0,1,4,22,1,0,18,0,1,0,0,0,0,0,1,0,0,0,0,0,0,0,1,1,0,0,1,0,0,0,0,0,3,3,3,5,0,0,4,0,1,30,0,2,0,0,4,0,0,0,8,14,0,0,2,34,1,3,18,0,0,0,2,0,8,2,0,0,0,0,0,2,0,0,0,0,0,0,0,0,0,0,0,0,0,0,2,0,0,2,1,1,0
"L13  4",2950,2858,0,0,0,0,0,0,0,0,0,0,0,0,4,1,1,0,0,0,0,1,0,0,0,1,0,0,0,0,0,0,0,0,11,0,11,0,0,0,0,0,0,1,0,9,7,0,4,3,0,0,28,3,0,6,0,4,0,0,0,2,10,3,0,0,12,2,1,8,0,0,0,0,0,0,1,0,0,0,0,0,14,0,0,0,0,0,0,0,2,0,0,6,0,6,0,0,0,0,6,6,0,0
"L13  5",3962,3856,0,1,0,0,0,0,0,1,0,0,1,0,23,0,2,13,0,4,1,0,0,0,0,2,0,0,1,0,0,0,0,0,0,0,0,0,0,0,0,0,0,0,11,7,1,0,1,0,0,0,36,0,3,0,0,1,0,0,0,15,11,4,0,2,18,4,7,6,0,0,0,0,0,1,0,0,0,0,0,0,4,0,0,0,0,0,0,0,4,0,0,0,0,0,0,0,1,1,3,2,1,0
"L13  6",3296,3217,0,0,0,0,0,0,0,0,0,0,0,0,31,0,0,30,0,0,0,0,0,0,0,1,0,0,0,0,0,0,0,0,0,0,0,0,0,0,0,0,0,0,1,12,5,0,0,4,1,0,7,0,0,1,0,3,0,0,0,0,0,0,0,3,20,3,2,10,0,0,0,4,0,1,0,0,0,0,0,0,2,0,0,0,0,0,0,0,1,0,0,0,0,0,0,1,0,0,1,0,1,0
"L13  7",3842,3623,2,2,0,0,0,0,0,2,0,3,7,1,77,2,0,41,5,0,0,14,1,0,3,8,0,1,2,0,0,0,0,0,0,0,0,0,0,0,0,0,0,1,3,21,23,0,19,4,0,0,18,2,0,1,0,2,1,0,1,2,8,0,0,1,44,4,3,27,3,1,0,0,1,4,1,0,0,0,0,0,17,1,0,8,0,0,1,0,0,0,0,0,0,1,0,6,0,0,0,0,0,0
"L13  8",3111,2986,3,3,0,0,0,0,0,3,0,5,2,1,56,2,3,29,5,0,4,6,3,0,0,2,2,0,0,0,0,0,0,0,0,0,0,0,0,0,0,0,0,0,5,6,7,0,2,4,1,0,8,1,1,1,0,1,1,0,0,0,0,0,0,3,26,9,5,5,0,1,1,0,1,4,0,0,0,0,0,0,3,0,0,0,0,0,0,0,0,0,0,2,0,0,0,1,0,0,0,0,0,0
"L13  9",3360,3286,2,0,0,0,0,0,0,0,0,2,5,1,26,0,0,15,0,1,0,0,2,4,0,2,2,0,0,0,0,0,0,0,0,0,0,0,0,0,0,0,0,2,0,7,3,0,3,0,0,0,5,1,0,0,0,0,0,0,0,3,0,1,0,0,18,5,0,4,0,0,2,0,2,5,0,0,0,0,0,0,1,1,0,0,0,0,0,0,0,0,0,0,0,0,0,0,1,1,1,0,1,0
"L14  0",4147,4064,0,0,0,0,0,0,0,0,0,3,1,1,34,1,1,16,0,3,2,3,7,0,0,1,0,0,0,0,0,0,0,0,1,0,0,0,0,1,0,0,0,2,3,8,1,0,0,1,0,0,12,1,0,0,0,0,0,0,0,5,6,0,0,0,10,0,3,1,0,0,1,2,0,1,2,0,0,0,0,0,7,0,0,0,0,0,0,0,1,0,1,4,0,0,0,1,0,0,0,0,0,0
"L14  1",2126,2095,0,0,0,0,0,0,0,0,0,0,0,3,3,0,0,1,0,0,0,0,0,0,0,0,2,0,0,0,0,0,0,0,1,1,0,0,0,0,0,0,0,0,2,0,0,0,0,0,0,0,14,0,2,0,0,0,0,0,0,0,7,0,4,1,5,0,0,3,0,0,0,1,0,0,1,0,0,0,0,0,1,0,0,0,0,0,0,0,0,0,0,1,0,0,0,0,0,0,2,2,0,0
"L14  2",2124,2036,0,0,0,0,0,0,0,0,0,2,0,0,24,0,1,16,0,0,0,1,0,0,0,0,2,1,0,0,0,0,3,0,0,0,0,0,0,0,0,0,0,3,0,0,0,0,0,0,0,0,23,0,3,0,0,0,0,0,0,0,19,0,0,1,35,3,4,13,0,0,0,1,0,14,0,0,0,0,0,0,0,0,0,0,0,0,0,0,0,0,0,0,0,0,0,0,0,0,1,1,0,0
"L14  3",1852,1828,0,0,0,0,0,0,0,0,0,0,0,1,10,1,0,0,0,0,0,0,0,8,0,1,0,0,0,0,0,0,0,0,0,0,0,0,0,0,0,0,0,0,0,0,1,1,0,0,0,0,5,0,1,0,0,0,0,0,0,0,3,0,1,0,5,0,0,4,1,0,0,0,0,0,0,0,0,0,0,0,1,0,0,0,0,0,0,0,0,0,0,0,1,0,0,0,0,0,1,0,1,0
"L14  4",1599,1541,0,0,0,0,0,0,0,0,0,0,0,0,16,1,0,10,0,0,0,0,0,5,0,0,0,0,0,0,0,0,0,0,0,0,0,0,0,0,0,0,0,0,2,0,4,0,2,2,0,0,15,0,0,0,0,2,0,0,0,5,8,0,0,0,18,0,3,12,0,0,0,0,0,3,0,0,0,0,0,0,3,0,0,0,0,0,0,0,0,0,0,3,0,0,0,0,0,0,0,0,0,0
"L14  5",934,931,1,0,0,0,0,0,0,0,0,0,0,0,0,0,0,0,0,0,0,0,0,0,0,0,0,0,0,0,0,0,0,0,0,0,0,0,0,0,0,0,0,0,1,1,0,0,0,0,0,0,0,0,0,0,0,0,0,0,0,0,0,0,0,0,0,0,0,0,0,0,0,0,0,0,0,0,0,0,0,0,0,0,0,0,0,0,0,0,0,0,0,0,0,0,0,0,0,0,0,0,0,0
"L14  6",2649,2638,0,0,0,0,0,0,0,0,0,3,0,0,2,0,1,1,0,0,0,0,0,0,0,0,0,0,0,0,0,0,0,0,0,0,0,0,0,0,0,0,0,0,0,0,0,0,0,0,0,0,3,0,0,0,0,1,0,0,0,0,2,0,0,0,2,1,0,0,0,0,0,0,1,0,0,0,0,0,0,0,1,0,0,0,0,0,0,0,0,0,1,0,0,0,0,0,0,0,0,0,0,0
"L14  7",3009,2990,2,0,0,0,0,0,0,0,0,1,0,2,5,0,2,0,0,0,0,0,0,3,0,0,0,0,0,0,0,0,0,0,1,0,0,0,0,1,0,0,0,0,0,1,0,0,0,0,0,0,3,1,0,0,0,0,0,0,0,0,0,2,0,0,3,0,1,1,0,0,0,0,0,1,0,0,0,0,0,0,1,0,0,0,0,0,0,0,0,1,0,0,0,0,0,0,0,0,0,0,0,0
"L14  8",2279,2202,0,0,0,0,0,0,0,0,0,2,0,0,46,0,1,37,1,2,0,4,0,0,0,1,0,0,0,0,0,0,0,0,0,0,0,0,0,0,0,0,0,5,0,3,0,0,0,0,0,0,0,0,0,0,0,0,0,0,0,0,0,0,0,0,4,2,1,1,0,0,0,0,0,0,0,0,0,0,0,0,16,0,0,0,0,0,0,0,0,0,0,8,1,0,0,7,0,0,1,1,0,0
"L14  9",3401,3241,0,0,0,0,0,0,0,0,0,0,0,1,39,0,6,23,6,4,0,0,0,0,0,0,0,0,0,0,0,0,0,0,1,0,0,0,0,1,0,0,0,3,3,5,7,0,3,4,0,0,44,0,1,0,0,0,0,0,0,2,39,2,0,0,48,5,1,18,0,0,0,1,1,18,4,0,0,0,0,0,6,0,0,0,0,3,0,0,2,1,0,0,0,0,0,0,2,2,1,1,0,0
"L15  0",3093,2698,3,2,2,0,0,0,0,0,0,11,10,15,83,0,4,35,10,18,3,5,1,2,1,2,0,0,0,1,1,0,0,0,3,2,1,0,0,0,0,0,0,7,5,59,22,0,16,4,1,1,96,31,5,6,0,15,0,0,14,11,5,2,4,3,54,7,10,29,0,0,2,0,2,0,4,0,0,0,0,0,25,0,0,7,2,0,1,6,6,0,0,1,0,0,1,1,0,0,0,0,0,0
"L15  1",2598,2296,6,0,0,0,0,0,0,0,0,18,1,7,76,6,0,38,1,19,0,2,0,7,0,2,0,1,0,0,0,0,0,0,2,1,0,1,0,0,0,0,0,0,11,45,14,0,5,4,5,0,62,17,6,8,0,20,1,0,2,4,0,0,0,4,27,8,5,11,0,0,0,1,1,0,1,0,0,0,0,0,30,4,4,2,1,0,1,2,9,0,0,0,0,2,1,4,3,3,0,0,0,0
"L15  2",2417,2036,7,2,1,0,0,1,0,0,0,6,1,11,95,1,2,26,10,27,6,15,1,5,0,0,1,1,0,0,0,0,0,0,1,0,0,0,0,1,0,0,0,0,0,61,25,1,15,4,5,0,118,14,11,5,0,72,0,0,2,7,3,0,4,0,22,3,9,7,0,0,0,2,0,1,0,0,0,0,0,0,31,0,0,5,1,5,0,1,8,0,0,1,0,3,1,6,1,1,0,0,0,0
"L15  3",4691,4368,13,4,3,0,0,0,0,0,1,17,2,12,50,2,9,15,0,7,0,4,2,0,0,4,0,3,4,0,0,0,0,0,2,0,0,0,0,2,0,0,0,2,3,31,21,0,4,3,14,0,104,28,4,13,0,36,2,0,8,7,2,3,0,1,31,1,14,7,0,0,0,1,1,6,1,0,0,0,0,0,25,1,1,14,0,2,1,1,2,0,1,0,0,0,0,2,4,4,2,2,0,0
"L15  4",3805,3578,2,0,0,0,0,0,0,0,0,5,0,7,60,4,6,21,2,5,0,0,7,1,1,0,8,1,1,0,1,0,1,1,5,3,0,2,0,0,0,0,0,6,2,20,13,0,9,4,0,0,29,5,1,1,0,6,0,0,4,6,2,0,4,0,58,6,12,33,0,0,4,3,0,0,0,0,0,0,0,0,18,1,5,0,0,0,1,1,1,0,0,4,0,0,4,1,1,1,1,1,0,0
"L15  5",1564,1494,2,0,0,0,0,0,0,0,0,2,5,3,19,0,1,8,0,1,1,2,0,3,0,2,0,0,0,0,0,0,1,0,2,2,0,0,0,0,0,0,0,8,0,1,1,0,0,1,0,0,12,5,3,2,0,1,1,0,0,0,0,0,0,0,13,3,5,5,0,0,0,0,0,0,0,0,0,0,0,0,2,0,0,1,0,0,0,0,1,0,0,0,0,0,0,0,0,0,0,0,0,0
"L15  6",2409,2355,0,1,0,0,0,1,0,0,0,1,0,1,7,2,1,0,0,0,2,0,0,0,0,1,0,0,0,1,0,0,0,0,1,0,0,0,0,1,0,0,0,2,0,0,4,2,0,0,2,0,21,4,1,3,0,1,0,0,6,4,0,0,2,0,14,2,8,2,0,0,2,0,0,0,0,0,0,0,0,0,2,0,0,0,0,0,0,0,0,0,0,2,0,0,0,0,0,0,0,0,0,0
"L15  7",2932,2859,0,1,1,0,0,0,0,0,0,0,0,3,9,0,1,4,0,3,0,0,1,0,0,0,0,0,0,0,0,0,0,0,0,0,0,0,0,0,0,0,0,0,1,5,7,0,1,3,3,0,17,4,0,5,0,0,0,0,0,0,0,0,8,0,25,0,4,16,1,0,0,1,0,0,3,0,0,0,0,0,5,0,0,0,0,0,0,0,1,0,0,0,0,2,0,2,0,0,0,0,0,0
"L15  8",3732,3563,0,0,0,0,0,0,0,0,0,4,5,3,52,4,4,23,11,7,0,0,0,0,0,0,1,1,1,0,0,0,0,0,0,0,0,0,0,0,0,0,0,3,3,14,25,1,17,6,0,1,10,2,1,0,0,0,0,0,0,0,5,0,2,0,42,0,14,22,0,1,0,3,0,2,0,0,0,0,0,0,6,0,0,2,0,2,0,0,0,0,0,2,0,0,0,0,2,2,0,0,0,0
"L15  9",1835,1790,2,0,0,0,0,0,0,0,0,3,7,3,6,0,3,2,0,0,0,0,0,0,0,0,1,0,0,0,0,0,0,0,2,1,0,0,0,1,0,0,0,0,0,6,5,1,2,2,0,0,8,2,1,3,0,0,0,0,0,2,0,0,0,0,3,0,2,0,0,0,0,0,0,1,0,0,0,0,0,0,0,0,0,0,0,0,0,0,0,0,0,0,0,0,0,0,0,0,0,0,0,0
"L16  0",818,809,0,0,0,0,0,0,0,0,0,0,0,2,2,0,0,0,0,0,0,0,0,0,0,2,0,0,0,0,0,0,0,0,0,0,0,0,0,0,0,0,0,0,0,2,0,0,0,0,0,0,1,0,1,0,0,0,0,0,0,0,0,0,0,0,2,1,1,0,0,0,0,0,0,0,0,0,0,0,0,0,0,0,0,0,0,0,0,0,0,0,0,0,0,0,0,0,0,0,0,0,0,0
"L16  1",1044,1032,2,0,0,0,0,0,0,0,0,1,0,1,2,0,0,1,0,0,0,0,0,0,0,1,0,0,0,0,0,0,0,0,1,0,0,0,0,1,0,0,0,0,0,0,0,0,0,0,0,0,4,0,0,3,0,0,0,0,0,0,0,0,1,0,1,0,1,0,0,0,0,0,0,0,0,0,0,0,0,0,0,0,0,0,0,0,0,0,0,0,0,0,0,0,0,0,0,0,0,0,0,0
"L16  2",2451,2442,0,0,0,0,0,0,0,0,0,0,0,1,7,2,2,1,1,0,0,0,0,0,0,0,0,0,0,0,1,0,0,0,0,0,0,0,0,0,0,0,0,0,0,1,0,0,0,0,0,0,0,0,0,0,0,0,0,0,0,0,0,0,0,0,0,0,0,0,0,0,0,0,0,0,0,0,0,0,0,0,0,0,0,0,0,0,0,0,0,0,0,0,0,0,0,0,0,0,0,0,0,0
"L16  3",2415,2351,1,0,0,0,0,0,0,0,0,1,1,1,8,1,2,2,0,0,1,0,0,0,0,1,1,0,0,0,0,0,0,0,0,0,0,0,0,0,0,0,0,0,4,2,1,1,0,0,0,0,7,0,3,0,0,0,0,1,0,0,3,0,0,0,38,3,9,23,0,0,3,0,0,0,0,0,0,0,0,0,0,0,0,0,0,0,0,0,0,0,0,0,0,0,0,0,0,0,0,0,0,0
"L16  4",892,862,2,0,0,0,0,0,0,0,0,0,0,0,1,0,0,0,0,0,0,0,0,0,0,1,0,0,0,0,0,0,0,0,0,0,0,0,0,0,0,0,0,0,0,2,3,1,0,0,0,2,12,3,0,3,0,6,0,0,0,0,0,0,0,0,6,0,0,4,0,0,0,0,0,2,0,0,0,0,0,0,3,0,0,0,0,0,0,0,0,0,0,1,0,0,0,2,1,1,0,0,0,0
"L16  5",1466,1421,1,0,0,0,0,0,0,0,0,3,0,0,4,1,0,0,0,0,0,0,0,2,0,0,1,0,0,0,0,0,0,0,0,0,0,0,0,0,0,0,0,0,0,2,0,0,0,0,0,0,13,2,0,1,0,1,0,3,0,6,0,0,0,0,20,0,4,13,0,0,0,3,0,0,0,0,0,0,0,0,0,0,0,0,0,0,0,0,0,0,0,0,0,0,0,0,0,0,2,2,0,0
"L16  6",1124,1117,1,0,0,0,0,0,0,0,0,0,0,0,1,1,0,0,0,0,0,0,0,0,0,0,0,0,0,0,0,0,0,0,0,0,0,0,0,0,0,0,0,0,0,1,1,0,1,0,0,0,2,0,0,0,0,0,0,0,0,0,2,0,0,0,1,0,0,0,0,0,0,1,0,0,0,0,0,0,0,0,0,0,0,0,0,0,0,0,0,0,0,0,0,0,0,0,0,0,0,0,0,0
"L16  7",2257,2217,2,0,0,0,0,0,0,0,0,2,0,1,8,3,1,0,0,1,2,0,0,0,0,1,0,0,0,0,0,0,0,0,0,0,0,0,0,0,0,0,0,0,5,0,5,0,4,1,0,0,6,0,2,0,0,0,0,0,0,0,4,0,0,0,11,0,9,1,0,0,0,1,0,0,0,0,0,0,0,0,0,0,0,0,0,0,0,0,0,0,0,0,0,0,0,0,0,0,0,0,0,0
"L16  8",1009,992,1,0,0,0,0,0,0,0,0,0,0,1,4,2,0,1,0,0,0,0,0,0,0,0,1,0,0,0,0,0,0,0,1,0,1,0,0,0,0,0,0,0,0,1,0,0,0,0,0,0,1,0,1,0,0,0,0,0,0,0,0,0,0,0,8,0,0,2,0,4,0,0,1,0,1,0,0,0,0,0,0,0,0,0,0,0,0,0,0,0,0,0,0,0,0,0,0,0,0,0,0,0
"L16  9",1177,1157,1,0,0,0,0,0,0,0,0,1,0,0,4,0,1,0,0,0,0,0,0,0,0,2,0,0,0,1,0,0,0,0,0,0,0,0,0,0,0,0,0,1,0,0,1,0,0,0,0,1,2,2,0,0,0,0,0,0,0,0,0,0,0,0,10,0,1,9,0,0,0,0,0,0,0,0,0,0,0,0,0,0,0,0,0,0,0,0,0,0,0,0,0,0,0,0,0,0,0,0,0,0
"L17  0",4000,3866,1,1,0,0,0,0,0,1,0,3,2,6,24,5,6,3,2,0,1,0,0,1,0,4,1,0,0,0,0,0,0,1,7,7,0,0,0,0,0,0,0,0,0,29,20,1,11,7,1,0,9,3,1,3,0,0,1,1,0,0,0,0,0,0,19,0,3,5,1,0,0,0,0,5,5,0,0,0,0,0,12,0,0,6,0,0,0,0,0,2,0,0,0,0,0,4,0,0,1,0,1,0
"L17  1",994,911,4,0,0,0,0,0,0,0,0,4,7,2,12,1,5,1,0,0,0,0,0,0,0,2,0,1,1,0,0,0,0,1,4,0,0,3,0,1,0,0,0,2,0,4,15,0,8,0,7,0,3,3,0,0,0,0,0,0,0,0,0,0,0,0,18,13,0,3,1,0,0,0,0,0,1,0,0,0,0,0,8,1,2,3,0,0,0,0,1,0,0,0,0,0,0,1,0,0,0,0,0,0
"L17  2",1598,1444,8,0,0,0,0,0,0,0,0,7,1,8,43,1,4,28,0,3,0,0,2,2,0,1,0,2,0,0,0,0,0,0,5,2,0,0,0,3,0,0,0,1,0,7,8,0,3,3,2,0,48,6,0,1,0,33,0,0,0,7,0,1,0,0,6,0,0,4,2,0,0,0,0,0,0,0,0,0,0,0,4,0,0,2,0,0,0,0,1,0,0,1,0,0,0,0,8,8,0,0,0,0
"L17  3",2268,2081,6,0,0,0,0,0,0,0,0,11,6,10,59,6,5,24,4,1,0,4,2,4,1,4,1,1,1,1,0,0,0,0,10,6,2,0,0,2,0,0,0,3,3,36,11,0,9,1,1,0,10,3,3,0,0,0,2,0,0,2,0,0,0,0,9,0,1,7,1,0,0,0,0,0,0,0,0,0,0,0,13,0,0,3,0,0,0,0,4,0,0,6,0,0,0,0,0,0,0,0,0,0
"L17  4",1472,1378,1,0,0,0,0,0,0,0,0,7,2,8,19,0,2,10,0,2,0,1,0,0,0,2,1,0,0,1,0,0,0,0,1,0,0,0,0,1,0,0,0,1,6,11,11,1,8,2,0,0,10,6,0,1,0,1,0,0,0,0,0,2,0,0,9,0,0,7,2,0,0,0,0,0,0,0,0,0,0,0,7,0,0,6,0,0,0,1,0,0,0,0,0,0,0,0,0,0,1,1,0,0
"L17  5",1459,1370,1,0,0,0,0,0,0,0,0,7,0,1,11,2,0,1,0,0,2,3,0,0,0,2,0,0,1,0,0,0,0,0,0,0,0,0,0,0,0,0,0,1,1,25,7,0,2,3,0,2,13,8,0,3,0,0,0,0,0,2,0,0,0,0,22,2,5,12,2,0,1,0,0,0,0,0,0,0,0,0,0,0,0,0,0,0,0,0,0,0,0,0,0,0,0,0,0,0,0,0,0,0
"L17  6",2205,2138,2,0,0,0,0,0,0,0,0,5,0,5,13,3,3,3,1,1,1,0,0,0,0,0,0,0,1,0,0,0,0,0,0,0,0,0,0,0,0,0,0,3,1,6,3,0,0,2,1,0,8,1,0,0,0,4,0,1,0,0,0,0,0,2,20,1,6,9,1,1,1,1,0,0,0,0,0,0,0,0,0,0,0,0,0,0,0,0,0,0,0,0,0,0,0,0,0,0,1,1,0,0
"L17  7",4695,4504,1,1,0,0,0,0,0,1,0,22,4,11,64,11,8,25,0,1,1,4,0,2,0,6,2,0,1,0,1,0,1,1,4,2,0,0,0,2,0,0,0,5,1,13,10,0,0,9,1,0,25,1,1,4,0,5,4,1,0,3,5,1,0,0,21,4,6,7,0,0,0,2,0,1,1,0,0,0,0,0,7,0,0,2,0,1,1,0,0,0,0,0,0,0,1,2,1,1,1,0,0,1
"L17  8",2850,2694,7,0,0,0,0,0,0,0,0,18,1,16,57,4,13,20,1,0,2,0,1,1,0,4,4,2,2,1,1,1,0,0,1,0,1,0,0,0,0,0,0,0,2,25,12,0,11,1,0,0,12,2,4,0,0,3,0,0,0,0,0,3,0,0,3,0,1,1,1,0,0,0,0,0,0,0,0,0,0,0,1,0,0,0,0,0,0,0,0,0,0,1,0,0,0,0,0,0,1,1,0,0
"L17  9",1960,1875,4,0,0,0,0,0,0,0,0,5,0,4,27,1,5,9,0,0,1,4,0,0,2,0,0,0,0,1,4,0,0,0,2,0,1,0,0,1,0,0,0,5,0,1,9,0,0,2,7,0,8,7,1,0,0,0,0,0,0,0,0,0,0,0,12,0,3,8,0,0,0,0,1,0,0,0,0,0,0,0,6,0,0,1,0,0,0,4,0,0,0,0,0,1,0,0,2,2,0,0,0,0
"L18  0",987,957,4,1,1,0,0,0,0,0,0,3,2,1,6,1,2,1,0,0,0,0,0,0,2,0,0,0,0,0,0,0,0,0,0,0,0,0,0,0,0,0,0,0,0,0,2,0,0,0,2,0,9,4,0,0,0,0,1,0,0,0,4,0,0,0,1,0,1,0,0,0,0,0,0,0,0,0,0,0,0,0,0,0,0,0,0,0,0,0,0,0,0,0,0,0,0,0,1,1,0,0,0,0
"L18  1",5908,5663,12,4,1,0,0,0,0,2,1,13,13,7,53,7,14,7,1,2,1,4,0,1,1,2,1,5,4,1,1,0,1,0,0,0,0,0,0,0,0,0,0,2,0,22,21,3,2,6,9,1,37,7,6,3,0,3,1,0,6,7,0,0,4,0,37,3,12,11,0,1,1,1,2,6,0,0,0,2,2,0,17,0,0,10,0,0,0,0,0,0,0,2,0,2,1,2,3,3,2,2,0,0
"L18  2",1932,1873,8,1,0,0,0,1,0,0,0,2,0,0,17,1,4,9,0,0,0,3,0,0,0,0,0,0,0,0,0,0,0,0,0,0,0,0,0,0,0,0,0,4,2,3,1,0,1,0,0,0,12,6,0,0,0,5,0,0,0,1,0,0,0,0,6,1,0,3,0,1,0,0,0,1,0,0,0,0,0,0,2,0,0,0,0,0,1,1,0,0,0,0,0,0,0,0,1,1,0,0,0,0
"L18  3",3040,2916,7,0,0,0,0,0,0,0,0,4,2,1,21,0,1,13,0,1,0,0,0,0,0,2,0,0,2,0,2,0,0,0,2,2,0,0,0,0,0,0,0,0,0,28,15,0,4,11,0,0,27,1,8,9,0,5,3,0,0,0,1,0,0,0,16,1,1,10,0,0,0,0,0,1,3,0,0,0,0,0,1,0,0,0,0,0,0,0,0,0,0,0,0,1,0,0,0,0,0,0,0,0
"L18  4",2228,2193,7,0,0,0,0,0,0,0,0,2,0,1,11,2,2,0,0,0,0,0,0,0,0,4,3,0,0,0,0,0,0,0,1,1,0,0,0,0,0,0,0,0,0,1,1,0,0,1,0,0,1,0,0,0,0,1,0,0,0,0,0,0,0,0,10,0,0,9,0,0,0,1,0,0,0,0,0,0,0,0,0,0,0,0,0,0,0,0,0,0,0,0,0,0,0,0,0,0,0,0,0,0
"L18  5",2285,2211,3,0,0,0,0,0,0,0,0,2,1,10,2,1,1,0,0,0,0,0,0,0,0,0,0,0,0,0,0,0,0,0,0,0,0,0,0,0,0,0,0,1,5,5,12,0,0,4,0,8,7,5,0,2,0,0,0,0,0,0,0,0,0,0,19,1,7,7,1,0,2,1,0,0,0,0,0,0,0,0,5,0,0,4,0,0,0,0,1,0,0,0,0,0,0,0,0,0,2,2,0,0
"L18  6",1658,1616,3,0,0,0,0,0,0,0,0,1,0,0,19,3,6,1,0,0,2,0,0,0,0,6,1,0,0,0,0,0,0,0,0,0,0,0,0,0,0,0,0,0,0,0,1,0,0,1,0,0,12,5,0,5,0,0,2,0,0,0,0,0,0,0,5,0,2,3,0,0,0,0,0,0,0,0,0,0,0,0,1,0,0,0,0,0,0,0,0,0,0,0,0,1,0,0,0,0,0,0,0,0
"L18  7",2781,2702,4,0,0,0,0,0,0,0,0,5,6,2,11,0,6,0,0,0,0,0,0,0,0,4,1,0,0,0,0,0,0,0,2,2,0,0,0,0,0,0,0,1,0,4,0,0,0,0,0,0,19,3,0,2,0,12,0,0,0,0,0,0,2,0,22,0,3,18,0,0,0,1,0,0,0,0,0,0,0,0,3,0,0,3,0,0,0,0,0,0,0,0,0,0,0,0,0,0,0,0,0,0
"L18  8",3499,3284,19,1,1,0,0,0,0,0,0,10,0,12,53,7,10,6,1,0,7,0,0,0,7,6,2,1,4,0,0,0,1,1,1,0,0,0,0,1,0,0,0,1,0,17,6,2,0,4,0,0,27,3,10,1,0,1,2,0,0,0,5,1,0,4,61,3,6,42,0,8,0,0,1,1,0,0,0,0,0,0,7,0,0,2,0,0,1,0,0,0,0,1,2,1,0,0,0,0,0,0,0,0
"L18  9",3361,3223,5,0,0,0,0,0,0,0,0,4,0,8,20,0,1,3,0,0,0,0,0,2,2,11,0,0,1,0,0,0,0,0,1,0,1,0,0,0,0,0,0,1,5,10,10,0,0,6,1,3,35,19,0,11,0,1,1,0,0,0,2,0,0,1,34,0,10,23,0,0,0,0,0,0,1,0,0,0,0,0,2,0,0,0,0,0,0,0,0,0,0,2,0,0,0,0,2,2,1,1,0,0
"L19  0",2076,1996,2,0,0,0,0,0,0,0,0,3,0,4,24,1,4,12,0,0,1,0,1,0,0,3,0,0,2,0,0,0,0,0,0,0,0,0,0,0,0,0,0,5,6,10,0,0,0,0,0,0,7,0,0,0,0,5,0,0,0,2,0,0,0,0,9,1,6,0,1,0,0,0,1,0,0,0,0,0,0,0,10,0,0,0,0,0,0,4,0,0,0,2,0,0,0,4,0,0,0,0,0,0
"L19  1",2632,2568,3,0,0,0,0,0,0,0,0,0,0,8,39,0,2,16,0,8,0,0,0,13,0,0,0,0,0,0,0,0,0,0,1,0,0,1,0,0,0,0,0,0,0,0,3,0,3,0,0,0,8,2,0,0,0,0,0,0,0,1,4,1,0,0,2,0,0,1,0,0,0,0,0,1,0,0,0,0,0,0,0,0,0,0,0,0,0,0,0,0,0,0,0,0,0,0,0,0,0,0,0,0
"L19  2",2886,2723,2,0,0,0,0,0,0,0,0,6,11,8,82,1,3,46,14,0,0,1,0,16,0,0,0,0,0,0,0,0,1,0,0,0,0,0,0,0,0,0,0,0,1,0,0,0,0,0,0,0,31,0,0,0,0,5,0,0,0,12,13,0,1,0,22,2,9,8,0,0,0,0,0,0,3,0,0,0,0,0,0,0,0,0,0,0,0,0,0,0,0,0,0,0,0,0,0,0,0,0,0,0
"L19  3",2699,2634,5,0,0,0,0,0,0,0,0,5,1,1,26,1,6,9,1,5,0,1,0,0,0,2,0,0,1,0,0,0,0,0,0,0,0,0,0,0,0,0,0,2,0,1,1,0,1,0,0,0,13,1,3,0,0,7,0,1,0,0,0,0,0,1,9,0,2,6,1,0,0,0,0,0,0,0,0,0,0,0,1,0,0,0,0,0,0,0,0,0,0,1,0,0,0,0,0,0,0,0,0,0
"L19  4",2800,2728,1,0,0,0,0,0,0,0,0,2,2,3,10,0,1,6,0,0,1,0,0,2,0,0,0,0,0,0,0,0,0,0,8,0,8,0,0,0,0,0,0,0,0,4,5,0,4,1,0,0,14,1,2,0,0,6,0,0,0,3,0,2,0,0,18,2,5,6,0,0,0,3,0,0,2,0,0,0,0,0,4,0,0,1,0,0,1,2,0,0,0,0,0,0,0,0,0,0,1,0,0,1
"L19  5",1513,1469,0,0,0,0,0,0,0,0,0,0,0,0,25,0,1,13,6,0,0,0,0,1,0,3,0,0,1,0,0,0,0,0,0,0,0,0,0,0,0,0,0,0,0,0,2,0,2,0,0,0,7,0,0,3,0,0,0,0,0,4,0,0,0,0,9,2,0,6,0,0,0,0,0,1,0,0,0,0,0,0,0,0,0,0,0,0,0,0,0,0,0,0,0,0,0,0,1,1,0,0,0,0
"L19  6",1065,1028,0,0,0,0,0,0,0,0,0,0,0,1,28,0,0,25,2,0,0,0,0,1,0,0,0,0,0,0,0,0,0,0,0,0,0,0,0,0,0,0,0,0,0,2,0,0,0,0,0,0,3,0,0,0,0,0,0,0,0,0,3,0,0,0,1,1,0,0,0,0,0,0,0,0,0,0,0,0,0,0,0,0,0,0,0,0,0,0,0,0,0,0,0,0,0,0,1,1,1,1,0,0
"L19  7",1231,1206,0,0,0,0,0,0,0,0,0,0,1,4,2,0,1,1,0,0,0,0,0,0,0,0,0,0,0,0,0,0,0,0,0,0,0,0,0,0,0,0,0,0,0,0,2,0,2,0,0,0,0,0,0,0,0,0,0,0,0,0,0,0,0,0,12,3,4,3,0,0,0,1,0,1,0,0,0,0,0,0,3,0,0,3,0,0,0,0,0,0,0,0,0,0,0,0,0,0,1,0,1,0
"L19  8",2980,2841,1,0,0,0,0,0,0,0,0,1,2,1,76,0,0,31,2,9,0,21,1,10,0,0,0,0,1,1,0,0,0,0,0,0,0,0,0,0,0,0,0,0,1,18,5,0,1,4,0,0,12,5,5,0,0,2,0,0,0,0,0,0,0,0,20,4,4,11,0,0,0,0,0,0,1,0,0,0,0,0,2,0,0,0,0,0,0,0,1,0,0,1,0,0,0,0,0,0,0,0,0,0
"L19  9",3019,2960,7,0,0,0,0,0,0,0,0,5,0,4,28,4,5,5,0,8,0,0,0,1,0,3,1,0,1,0,0,0,0,0,0,0,0,0,0,0,0,0,0,2,0,2,0,0,0,0,0,0,4,0,0,0,0,2,2,0,0,0,0,0,0,0,5,1,2,0,1,0,0,0,0,1,0,0,0,0,0,0,2,0,0,0,0,0,1,0,0,0,0,0,0,1,0,0,0,0,0,0,0,0
"L2   0",193,156,0,0,0,0,0,0,0,0,0,1,4,7,14,3,4,1,0,0,2,0,0,0,0,1,0,2,1,0,0,0,0,0,0,0,0,0,0,0,0,0,0,0,0,6,0,0,0,0,0,0,0,0,0,0,0,0,0,0,0,0,0,0,0,0,5,0,0,2,0,1,0,1,1,0,0,0,0,0,0,0,0,0,0,0,0,0,0,0,0,0,0,0,0,0,0,0,0,0,0,0,0,0
"L2   2",164,139,0,0,0,0,0,0,0,0,0,1,0,3,16,10,1,3,0,0,0,0,0,0,0,1,1,0,0,0,0,0,0,0,1,0,0,0,0,1,0,0,0,0,1,1,0,0,0,0,0,0,1,0,0,0,0,1,0,0,0,0,0,0,0,0,1,0,1,0,0,0,0,0,0,0,0,0,0,0,0,0,0,0,0,0,0,0,0,0,0,0,0,0,0,0,0,0,0,0,0,0,0,0
"L2   5",196,172,0,0,0,0,0,0,0,0,0,0,0,7,9,3,2,1,0,0,0,0,0,0,0,2,0,0,0,0,0,0,0,1,3,0,0,0,0,3,0,0,0,0,1,3,0,0,0,0,0,0,0,0,0,0,0,0,0,0,0,0,0,0,0,0,1,0,0,0,0,1,0,0,0,0,0,0,0,0,0,0,0,0,0,0,0,0,0,0,0,0,0,0,0,0,0,0,0,0,0,0,0,0
"L20  0",3180,3149,0,0,0,0,0,0,0,0,0,2,8,0,8,1,0,2,1,1,0,0,1,1,0,1,0,0,0,0,0,0,0,0,2,0,0,0,0,2,0,0,0,0,1,1,0,0,0,0,0,0,1,0,0,0,0,0,0,0,0,1,0,0,0,0,6,0,2,3,0,0,0,1,0,0,0,0,0,0,0,0,0,0,0,0,0,0,0,0,0,0,0,0,0,0,0,0,0,0,2,2,0,0
"L20  2",2285,2211,0,0,0,0,0,0,0,0,0,4,0,0,44,1,0,39,1,0,0,0,3,0,0,0,0,0,0,0,0,0,0,0,0,0,0,0,0,0,0,0,0,1,0,1,2,0,0,2,0,0,8,0,0,1,0,4,0,0,0,3,0,0,0,0,9,0,1,5,0,0,0,0,0,2,1,0,0,0,0,0,5,0,0,0,0,0,0,1,0,0,0,4,0,0,0,0,0,0,0,0,0,0
"L20  3",2456,2417,1,0,0,0,0,0,0,0,0,0,0,5,18,0,1,9,0,0,4,1,0,0,2,1,0,0,0,0,0,0,0,0,0,0,0,0,0,0,0,0,0,0,0,1,3,0,0,2,1,0,4,1,0,0,0,0,0,0,0,2,0,1,0,0,6,0,1,5,0,0,0,0,0,0,0,0,0,0,0,0,0,0,0,0,0,0,0,0,0,0,0,0,0,0,0,0,0,0,1,1,0,0
"L20  4",6074,5889,0,0,0,0,0,0,0,0,0,0,5,2,78,0,0,57,5,5,1,2,0,7,1,0,0,0,0,0,0,0,0,0,4,3,0,0,0,1,0,0,0,2,33,4,4,0,4,0,0,0,23,3,0,3,0,4,0,0,0,13,0,0,0,0,24,0,7,13,0,0,2,1,0,1,0,0,0,0,0,0,2,0,0,0,0,0,0,1,0,0,0,0,0,0,0,1,1,1,3,3,0,0
"L20  5",2760,2705,0,1,1,0,0,0,0,0,0,1,0,0,24,0,1,16,0,0,0,2,4,1,0,0,0,0,0,0,0,0,0,0,0,0,0,0,0,0,0,0,0,1,3,0,2,0,2,0,0,0,6,0,0,3,0,1,0,0,0,2,0,0,0,0,14,3,4,6,0,0,0,0,0,1,0,0,0,0,0,0,1,0,0,0,0,0,0,0,0,0,0,0,0,1,0,0,0,0,2,2,0,0
"L20  6",5079,5033,0,0,0,0,0,0,0,0,0,0,1,2,15,1,0,4,2,0,1,3,0,0,0,3,1,0,0,0,0,0,0,0,0,0,0,0,0,0,0,0,0,1,6,0,1,0,0,0,0,1,3,2,0,0,0,0,0,0,0,1,0,0,0,0,16,0,2,13,0,0,0,1,0,0,0,0,0,0,0,0,0,0,0,0,0,0,0,0,0,0,0,0,0,0,0,0,0,0,1,1,0,0
"L20  7",1944,1871,0,0,0,0,0,0,0,0,0,5,0,1,39,0,1,34,2,0,0,0,0,0,0,0,1,0,0,0,0,0,1,0,0,0,0,0,0,0,0,0,0,0,5,2,1,1,0,0,0,0,7,0,0,3,0,0,0,0,0,3,1,0,0,0,12,0,1,10,0,0,0,0,1,0,0,0,0,0,0,0,0,0,0,0,0,0,0,0,0,0,0,0,0,0,0,0,0,0,1,1,0,0
"L20  8",349,338,0,0,0,0,0,0,0,0,0,0,0,1,10,0,0,10,0,0,0,0,0,0,0,0,0,0,0,0,0,0,0,0,0,0,0,0,0,0,0,0,0,0,0,0,0,0,0,0,0,0,0,0,0,0,0,0,0,0,0,0,0,0,0,0,0,0,0,0,0,0,0,0,0,0,0,0,0,0,0,0,0,0,0,0,0,0,0,0,0,0,0,0,0,0,0,0,0,0,0,0,0,0
"L20  9",6091,6031,1,1,0,0,0,1,0,0,0,1,4,2,26,0,1,20,1,2,0,0,0,0,0,1,0,0,0,0,0,0,1,0,0,0,0,0,0,0,0,0,0,1,1,2,1,0,1,0,0,0,10,0,0,2,0,5,0,0,0,2,1,0,0,0,7,0,1,2,0,0,0,1,0,2,1,0,0,0,0,0,0,0,0,0,0,0,0,0,0,0,0,0,0,0,0,0,0,0,3,3,0,0
"L21  0",3503,3461,0,0,0,0,0,0,0,0,0,0,0,1,14,0,1,12,0,0,0,0,0,1,0,0,0,0,0,0,0,0,0,0,0,0,0,0,0,0,0,0,0,1,8,0,0,0,0,0,0,0,0,0,0,0,0,0,0,0,0,0,0,0,0,0,8,0,4,3,0,0,0,0,0,1,0,0,0,0,0,0,8,0,0,0,0,0,0,0,0,0,0,5,0,0,0,3,1,1,1,1,0,0
"L21  1",3550,3465,0,1,0,0,0,0,0,1,0,2,1,7,17,0,2,9,1,2,0,0,0,0,0,0,1,2,0,0,0,0,0,0,2,1,0,0,0,1,0,0,0,0,12,23,0,0,0,0,0,0,7,0,0,2,0,4,0,0,0,1,0,0,0,0,8,0,2,0,0,0,0,2,0,2,2,0,0,0,0,0,0,0,0,0,0,0,0,0,0,0,0,0,0,0,0,0,2,2,3,3,0,0
"L21  2",1060,1052,0,0,0,0,0,0,0,0,0,0,0,2,2,0,0,1,0,0,0,0,0,0,0,0,0,0,1,0,0,0,0,0,0,0,0,0,0,0,0,0,0,0,0,0,0,0,0,0,0,0,3,0,0,0,0,0,0,0,0,0,3,0,0,0,1,0,0,0,0,0,0,1,0,0,0,0,0,0,0,0,0,0,0,0,0,0,0,0,0,0,0,0,0,0,0,0,0,0,0,0,0,0
"L21  3",516,504,0,0,0,0,0,0,0,0,0,0,0,0,11,0,0,10,0,0,0,0,0,0,0,0,1,0,0,0,0,0,0,0,0,0,0,0,0,0,0,0,0,0,0,0,0,0,0,0,0,0,1,0,0,0,0,0,0,0,0,1,0,0,0,0,0,0,0,0,0,0,0,0,0,0,0,0,0,0,0,0,0,0,0,0,0,0,0,0,0,0,0,0,0,0,0,0,0,0,0,0,0,0
"L21  4",1641,1609,0,0,0,0,0,0,0,0,0,0,0,1,18,0,1,13,0,0,0,0,0,0,0,0,0,4,0,0,0,0,0,0,0,0,0,0,0,0,0,0,0,2,0,1,1,0,1,0,0,0,2,0,0,0,0,0,0,0,0,2,0,0,0,0,4,2,0,2,0,0,0,0,0,0,0,0,0,0,0,0,3,0,0,0,0,0,0,0,0,0,0,1,0,0,0,2,0,0,0,0,0,0
"L21  5",1881,1874,1,0,0,0,0,0,0,0,0,0,0,0,4,0,0,4,0,0,0,0,0,0,0,0,0,0,0,0,0,0,0,0,0,0,0,0,0,0,0,0,0,0,0,0,0,0,0,0,0,0,1,0,0,0,0,1,0,0,0,0,0,0,0,0,0,0,0,0,0,0,0,0,0,0,0,0,0,0,0,0,0,0,0,0,0,0,0,0,0,0,0,0,0,0,0,0,0,0,1,1,0,0
"L21  6",954,933,0,0,0,0,0,0,0,0,0,0,0,3,9,0,0,4,3,0,0,1,0,0,0,1,0,0,0,0,0,0,0,0,0,0,0,0,0,0,0,0,0,0,0,0,0,0,0,0,0,0,4,0,0,0,0,0,0,0,0,4,0,0,0,0,3,0,0,3,0,0,0,0,0,0,0,0,0,0,0,0,2,0,0,0,0,0,0,0,0,0,0,0,2,0,0,0,0,0,0,0,0,0
"L21  7",3400,3358,0,0,0,0,0,0,0,0,0,1,4,2,23,0,0,11,0,0,0,12,0,0,0,0,0,0,0,0,0,0,0,0,1,0,1,0,0,0,0,0,0,0,2,2,0,0,0,0,0,0,2,0,0,0,0,0,0,0,0,2,0,0,0,0,3,0,2,1,0,0,0,0,0,0,0,0,0,0,0,0,0,0,0,0,0,0,0,0,0,0,0,0,0,0,0,0,1,1,1,1,0,0
"L21  8",3183,3134,0,1,0,0,0,0,0,1,0,0,5,3,21,0,1,7,1,0,0,10,0,2,0,0,0,0,0,0,0,0,0,0,0,0,0,0,0,0,0,0,0,0,2,10,1,0,1,0,0,0,0,0,0,0,0,0,0,0,0,0,0,0,0,0,3,0,2,0,0,0,0,0,0,1,0,0,0,0,0,0,2,0,0,0,0,0,0,0,0,0,0,0,2,0,0,0,0,0,1,1,0,0
"L21  9",4761,4729,2,0,0,0,0,0,0,0,0,1,0,2,2,0,0,0,0,0,1,0,1,0,0,0,0,0,0,0,0,0,0,0,0,0,0,0,0,0,0,0,0,0,5,3,0,0,0,0,0,0,14,0,0,0,0,2,0,0,0,12,0,0,0,0,2,0,0,1,0,0,0,0,0,1,0,0,0,0,0,0,1,0,0,0,0,0,0,0,0,0,0,0,1,0,0,0,0,0,0,0,0,0
"L22  0",1278,1244,1,0,0,0,0,0,0,0,0,1,6,5,10,0,0,7,0,0,0,0,0,1,0,2,0,0,0,0,0,0,0,0,0,0,0,0,0,0,0,0,0,0,0,2,0,0,0,0,0,0,0,0,0,0,0,0,0,0,0,0,0,0,0,0,4,0,1,1,0,0,0,2,0,0,0,0,0,0,0,0,4,0,0,0,0,0,0,0,0,0,0,3,1,0,0,0,0,0,1,0,1,0
"L22  1",797,771,0,0,0,0,0,0,0,0,0,0,1,1,14,0,0,9,0,0,0,0,0,0,1,2,2,0,0,0,0,0,0,0,1,1,0,0,0,0,0,0,0,0,0,0,0,0,0,0,0,0,4,0,0,0,0,2,0,0,0,2,0,0,0,0,5,1,1,1,0,0,0,1,0,1,0,0,0,0,0,0,0,0,0,0,0,0,0,0,0,0,0,0,0,0,0,0,0,0,0,0,0,0
"L22  2",1796,1780,0,0,0,0,0,0,0,0,0,0,0,1,6,0,2,3,0,0,0,0,1,0,0,0,0,0,0,0,0,0,0,0,1,0,1,0,0,0,0,0,0,0,3,0,0,0,0,0,0,0,0,0,0,0,0,0,0,0,0,0,0,0,0,0,5,0,5,0,0,0,0,0,0,0,0,0,0,0,0,0,0,0,0,0,0,0,0,0,0,0,0,0,0,0,0,0,0,0,0,0,0,0
"L22  3",1086,1060,0,0,0,0,0,0,0,0,0,0,1,2,18,0,7,7,1,0,1,0,0,2,0,0,0,0,0,0,0,0,0,0,0,0,0,0,0,0,0,0,0,2,0,0,1,0,0,0,0,1,2,0,2,0,0,0,0,0,0,0,0,0,0,0,0,0,0,0,0,0,0,0,0,0,0,0,0,0,0,0,0,0,0,0,0,0,0,0,0,0,0,0,0,0,0,0,0,0,0,0,0,0
"L22  4",2101,2067,0,1,0,0,0,1,0,0,0,0,2,2,15,0,4,6,0,1,0,0,0,3,0,0,1,0,0,0,0,0,0,0,0,0,0,0,0,0,0,0,0,0,1,1,1,0,1,0,0,0,0,0,0,0,0,0,0,0,0,0,0,0,0,0,7,0,4,0,0,0,1,1,1,0,0,0,0,0,0,0,1,0,0,0,0,0,0,0,0,0,0,0,0,0,1,0,1,1,2,1,1,0
"L22  5",1155,1117,0,0,0,0,0,0,0,0,0,1,4,4,17,0,0,13,0,0,0,1,0,0,0,1,2,0,0,0,0,0,0,0,0,0,0,0,0,0,0,0,0,0,1,2,0,0,0,0,0,0,4,0,0,0,0,4,0,0,0,0,0,0,0,0,4,0,2,2,0,0,0,0,0,0,0,0,0,0,0,0,0,0,0,0,0,0,0,0,0,0,0,0,0,0,0,0,0,0,1,1,0,0
"L22  6",1337,1328,0,0,0,0,0,0,0,0,0,1,2,0,2,0,0,1,0,0,0,0,0,0,0,0,0,1,0,0,0,0,0,0,0,0,0,0,0,0,0,0,0,1,0,1,0,0,0,0,0,0,1,0,0,0,0,0,0,0,0,1,0,0,0,0,1,0,1,0,0,0,0,0,0,0,0,0,0,0,0,0,0,0,0,0,0,0,0,0,0,0,0,0,0,0,0,0,0,0,0,0,0,0
"L22  7",1200,1179,0,0,0,0,0,0,0,0,0,0,0,1,6,0,1,2,0,0,0,0,3,0,0,0,0,0,0,0,0,0,0,0,0,0,0,0,0,0,0,0,0,0,0,4,0,0,0,0,0,0,8,0,0,0,0,2,0,0,0,4,0,2,0,0,2,0,2,0,0,0,0,0,0,0,0,0,0,0,0,0,0,0,0,0,0,0,0,0,0,0,0,0,0,0,0,0,0,0,0,0,0,0
"L22  8",1210,1185,0,0,0,0,0,0,0,0,0,1,3,2,12,1,1,8,0,2,0,0,0,0,0,0,0,0,0,0,0,0,0,0,1,0,0,0,0,1,0,0,0,1,0,2,0,0,0,0,0,0,0,0,0,0,0,0,0,0,0,0,0,0,0,0,3,0,0,1,0,0,0,2,0,0,0,0,0,0,0,0,0,0,0,0,0,0,0,0,0,0,0,0,0,0,0,0,0,0,0,0,0,0
"L22  9",1358,1337,0,0,0,0,0,0,0,0,0,1,1,1,9,0,0,3,0,0,0,0,0,6,0,0,0,0,0,0,0,0,0,0,0,0,0,0,0,0,0,0,0,0,0,0,0,0,0,0,0,0,5,1,0,0,0,0,0,0,0,4,0,0,0,0,4,0,0,4,0,0,0,0,0,0,0,0,0,0,0,0,0,0,0,0,0,0,0,0,0,0,0,0,0,0,0,0,0,0,0,0,0,0
"L23  0",4740,4704,0,0,0,0,0,0,0,0,0,0,5,2,16,1,4,4,0,0,4,2,0,0,0,0,1,0,0,0,0,0,0,0,1,0,0,0,0,1,0,0,0,0,0,0,0,0,0,0,0,0,4,0,0,0,0,4,0,0,0,0,0,0,0,0,8,0,6,1,0,0,0,1,0,0,0,0,0,0,0,0,0,0,0,0,0,0,0,0,0,0,0,0,0,0,0,0,0,0,0,0,0,0
"L23  1",2119,2106,1,0,0,0,0,0,0,0,0,1,1,0,5,2,0,0,0,1,0,0,0,0,0,1,0,0,1,0,0,0,0,0,0,0,0,0,0,0,0,0,0,0,0,1,1,0,1,0,0,0,3,0,0,3,0,0,0,0,0,0,0,0,0,0,0,0,0,0,0,0,0,0,0,0,0,0,0,0,0,0,0,0,0,0,0,0,0,0,0,0,0,0,0,0,0,0,0,0,0,0,0,0
"L23  2",3195,3180,1,0,0,0,0,0,0,0,0,1,1,1,7,0,0,2,0,0,0,0,0,0,3,2,0,0,0,0,0,0,0,0,0,0,0,0,0,0,0,0,0,0,0,0,0,0,0,0,0,0,1,0,0,0,0,0,0,0,1,0,0,0,0,0,3,1,0,1,0,0,0,1,0,0,0,0,0,0,0,0,0,0,0,0,0,0,0,0,0,0,0,0,0,0,0,0,0,0,0,0,0,0
"L23  3",2387,2361,0,0,0,0,0,0,0,0,0,0,0,0,12,1,1,3,0,0,0,1,0,5,0,1,0,0,0,0,0,0,0,0,2,0,0,0,0,2,0,0,0,0,0,1,3,0,0,3,0,0,2,0,0,0,0,0,0,0,0,0,2,0,0,0,6,0,3,2,1,0,0,0,0,0,0,0,0,0,0,0,0,0,0,0,0,0,0,0,0,0,0,0,0,0,0,0,0,0,0,0,0,0
"L23  4",1120,1114,0,0,0,0,0,0,0,0,0,1,0,0,0,0,0,0,0,0,0,0,0,0,0,0,0,0,0,0,0,0,0,0,0,0,0,0,0,0,0,0,0,1,0,1,0,0,0,0,0,0,0,0,0,0,0,0,0,0,0,0,0,0,0,0,1,0,0,0,0,0,0,1,0,0,0,0,0,0,0,0,0,0,0,0,0,0,0,0,0,0,0,0,0,0,0,0,0,0,2,2,0,0
"L23  5",2204,2190,0,0,0,0,0,0,0,0,0,0,2,1,5,0,3,2,0,0,0,0,0,0,0,0,0,0,0,0,0,0,0,0,0,0,0,0,0,0,0,0,0,0,0,0,0,0,0,0,0,0,5,3,0,0,0,0,0,0,0,0,2,0,0,0,0,0,0,0,0,0,0,0,0,0,0,0,0,0,0,0,1,0,0,0,0,0,0,0,0,0,0,0,1,0,0,0,0,0,0,0,0,0
"L23  6",3056,2992,2,1,1,0,0,0,0,0,0,0,1,3,29,6,5,7,0,1,0,4,0,0,2,3,1,0,0,0,0,0,0,0,1,0,0,0,1,0,0,0,0,4,1,3,1,1,0,0,0,0,7,1,1,0,0,0,0,5,0,0,0,0,0,0,11,0,1,8,0,0,0,1,1,0,0,0,0,0,0,0,0,0,0,0,0,0,0,0,0,0,0,0,0,0,0,0,0,0,0,0,0,0
"L23  7",2974,2947,0,0,0,0,0,0,0,0,0,2,0,2,12,1,2,6,0,0,0,0,0,0,0,2,1,0,0,0,0,0,0,0,1,0,0,0,0,1,0,0,0,0,0,3,1,0,0,1,0,0,3,0,0,1,0,0,2,0,0,0,0,0,0,0,3,0,0,1,0,0,0,2,0,0,0,0,0,0,0,0,0,0,0,0,0,0,0,0,0,0,0,0,0,0,0,0,0,0,0,0,0,0
"L23  8",2077,2040,0,0,0,0,0,0,0,0,0,0,4,1,14,2,0,4,0,0,0,2,2,1,1,1,1,0,0,0,0,0,0,0,1,0,0,0,0,1,0,0,0,2,1,0,0,0,0,0,0,0,7,1,0,0,0,2,2,0,0,0,0,0,0,2,7,0,1,6,0,0,0,0,0,0,0,0,0,0,0,0,0,0,0,0,0,0,0,0,0,0,0,0,0,0,0,0,0,0,0,0,0,0
"L23  9",5564,5529,0,0,0,0,0,0,0,0,0,1,1,2,12,1,1,6,0,0,0,0,0,0,3,0,0,0,0,0,0,0,1,0,1,0,0,0,0,1,0,0,0,0,2,0,0,0,0,0,0,0,1,1,0,0,0,0,0,0,0,0,0,0,0,0,13,0,4,6,1,0,1,0,0,1,0,0,0,0,0,0,0,0,0,0,0,0,0,0,0,0,0,0,0,0,0,0,0,0,2,2,0,0
"L24  0",2744,2676,0,0,0,0,0,0,0,0,0,3,0,0,33,0,0,23,1,1,0,8,0,0,0,0,0,0,0,0,0,0,0,0,1,0,1,0,0,0,0,0,0,3,0,2,0,0,0,0,0,0,9,4,0,0,0,4,0,0,0,0,0,1,0,0,8,0,1,7,0,0,0,0,0,0,0,0,0,0,0,0,7,0,0,0,0,0,0,0,0,0,0,4,0,0,0,3,0,0,2,2,0,0
"L24  1",1140,1114,0,0,0,0,0,0,0,0,0,2,0,0,8,0,0,4,0,0,0,0,0,4,0,0,0,0,0,0,0,0,0,0,0,0,0,0,0,0,0,0,0,0,0,3,3,0,0,3,0,0,1,0,0,0,0,1,0,0,0,0,0,0,0,0,3,0,1,2,0,0,0,0,0,0,0,0,0,0,0,0,6,0,0,0,0,0,0,0,0,0,0,6,0,0,0,0,0,0,0,0,0,0
"L24  2",2999,2873,1,1,0,0,0,0,0,1,0,5,6,0,70,1,3,42,1,5,1,6,6,0,0,0,0,0,0,0,0,0,5,0,0,0,0,0,0,0,0,0,0,5,0,6,0,0,0,0,0,0,0,0,0,0,0,0,0,0,0,0,0,0,0,0,21,0,6,11,0,0,0,0,4,0,0,0,0,0,0,0,8,0,0,0,0,0,0,2,0,0,0,6,0,0,0,0,2,2,1,1,0,0
"L24  3",2877,2825,0,0,0,0,0,0,0,0,0,1,1,2,24,0,0,13,4,0,3,0,3,0,0,1,0,0,0,0,0,0,0,0,0,0,0,0,0,0,0,0,0,0,0,1,2,0,0,2,0,0,6,0,0,5,0,0,0,0,0,1,0,0,0,0,6,0,0,0,0,0,0,0,5,1,0,0,0,0,0,0,8,0,0,1,0,0,0,0,0,0,0,6,0,0,0,1,0,0,1,1,0,0
"L24  4",875,873,0,0,0,0,0,0,0,0,0,0,0,0,1,0,0,0,0,1,0,0,0,0,0,0,0,0,0,0,0,0,0,0,0,0,0,0,0,0,0,0,0,0,0,0,0,0,0,0,0,0,0,0,0,0,0,0,0,0,0,0,0,0,0,0,1,0,0,0,0,0,0,1,0,0,0,0,0,0,0,0,0,0,0,0,0,0,0,0,0,0,0,0,0,0,0,0,0,0,0,0,0,0
"L24  5",928,924,1,0,0,0,0,0,0,0,0,0,0,0,1,0,1,0,0,0,0,0,0,0,0,0,0,0,0,0,0,0,0,0,0,0,0,0,0,0,0,0,0,0,0,0,1,0,0,0,1,0,0,0,0,0,0,0,0,0,0,0,0,0,0,0,0,0,0,0,0,0,0,0,0,0,0,0,0,0,0,0,0,0,0,0,0,0,0,0,0,0,0,0,0,0,0,0,0,0,1,0,0,1
"L24  6",1086,1048,0,0,0,0,0,0,0,0,0,0,8,0,26,0,0,21,1,0,0,2,0,0,0,2,0,0,0,0,0,0,0,0,0,0,0,0,0,0,0,0,0,0,2,0,0,0,0,0,0,0,0,0,0,0,0,0,0,0,0,0,0,0,0,0,1,0,0,0,0,0,0,1,0,0,0,0,0,0,0,0,1,0,0,1,0,0,0,0,0,0,0,0,0,0,0,0,0,0,0,0,0,0
"L24  7",1679,1545,0,0,0,0,0,0,0,0,0,2,0,1,118,0,0,82,1,0,0,28,3,4,0,0,0,0,0,0,0,0,0,0,0,0,0,0,0,0,0,0,0,2,1,0,2,0,0,0,0,2,0,0,0,0,0,0,0,0,0,0,0,0,0,0,2,0,2,0,0,0,0,0,0,0,0,0,0,0,0,0,3,0,0,0,0,0,0,0,0,0,0,0,0,3,0,0,3,3,0,0,0,0
"L24  9",873,733,0,0,0,0,0,0,0,0,0,0,6,1,122,0,0,58,5,0,7,32,7,12,0,0,0,1,0,0,0,0,0,0,0,0,0,0,0,0,0,0,0,0,0,0,1,0,0,1,0,0,0,0,0,0,0,0,0,0,0,0,0,0,0,0,7,0,2,5,0,0,0,0,0,0,0,0,0,0,0,0,3,0,0,0,0,0,0,0,0,0,0,1,2,0,0,0,0,0,0,0,0,0
"L25  0",3170,3119,0,0,0,0,0,0,0,0,0,2,1,0,21,0,3,7,0,0,3,0,0,6,0,0,1,0,1,0,0,0,0,0,0,0,0,0,0,0,0,0,0,1,6,0,2,0,0,0,0,2,5,0,1,1,0,0,0,0,0,0,1,0,0,2,7,0,0,7,0,0,0,0,0,0,0,0,0,0,0,0,6,0,0,0,0,0,0,0,0,0,0,6,0,0,0,0,0,0,0,0,0,0
"L25  1",1749,1709,1,0,0,0,0,0,0,0,0,1,0,3,7,0,2,3,0,0,0,0,0,0,0,1,1,0,0,0,0,0,0,0,0,0,0,0,0,0,0,0,0,1,1,8,10,0,10,0,0,0,5,0,1,0,0,4,0,0,0,0,0,0,0,0,3,0,0,2,0,0,1,0,0,0,0,0,0,0,0,0,0,0,0,0,0,0,0,0,0,0,0,0,0,0,0,0,0,0,0,0,0,0
"L25  2",3604,3542,1,0,0,0,0,0,0,0,0,1,0,2,5,1,0,2,0,0,2,0,0,0,0,0,0,0,0,0,0,0,0,0,0,0,0,0,0,0,0,0,0,2,0,1,10,0,0,10,0,0,7,0,3,0,0,2,0,0,0,0,2,0,0,0,26,0,7,18,0,0,0,0,0,1,0,0,0,0,0,0,2,0,0,2,0,0,0,0,0,0,0,0,0,0,0,0,0,0,5,5,0,0
"L25  3",3084,3060,0,0,0,0,0,0,0,0,0,0,0,0,5,1,1,2,1,0,0,0,0,0,0,0,0,0,0,0,0,0,0,0,0,0,0,0,0,0,0,0,0,3,1,0,0,0,0,0,0,0,0,0,0,0,0,0,0,0,0,0,0,0,0,0,11,0,4,6,0,0,0,1,0,0,0,0,0,0,0,0,0,0,0,0,0,0,0,0,0,0,0,0,0,0,0,0,2,2,2,1,1,0
"L25  4",2671,2622,1,0,0,0,0,0,0,0,0,1,3,2,5,0,1,2,0,0,0,0,0,0,0,2,0,0,0,0,0,0,0,0,0,0,0,0,0,0,0,0,0,0,1,3,4,1,0,0,3,0,12,0,3,6,0,1,0,0,0,0,0,0,0,2,14,2,3,8,1,0,0,0,0,0,0,0,0,0,0,0,0,0,0,0,0,0,0,0,0,0,0,0,0,0,0,0,0,0,3,3,0,0
"L25  5",4182,4085,2,2,0,0,0,1,0,0,1,1,0,10,21,2,6,11,0,0,0,1,1,0,0,0,0,0,0,0,0,0,0,0,1,0,0,0,0,1,0,0,0,0,3,6,7,0,2,5,0,0,15,4,1,0,0,4,2,0,1,3,0,0,0,0,22,1,4,11,0,0,0,0,0,0,6,0,0,0,0,0,5,0,0,0,0,0,1,0,0,0,0,4,0,0,0,0,0,0,2,2,0,0
"L25  6",1663,1617,1,0,0,0,0,0,0,0,0,2,2,3,4,0,2,0,0,0,0,0,0,0,0,0,1,0,0,1,0,0,0,0,0,0,0,0,0,0,0,0,0,2,0,7,0,0,0,0,0,0,12,2,6,0,0,1,1,0,0,1,0,0,0,1,13,0,8,4,1,0,0,0,0,0,0,0,0,0,0,0,0,0,0,0,0,0,0,0,0,0,0,0,0,0,0,0,0,0,0,0,0,0
"L25  7",4388,4268,4,0,0,0,0,0,0,0,0,1,7,8,24,3,8,4,2,1,0,0,0,1,0,2,1,0,2,0,0,0,0,0,7,2,3,0,0,2,0,0,0,0,0,13,2,1,0,1,0,0,31,3,4,4,0,2,1,0,2,5,9,0,1,0,20,0,3,16,0,0,0,1,0,0,0,0,0,0,0,0,0,0,0,0,0,0,0,0,0,0,0,0,0,0,0,0,1,1,2,2,0,0
"L25  8",3630,3581,2,0,0,0,0,0,0,0,0,1,1,4,8,0,1,7,0,0,0,0,0,0,0,0,0,0,0,0,0,0,0,0,0,0,0,0,0,0,0,0,0,0,0,5,6,0,4,2,0,0,0,0,0,0,0,0,0,0,0,0,0,0,0,0,16,0,11,4,0,0,0,1,0,0,0,0,0,0,0,0,4,0,0,1,0,0,0,1,0,0,0,0,0,1,0,1,0,0,2,2,0,0
"L25  9",4378,4346,1,0,0,0,0,0,0,0,0,1,1,2,8,2,0,1,0,0,0,1,0,1,0,2,0,0,0,0,1,0,0,0,0,0,0,0,0,0,0,0,0,0,2,0,1,0,0,1,0,0,4,0,1,1,0,2,0,0,0,0,0,0,0,0,9,0,6,2,0,0,0,1,0,0,0,0,0,0,0,0,2,0,0,0,0,0,0,0,0,0,0,0,0,0,2,0,1,1,0,0,0,0
"L26  0",2181,2166,0,0,0,0,0,0,0,0,0,0,0,0,6,1,1,0,0,4,0,0,0,0,0,0,0,0,0,0,0,0,0,0,0,0,0,0,0,0,0,0,0,1,4,2,0,0,0,0,0,0,2,0,0,2,0,0,0,0,0,0,0,0,0,0,0,0,0,0,0,0,0,0,0,0,0,0,0,0,0,0,0,0,0,0,0,0,0,0,0,0,0,0,0,0,0,0,0,0,0,0,0,0
"L26  1",3086,3030,0,0,0,0,0,0,0,0,0,0,1,0,33,2,2,22,0,0,0,5,0,1,0,0,0,0,0,0,1,0,0,0,1,0,0,0,0,1,0,0,0,3,0,2,0,0,0,0,0,0,3,0,0,1,0,0,0,0,0,0,2,0,0,0,13,2,7,3,0,0,0,1,0,0,0,0,0,0,0,0,0,0,0,0,0,0,0,0,0,0,0,0,0,0,0,0,0,0,0,0,0,0
"L26  3",244,242,0,0,0,0,0,0,0,0,0,0,0,0,0,0,0,0,0,0,0,0,0,0,0,0,0,0,0,0,0,0,0,0,0,0,0,0,0,0,0,0,0,0,0,0,0,0,0,0,0,0,1,0,0,1,0,0,0,0,0,0,0,0,0,0,1,0,1,0,0,0,0,0,0,0,0,0,0,0,0,0,0,0,0,0,0,0,0,0,0,0,0,0,0,0,0,0,0,0,0,0,0,0
"L26  6",1422,1390,0,0,0,0,0,0,0,0,0,1,0,1,9,4,0,0,0,2,0,0,0,2,1,0,0,0,0,0,0,0,0,0,0,0,0,0,0,0,0,0,0,0,0,0,0,0,0,0,0,0,14,3,1,1,0,2,0,0,0,1,5,1,0,0,6,1,2,2,0,0,1,0,0,0,0,0,0,0,0,0,0,0,0,0,0,0,0,0,0,0,0,0,0,0,0,0,0,0,1,0,0,1
"L26  7",4687,4630,0,1,0,0,0,0,0,1,0,5,0,0,6,0,2,1,0,0,0,1,0,1,0,0,0,0,0,0,1,0,0,0,0,0,0,0,0,0,0,0,0,2,7,2,2,0,2,0,0,0,12,0,1,2,0,0,0,0,2,0,4,3,0,0,18,0,4,9,0,0,0,2,0,3,0,0,0,0,0,0,0,0,0,0,0,0,0,0,0,0,0,0,0,0,0,0,1,1,1,1,0,0
"L26  9",3010,2944,1,0,0,0,0,0,0,0,0,0,0,2,26,0,5,17,1,0,0,2,1,0,0,0,0,0,0,0,0,0,0,0,0,0,0,0,0,0,0,0,0,1,10,0,3,0,0,3,0,0,10,1,0,0,0,2,0,0,0,2,0,5,0,0,10,4,5,0,0,0,0,1,0,0,0,0,0,0,0,0,2,0,0,0,0,0,0,0,0,0,0,1,0,1,0,0,0,0,1,0,1,0
"L27  0",326,311,0,0,0,0,0,0,0,0,0,0,0,1,9,0,0,5,0,0,4,0,0,0,0,0,0,0,0,0,0,0,0,0,0,0,0,0,0,0,0,0,0,0,0,0,0,0,0,0,0,0,0,0,0,0,0,0,0,0,0,0,0,0,0,0,2,0,0,0,0,0,0,2,0,0,0,0,0,0,0,0,1,0,0,0,0,0,0,0,0,0,0,0,0,0,0,1,0,0,2,0,2,0
"L27  1",1087,1066,0,0,0,0,0,0,0,0,0,0,0,0,6,0,0,4,0,2,0,0,0,0,0,0,0,0,0,0,0,0,0,0,1,0,1,0,0,0,0,0,0,0,1,0,0,0,0,0,0,0,3,0,0,0,0,0,3,0,0,0,0,0,0,0,6,0,0,4,0,0,0,0,0,0,2,0,0,0,0,0,0,0,0,0,0,0,0,0,0,0,0,0,0,0,0,0,2,2,2,0,2,0
"L27  4",241,241,0,0,0,0,0,0,0,0,0,0,0,0,0,0,0,0,0,0,0,0,0,0,0,0,0,0,0,0,0,0,0,0,0,0,0,0,0,0,0,0,0,0,0,0,0,0,0,0,0,0,0,0,0,0,0,0,0,0,0,0,0,0,0,0,0,0,0,0,0,0,0,0,0,0,0,0,0,0,0,0,0,0,0,0,0,0,0,0,0,0,0,0,0,0,0,0,0,0,0,0,0,0
"L27  5",1185,1182,0,0,0,0,0,0,0,0,0,0,0,0,2,0,0,1,1,0,0,0,0,0,0,0,0,0,0,0,0,0,0,0,0,0,0,0,0,0,0,0,0,0,0,0,0,0,0,0,0,0,0,0,0,0,0,0,0,0,0,0,0,0,0,0,0,0,0,0,0,0,0,0,0,0,0,0,0,0,0,0,0,0,0,0,0,0,0,0,0,0,0,0,0,0,0,0,0,0,1,1,0,0
"L27  6",1047,1038,0,0,0,0,0,0,0,0,0,0,0,0,3,0,0,3,0,0,0,0,0,0,0,0,0,0,0,0,0,0,0,0,0,0,0,0,0,0,0,0,0,0,0,0,0,0,0,0,0,0,1,0,1,0,0,0,0,0,0,0,0,0,0,0,2,0,0,2,0,0,0,0,0,0,0,0,0,0,0,0,3,0,0,0,0,0,0,0,0,0,0,0,0,0,0,3,0,0,0,0,0,0
"L27  7",1279,1262,0,1,0,0,0,0,0,1,0,1,0,2,6,0,0,2,0,0,4,0,0,0,0,0,0,0,0,0,0,0,0,0,0,0,0,0,0,0,0,0,0,0,1,0,0,0,0,0,0,0,2,0,0,0,0,0,0,0,0,2,0,0,0,0,0,0,0,0,0,0,0,0,0,0,0,0,0,0,0,0,2,0,0,0,0,0,0,0,0,0,0,0,0,0,2,0,0,0,2,2,0,0
"L27  8",1028,1020,0,0,0,0,0,0,0,0,0,1,0,1,1,0,0,0,0,0,0,0,0,0,0,0,1,0,0,0,0,0,0,0,0,0,0,0,0,0,0,0,0,0,1,0,1,0,1,0,0,0,0,0,0,0,0,0,0,0,0,0,0,0,0,0,2,0,0,2,0,0,0,0,0,0,0,0,0,0,0,0,1,0,0,0,0,0,0,0,0,0,0,1,0,0,0,0,0,0,0,0,0,0
"L28  0",969,965,0,0,0,0,0,0,0,0,0,0,0,0,1,0,0,1,0,0,0,0,0,0,0,0,0,0,0,0,0,0,0,0,0,0,0,0,0,0,0,0,0,0,0,0,0,0,0,0,0,0,0,0,0,0,0,0,0,0,0,0,0,0,0,0,1,1,0,0,0,0,0,0,0,0,0,0,0,0,0,0,2,0,0,0,0,0,2,0,0,0,0,0,0,0,0,0,0,0,0,0,0,0
"L28  1",1368,1350,0,0,0,0,0,0,0,0,0,0,0,0,1,0,0,1,0,0,0,0,0,0,0,0,0,0,0,0,0,0,0,0,0,0,0,0,0,0,0,0,0,0,0,10,0,0,0,0,0,0,1,0,0,0,0,0,0,0,0,0,1,0,0,0,2,0,2,0,0,0,0,0,0,0,0,0,0,0,0,0,0,0,0,0,0,0,0,0,0,0,0,0,0,0,0,0,0,0,4,4,0,0
"L28  3",236,236,0,0,0,0,0,0,0,0,0,0,0,0,0,0,0,0,0,0,0,0,0,0,0,0,0,0,0,0,0,0,0,0,0,0,0,0,0,0,0,0,0,0,0,0,0,0,0,0,0,0,0,0,0,0,0,0,0,0,0,0,0,0,0,0,0,0,0,0,0,0,0,0,0,0,0,0,0,0,0,0,0,0,0,0,0,0,0,0,0,0,0,0,0,0,0,0,0,0,0,0,0,0
"L28  4",1392,1386,0,0,0,0,0,0,0,0,0,0,0,0,5,1,0,1,0,1,0,0,0,0,0,1,0,0,0,0,1,0,0,0,0,0,0,0,0,0,0,0,0,0,0,0,0,0,0,0,0,0,0,0,0,0,0,0,0,0,0,0,0,0,0,0,0,0,0,0,0,0,0,0,0,0,0,0,0,0,0,0,0,0,0,0,0,0,0,0,0,0,0,0,0,0,0,0,0,0,1,0,0,1
"L28  5",891,879,0,0,0,0,0,0,0,0,0,0,2,1,3,0,0,3,0,0,0,0,0,0,0,0,0,0,0,0,0,0,0,0,0,0,0,0,0,0,0,0,0,0,0,0,0,0,0,0,0,0,0,0,0,0,0,0,0,0,0,0,0,0,0,0,5,0,0,0,0,0,0,0,0,5,0,0,0,0,0,0,0,0,0,0,0,0,0,0,0,0,0,0,0,0,0,0,0,0,1,0,1,0
"L28  6",445,445,0,0,0,0,0,0,0,0,0,0,0,0,0,0,0,0,0,0,0,0,0,0,0,0,0,0,0,0,0,0,0,0,0,0,0,0,0,0,0,0,0,0,0,0,0,0,0,0,0,0,0,0,0,0,0,0,0,0,0,0,0,0,0,0,0,0,0,0,0,0,0,0,0,0,0,0,0,0,0,0,0,0,0,0,0,0,0,0,0,0,0,0,0,0,0,0,0,0,0,0,0,0
"L28  7",242,239,0,0,0,0,0,0,0,0,0,0,0,0,1,0,0,1,0,0,0,0,0,0,0,0,0,0,0,0,0,0,0,0,0,0,0,0,0,0,0,0,0,0,0,1,0,0,0,0,0,0,0,0,0,0,0,0,0,0,0,0,0,0,0,0,1,0,0,1,0,0,0,0,0,0,0,0,0,0,0,0,0,0,0,0,0,0,0,0,0,0,0,0,0,0,0,0,0,0,0,0,0,0
"L28  8",518,507,1,0,0,0,0,0,0,0,0,0,0,0,3,0,0,3,0,0,0,0,0,0,0,0,0,0,0,0,0,0,0,0,1,1,0,0,0,0,0,0,0,0,0,0,0,0,0,0,0,0,0,0,0,0,0,0,0,0,0,0,0,0,0,0,6,0,0,6,0,0,0,0,0,0,0,0,0,0,0,0,0,0,0,0,0,0,0,0,0,0,0,0,0,0,0,0,0,0,0,0,0,0
"L29  7",383,381,0,0,0,0,0,0,0,0,0,0,0,1,0,0,0,0,0,0,0,0,0,0,0,0,0,0,0,0,0,0,0,0,0,0,0,0,0,0,0,0,0,0,0,0,0,0,0,0,0,0,0,0,0,0,0,0,0,0,0,0,0,0,0,0,1,0,0,1,0,0,0,0,0,0,0,0,0,0,0,0,0,0,0,0,0,0,0,0,0,0,0,0,0,0,0,0,0,0,0,0,0,0
"L3   0",581,551,3,0,0,0,0,0,0,0,0,3,2,1,4,1,0,2,0,0,0,0,0,1,0,0,0,0,0,0,0,0,0,0,0,0,0,0,0,0,0,0,0,0,0,8,0,0,0,0,0,0,6,2,1,0,0,0,0,0,0,3,0,0,0,0,2,0,0,1,1,0,0,0,0,0,0,0,0,0,0,0,1,0,0,0,0,0,0,1,0,0,0,0,0,0,0,0,0,0,0,0,0,0
"L3   1",870,674,0,0,0,0,0,0,0,0,0,17,6,15,35,9,8,6,0,1,1,1,0,3,0,0,2,2,0,1,0,0,0,1,0,0,0,0,0,0,0,0,0,1,1,76,9,0,3,4,2,0,17,6,2,0,0,4,1,0,0,0,0,0,0,4,18,2,2,10,1,2,0,0,0,1,0,0,0,0,0,0,1,0,0,0,0,1,0,0,0,0,0,0,0,0,0,0,0,0,0,0,0,0
"L3   2",2487,2164,13,0,0,0,0,0,0,0,0,15,12,21,86,14,4,35,4,4,1,5,1,1,3,8,2,0,2,1,0,0,0,1,3,0,0,0,0,3,0,0,0,16,1,44,16,0,4,11,0,1,36,5,18,1,0,0,2,0,1,3,1,0,3,2,54,7,1,37,0,1,4,0,2,0,2,0,0,0,0,0,5,1,0,0,0,0,0,0,1,0,0,1,0,1,0,1,1,1,0,0,0,0
"L3   3",382,361,0,0,0,0,0,0,0,0,0,0,1,3,6,0,0,2,0,3,0,0,0,1,0,0,0,0,0,0,0,0,0,0,2,0,0,0,0,2,0,0,0,2,0,6,0,0,0,0,0,0,1,0,1,0,0,0,0,0,0,0,0,0,0,0,0,0,0,0,0,0,0,0,0,0,0,0,0,0,0,0,0,0,0,0,0,0,0,0,0,0,0,0,0,0,0,0,0,0,0,0,0,0
"L3   4",2745,2506,2,1,1,0,0,0,0,0,0,14,5,23,65,16,11,21,0,0,1,0,2,2,1,5,1,1,2,2,0,0,0,0,4,1,1,2,0,0,0,0,0,5,4,51,4,0,0,4,0,0,29,6,10,0,0,1,0,2,2,6,2,0,0,0,27,1,0,18,4,0,0,2,0,2,0,0,0,0,0,0,4,0,0,1,0,0,0,0,0,0,0,0,2,0,1,0,0,0,1,1,0,0
"L3   5",3349,2468,11,2,0,0,0,2,0,0,0,8,0,14,147,3,13,23,0,3,5,1,4,8,0,80,4,0,2,0,1,0,0,0,5,0,1,0,0,4,0,0,0,7,7,49,18,0,11,6,0,1,33,8,3,0,0,5,1,3,0,1,2,8,0,2,573,29,17,489,5,0,0,6,7,20,0,0,0,0,0,0,7,1,0,0,0,0,0,1,0,0,0,2,0,3,0,0,0,0,0,0,0,0
"L3   6",3515,3249,6,1,1,0,0,0,0,0,0,9,3,10,96,26,4,35,0,0,2,6,1,2,0,13,2,2,0,3,0,0,0,0,5,0,1,0,0,4,0,0,0,11,6,38,15,0,8,4,0,3,8,1,1,1,0,2,2,0,0,1,0,0,0,0,44,2,4,19,7,4,0,1,5,1,1,0,0,0,0,0,11,0,0,0,0,1,2,0,2,4,0,1,0,0,1,0,3,3,0,0,0,0
"L3   8",2502,1920,5,2,1,0,0,1,0,0,0,9,5,9,78,3,5,36,4,1,0,4,2,0,2,17,0,0,0,3,0,1,0,0,2,0,0,0,1,1,0,0,0,5,3,58,5,0,0,1,0,4,20,3,2,0,0,3,4,0,0,4,2,1,0,1,369,13,2,320,1,0,0,3,27,1,2,0,0,0,0,0,10,0,0,0,0,0,0,0,4,1,3,1,0,0,0,1,2,2,0,0,0,0
"L3   9",1148,951,0,0,0,0,0,0,0,0,0,16,2,29,74,14,7,14,3,0,4,2,4,4,0,14,3,3,1,1,0,0,0,0,2,1,0,0,0,1,0,0,0,2,2,50,2,1,0,1,0,0,5,2,0,0,0,3,0,0,0,0,0,0,0,0,12,1,3,5,1,0,0,0,1,1,0,0,0,0,0,0,1,0,0,1,0,0,0,0,0,0,0,0,0,0,0,0,0,0,0,0,0,0
"L30  0",2102,2097,0,0,0,0,0,0,0,0,0,0,0,0,3,0,0,2,1,0,0,0,0,0,0,0,0,0,0,0,0,0,0,0,0,0,0,0,0,0,0,0,0,0,1,0,0,0,0,0,0,0,0,0,0,0,0,0,0,0,0,0,0,0,0,0,1,0,0,1,0,0,0,0,0,0,0,0,0,0,0,0,0,0,0,0,0,0,0,0,0,0,0,0,0,0,0,0,0,0,0,0,0,0
"L30  1",3876,3849,1,0,0,0,0,0,0,0,0,0,5,0,14,0,0,11,0,0,0,2,0,0,0,1,0,0,0,0,0,0,0,0,0,0,0,0,0,0,0,0,0,0,0,1,0,0,0,0,0,0,2,0,0,0,0,2,0,0,0,0,0,0,0,0,0,0,0,0,0,0,0,0,0,0,0,0,0,0,0,0,2,0,0,0,0,0,0,0,0,0,0,1,0,0,0,1,0,0,2,1,1,0
"L30  2",3162,3144,0,1,0,0,0,0,0,1,0,0,0,2,7,0,1,5,0,0,1,0,0,0,0,0,0,0,0,0,0,0,0,0,0,0,0,0,0,0,0,0,0,0,1,1,0,0,0,0,0,0,6,0,1,0,0,0,0,2,0,3,0,0,0,0,0,0,0,0,0,0,0,0,0,0,0,0,0,0,0,0,0,0,0,0,0,0,0,0,0,0,0,0,0,0,0,0,0,0,0,0,0,0
"L30  3",1835,1831,0,0,0,0,0,0,0,0,0,0,0,0,1,0,0,0,1,0,0,0,0,0,0,0,0,0,0,0,0,0,0,0,1,1,0,0,0,0,0,0,0,0,0,0,0,0,0,0,0,0,2,0,1,0,0,0,0,0,0,1,0,0,0,0,0,0,0,0,0,0,0,0,0,0,0,0,0,0,0,0,0,0,0,0,0,0,0,0,0,0,0,0,0,0,0,0,0,0,0,0,0,0
"L30  5",2956,2947,0,0,0,0,0,0,0,0,0,0,1,1,5,0,1,2,0,0,0,2,0,0,0,0,0,0,0,0,0,0,0,0,0,0,0,0,0,0,0,0,0,0,1,0,0,0,0,0,0,0,0,0,0,0,0,0,0,0,0,0,0,0,0,0,0,0,0,0,0,0,0,0,0,0,0,0,0,0,0,0,0,0,0,0,0,0,0,0,0,0,0,0,0,0,0,0,0,0,1,0,0,1
"L30  6",319,310,0,0,0,0,0,0,0,0,0,0,0,0,1,0,0,1,0,0,0,0,0,0,0,0,0,0,0,0,0,0,0,0,0,0,0,0,0,0,0,0,0,0,0,0,0,0,0,0,0,0,7,0,0,0,0,0,0,0,0,3,4,0,0,0,1,0,0,1,0,0,0,0,0,0,0,0,0,0,0,0,0,0,0,0,0,0,0,0,0,0,0,0,0,0,0,0,0,0,0,0,0,0
"L30  7",2663,2652,0,0,0,0,0,0,0,0,0,0,1,0,1,0,0,0,0,0,1,0,0,0,0,0,0,0,0,0,0,0,0,0,1,1,0,0,0,0,0,0,0,0,1,1,0,0,0,0,0,0,0,0,0,0,0,0,0,0,0,0,0,0,0,0,3,0,2,1,0,0,0,0,0,0,0,0,0,0,0,0,0,0,0,0,0,0,0,0,0,0,0,0,0,0,0,0,1,1,2,1,0,1
"L30  8",1373,1361,0,0,0,0,0,0,0,0,0,0,0,0,2,0,0,2,0,0,0,0,0,0,0,0,0,0,0,0,0,0,0,0,0,0,0,0,0,0,0,0,0,0,0,0,0,0,0,0,0,0,0,0,0,0,0,0,0,0,0,0,0,0,0,0,3,0,0,2,0,0,0,1,0,0,0,0,0,0,0,0,6,0,0,0,0,0,0,0,0,0,0,6,0,0,0,0,0,0,1,1,0,0
"L30  9",840,835,0,0,0,0,0,0,0,0,0,0,1,0,2,0,1,0,0,0,1,0,0,0,0,0,0,0,0,0,0,0,0,0,0,0,0,0,0,0,0,0,0,0,0,0,0,0,0,0,0,0,0,0,0,0,0,0,0,0,0,0,0,0,0,0,0,0,0,0,0,0,0,0,0,0,0,0,0,0,0,0,0,0,0,0,0,0,0,0,0,0,0,0,0,0,0,0,0,0,2,2,0,0
"L31  0",2374,2359,0,0,0,0,0,0,0,0,0,0,0,0,4,2,0,0,0,0,0,0,0,1,0,0,1,0,0,0,0,0,0,0,0,0,0,0,0,0,0,0,0,1,0,0,0,0,0,0,0,0,0,0,0,0,0,0,0,0,0,0,0,0,0,0,7,0,0,0,0,0,0,3,0,4,0,0,0,0,0,0,1,0,0,0,0,0,0,0,0,0,0,0,1,0,0,0,0,0,2,1,1,0
"L31  1",4369,4340,6,0,0,0,0,0,0,0,0,0,0,3,9,0,0,7,2,0,0,0,0,0,0,0,0,0,0,0,0,0,0,0,0,0,0,0,0,0,0,0,0,0,1,1,1,0,0,1,0,0,2,1,0,1,0,0,0,0,0,0,0,0,0,0,5,0,0,4,1,0,0,0,0,0,0,0,0,0,0,0,1,1,0,0,0,0,0,0,0,0,0,0,0,0,0,0,0,0,0,0,0,0
"L31  2",3032,3017,1,0,0,0,0,0,0,0,0,3,0,1,5,0,1,1,0,0,0,0,3,0,0,0,0,0,0,0,0,0,0,0,0,0,0,0,0,0,0,0,0,0,0,2,0,0,0,0,0,0,0,0,0,0,0,0,0,0,0,0,0,0,0,0,1,0,0,0,0,0,0,0,0,0,1,0,0,0,0,0,1,0,0,0,0,0,0,0,0,0,0,1,0,0,0,0,1,1,0,0,0,0
"L31  3",1408,1394,1,0,0,0,0,0,0,0,0,0,0,1,3,0,2,0,0,0,0,0,0,0,0,1,0,0,0,0,0,0,0,0,0,0,0,0,0,0,0,0,0,0,0,4,0,0,0,0,0,0,1,1,0,0,0,0,0,0,0,0,0,0,0,0,4,0,0,3,0,0,0,1,0,0,0,0,0,0,0,0,0,0,0,0,0,0,0,0,0,0,0,0,0,0,0,0,0,0,0,0,0,0
"L31  4",2343,2324,0,1,1,0,0,0,0,0,0,1,2,4,3,1,0,0,1,0,1,0,0,0,0,0,0,0,0,0,0,0,0,0,0,0,0,0,0,0,0,0,0,0,0,0,0,0,0,0,0,0,1,0,0,1,0,0,0,0,0,0,0,0,0,0,3,0,2,0,0,0,0,1,0,0,0,0,0,0,0,0,4,0,0,0,0,0,0,0,0,0,0,0,0,0,0,4,0,0,0,0,0,0
"L31  5",3628,3599,0,0,0,0,0,0,0,0,0,0,2,1,13,0,1,4,0,0,0,1,0,0,0,4,0,1,0,0,0,0,2,0,0,0,0,0,0,0,0,0,0,0,0,1,0,0,0,0,0,0,3,0,1,0,0,0,2,0,0,0,0,0,0,0,8,0,3,4,0,1,0,0,0,0,0,0,0,0,0,0,1,0,0,0,0,0,0,0,1,0,0,0,0,0,0,0,0,0,0,0,0,0
"L31  6",3182,3164,2,0,0,0,0,0,0,0,0,1,1,1,5,2,1,0,0,0,0,1,0,0,0,0,0,0,0,1,0,0,0,0,0,0,0,0,0,0,0,0,0,0,0,0,0,0,0,0,0,0,1,1,0,0,0,0,0,0,0,0,0,0,0,0,5,0,0,3,0,0,0,2,0,0,0,0,0,0,0,0,0,0,0,0,0,0,0,0,0,0,0,0,0,0,0,0,0,0,2,1,1,0
"L31  7",2897,2885,1,0,0,0,0,0,0,0,0,1,2,2,4,0,0,3,0,0,0,0,0,0,0,0,1,0,0,0,0,0,0,0,0,0,0,0,0,0,0,0,0,0,0,0,0,0,0,0,0,0,2,2,0,0,0,0,0,0,0,0,0,0,0,0,0,0,0,0,0,0,0,0,0,0,0,0,0,0,0,0,0,0,0,0,0,0,0,0,0,0,0,0,0,0,0,0,0,0,0,0,0,0
"L31  8",2894,2891,0,0,0,0,0,0,0,0,0,0,0,0,0,0,0,0,0,0,0,0,0,0,0,0,0,0,0,0,0,0,0,0,0,0,0,0,0,0,0,0,0,0,0,0,1,0,0,0,0,1,2,0,1,0,0,0,0,1,0,0,0,0,0,0,0,0,0,0,0,0,0,0,0,0,0,0,0,0,0,0,0,0,0,0,0,0,0,0,0,0,0,0,0,0,0,0,0,0,0,0,0,0
"L31  9",3954,3926,3,0,0,0,0,0,0,0,0,0,0,2,7,0,1,1,0,0,0,0,4,0,0,0,1,0,0,0,0,0,0,0,0,0,0,0,0,0,0,0,0,0,1,0,0,0,0,0,0,0,4,0,2,0,0,2,0,0,0,0,0,0,0,0,10,0,1,5,0,0,0,4,0,0,0,0,0,0,0,0,0,0,0,0,0,0,0,0,0,0,0,0,0,0,0,0,0,0,1,1,0,0
"L32  0",3129,3115,0,0,0,0,0,0,0,0,0,0,0,1,4,2,0,2,0,0,0,0,0,0,0,0,0,0,0,0,0,0,0,0,0,0,0,0,0,0,0,0,0,0,0,0,1,0,1,0,0,0,0,0,0,0,0,0,0,0,0,0,0,0,0,0,1,0,0,1,0,0,0,0,0,0,0,0,0,0,0,0,3,0,0,0,0,0,0,0,1,0,0,0,0,0,0,2,1,1,3,0,0,3
"L32  1",1391,1375,0,0,0,0,0,0,0,0,0,1,0,0,10,0,2,6,0,1,0,1,0,0,0,0,0,0,0,0,0,0,0,0,1,1,0,0,0,0,0,0,0,0,1,0,0,0,0,0,0,0,0,0,0,0,0,0,0,0,0,0,0,0,0,0,2,0,1,1,0,0,0,0,0,0,0,0,0,0,0,0,0,0,0,0,0,0,0,0,0,0,0,0,0,0,0,0,1,1,0,0,0,0
"L32  2",2169,2167,0,0,0,0,0,0,0,0,0,0,0,0,1,0,0,0,0,0,0,0,0,0,0,1,0,0,0,0,0,0,0,0,0,0,0,0,0,0,0,0,0,0,0,0,0,0,0,0,0,0,0,0,0,0,0,0,0,0,0,0,0,0,0,0,1,0,0,0,0,0,1,0,0,0,0,0,0,0,0,0,0,0,0,0,0,0,0,0,0,0,0,0,0,0,0,0,0,0,0,0,0,0
"L32  3",1260,1256,0,1,0,0,0,0,0,0,1,1,0,0,1,0,0,1,0,0,0,0,0,0,0,0,0,0,0,0,0,0,0,0,0,0,0,0,0,0,0,0,0,0,0,0,0,0,0,0,0,0,0,0,0,0,0,0,0,0,0,0,0,0,0,0,1,0,1,0,0,0,0,0,0,0,0,0,0,0,0,0,0,0,0,0,0,0,0,0,0,0,0,0,0,0,0,0,0,0,0,0,0,0
"L32  4",1848,1828,0,0,0,0,0,0,0,0,0,0,0,1,11,0,1,9,0,0,0,0,0,1,0,0,0,0,0,0,0,0,0,0,0,0,0,0,0,0,0,0,0,0,1,0,0,0,0,0,0,0,0,0,0,0,0,0,0,0,0,0,0,0,0,0,6,0,0,6,0,0,0,0,0,0,0,0,0,0,0,0,0,0,0,0,0,0,0,0,0,0,0,0,0,0,0,0,0,0,1,1,0,0
"L32  5",737,729,0,0,0,0,0,0,0,0,0,0,2,0,4,0,0,3,0,1,0,0,0,0,0,0,0,0,0,0,0,0,0,0,0,0,0,0,0,0,0,0,0,0,1,0,0,0,0,0,0,0,0,0,0,0,0,0,0,0,0,0,0,0,0,0,1,0,0,0,0,0,0,1,0,0,0,0,0,0,0,0,0,0,0,0,0,0,0,0,0,0,0,0,0,0,0,0,0,0,0,0,0,0
"L32  6",2037,2025,0,0,0,0,0,0,0,0,0,1,0,0,11,1,0,10,0,0,0,0,0,0,0,0,0,0,0,0,0,0,0,0,0,0,0,0,0,0,0,0,0,0,0,0,0,0,0,0,0,0,0,0,0,0,0,0,0,0,0,0,0,0,0,0,0,0,0,0,0,0,0,0,0,0,0,0,0,0,0,0,0,0,0,0,0,0,0,0,0,0,0,0,0,0,0,0,0,0,0,0,0,0
"L32  7",1983,1975,0,0,0,0,0,0,0,0,0,0,0,0,3,0,0,3,0,0,0,0,0,0,0,0,0,0,0,0,0,0,0,0,0,0,0,0,0,0,0,0,0,0,3,0,0,0,0,0,0,0,2,0,1,0,0,1,0,0,0,0,0,0,0,0,0,0,0,0,0,0,0,0,0,0,0,0,0,0,0,0,0,0,0,0,0,0,0,0,0,0,0,0,0,0,0,0,0,0,0,0,0,0
"L32  8",2055,2049,0,0,0,0,0,0,0,0,0,0,0,0,3,0,0,3,0,0,0,0,0,0,0,0,0,0,0,0,0,0,0,0,0,0,0,0,0,0,0,0,0,0,0,0,0,0,0,0,0,0,2,0,0,0,0,0,0,0,0,2,0,0,0,0,0,0,0,0,0,0,0,0,0,0,0,0,0,0,0,0,0,0,0,0,0,0,0,0,0,0,0,0,0,0,0,0,1,1,0,0,0,0
"L32  9",3055,3036,0,0,0,0,0,0,0,0,0,0,0,0,7,1,0,6,0,0,0,0,0,0,0,0,0,0,0,0,0,0,0,0,1,0,0,1,0,0,0,0,0,1,0,0,0,0,0,0,0,0,3,0,0,0,0,0,0,0,0,3,0,0,0,0,6,4,1,1,0,0,0,0,0,0,0,0,0,0,0,0,1,0,0,0,1,0,0,0,0,0,0,0,0,0,0,0,0,0,0,0,0,0
"L33  0",1033,1030,0,0,0,0,0,0,0,0,0,0,0,1,2,0,1,0,0,0,1,0,0,0,0,0,0,0,0,0,0,0,0,0,0,0,0,0,0,0,0,0,0,0,0,0,0,0,0,0,0,0,0,0,0,0,0,0,0,0,0,0,0,0,0,0,0,0,0,0,0,0,0,0,0,0,0,0,0,0,0,0,0,0,0,0,0,0,0,0,0,0,0,0,0,0,0,0,0,0,0,0,0,0
"L33  1",4597,4577,2,0,0,0,0,0,0,0,0,0,0,0,12,0,1,2,0,0,0,6,0,0,0,2,0,1,0,0,0,0,0,0,2,0,2,0,0,0,0,0,0,0,3,1,0,0,0,0,0,0,0,0,0,0,0,0,0,0,0,0,0,0,0,0,0,0,0,0,0,0,0,0,0,0,0,0,0,0,0,0,0,0,0,0,0,0,0,0,0,0,0,0,0,0,0,0,0,0,0,0,0,0
"L33  2",1112,1106,0,0,0,0,0,0,0,0,0,0,0,1,3,0,0,3,0,0,0,0,0,0,0,0,0,0,0,0,0,0,0,0,0,0,0,0,0,0,0,0,0,0,0,0,0,0,0,0,0,0,2,0,0,0,0,0,0,0,0,0,2,0,0,0,0,0,0,0,0,0,0,0,0,0,0,0,0,0,0,0,0,0,0,0,0,0,0,0,0,0,0,0,0,0,0,0,0,0,0,0,0,0
"L33  4",3755,3729,0,0,0,0,0,0,0,0,0,1,1,1,13,0,1,8,0,2,0,0,0,0,1,1,0,0,0,0,0,0,0,0,0,0,0,0,0,0,0,0,0,1,1,0,0,0,0,0,0,0,2,0,0,0,0,0,0,0,0,2,0,0,0,0,2,0,1,1,0,0,0,0,0,0,0,0,0,0,0,0,3,0,0,0,0,0,3,0,0,0,0,0,0,0,0,0,0,0,1,1,0,0
"L33  5",1250,1224,0,1,0,0,0,0,0,1,0,0,0,0,23,1,2,19,0,0,0,0,0,0,1,0,0,0,0,0,0,0,0,0,0,0,0,0,0,0,0,0,0,0,0,0,0,0,0,0,0,0,1,0,0,0,0,0,0,0,0,0,0,0,0,1,0,0,0,0,0,0,0,0,0,0,0,0,0,0,0,0,0,0,0,0,0,0,0,0,0,0,0,0,0,0,0,0,0,0,1,1,0,0
"L33  6",1337,1331,0,0,0,0,0,0,0,0,0,0,0,0,1,0,0,0,0,0,0,0,1,0,0,0,0,0,0,0,0,0,0,0,0,0,0,0,0,0,0,0,0,0,0,0,0,0,0,0,0,0,2,0,0,0,0,0,0,0,0,0,2,0,0,0,2,0,0,2,0,0,0,0,0,0,0,0,0,0,0,0,0,0,0,0,0,0,0,0,0,0,0,0,0,0,0,0,0,0,1,1,0,0
"L33  7",260,260,0,0,0,0,0,0,0,0,0,0,0,0,0,0,0,0,0,0,0,0,0,0,0,0,0,0,0,0,0,0,0,0,0,0,0,0,0,0,0,0,0,0,0,0,0,0,0,0,0,0,0,0,0,0,0,0,0,0,0,0,0,0,0,0,0,0,0,0,0,0,0,0,0,0,0,0,0,0,0,0,0,0,0,0,0,0,0,0,0,0,0,0,0,0,0,0,0,0,0,0,0,0
"L33  8",941,916,0,0,0,0,0,0,0,0,0,0,0,0,21,0,0,20,0,0,1,0,0,0,0,0,0,0,0,0,0,0,0,0,0,0,0,0,0,0,0,0,0,1,2,0,0,0,0,0,0,0,0,0,0,0,0,0,0,0,0,0,0,0,0,0,1,1,0,0,0,0,0,0,0,0,0,0,0,0,0,0,0,0,0,0,0,0,0,0,0,0,0,0,0,0,0,0,0,0,0,0,0,0
"L33  9",1807,1791,0,0,0,0,0,0,0,0,0,0,1,1,4,0,0,2,0,0,0,0,0,1,0,1,0,0,0,0,0,0,0,0,0,0,0,0,0,0,0,0,0,0,0,0,0,0,0,0,0,0,8,0,0,8,0,0,0,0,0,0,0,0,0,0,0,0,0,0,0,0,0,0,0,0,0,0,0,0,0,0,0,0,0,0,0,0,0,0,0,0,0,0,0,0,0,0,0,0,2,2,0,0
"L34  0",2365,2334,3,0,0,0,0,0,0,0,0,1,0,2,11,0,1,3,0,0,0,0,0,3,0,4,0,0,0,0,0,0,0,0,0,0,0,0,0,0,0,0,0,0,1,0,1,0,0,1,0,0,2,2,0,0,0,0,0,0,0,0,0,0,0,0,10,0,0,4,0,0,0,2,0,4,0,0,0,0,0,0,0,0,0,0,0,0,0,0,0,0,0,0,0,0,0,0,0,0,0,0,0,0
"L34  1",1940,1906,0,0,0,0,0,0,0,0,0,0,0,0,2,1,0,0,0,0,0,1,0,0,0,0,0,0,0,0,0,0,0,0,0,0,0,0,0,0,0,0,0,0,6,1,1,0,0,1,0,0,9,2,0,0,0,1,0,0,0,5,1,0,0,0,11,1,0,2,0,0,0,1,0,7,0,0,0,0,0,0,4,0,0,0,0,0,0,0,0,2,0,0,2,0,0,0,0,0,0,0,0,0
"L34  2",3270,3231,1,0,0,0,0,0,0,0,0,1,1,4,3,0,1,2,0,0,0,0,0,0,0,0,0,0,0,0,0,0,0,0,0,0,0,0,0,0,0,0,0,3,3,0,0,0,0,0,0,0,11,0,0,0,0,4,0,0,0,5,0,0,0,2,11,0,2,2,1,0,0,3,0,2,1,0,0,0,0,0,0,0,0,0,0,0,0,0,0,0,0,0,0,0,0,0,0,0,1,1,0,0
"L34  3",665,663,0,0,0,0,0,0,0,0,0,0,0,0,0,0,0,0,0,0,0,0,0,0,0,0,0,0,0,0,0,0,0,0,0,0,0,0,0,0,0,0,0,0,0,1,0,0,0,0,0,0,0,0,0,0,0,0,0,0,0,0,0,0,0,0,1,0,0,0,0,0,0,1,0,0,0,0,0,0,0,0,0,0,0,0,0,0,0,0,0,0,0,0,0,0,0,0,0,0,0,0,0,0
"L34  4",345,337,0,0,0,0,0,0,0,0,0,0,0,1,7,0,2,0,0,0,1,0,0,4,0,0,0,0,0,0,0,0,0,0,0,0,0,0,0,0,0,0,0,0,0,0,0,0,0,0,0,0,0,0,0,0,0,0,0,0,0,0,0,0,0,0,0,0,0,0,0,0,0,0,0,0,0,0,0,0,0,0,0,0,0,0,0,0,0,0,0,0,0,0,0,0,0,0,0,0,0,0,0,0
"L34  5",1253,1228,0,0,0,0,0,0,0,0,0,1,0,0,9,1,1,4,0,1,0,0,0,2,0,0,0,0,0,0,0,0,0,0,0,0,0,0,0,0,0,0,0,0,0,0,0,0,0,0,0,0,10,1,0,0,0,0,0,0,0,9,0,0,0,0,4,0,0,0,0,0,0,1,0,2,1,0,0,0,0,0,0,0,0,0,0,0,0,0,0,0,0,0,0,0,0,0,0,0,1,0,0,1
"L34  6",1772,1738,0,0,0,0,0,0,0,0,0,0,0,2,8,2,0,6,0,0,0,0,0,0,0,0,0,0,0,0,0,0,0,0,0,0,0,0,0,0,0,0,0,4,0,0,0,0,0,0,0,0,8,0,0,0,0,6,0,0,2,0,0,0,0,0,10,0,0,4,1,0,0,0,0,1,4,0,0,0,0,0,0,0,0,0,0,0,0,0,0,0,0,0,0,0,0,0,0,0,2,0,0,2
"L35  0",2584,2546,0,0,0,0,0,0,0,0,0,0,0,0,6,1,0,0,0,1,0,0,0,0,0,3,0,0,1,0,0,0,0,0,1,0,1,0,0,0,0,0,0,0,0,1,0,0,0,0,0,0,21,5,4,1,0,0,0,0,0,11,0,0,0,0,9,0,3,4,0,0,0,2,0,0,0,0,0,0,0,0,0,0,0,0,0,0,0,0,0,0,0,0,0,0,0,0,0,0,0,0,0,0
"L35  1",1386,1382,0,0,0,0,0,0,0,0,0,0,0,0,3,0,0,0,0,0,0,3,0,0,0,0,0,0,0,0,0,0,0,0,0,0,0,0,0,0,0,0,0,0,0,0,0,0,0,0,0,0,0,0,0,0,0,0,0,0,0,0,0,0,0,0,1,0,0,1,0,0,0,0,0,0,0,0,0,0,0,0,0,0,0,0,0,0,0,0,0,0,0,0,0,0,0,0,0,0,0,0,0,0
"L35  2",2196,2186,0,0,0,0,0,0,0,0,0,0,0,0,1,0,0,0,0,0,0,0,0,0,0,0,0,0,0,0,0,0,1,0,0,0,0,0,0,0,0,0,0,0,0,0,0,0,0,0,0,0,6,0,0,0,0,0,0,0,3,3,0,0,0,0,3,0,0,3,0,0,0,0,0,0,0,0,0,0,0,0,0,0,0,0,0,0,0,0,0,0,0,0,0,0,0,0,0,0,0,0,0,0
"L35  3",7293,7216,0,0,0,0,0,0,0,0,0,0,0,4,19,5,5,6,0,0,0,0,0,0,0,2,0,1,0,0,0,0,0,0,1,0,1,0,0,0,0,0,0,0,4,1,0,0,0,0,0,0,12,0,2,0,0,0,0,0,0,2,6,2,0,0,28,0,3,3,0,0,0,2,0,19,1,0,0,0,0,0,2,0,0,0,0,0,2,0,0,0,0,0,0,0,0,0,0,0,6,0,3,3
"L35  4",2876,2846,0,0,0,0,0,0,0,0,0,1,0,2,5,0,0,1,3,0,0,0,0,0,0,1,0,0,0,0,0,0,0,0,0,0,0,0,0,0,0,0,0,0,0,1,0,0,0,0,0,0,2,2,0,0,0,0,0,0,0,0,0,0,0,0,12,0,4,2,0,0,0,0,0,6,0,0,0,0,0,0,4,0,0,0,0,0,0,0,0,0,0,0,4,0,0,0,0,0,3,2,1,0
"L35  5",5128,4997,0,0,0,0,0,0,0,0,0,1,2,0,12,0,2,4,6,0,0,0,0,0,0,0,0,0,0,0,0,0,0,0,0,0,0,0,0,0,0,0,0,1,4,1,2,0,0,0,2,0,55,6,1,0,0,0,1,0,0,13,29,4,0,1,46,2,4,10,0,0,0,0,0,29,1,0,0,0,0,0,0,0,0,0,0,0,0,0,0,0,0,0,0,0,0,0,2,2,5,4,0,1
"L35  6",1415,1387,2,0,0,0,0,0,0,0,0,0,0,0,11,2,0,0,4,0,0,0,0,5,0,0,0,0,0,0,0,0,0,0,0,0,0,0,0,0,0,0,0,0,0,2,0,0,0,0,0,0,9,0,1,1,0,2,0,0,0,3,0,0,0,2,2,1,0,0,0,0,0,0,0,1,0,0,0,0,0,0,0,0,0,0,0,0,0,0,0,0,0,0,0,0,0,0,0,0,2,1,0,1
"L35  7",2683,2646,0,0,0,0,0,0,0,0,0,0,0,0,5,1,1,1,0,0,1,0,0,0,0,0,0,0,0,0,0,0,1,0,0,0,0,0,0,0,0,0,0,0,2,1,1,0,0,1,0,0,14,3,1,0,0,0,0,0,1,5,4,0,0,0,12,0,1,0,0,0,0,0,0,10,1,0,0,0,0,0,2,0,0,0,0,0,0,0,0,0,0,0,0,2,0,0,0,0,0,0,0,0
"L35  8",2907,2859,0,0,0,0,0,0,0,0,0,0,0,0,13,1,3,0,7,0,0,0,0,0,0,1,1,0,0,0,0,0,0,0,0,0,0,0,0,0,0,0,0,0,0,2,1,1,0,0,0,0,10,3,0,2,0,0,0,0,0,4,1,0,0,0,18,0,3,3,0,0,0,1,0,11,0,0,0,0,0,0,0,0,0,0,0,0,0,0,0,0,0,0,0,0,0,0,0,0,4,4,0,0
"L35  9",1631,1613,0,0,0,0,0,0,0,0,0,0,0,0,3,0,1,0,1,0,0,0,0,1,0,0,0,0,0,0,0,0,0,0,0,0,0,0,0,0,0,0,0,0,2,2,0,0,0,0,0,0,7,1,0,1,0,0,1,0,0,0,4,0,0,0,4,0,0,0,0,0,0,0,0,4,0,0,0,0,0,0,0,0,0,0,0,0,0,0,0,0,0,0,0,0,0,0,0,0,0,0,0,0
"L36  0",4273,4253,0,1,1,0,0,0,0,0,0,1,0,0,3,0,2,1,0,0,0,0,0,0,0,0,0,0,0,0,0,0,0,0,0,0,0,0,0,0,0,0,0,0,0,1,1,0,0,1,0,0,4,0,0,2,0,0,0,0,1,1,0,0,0,0,8,0,4,4,0,0,0,0,0,0,0,0,0,0,0,0,0,0,0,0,0,0,0,0,0,0,0,0,0,0,0,0,0,0,1,1,0,0
"L36  1",2640,2624,0,1,0,0,0,0,0,0,1,1,0,0,5,0,0,4,1,0,0,0,0,0,0,0,0,0,0,0,0,0,0,0,0,0,0,0,0,0,0,0,0,0,0,0,1,0,0,1,0,0,4,4,0,0,0,0,0,0,0,0,0,0,0,0,2,0,2,0,0,0,0,0,0,0,0,0,0,0,0,0,1,0,0,0,0,0,0,0,0,0,0,0,1,0,0,0,1,1,0,0,0,0
"L36  2",4849,4804,3,1,0,0,0,0,0,1,0,0,0,4,16,0,0,8,3,0,0,3,0,0,0,0,0,0,0,0,0,0,2,0,2,1,0,0,0,1,0,0,0,0,2,1,0,0,0,0,0,0,10,0,0,0,0,0,0,0,0,0,9,1,0,0,6,0,0,6,0,0,0,0,0,0,0,0,0,0,0,0,0,0,0,0,0,0,0,0,0,0,0,0,0,0,0,0,0,0,0,0,0,0
"L36  3",4432,4404,0,0,0,0,0,0,0,0,0,0,1,1,13,0,2,7,0,0,1,0,0,0,2,0,0,0,0,0,0,0,0,1,0,0,0,0,0,0,0,0,0,0,2,1,0,0,0,0,0,0,0,0,0,0,0,0,0,0,0,0,0,0,0,0,5,0,0,2,0,0,0,0,0,3,0,0,0,0,0,0,0,0,0,0,0,0,0,0,0,0,0,0,0,0,0,0,1,1,4,1,0,3
"L36  4",6244,6207,6,0,0,0,0,0,0,0,0,0,0,3,10,1,1,3,0,0,0,2,0,3,0,0,0,0,0,0,0,0,0,0,0,0,0,0,0,0,0,0,0,0,1,6,3,0,0,3,0,0,2,1,0,0,0,0,0,0,0,0,1,0,0,0,5,0,2,0,0,0,1,1,0,1,0,0,0,0,0,0,0,0,0,0,0,0,0,0,0,0,0,0,0,0,0,0,0,0,1,1,0,0
"L36  5",4216,4194,0,0,0,0,0,0,0,0,0,0,0,4,6,1,1,2,1,0,0,0,0,0,0,1,0,0,0,0,0,0,0,0,1,0,0,0,0,1,0,0,0,0,1,0,0,0,0,0,0,0,2,0,1,1,0,0,0,0,0,0,0,0,0,0,4,0,3,1,0,0,0,0,0,0,0,0,0,0,0,0,0,0,0,0,0,0,0,0,0,0,0,0,0,0,0,0,0,0,4,3,0,1
"L36  6",2428,2421,1,1,0,0,0,1,0,0,0,0,0,0,0,0,0,0,0,0,0,0,0,0,0,0,0,0,0,0,0,0,0,0,0,0,0,0,0,0,0,0,0,0,2,0,0,0,0,0,0,0,0,0,0,0,0,0,0,0,0,0,0,0,0,0,1,0,0,0,0,0,0,1,0,0,0,0,0,0,0,0,0,0,0,0,0,0,0,0,0,0,0,0,0,0,0,0,0,0,2,2,0,0
"L36  7",3538,3502,0,0,0,0,0,0,0,0,0,1,0,0,12,0,2,9,0,0,0,1,0,0,0,0,0,0,0,0,0,0,0,0,0,0,0,0,0,0,0,0,0,1,0,0,6,0,3,3,0,0,10,2,0,1,0,0,3,0,0,0,4,0,0,0,5,0,3,1,0,0,0,0,0,1,0,0,0,0,0,0,0,0,0,0,0,0,0,0,0,0,0,0,0,0,0,0,0,0,1,0,0,1
"L36  8",4402,4364,0,0,0,0,0,0,0,0,0,0,1,1,16,0,2,7,0,0,0,0,0,1,6,0,0,0,0,0,0,0,0,0,0,0,0,0,0,0,0,0,0,0,2,0,0,0,0,0,0,0,3,0,0,0,0,1,0,0,0,2,0,0,0,0,3,0,0,2,0,0,0,1,0,0,0,0,0,0,0,0,9,0,0,0,0,0,4,0,0,0,0,4,1,0,0,0,1,1,2,2,0,0
"L36  9",1453,1449,0,0,0,0,0,0,0,0,0,1,0,0,1,0,0,0,1,0,0,0,0,0,0,0,0,0,0,0,0,0,0,0,0,0,0,0,0,0,0,0,0,0,0,0,0,0,0,0,0,0,1,0,1,0,0,0,0,0,0,0,0,0,0,0,0,0,0,0,0,0,0,0,0,0,0,0,0,0,0,0,0,0,0,0,0,0,0,0,0,0,0,0,0,0,0,0,0,0,1,1,0,0
"L37  1",2268,2254,0,0,0,0,0,0,0,0,0,2,0,2,5,0,2,1,0,0,0,0,0,0,0,2,0,0,0,0,0,0,0,0,0,0,0,0,0,0,0,0,0,0,1,0,0,0,0,0,0,0,3,0,3,0,0,0,0,0,0,0,0,0,0,0,0,0,0,0,0,0,0,0,0,0,0,0,0,0,0,0,0,0,0,0,0,0,0,0,0,0,0,0,0,0,0,0,0,0,1,0,0,1
"L37  2",4948,4907,0,0,0,0,0,0,0,0,0,5,3,6,14,2,4,5,0,0,0,0,0,0,0,0,3,0,0,0,0,0,0,0,1,0,0,0,0,1,0,0,0,1,3,1,0,0,0,0,0,0,2,0,2,0,0,0,0,0,0,0,0,0,0,0,2,0,0,2,0,0,0,0,0,0,0,0,0,0,0,0,3,0,0,0,0,0,0,0,1,0,0,2,0,0,0,0,0,0,0,0,0,0
"L37  3",4701,4661,0,0,0,0,0,0,0,0,0,0,1,0,26,4,5,11,1,0,0,0,0,0,0,1,1,1,1,1,0,0,0,0,0,0,0,0,0,0,0,0,0,0,0,0,1,1,0,0,0,0,2,0,0,0,0,0,0,0,0,1,0,1,0,0,9,2,1,2,1,0,0,2,0,0,1,0,0,0,0,0,0,0,0,0,0,0,0,0,0,0,0,0,0,0,0,0,1,1,0,0,0,0
"L37  4",2601,2572,1,0,0,0,0,0,0,0,0,1,0,0,14,1,0,6,0,0,0,0,0,2,0,1,3,0,1,0,0,0,0,0,0,0,0,0,0,0,0,0,0,0,0,0,0,0,0,0,0,0,6,0,0,0,0,2,0,0,0,4,0,0,0,0,7,0,0,7,0,0,0,0,0,0,0,0,0,0,0,0,0,0,0,0,0,0,0,0,0,0,0,0,0,0,0,0,0,0,0,0,0,0
"L37  5",210,209,0,0,0,0,0,0,0,0,0,0,0,0,0,0,0,0,0,0,0,0,0,0,0,0,0,0,0,0,0,0,0,0,0,0,0,0,0,0,0,0,0,0,0,0,0,0,0,0,0,0,0,0,0,0,0,0,0,0,0,0,0,0,0,0,1,0,0,0,0,0,0,0,0,1,0,0,0,0,0,0,0,0,0,0,0,0,0,0,0,0,0,0,0,0,0,0,0,0,0,0,0,0
"L37  6",2839,2801,0,0,0,0,0,0,0,0,0,1,0,0,13,2,2,9,0,0,0,0,0,0,0,0,0,0,0,0,0,0,0,0,0,0,0,0,0,0,0,0,0,3,2,0,0,0,0,0,0,0,7,4,0,0,0,3,0,0,0,0,0,0,0,0,9,0,0,0,2,0,3,0,0,4,0,0,0,0,0,0,1,1,0,0,0,0,0,0,0,0,0,0,0,0,0,0,1,1,1,1,0,0
"L37  7",3508,3453,1,1,1,0,0,0,0,0,0,1,5,4,25,2,5,10,0,0,0,1,0,0,0,2,1,0,4,0,0,0,0,0,1,0,0,0,0,1,0,0,0,1,1,0,0,0,0,0,0,0,2,0,0,0,0,2,0,0,0,0,0,0,0,0,13,2,4,6,0,0,0,0,0,0,1,0,0,0,0,0,0,0,0,0,0,0,0,0,0,0,0,0,0,0,0,0,0,0,0,0,0,0
"L37  8",1916,1903,0,1,0,0,0,0,0,1,0,0,0,1,7,0,2,0,0,0,0,0,0,1,2,1,0,1,0,0,0,0,0,0,0,0,0,0,0,0,0,0,0,0,0,0,0,0,0,0,0,0,0,0,0,0,0,0,0,0,0,0,0,0,0,0,4,0,0,1,1,0,0,0,0,0,2,0,0,0,0,0,0,0,0,0,0,0,0,0,0,0,0,0,0,0,0,0,0,0,0,0,0,0
"L38  0",510,507,0,0,0,0,0,0,0,0,0,0,0,0,2,0,1,1,0,0,0,0,0,0,0,0,0,0,0,0,0,0,0,0,0,0,0,0,0,0,0,0,0,0,0,1,0,0,0,0,0,0,0,0,0,0,0,0,0,0,0,0,0,0,0,0,0,0,0,0,0,0,0,0,0,0,0,0,0,0,0,0,0,0,0,0,0,0,0,0,0,0,0,0,0,0,0,0,0,0,0,0,0,0
"L38  1",286,283,0,0,0,0,0,0,0,0,0,0,0,0,2,0,0,2,0,0,0,0,0,0,0,0,0,0,0,0,0,0,0,0,0,0,0,0,0,0,0,0,0,0,0,0,0,0,0,0,0,0,1,0,0,0,0,0,0,0,0,0,1,0,0,0,0,0,0,0,0,0,0,0,0,0,0,0,0,0,0,0,0,0,0,0,0,0,0,0,0,0,0,0,0,0,0,0,0,0,0,0,0,0
"L38  3",327,324,0,0,0,0,0,0,0,0,0,0,0,0,1,0,0,0,0,0,1,0,0,0,0,0,0,0,0,0,0,0,0,0,0,0,0,0,0,0,0,0,0,0,0,0,1,0,0,1,0,0,0,0,0,0,0,0,0,0,0,0,0,0,0,0,0,0,0,0,0,0,0,0,0,0,0,0,0,0,0,0,1,0,0,0,0,0,0,0,0,0,0,1,0,0,0,0,0,0,0,0,0,0
"L38  6",217,217,0,0,0,0,0,0,0,0,0,0,0,0,0,0,0,0,0,0,0,0,0,0,0,0,0,0,0,0,0,0,0,0,0,0,0,0,0,0,0,0,0,0,0,0,0,0,0,0,0,0,0,0,0,0,0,0,0,0,0,0,0,0,0,0,0,0,0,0,0,0,0,0,0,0,0,0,0,0,0,0,0,0,0,0,0,0,0,0,0,0,0,0,0,0,0,0,0,0,0,0,0,0
"L38  9",1191,1179,1,0,0,0,0,0,0,0,0,0,0,1,0,0,0,0,0,0,0,0,0,0,0,0,0,0,0,0,0,0,0,0,0,0,0,0,0,0,0,0,0,0,1,0,0,0,0,0,0,0,5,0,0,0,0,0,2,3,0,0,0,0,0,0,4,0,0,3,0,0,0,0,1,0,0,0,0,0,0,0,0,0,0,0,0,0,0,0,0,0,0,0,0,0,0,0,0,0,0,0,0,0
"L39  0",1158,1155,0,0,0,0,0,0,0,0,0,0,1,0,0,0,0,0,0,0,0,0,0,0,0,0,0,0,0,0,0,0,0,0,0,0,0,0,0,0,0,0,0,0,0,1,0,0,0,0,0,0,0,0,0,0,0,0,0,0,0,0,0,0,0,0,0,0,0,0,0,0,0,0,0,0,0,0,0,0,0,0,1,0,0,0,0,0,0,0,0,0,0,0,0,0,0,1,0,0,0,0,0,0
"L39  1",4814,4722,0,1,0,0,0,0,0,1,0,2,15,0,40,0,4,26,0,0,1,0,0,7,0,1,0,1,0,0,0,0,0,0,0,0,0,0,0,0,0,0,0,2,1,0,6,0,5,1,0,0,12,0,0,1,0,2,0,0,0,2,2,5,0,0,13,1,0,4,0,0,0,2,0,6,0,0,0,0,0,0,0,0,0,0,0,0,0,0,0,0,0,0,0,0,0,0,0,0,0,0,0,0
"L39  2",3284,3242,0,0,0,0,0,0,0,0,0,0,1,4,21,0,0,2,1,3,0,1,9,2,0,1,1,0,1,0,0,0,0,0,1,0,1,0,0,0,0,0,0,0,0,1,0,0,0,0,0,0,1,0,0,0,0,1,0,0,0,0,0,0,0,0,9,0,3,3,0,0,0,2,0,1,0,0,0,0,0,0,4,0,0,0,0,0,0,0,0,0,0,4,0,0,0,0,0,0,0,0,0,0
"L39  3",3071,3029,1,0,0,0,0,0,0,0,0,0,12,2,17,2,0,13,1,0,0,0,0,0,0,0,0,0,1,0,0,0,0,0,0,0,0,0,0,0,0,0,0,0,0,0,0,0,0,0,0,0,4,0,0,4,0,0,0,0,0,0,0,0,0,0,2,0,2,0,0,0,0,0,0,0,0,0,0,0,0,0,1,1,0,0,0,0,0,0,0,0,0,0,0,0,0,0,0,0,3,3,0,0
"L39  4",6543,6462,6,0,0,0,0,0,0,0,0,3,5,1,25,0,6,2,4,1,0,1,0,1,2,4,3,0,0,0,0,0,1,0,1,0,0,0,0,1,0,0,0,1,2,2,1,0,0,1,0,0,16,2,1,0,0,1,0,0,1,2,7,2,0,0,15,1,3,3,1,0,0,1,1,0,5,0,0,0,0,0,2,0,0,1,0,0,0,0,0,0,0,0,0,1,0,0,0,0,1,0,1,0
"L39  5",4579,4534,1,0,0,0,0,0,0,0,0,1,6,4,15,1,0,5,4,1,0,0,2,1,0,1,0,0,0,0,0,0,0,0,0,0,0,0,0,0,0,0,0,0,0,1,0,0,0,0,0,0,10,0,2,2,0,0,0,0,0,4,0,0,0,2,3,0,2,0,1,0,0,0,0,0,0,0,0,0,0,0,1,0,0,0,0,0,0,0,0,0,0,0,0,0,0,1,1,1,2,2,0,0
"L39  6",2117,2108,0,0,0,0,0,0,0,0,0,0,1,1,2,0,0,0,0,0,0,0,0,0,0,0,0,0,2,0,0,0,0,0,0,0,0,0,0,0,0,0,0,0,0,0,0,0,0,0,0,0,2,0,0,1,0,0,0,0,0,0,0,1,0,0,2,0,0,0,0,0,2,0,0,0,0,0,0,0,0,0,0,0,0,0,0,0,0,0,0,0,0,0,0,0,0,0,0,0,1,0,1,0
"L39  7",1143,1136,0,0,0,0,0,0,0,0,0,0,5,0,2,0,0,2,0,0,0,0,0,0,0,0,0,0,0,0,0,0,0,0,0,0,0,0,0,0,0,0,0,0,0,0,0,0,0,0,0,0,0,0,0,0,0,0,0,0,0,0,0,0,0,0,0,0,0,0,0,0,0,0,0,0,0,0,0,0,0,0,0,0,0,0,0,0,0,0,0,0,0,0,0,0,0,0,0,0,0,0,0,0
"L39  8",1323,1307,0,0,0,0,0,0,0,0,0,2,0,0,6,1,0,4,0,0,0,1,0,0,0,0,0,0,0,0,0,0,0,0,1,0,0,1,0,0,0,0,0,0,0,0,0,0,0,0,0,0,0,0,0,0,0,0,0,0,0,0,0,0,0,0,5,1,0,4,0,0,0,0,0,0,0,0,0,0,0,0,1,0,0,0,0,0,0,0,1,0,0,0,0,0,0,0,1,1,0,0,0,0
"L4   0",2839,2725,1,4,2,0,0,0,0,0,2,3,4,3,35,0,0,27,0,2,0,0,1,2,0,0,2,0,0,1,0,0,0,0,0,0,0,0,0,0,0,0,0,3,0,4,5,0,4,0,0,1,15,1,1,1,0,0,0,0,0,12,0,0,0,0,31,3,2,20,0,0,1,0,0,5,0,0,0,0,0,0,6,1,0,0,0,0,2,0,0,0,0,2,0,0,0,1,0,0,0,0,0,0
"L4   1",3151,3071,0,0,0,0,0,0,0,0,0,2,0,0,24,1,1,18,0,0,2,0,0,0,0,2,0,0,0,0,0,0,0,0,0,0,0,0,0,0,0,0,0,0,10,6,2,0,0,2,0,0,6,0,1,0,0,0,0,0,0,5,0,0,0,0,24,3,3,8,0,0,0,1,0,9,0,0,0,0,0,0,3,0,1,0,0,0,0,1,0,0,0,1,0,0,0,0,0,0,3,2,0,1
"L4   2",5491,5316,0,0,0,0,0,0,0,0,0,10,4,3,57,4,5,34,0,4,1,4,1,0,0,3,0,0,0,1,0,0,0,0,0,0,0,0,0,0,0,0,0,0,0,23,4,0,1,2,0,1,20,3,1,2,0,0,0,0,0,9,0,4,1,0,47,21,1,12,0,0,0,0,0,13,0,0,0,0,0,0,2,0,0,0,0,0,0,0,0,0,0,0,1,0,0,1,0,0,5,5,0,0
"L4   3",3489,3373,0,1,1,0,0,0,0,0,0,3,1,1,68,0,2,59,0,2,1,3,0,0,0,0,1,0,0,0,0,0,0,0,1,1,0,0,0,0,0,0,0,2,0,7,8,0,1,7,0,0,7,4,2,0,0,0,0,0,0,1,0,0,0,0,8,0,0,8,0,0,0,0,0,0,0,0,0,0,0,0,7,0,0,0,0,0,0,0,0,0,0,2,0,0,0,5,0,0,2,2,0,0
"L4   4",3849,3684,1,0,0,0,0,0,0,0,0,11,0,1,67,2,2,48,3,6,0,0,0,0,0,3,3,0,0,0,0,0,0,0,2,1,0,0,1,0,0,0,0,5,3,4,13,0,8,5,0,0,16,4,0,0,0,2,0,0,0,10,0,0,0,0,23,7,6,10,0,0,0,0,0,0,0,0,0,0,0,0,17,0,0,0,0,1,5,0,1,0,1,9,0,0,0,0,2,2,0,0,0,0
"L4   5",5919,5779,1,0,0,0,0,0,0,0,0,0,0,1,52,0,1,34,3,7,3,1,0,0,0,0,2,0,0,0,1,0,0,0,2,1,0,0,0,1,0,0,0,1,3,17,4,0,4,0,0,0,27,8,0,4,0,0,0,0,0,10,4,1,0,0,26,7,3,13,0,0,3,0,0,0,0,0,0,0,0,0,0,0,0,0,0,0,0,0,0,0,0,0,0,0,0,0,0,0,6,4,2,0
"L4   6",2712,2675,1,1,0,0,0,0,0,1,0,0,1,0,9,2,0,1,1,0,0,0,0,5,0,0,0,0,0,0,0,0,0,0,3,3,0,0,0,0,0,0,0,3,0,1,0,0,0,0,0,0,4,1,0,0,0,0,0,0,0,3,0,0,0,0,12,2,3,5,0,0,0,0,0,2,0,0,0,0,0,0,0,0,0,0,0,0,0,0,0,0,0,0,0,0,0,0,0,0,2,2,0,0
"L4   7",3356,3332,3,0,0,0,0,0,0,0,0,0,0,0,6,0,0,2,0,0,0,0,0,0,0,4,0,0,0,0,0,0,0,0,0,0,0,0,0,0,0,0,0,0,2,4,0,0,0,0,0,0,4,0,0,0,0,0,0,0,0,4,0,0,0,0,4,0,0,3,0,0,0,0,0,1,0,0,0,0,0,0,0,0,0,0,0,0,0,0,0,0,0,0,0,0,0,0,0,0,1,1,0,0
"L4   8",2580,2546,0,0,0,0,0,0,0,0,0,2,0,0,8,0,0,8,0,0,0,0,0,0,0,0,0,0,0,0,0,0,0,0,0,0,0,0,0,0,0,0,0,3,0,10,0,0,0,0,0,0,0,0,0,0,0,0,0,0,0,0,0,0,0,0,7,1,3,3,0,0,0,0,0,0,0,0,0,0,0,0,0,0,0,0,0,0,0,0,0,0,0,0,0,0,0,0,1,1,3,2,1,0
"L4   9",5285,5210,0,0,0,0,0,0,0,0,0,2,8,0,35,0,1,20,0,1,4,0,0,0,0,2,0,0,0,0,6,0,1,0,2,2,0,0,0,0,0,0,0,1,1,3,3,0,0,3,0,0,1,0,0,0,0,0,0,0,0,0,1,0,0,0,8,1,2,1,0,0,0,0,0,0,4,0,0,0,0,0,8,0,0,0,0,0,1,1,0,0,0,4,0,0,0,2,1,1,2,1,0,1
"L40  0",1175,1172,0,0,0,0,0,0,0,0,0,0,0,0,1,0,1,0,0,0,0,0,0,0,0,0,0,0,0,0,0,0,0,0,0,0,0,0,0,0,0,0,0,0,0,0,0,0,0,0,0,0,0,0,0,0,0,0,0,0,0,0,0,0,0,0,2,0,0,0,0,0,0,2,0,0,0,0,0,0,0,0,0,0,0,0,0,0,0,0,0,0,0,0,0,0,0,0,0,0,0,0,0,0
"L40  1",1999,1987,0,0,0,0,0,0,0,0,0,1,3,0,4,0,0,4,0,0,0,0,0,0,0,0,0,0,0,0,0,0,0,0,0,0,0,0,0,0,0,0,0,0,0,0,1,0,0,1,0,0,2,0,2,0,0,0,0,0,0,0,0,0,0,0,1,0,1,0,0,0,0,0,0,0,0,0,0,0,0,0,0,0,0,0,0,0,0,0,0,0,0,0,0,0,0,0,0,0,0,0,0,0
"L40  2",1024,1021,0,0,0,0,0,0,0,0,0,0,0,1,1,1,0,0,0,0,0,0,0,0,0,0,0,0,0,0,0,0,0,0,0,0,0,0,0,0,0,0,0,0,0,0,0,0,0,0,0,0,1,1,0,0,0,0,0,0,0,0,0,0,0,0,0,0,0,0,0,0,0,0,0,0,0,0,0,0,0,0,0,0,0,0,0,0,0,0,0,0,0,0,0,0,0,0,0,0,0,0,0,0
"L40  3",1180,1171,1,0,0,0,0,0,0,0,0,1,0,2,4,1,1,0,0,0,0,0,2,0,0,0,0,0,0,0,0,0,0,0,0,0,0,0,0,0,0,0,0,0,0,0,0,0,0,0,0,0,1,0,0,1,0,0,0,0,0,0,0,0,0,0,0,0,0,0,0,0,0,0,0,0,0,0,0,0,0,0,0,0,0,0,0,0,0,0,0,0,0,0,0,0,0,0,0,0,0,0,0,0
"L40  4",1605,1588,0,0,0,0,0,0,0,0,0,0,0,0,7,2,2,3,0,0,0,0,0,0,0,0,0,0,0,0,0,0,0,0,0,0,0,0,0,0,0,0,0,0,1,1,0,0,0,0,0,0,0,0,0,0,0,0,0,0,0,0,0,0,0,0,7,0,0,1,0,0,0,0,0,4,2,0,0,0,0,0,1,0,0,0,0,0,0,0,0,0,0,0,0,1,0,0,0,0,0,0,0,0
"L40  5",2530,2498,0,0,0,0,0,0,0,0,0,0,5,1,9,3,1,5,0,0,0,0,0,0,0,0,0,0,0,0,0,0,0,0,0,0,0,0,0,0,0,0,0,2,0,1,0,0,0,0,0,0,7,5,0,2,0,0,0,0,0,0,0,0,0,0,6,0,0,0,0,0,0,1,0,5,0,0,0,0,0,0,0,0,0,0,0,0,0,0,0,0,0,0,0,0,0,0,0,0,1,1,0,0
"L40  6",1023,1014,0,0,0,0,0,0,0,0,0,0,0,0,6,0,1,5,0,0,0,0,0,0,0,0,0,0,0,0,0,0,0,0,0,0,0,0,0,0,0,0,0,1,0,0,1,0,0,1,0,0,0,0,0,0,0,0,0,0,0,0,0,0,0,0,1,1,0,0,0,0,0,0,0,0,0,0,0,0,0,0,0,0,0,0,0,0,0,0,0,0,0,0,0,0,0,0,0,0,0,0,0,0
"L40  7",4756,4705,3,0,0,0,0,0,0,0,0,1,9,1,14,1,1,12,0,0,0,0,0,0,0,0,0,0,0,0,0,0,0,0,1,0,1,0,0,0,0,0,0,3,2,6,0,0,0,0,0,0,7,0,0,0,0,0,0,3,0,0,4,0,0,0,1,0,1,0,0,0,0,0,0,0,0,0,0,0,0,0,3,0,0,0,0,0,0,0,0,0,0,0,2,0,0,1,0,0,0,0,0,0
"L40  8",999,993,0,0,0,0,0,0,0,0,0,0,0,1,2,0,0,2,0,0,0,0,0,0,0,0,0,0,0,0,0,0,0,0,0,0,0,0,0,0,0,0,0,0,0,1,0,0,0,0,0,0,0,0,0,0,0,0,0,0,0,0,0,0,0,0,2,0,0,2,0,0,0,0,0,0,0,0,0,0,0,0,0,0,0,0,0,0,0,0,0,0,0,0,0,0,0,0,0,0,0,0,0,0
"L40  9",1242,1239,0,0,0,0,0,0,0,0,0,0,0,2,1,1,0,0,0,0,0,0,0,0,0,0,0,0,0,0,0,0,0,0,0,0,0,0,0,0,0,0,0,0,0,0,0,0,0,0,0,0,0,0,0,0,0,0,0,0,0,0,0,0,0,0,0,0,0,0,0,0,0,0,0,0,0,0,0,0,0,0,0,0,0,0,0,0,0,0,0,0,0,0,0,0,0,0,0,0,0,0,0,0
"L5   0",1812,1764,0,0,0,0,0,0,0,0,0,2,1,1,8,0,0,7,0,0,0,0,0,0,1,0,0,0,0,0,0,0,0,0,0,0,0,0,0,0,0,0,0,1,2,3,3,0,3,0,0,0,11,6,0,3,0,0,0,0,0,0,2,0,0,0,5,0,2,0,0,0,0,1,0,2,0,0,0,0,0,0,7,0,0,3,0,0,0,0,0,1,0,2,0,1,0,0,1,1,3,3,0,0
"L5   1",513,492,0,0,0,0,0,0,0,0,0,0,0,1,2,0,0,0,1,0,0,0,1,0,0,0,0,0,0,0,0,0,0,0,0,0,0,0,0,0,0,0,0,0,0,12,1,0,1,0,0,0,1,0,0,0,0,0,0,0,0,1,0,0,0,0,2,0,0,1,1,0,0,0,0,0,0,0,0,0,0,0,2,0,0,0,0,0,0,0,0,1,0,0,0,0,0,1,0,0,0,0,0,0
"L5   2",779,748,1,0,0,0,0,0,0,0,0,0,2,0,10,1,0,0,1,0,0,0,3,0,5,0,0,0,0,0,0,0,0,0,0,0,0,0,0,0,0,0,0,0,7,3,0,0,0,0,0,0,1,0,0,0,0,1,0,0,0,0,0,0,0,0,2,0,1,0,0,0,0,0,0,0,1,0,0,0,0,0,3,0,0,0,0,0,0,0,0,0,0,2,0,0,0,1,2,2,0,0,0,0
"L5   3",1616,1473,0,0,0,0,0,0,0,0,0,1,5,4,57,1,3,35,2,0,1,1,0,2,0,11,0,0,0,0,0,0,1,0,0,0,0,0,0,0,0,0,0,2,0,32,2,0,1,1,0,0,10,1,4,0,0,5,0,0,0,0,0,0,0,0,25,7,6,7,0,0,0,0,2,2,1,0,0,0,0,0,4,0,0,0,0,0,0,1,0,0,0,3,0,0,0,0,1,1,0,0,0,0
"L5   4",1264,1238,0,0,0,0,0,0,0,0,0,0,1,0,13,0,0,12,1,0,0,0,0,0,0,0,0,0,0,0,0,0,0,0,1,0,0,1,0,0,0,0,0,0,0,0,0,0,0,0,0,0,4,0,0,0,0,0,0,0,0,0,4,0,0,0,5,0,0,3,0,0,0,2,0,0,0,0,0,0,0,0,2,0,0,0,0,0,0,0,0,0,0,0,0,0,0,2,0,0,0,0,0,0
"L5   5",818,758,0,0,0,0,0,0,0,0,0,6,0,0,23,0,0,13,5,0,3,0,0,2,0,0,0,0,0,0,0,0,0,0,0,0,0,0,0,0,0,0,0,0,0,16,1,0,1,0,0,0,5,0,0,0,0,0,0,0,3,2,0,0,0,0,5,0,0,5,0,0,0,0,0,0,0,0,0,0,0,0,0,0,0,0,0,0,0,0,0,0,0,0,0,0,0,0,2,2,2,1,0,1
"L5   6",2186,2087,0,0,0,0,0,0,0,0,0,4,1,3,39,0,2,24,7,0,1,0,0,0,4,0,0,1,0,0,0,0,0,0,0,0,0,0,0,0,0,0,0,0,9,5,2,0,1,1,0,0,1,0,0,0,0,0,0,0,0,1,0,0,0,0,29,1,11,12,1,0,0,0,0,2,2,0,0,0,0,0,6,0,0,0,0,0,0,1,1,0,0,0,0,0,0,4,0,0,0,0,0,0
"L5   7",1294,1220,0,0,0,0,0,0,0,0,0,4,1,1,32,0,1,14,6,2,0,0,3,0,0,0,0,0,0,0,6,0,0,0,0,0,0,0,0,0,0,0,0,1,1,5,12,0,1,3,8,0,8,0,0,0,0,0,0,0,0,8,0,0,0,0,7,2,1,4,0,0,0,0,0,0,0,0,0,0,0,0,0,0,0,0,0,0,0,0,0,0,0,0,0,0,0,0,2,2,0,0,0,0
"L5   8",772,745,0,0,0,0,0,0,0,0,0,1,0,1,14,0,0,9,0,0,0,0,0,3,2,0,0,0,0,0,0,0,0,0,1,1,0,0,0,0,0,0,0,0,5,5,0,0,0,0,0,0,0,0,0,0,0,0,0,0,0,0,0,0,0,0,0,0,0,0,0,0,0,0,0,0,0,0,0,0,0,0,0,0,0,0,0,0,0,0,0,0,0,0,0,0,0,0,0,0,0,0,0,0
"L5   9",953,938,1,0,0,0,0,0,0,0,0,0,0,0,6,0,0,4,0,0,1,1,0,0,0,0,0,0,0,0,0,0,0,0,0,0,0,0,0,0,0,0,0,0,2,3,0,0,0,0,0,0,0,0,0,0,0,0,0,0,0,0,0,0,0,0,2,2,0,0,0,0,0,0,0,0,0,0,0,0,0,0,1,0,0,0,0,0,0,0,0,0,0,1,0,0,0,0,0,0,0,0,0,0
"L6   0",2604,2472,1,0,0,0,0,0,0,0,0,0,0,2,45,0,0,33,4,3,0,1,0,0,2,1,0,0,0,1,0,0,0,0,1,1,0,0,0,0,0,0,0,1,0,11,17,0,5,5,0,7,21,6,0,0,0,0,0,0,0,6,9,0,0,0,24,10,5,1,0,0,0,1,1,3,3,0,0,0,0,0,7,0,0,0,0,0,5,0,0,0,0,0,1,0,0,1,2,2,0,0,0,0
"L6   1",2522,2181,8,0,0,0,0,0,0,0,0,11,2,7,72,3,11,11,0,8,7,3,1,0,10,6,2,6,0,0,2,0,0,2,1,0,0,0,0,1,0,0,0,3,2,16,16,0,1,12,1,2,20,4,1,0,0,1,0,1,0,0,8,3,0,2,166,10,9,141,1,0,0,4,1,0,0,0,0,0,0,0,17,0,1,2,0,0,2,3,0,2,0,2,2,0,0,3,0,0,0,0,0,0
"L6   2",2318,2228,1,0,0,0,0,0,0,0,0,0,1,0,45,0,2,25,6,4,0,5,0,2,0,0,1,0,0,0,0,0,0,0,1,0,1,0,0,0,0,0,0,3,0,3,0,0,0,0,0,0,6,0,0,0,0,3,0,0,0,3,0,0,0,0,26,0,9,8,0,0,0,2,0,6,1,0,0,0,0,0,4,0,0,0,0,0,0,0,1,0,0,1,0,0,0,2,0,0,0,0,0,0
"L6   3",1949,1625,0,0,0,0,0,0,0,0,0,16,3,3,120,2,3,68,14,10,2,11,4,1,0,3,0,0,1,0,0,1,0,0,0,0,0,0,0,0,0,0,0,3,4,36,55,0,25,24,4,2,4,0,2,0,0,0,0,0,0,0,2,0,0,0,37,2,2,32,0,0,0,0,0,1,0,0,0,0,0,0,36,0,0,12,0,0,0,0,5,1,0,3,0,5,0,10,4,4,3,3,0,0
"L6   4",3495,3188,0,0,0,0,0,0,0,0,0,17,2,1,127,0,1,61,17,19,1,10,11,3,0,2,1,0,0,1,0,0,0,0,4,0,0,1,0,3,0,0,0,2,5,62,8,0,4,4,0,0,16,0,0,0,0,5,2,0,0,4,5,0,0,0,35,8,9,14,0,1,2,1,0,0,0,0,0,0,0,0,27,2,0,5,4,0,6,0,1,0,0,1,0,0,0,8,1,1,0,0,0,0
"L6   5",2695,2522,4,2,2,0,0,0,0,0,0,13,4,1,47,2,1,19,10,5,7,2,0,0,1,0,0,0,0,0,0,0,0,0,0,0,0,0,0,0,0,0,0,4,1,14,12,0,5,6,1,0,40,3,3,2,0,1,0,0,0,11,16,0,0,4,22,5,0,7,0,0,2,0,1,7,0,0,0,0,0,0,7,3,0,0,0,0,0,0,0,0,1,2,0,0,1,0,0,0,2,1,1,0
"L6   6",3369,2802,2,0,0,0,0,0,0,0,0,28,3,6,202,1,6,93,55,15,7,19,4,0,0,1,0,0,0,1,0,0,0,0,10,8,0,2,0,0,0,0,0,8,0,35,25,0,9,8,7,1,101,18,8,0,0,7,4,0,0,15,41,2,5,1,68,9,5,47,0,0,2,0,1,4,0,0,0,0,0,0,75,0,0,1,0,17,6,6,14,0,0,12,0,5,3,11,1,1,3,3,0,0
"L6   7",618,504,0,1,1,0,0,0,0,0,0,12,4,0,56,0,2,35,0,1,0,9,3,1,1,3,0,0,0,1,0,0,0,0,8,6,0,0,0,2,0,0,0,1,0,14,8,0,7,1,0,0,0,0,0,0,0,0,0,0,0,0,0,0,0,0,5,0,0,5,0,0,0,0,0,0,0,0,0,0,0,0,5,0,2,2,0,0,0,0,0,0,0,1,0,0,0,0,0,0,0,0,0,0
"L6   8",1878,1716,0,0,0,0,0,0,0,0,0,11,2,5,74,2,3,37,2,0,7,13,0,0,0,4,2,0,0,4,0,0,0,0,0,0,0,0,0,0,0,0,0,1,2,24,14,0,2,6,6,0,5,1,1,1,0,2,0,0,0,0,0,0,0,0,11,2,0,8,0,0,0,0,0,1,0,0,0,0,0,0,11,0,0,2,0,0,0,0,1,1,2,4,0,0,0,1,1,1,1,0,0,1
"L6   9",1363,1216,0,0,0,0,0,0,0,0,0,5,2,3,34,1,0,13,5,12,0,2,0,1,0,0,0,0,0,0,0,0,0,0,0,0,0,0,0,0,0,0,0,0,0,12,8,0,3,4,0,1,32,4,0,0,0,5,3,0,0,5,15,0,0,0,22,5,0,3,0,0,0,0,0,11,3,0,0,0,0,0,28,0,0,1,0,4,0,0,1,0,0,8,0,8,4,2,1,1,0,0,0,0
"L7   0",3168,2697,2,0,0,0,0,0,0,0,0,20,3,8,223,1,8,126,29,18,2,20,4,5,2,3,1,0,2,0,1,0,0,1,5,3,0,0,2,0,0,0,0,10,13,25,17,0,12,4,0,1,30,5,4,8,0,0,0,0,0,9,0,0,4,0,61,11,5,25,0,0,1,1,0,17,1,0,0,0,0,0,53,0,2,3,0,1,12,0,5,2,8,10,0,1,1,8,1,1,0,0,0,0
"L7   1",218,177,1,0,0,0,0,0,0,0,0,1,0,0,24,0,0,14,2,0,1,6,0,0,0,1,0,0,0,0,0,0,0,0,0,0,0,0,0,0,0,0,0,3,0,0,3,0,3,0,0,0,1,0,0,0,0,0,0,0,0,0,0,1,0,0,7,0,0,5,0,0,0,0,2,0,0,0,0,0,0,0,0,0,0,0,0,0,0,0,0,0,0,0,0,0,0,0,0,0,1,0,0,1
"L7   2",1837,1459,0,2,2,0,0,0,0,0,0,4,4,7,94,3,0,29,41,12,0,4,3,0,1,1,0,0,0,0,0,0,0,0,2,0,2,0,0,0,0,0,0,2,6,40,16,0,7,5,4,0,71,5,4,5,0,3,0,0,0,18,17,16,3,0,56,1,11,39,0,0,1,0,0,4,0,0,0,0,0,0,72,0,21,4,0,5,1,4,3,0,8,14,0,3,0,9,2,2,0,0,0,0
"L7   3",2741,1944,3,3,2,0,0,0,0,0,1,12,0,8,83,5,5,27,6,6,3,3,0,0,0,24,1,1,0,0,0,0,1,1,9,8,0,0,0,1,0,0,0,4,0,123,38,0,22,11,3,2,85,13,13,1,0,17,3,2,13,4,7,2,0,10,385,25,8,321,3,1,8,1,17,1,0,0,0,0,0,0,41,0,0,27,0,3,0,3,1,0,3,2,0,1,0,1,3,3,0,0,0,0
"L7   4",424,286,0,0,0,0,0,0,0,0,0,2,0,2,35,0,0,15,7,7,1,0,0,0,3,1,0,0,1,0,0,0,0,0,1,0,0,1,0,0,0,0,0,5,1,21,18,0,12,6,0,0,14,3,1,0,0,8,0,0,0,0,0,0,0,2,20,0,5,13,0,0,0,2,0,0,0,0,0,0,0,0,19,0,0,7,0,4,0,0,1,0,5,0,0,0,2,0,0,0,0,0,0,0
"L7   5",919,785,0,0,0,0,0,0,0,0,0,10,4,2,8,0,0,2,0,0,0,2,1,0,2,0,0,0,0,0,0,1,0,0,0,0,0,0,0,0,0,0,0,1,0,25,19,0,16,2,1,0,14,5,0,0,0,2,2,0,0,1,0,4,0,0,32,2,7,20,0,0,0,0,0,0,3,0,0,0,0,0,19,2,2,4,0,0,0,1,1,0,0,5,0,0,4,0,0,0,0,0,0,0
"L7   6",1802,1414,1,0,0,0,0,0,0,0,0,8,5,3,101,0,0,54,25,18,0,0,4,0,0,0,0,0,0,0,0,0,0,0,2,1,0,1,0,0,0,0,0,12,1,65,35,0,21,8,6,0,66,6,3,4,0,15,9,0,8,2,1,7,10,1,50,3,21,13,0,0,2,1,6,4,0,0,0,0,0,0,37,0,8,11,0,0,0,1,3,0,0,6,0,3,0,5,0,0,2,2,0,0
"L7   7",2439,1600,7,0,0,0,0,0,0,0,0,17,3,14,55,5,9,6,2,3,2,6,0,2,6,10,1,2,0,1,0,0,0,0,21,2,0,6,0,13,0,0,0,11,3,50,32,0,15,16,0,1,30,3,10,0,0,2,0,0,0,5,3,7,0,0,576,36,10,491,2,8,11,5,9,1,3,0,0,0,0,0,19,0,0,12,0,0,0,3,1,0,0,0,0,3,0,0,0,0,1,0,1,0
"L7   8",3578,2987,4,0,0,0,0,0,0,0,0,6,1,47,104,1,10,36,0,6,1,22,1,9,8,4,3,1,0,0,0,1,0,1,3,2,0,0,0,1,0,0,0,3,8,23,17,0,5,9,2,1,116,8,39,1,0,6,1,3,10,6,36,3,0,3,207,16,13,94,0,0,0,5,65,13,1,0,0,0,0,0,49,0,5,0,0,4,0,5,13,0,0,5,0,15,0,2,1,1,2,2,0,0
"L7   9",344,308,0,0,0,0,0,0,0,0,0,11,0,3,3,0,0,2,1,0,0,0,0,0,0,0,0,0,0,0,0,0,0,0,0,0,0,0,0,0,0,0,0,0,0,11,0,0,0,0,0,0,1,0,0,0,0,0,0,0,1,0,0,0,0,0,4,0,1,3,0,0,0,0,0,0,0,0,0,0,0,0,2,0,0,0,0,0,2,0,0,0,0,0,0,0,0,0,0,0,1,1,0,0
"L8   0",6902,4845,4,0,0,0,0,0,0,0,0,55,21,25,261,4,12,138,21,19,8,15,10,9,0,3,11,2,1,2,4,0,2,0,15,12,0,1,0,2,1,1,0,26,19,581,292,0,210,52,24,6,158,34,12,18,0,46,1,0,0,29,10,3,0,5,126,11,19,56,0,0,6,4,9,17,4,0,1,2,2,0,450,6,25,333,0,5,9,1,16,2,3,20,0,3,8,19,10,10,10,6,4,0
"L8   1",1140,869,0,0,0,0,0,0,0,0,0,8,6,4,19,0,3,10,0,0,2,0,0,1,0,2,0,1,0,0,0,0,0,0,6,3,0,0,0,3,0,0,0,1,1,49,30,0,23,6,1,0,10,1,0,2,0,5,0,0,0,2,0,0,0,0,57,6,18,25,0,0,1,0,4,1,2,0,0,0,0,0,79,2,1,70,0,0,0,2,0,0,1,0,0,0,2,1,0,0,1,1,0,0
"L8   2",1676,1098,0,1,1,0,0,0,0,0,0,4,3,4,32,3,2,4,7,7,1,2,0,0,0,3,1,0,0,2,0,0,0,0,7,7,0,0,0,0,0,0,0,1,1,124,78,0,57,10,9,2,34,6,0,6,0,20,0,0,0,0,2,0,0,0,28,1,10,4,1,2,4,1,3,0,2,0,0,0,0,0,260,2,6,232,1,1,0,2,3,5,2,2,0,1,1,2,1,1,0,0,0,0
"L8   3",2621,2244,1,0,0,0,0,0,0,0,0,14,9,6,62,5,15,26,0,3,0,3,0,0,2,2,4,1,0,0,1,0,0,0,2,0,0,0,0,2,0,0,0,9,2,104,64,0,53,11,0,0,15,4,0,0,0,1,1,0,0,8,0,0,1,0,25,11,3,8,0,0,1,1,1,0,0,0,0,0,0,0,55,10,1,34,0,0,0,0,0,0,1,3,0,0,0,6,7,7,2,0,0,2
"L8   4",3871,3607,0,0,0,0,0,0,0,0,0,24,4,4,58,6,1,27,4,2,13,0,0,1,0,2,0,1,0,0,0,0,1,0,2,0,2,0,0,0,0,0,0,3,7,83,20,0,14,5,0,1,14,2,0,0,0,1,0,0,0,0,5,3,3,0,26,2,5,8,3,0,0,2,4,2,0,0,0,0,0,0,19,3,6,4,0,0,0,0,0,0,0,1,0,0,0,5,0,0,0,0,0,0
"L8   5",1785,1672,0,1,1,0,0,0,0,0,0,7,4,2,22,1,0,10,1,5,0,0,3,0,0,0,0,0,1,0,0,1,0,0,0,0,0,0,0,0,0,0,0,3,0,19,15,0,7,8,0,0,6,0,1,0,0,1,0,0,1,3,0,0,0,0,20,2,4,10,0,1,0,2,0,1,0,0,0,0,0,0,14,0,0,10,0,0,0,0,0,0,0,3,0,0,0,1,0,0,0,0,0,0
"L8   6",2285,2137,2,0,0,0,0,0,0,0,0,12,6,4,36,2,0,26,1,2,2,2,0,0,0,0,0,0,0,1,0,0,0,0,2,1,0,0,0,1,0,0,0,0,3,19,11,0,8,3,0,0,9,0,2,0,0,0,0,0,0,3,0,0,4,0,38,3,14,17,0,0,3,0,1,0,0,0,0,0,0,0,6,0,0,4,0,0,1,0,0,0,0,0,0,0,1,0,0,0,0,0,0,0
"L8   7",4371,3236,4,1,1,0,0,0,0,0,0,25,19,49,98,14,14,12,2,2,7,3,9,8,5,13,0,1,3,0,2,1,0,2,14,1,0,0,0,13,0,0,0,4,4,197,105,1,60,33,5,6,67,18,6,4,0,10,7,0,4,6,4,4,0,4,490,21,37,398,1,4,2,6,20,1,0,0,0,0,0,0,54,0,1,32,0,0,0,4,3,0,0,4,0,3,2,5,3,3,1,0,1,0
"L8   8",4106,3247,0,2,1,0,0,0,0,1,0,27,16,10,47,4,4,9,1,7,1,14,1,0,0,4,1,1,0,0,0,0,0,0,6,6,0,0,0,0,0,0,0,6,7,190,112,0,71,27,12,2,126,45,12,4,0,35,0,0,1,26,2,1,0,0,85,16,15,31,0,1,1,1,9,9,2,0,0,0,0,0,225,2,12,150,0,0,7,0,5,0,6,5,0,6,2,30,0,0,0,0,0,0
"L8   9",2438,2314,0,0,0,0,0,0,0,0,0,2,2,1,64,1,0,45,4,3,2,5,2,0,1,0,0,0,0,0,0,0,0,1,0,0,0,0,0,0,0,0,0,4,2,13,6,0,0,5,1,0,17,8,0,0,0,0,0,0,2,2,0,0,0,5,12,3,1,6,0,0,0,2,0,0,0,0,0,0,0,0,1,0,0,0,0,0,0,0,0,0,0,0,0,0,0,1,0,0,0,0,0,0
"L9   0",3937,3886,0,0,0,0,0,0,0,0,0,0,1,2,21,2,1,12,0,0,0,3,1,0,0,1,0,0,0,0,0,0,1,0,0,0,0,0,0,0,0,0,0,0,3,4,0,0,0,0,0,0,12,0,2,0,0,2,0,0,0,0,7,1,0,0,3,0,0,1,0,0,0,1,1,0,0,0,0,1,1,0,3,0,0,0,0,0,3,0,0,0,0,0,0,0,0,0,0,0,1,1,0,0
"L9   1",6168,5931,1,2,2,0,0,0,0,0,0,22,1,1,101,0,1,90,0,1,3,2,1,1,0,1,1,0,0,0,0,0,0,0,1,0,1,0,0,0,0,0,0,5,3,24,21,0,16,4,0,1,13,1,0,0,0,0,0,0,0,4,8,0,0,0,29,0,11,11,0,0,0,1,5,1,0,0,0,0,0,0,8,0,0,2,1,0,1,0,0,1,0,3,0,0,0,0,3,3,2,1,0,1
"L9   2",2694,2631,0,1,1,0,0,0,0,0,0,1,3,1,23,0,7,9,1,0,1,2,2,0,0,1,0,0,0,0,0,0,0,0,0,0,0,0,0,0,0,0,0,0,5,0,1,0,0,1,0,0,19,4,0,0,0,1,0,0,1,2,11,0,0,0,2,0,1,0,0,1,0,0,0,0,0,0,0,0,0,0,1,0,0,0,0,0,0,0,0,0,0,0,1,0,0,0,0,0,6,5,0,1
"L9   3",3450,3387,7,0,0,0,0,0,0,0,0,0,2,2,11,2,0,5,0,0,0,2,0,1,0,0,0,1,0,0,0,0,0,0,0,0,0,0,0,0,0,0,0,0,2,12,8,0,8,0,0,0,13,6,0,0,0,7,0,0,0,0,0,0,0,0,4,0,3,1,0,0,0,0,0,0,0,0,0,0,0,0,0,0,0,0,0,0,0,0,0,0,0,0,0,0,0,0,0,0,2,2,0,0
"L9   4",847,826,0,0,0,0,0,0,0,0,0,1,0,0,6,0,0,5,1,0,0,0,0,0,0,0,0,0,0,0,0,0,0,0,0,0,0,0,0,0,0,0,0,0,1,0,0,0,0,0,0,0,6,0,0,0,0,0,0,0,0,1,5,0,0,0,5,0,0,5,0,0,0,0,0,0,0,0,0,0,0,0,2,0,0,0,1,1,0,0,0,0,0,0,0,0,0,0,0,0,0,0,0,0
"L9   6",3355,3207,2,0,0,0,0,0,0,0,0,1,0,5,41,0,2,25,4,7,2,0,0,0,0,0,1,0,0,0,0,0,0,0,0,0,0,0,0,0,0,0,0,0,0,6,10,0,2,3,1,4,59,0,0,1,0,3,0,0,0,7,46,0,0,2,15,0,6,6,0,0,0,0,0,3,0,0,0,0,0,0,8,0,0,1,0,0,0,0,0,0,0,6,0,0,0,1,1,1,0,0,0,0
"L9   7",1703,1615,28,0,0,0,0,0,0,0,0,0,1,1,17,0,4,6,0,1,6,0,0,0,0,0,0,0,0,0,0,0,0,0,0,0,0,0,0,0,0,0,0,0,0,0,0,0,0,0,0,0,22,8,0,0,0,0,1,0,0,2,11,0,0,0,16,1,6,5,0,0,3,1,0,0,0,0,0,0,0,0,0,0,0,0,0,0,0,0,0,0,0,0,0,0,0,0,1,1,2,1,0,1
"L9   8",4414,4358,1,0,0,0,0,0,0,0,0,0,1,1,13,1,0,7,2,0,0,1,0,0,0,0,1,1,0,0,0,0,0,0,0,0,0,0,0,0,0,0,0,0,1,1,4,0,4,0,0,0,5,0,0,2,0,0,0,0,0,3,0,0,0,0,23,0,3,11,0,0,2,0,0,7,0,0,0,0,0,0,1,0,0,0,0,0,0,0,0,0,0,0,0,0,0,1,0,0,5,5,0,0
"L9   9",4836,4699,1,0,0,0,0,0,0,0,0,1,0,1,32,1,2,27,0,0,0,0,0,1,0,1,0,0,0,0,0,0,0,0,1,1,0,0,0,0,0,0,0,0,1,17,8,0,3,3,2,0,46,2,6,1,0,0,2,0,2,5,28,0,0,0,23,0,5,13,0,0,2,2,0,0,1,0,0,0,0,0,3,0,0,0,0,1,0,1,0,0,0,1,0,0,0,0,0,0,3,2,1,0
"LA1  1",5500,4914,2,2,1,0,0,0,0,1,0,14,10,18,234,17,30,101,0,10,5,11,1,1,5,38,6,6,0,0,0,1,0,2,16,1,1,1,0,13,0,0,0,13,8,26,8,0,2,3,2,1,128,13,6,9,0,11,71,0,1,9,1,0,4,3,100,10,5,55,4,2,1,2,8,7,6,0,0,0,0,0,7,0,0,0,1,0,0,0,0,0,0,5,0,1,0,0,0,0,0,0,0,0
"LA1  2",10494,10207,4,2,0,0,0,0,0,0,2,5,4,5,173,4,6,138,3,3,2,5,1,1,1,2,3,3,0,0,0,0,0,1,6,3,0,0,0,3,0,0,0,7,5,2,9,0,4,2,3,0,21,4,3,3,0,7,3,0,0,0,1,0,0,0,33,7,0,18,0,1,0,4,2,1,0,0,0,0,0,0,4,0,2,0,0,0,0,0,0,0,0,0,2,0,0,0,3,3,4,3,0,1
"LA1  3",9806,9250,2,2,0,0,1,0,0,1,0,34,11,14,268,11,32,155,1,5,4,6,2,8,9,15,12,3,1,2,1,0,0,1,14,2,0,4,3,5,1,1,0,11,8,14,13,0,1,1,7,4,54,4,3,3,0,14,13,0,4,2,3,1,0,7,94,0,14,48,2,3,2,2,20,2,1,0,0,0,0,0,8,0,0,0,0,1,0,3,2,0,0,0,0,1,0,1,4,4,4,2,0,2
"LA1  4",15272,14017,5,0,0,0,0,0,0,0,0,44,13,35,470,16,60,97,1,2,18,26,3,3,55,149,12,9,0,4,4,8,1,2,46,1,0,3,3,39,0,0,0,35,7,29,27,0,3,7,8,9,67,7,15,1,1,4,18,2,3,2,6,0,5,3,458,19,62,316,2,15,21,0,19,1,3,3,0,0,0,0,9,0,0,0,0,1,0,0,4,0,0,0,1,0,0,3,3,3,4,3,0,1
"LA1  5",9185,8837,1,0,0,0,0,0,0,0,0,10,5,10,152,14,21,63,2,2,6,9,2,2,0,17,7,1,4,1,1,0,0,0,8,1,0,2,0,5,0,0,0,2,2,6,5,1,1,1,0,2,93,25,3,6,1,16,36,0,0,2,1,1,0,2,42,3,1,24,1,0,0,3,0,10,0,0,0,0,0,0,5,0,0,0,0,1,0,0,1,0,0,0,1,0,2,0,3,3,4,4,0,0
"LA10 5",3920,3830,0,1,0,0,0,0,0,1,0,1,0,4,33,1,19,4,2,0,1,0,1,2,1,0,1,0,1,0,0,0,0,0,2,0,0,2,0,0,0,0,0,3,0,1,1,1,0,0,0,0,1,0,1,0,0,0,0,0,0,0,0,0,0,0,42,1,8,29,2,0,0,2,0,0,0,0,0,0,0,0,1,0,0,0,0,0,0,0,0,0,0,0,1,0,0,0,0,0,0,0,0,0
"LA11 6",3649,3583,0,0,0,0,0,0,0,0,0,5,4,1,45,0,1,34,0,1,2,0,0,1,0,1,5,0,0,0,0,0,0,0,3,0,0,0,0,3,0,0,0,0,0,0,0,0,0,0,0,0,0,0,0,0,0,0,0,0,0,0,0,0,0,0,7,0,0,0,0,1,0,2,0,1,3,0,0,0,0,0,0,0,0,0,0,0,0,0,0,0,0,0,0,0,0,0,1,1,0,0,0,0
"LA11 7",5844,5766,0,0,0,0,0,0,0,0,0,8,1,3,46,0,3,29,4,0,0,0,2,2,0,0,2,2,0,0,2,0,0,0,0,0,0,0,0,0,0,0,0,2,3,1,0,0,0,0,0,0,6,0,1,0,0,0,0,0,0,0,5,0,0,0,7,1,1,4,0,0,0,1,0,0,0,0,0,0,0,0,0,0,0,0,0,0,0,0,0,0,0,0,0,0,0,0,0,0,1,1,0,0
"LA12 0",5896,5850,1,0,0,0,0,0,0,0,0,1,1,0,24,1,0,20,1,0,0,0,0,0,0,1,0,0,1,0,0,0,0,0,1,1,0,0,0,0,0,0,0,0,1,0,1,0,1,0,0,0,4,0,0,2,0,0,0,0,0,0,2,0,0,0,11,0,0,0,0,0,0,3,0,8,0,0,0,0,0,0,0,0,0,0,0,0,0,0,0,0,0,0,0,0,0,0,0,0,1,0,0,1
"LA12 7",4351,4285,0,0,0,0,0,0,0,0,0,2,0,1,38,0,0,26,2,1,3,0,0,2,1,0,1,2,0,0,0,0,0,0,3,2,1,0,0,0,0,0,0,0,0,4,0,0,0,0,0,0,12,0,0,0,0,0,2,0,0,0,7,0,2,1,5,0,0,2,2,0,0,0,0,1,0,0,0,0,0,0,1,0,0,0,0,0,0,0,0,0,0,0,1,0,0,0,0,0,0,0,0,0
"LA12 8",2378,2351,0,0,0,0,0,0,0,0,0,4,0,4,12,0,0,3,1,2,1,0,0,2,0,1,0,1,1,0,0,0,0,0,1,0,0,0,0,1,0,0,0,1,0,0,0,0,0,0,0,0,0,0,0,0,0,0,0,0,0,0,0,0,0,0,3,0,0,1,1,0,0,1,0,0,0,0,0,0,0,0,1,0,0,0,0,0,0,0,0,0,0,0,0,0,1,0,0,0,1,0,0,1
"LA12 9",7078,6969,0,2,1,0,0,0,0,1,0,1,0,6,65,2,7,45,1,0,2,1,0,1,0,0,4,0,1,0,1,0,0,0,4,1,0,0,0,3,0,0,0,2,0,0,1,1,0,0,0,0,8,0,1,0,0,0,0,0,0,0,7,0,0,0,18,0,3,5,0,0,0,1,0,6,3,0,0,0,0,0,0,0,0,0,0,0,0,0,0,0,0,0,0,0,0,0,1,1,1,0,0,1
"LA13 0",8516,8442,0,2,0,0,0,0,0,2,0,3,2,3,29,0,2,17,1,0,0,0,0,0,0,1,0,1,7,0,0,0,0,0,0,0,0,0,0,0,0,0,0,2,3,6,0,0,0,0,0,0,6,0,0,0,0,4,0,0,0,2,0,0,0,0,18,2,4,4,0,1,0,4,0,3,0,0,0,0,0,0,0,0,0,0,0,0,0,0,0,0,0,0,0,0,0,0,0,0,0,0,0,0
"LA13 9",9739,9649,0,2,0,1,0,1,0,0,0,1,1,10,33,2,2,16,4,1,4,0,0,0,1,1,0,0,2,0,0,0,0,0,2,2,0,0,0,0,0,0,0,1,7,2,1,0,1,0,0,0,6,0,2,0,0,2,0,0,0,0,0,0,0,2,22,0,2,2,0,0,0,5,0,12,1,0,0,0,0,0,0,0,0,0,0,0,0,0,0,0,0,0,0,0,0,0,0,0,2,1,1,0
"LA14 1",3175,3081,0,0,0,0,0,0,0,0,0,0,2,1,33,3,0,21,0,0,3,0,2,0,0,3,0,0,1,0,0,0,0,0,1,1,0,0,0,0,0,0,0,5,1,1,2,0,0,2,0,0,8,2,0,0,0,2,0,0,1,0,0,0,3,0,36,1,6,14,0,0,0,5,0,10,0,0,0,0,0,0,0,0,0,0,0,0,0,0,0,0,0,0,0,0,0,0,0,0,4,2,2,0
"LA14 2",6902,6742,2,2,0,0,0,1,0,1,0,0,4,2,82,0,7,53,0,0,10,0,6,1,1,0,0,0,3,0,0,0,1,0,3,3,0,0,0,0,0,0,0,0,1,3,4,0,0,2,2,0,10,1,1,0,0,1,1,0,0,0,6,0,0,0,41,1,4,12,0,0,0,4,0,18,2,0,0,0,0,0,1,0,0,0,0,0,0,0,0,1,0,0,0,0,0,0,0,0,5,3,2,0
"LA14 3",10332,10271,1,0,0,0,0,0,0,0,0,3,0,1,38,0,7,24,0,0,2,0,1,0,0,0,1,0,2,0,0,0,1,0,0,0,0,0,0,0,0,0,0,0,1,1,1,0,0,1,0,0,4,0,1,0,0,2,0,0,0,0,1,0,0,0,6,2,1,1,0,0,0,2,0,0,0,0,0,0,0,0,1,0,0,0,0,0,0,0,0,0,0,0,1,0,0,0,0,0,4,4,0,0
"LA14 4",6382,6261,2,1,0,0,0,0,0,1,0,1,0,7,29,0,3,19,1,0,0,0,0,0,0,1,0,0,5,0,0,0,0,0,1,0,1,0,0,0,0,0,0,1,1,6,2,0,0,0,2,0,33,7,9,0,0,2,2,0,0,6,5,2,0,0,33,0,0,17,0,1,0,5,1,8,1,0,0,0,0,0,1,0,0,0,0,0,0,0,1,0,0,0,0,0,0,0,0,0,3,3,0,0
"LA14 5",10425,10301,7,0,0,0,0,0,0,0,0,1,6,3,41,5,7,15,0,5,4,1,0,1,2,0,0,1,0,0,0,0,0,0,4,1,0,0,0,3,0,0,0,4,2,3,2,0,1,1,0,0,7,0,0,0,0,1,0,0,0,4,1,0,1,0,43,0,11,11,1,0,1,6,0,13,0,0,0,0,0,0,1,0,0,0,0,0,1,0,0,0,0,0,0,0,0,0,0,0,0,0,0,0
"LA15 8",7630,7584,0,0,0,0,0,0,0,0,0,2,0,1,15,0,3,9,0,1,0,1,0,0,0,0,1,0,0,0,0,0,0,0,3,0,0,0,0,3,0,0,0,0,6,1,1,0,0,1,0,0,2,0,0,0,0,0,0,0,0,2,0,0,0,0,14,1,0,2,0,0,0,5,0,5,1,0,0,0,0,0,1,0,0,0,0,0,0,0,0,0,0,0,0,0,0,1,0,0,0,0,0,0
"LA16 7",3361,3345,0,0,0,0,0,0,0,0,0,1,0,0,7,0,1,6,0,0,0,0,0,0,0,0,0,0,0,0,0,0,0,0,1,0,1,0,0,0,0,0,0,0,0,0,1,0,0,1,0,0,0,0,0,0,0,0,0,0,0,0,0,0,0,0,3,3,0,0,0,0,0,0,0,0,0,0,0,0,0,0,1,0,0,0,0,0,0,0,0,0,0,0,1,0,0,0,2,2,0,0,0,0
"LA17 7",1151,1142,0,0,0,0,0,0,0,0,0,1,0,0,7,0,0,7,0,0,0,0,0,0,0,0,0,0,0,0,0,0,0,0,1,1,0,0,0,0,0,0,0,0,0,0,0,0,0,0,0,0,0,0,0,0,0,0,0,0,0,0,0,0,0,0,0,0,0,0,0,0,0,0,0,0,0,0,0,0,0,0,0,0,0,0,0,0,0,0,0,0,0,0,0,0,0,0,0,0,0,0,0,0
"LA18 4",5552,5485,1,0,0,0,0,0,0,0,0,4,1,1,31,2,6,13,3,0,1,4,0,0,0,0,1,1,0,0,0,0,0,0,0,0,0,0,0,0,0,0,0,1,1,0,3,0,0,2,0,1,10,4,0,4,0,1,0,0,0,0,0,0,0,1,10,1,2,5,0,0,1,0,0,1,0,0,0,0,0,0,4,0,1,0,0,0,0,1,1,0,0,0,0,0,0,1,0,0,0,0,0,0
"LA18 5",3240,3229,1,0,0,0,0,0,0,0,0,2,0,0,5,1,3,0,0,0,0,1,0,0,0,0,0,0,0,0,0,0,0,0,0,0,0,0,0,0,0,0,0,0,0,0,1,0,0,1,0,0,0,0,0,0,0,0,0,0,0,0,0,0,0,0,2,0,0,1,0,0,0,1,0,0,0,0,0,0,0,0,0,0,0,0,0,0,0,0,0,0,0,0,0,0,0,0,0,0,0,0,0,0
"LA19 5",944,937,0,0,0,0,0,0,0,0,0,0,0,1,3,1,0,1,0,0,0,0,0,0,0,1,0,0,0,0,0,0,0,0,1,0,0,0,0,1,0,0,0,0,0,0,0,0,0,0,0,0,0,0,0,0,0,0,0,0,0,0,0,0,0,0,2,0,0,0,0,0,0,2,0,0,0,0,0,0,0,0,0,0,0,0,0,0,0,0,0,0,0,0,0,0,0,0,0,0,0,0,0,0
"LA2  0",5896,5219,0,0,0,0,0,0,0,0,0,22,5,22,166,7,26,13,5,0,2,3,1,3,10,87,2,1,0,1,4,1,0,0,17,1,2,2,0,12,0,0,0,21,4,14,15,0,1,8,0,6,82,8,30,2,0,5,9,4,3,8,5,0,1,7,305,21,16,230,2,6,4,12,10,0,4,0,0,0,0,0,3,0,0,0,0,1,0,0,0,0,0,1,0,0,0,1,0,0,1,1,0,0
"LA2  6",5284,5252,1,0,0,0,0,0,0,0,0,2,2,0,18,1,2,6,0,1,0,0,0,0,5,1,0,2,0,0,0,0,0,0,0,0,0,0,0,0,0,0,0,1,0,0,0,0,0,0,0,0,0,0,0,0,0,0,0,0,0,0,0,0,0,0,6,0,1,3,0,0,0,0,0,2,0,0,0,0,0,0,0,0,0,0,0,0,0,0,0,0,0,0,0,0,0,0,1,1,1,1,0,0
"LA2  7",2949,2927,0,0,0,0,0,0,0,0,0,1,0,1,17,0,2,10,0,0,0,0,0,1,1,0,2,0,0,0,0,0,0,1,0,0,0,0,0,0,0,0,0,0,0,0,0,0,0,0,0,0,0,0,0,0,0,0,0,0,0,0,0,0,0,0,2,0,0,1,0,0,0,1,0,0,0,0,0,0,0,0,0,0,0,0,0,0,0,0,0,0,0,0,0,0,0,0,0,0,1,0,0,1
"LA2  8",3250,3228,0,0,0,0,0,0,0,0,0,3,0,0,16,2,1,2,0,0,0,0,1,0,0,1,7,2,0,0,0,0,0,0,0,0,0,0,0,0,0,0,0,0,0,0,0,0,0,0,0,0,0,0,0,0,0,0,0,0,0,0,0,0,0,0,2,1,0,0,0,0,0,0,1,0,0,0,0,0,0,0,1,0,0,0,0,0,0,0,0,0,0,0,0,0,1,0,0,0,0,0,0,0
"LA2  9",4438,4384,2,0,0,0,0,0,0,0,0,1,0,1,26,1,0,4,2,0,0,1,0,0,16,1,1,0,0,0,0,0,0,0,1,0,0,0,0,1,0,0,0,3,1,1,0,0,0,0,0,0,6,0,1,0,0,0,1,0,0,0,0,4,0,0,11,0,0,5,1,1,0,3,0,1,0,0,0,0,0,0,1,0,0,0,0,0,0,0,1,0,0,0,0,0,0,0,0,0,0,0,0,0
"LA20 6",1131,1127,0,0,0,0,0,0,0,0,0,0,0,0,3,0,2,0,1,0,0,0,0,0,0,0,0,0,0,0,0,0,0,0,1,0,0,0,0,1,0,0,0,0,0,0,0,0,0,0,0,0,0,0,0,0,0,0,0,0,0,0,0,0,0,0,0,0,0,0,0,0,0,0,0,0,0,0,0,0,0,0,0,0,0,0,0,0,0,0,0,0,0,0,0,0,0,0,0,0,0,0,0,0
"LA21 8",905,888,0,0,0,0,0,0,0,0,0,0,0,0,16,0,1,4,4,0,0,4,1,0,0,0,0,1,0,1,0,0,0,0,0,0,0,0,0,0,0,0,0,1,0,0,0,0,0,0,0,0,0,0,0,0,0,0,0,0,0,0,0,0,0,0,0,0,0,0,0,0,0,0,0,0,0,0,0,0,0,0,0,0,0,0,0,0,0,0,0,0,0,0,0,0,0,0,0,0,0,0,0,0
"LA22 0",2142,2062,0,0,0,0,0,0,0,0,0,2,1,2,47,0,1,26,4,4,1,1,3,4,2,0,1,0,0,0,0,0,0,0,0,0,0,0,0,0,0,0,0,9,0,0,0,0,0,0,0,0,6,0,0,0,0,6,0,0,0,0,0,0,0,0,10,0,0,5,0,0,0,1,0,2,2,0,0,0,0,0,1,0,0,0,0,0,0,0,0,0,0,0,1,0,0,0,0,0,2,2,0,0
"LA22 9",2695,2569,0,0,0,0,0,0,0,0,0,3,0,1,109,2,2,57,6,4,13,4,1,10,7,0,0,1,1,1,0,0,0,0,0,0,0,0,0,0,0,0,0,1,0,0,0,0,0,0,0,0,5,0,0,0,0,5,0,0,0,0,0,0,0,0,5,0,0,1,0,0,0,0,0,4,0,0,0,0,0,0,1,0,0,0,0,0,0,0,0,0,0,0,1,0,0,0,1,1,0,0,0,0
"LA23 1",2727,2505,0,0,0,0,0,0,0,0,0,4,1,17,155,2,21,76,9,3,5,2,2,23,4,1,4,0,0,0,1,1,0,1,4,1,1,0,0,2,0,0,0,6,0,1,1,1,0,0,0,0,3,0,0,0,0,3,0,0,0,0,0,0,0,0,29,3,9,3,2,0,0,1,1,10,0,0,0,0,0,0,0,0,0,0,0,0,0,0,0,0,0,0,0,0,0,0,1,1,0,0,0,0
"LA23 2",3934,3766,1,0,0,0,0,0,0,0,0,5,1,5,113,3,6,56,9,6,4,3,13,10,0,0,1,0,1,1,0,0,0,0,2,0,0,0,0,2,0,0,0,5,0,0,0,0,0,0,0,0,6,0,0,0,0,0,0,0,0,0,6,0,0,0,24,4,0,5,1,0,1,1,0,10,2,0,0,0,0,0,6,0,0,0,0,0,0,0,3,0,0,0,3,0,0,0,0,0,0,0,0,0
"LA23 3",2233,2028,1,0,0,0,0,0,0,0,0,0,2,15,158,5,2,87,14,0,9,11,14,8,5,0,1,0,0,1,0,0,1,0,2,1,0,1,0,0,0,0,0,4,2,2,0,0,0,0,0,0,7,2,0,0,0,4,0,0,0,0,0,0,0,1,12,0,4,1,0,0,0,6,0,1,0,0,0,0,0,0,0,0,0,0,0,0,0,0,0,0,0,0,0,0,0,0,0,0,0,0,0,0
"LA3  1",8053,7574,1,1,0,0,0,0,0,1,0,5,7,6,399,2,8,378,0,1,0,7,0,0,0,1,1,0,0,0,0,0,1,0,0,0,0,0,0,0,0,0,0,4,3,8,1,0,0,1,0,0,11,0,0,0,0,0,6,0,1,4,0,0,0,0,26,0,1,10,0,1,0,2,2,9,1,0,0,0,0,0,1,0,0,0,0,0,0,0,0,0,0,1,0,0,0,0,3,3,3,2,1,0
"LA3  2",9801,9608,5,1,0,0,0,0,0,1,0,0,2,1,138,2,5,110,5,7,1,2,0,0,0,1,4,1,0,0,0,0,0,0,1,1,0,0,0,0,0,0,0,2,2,4,6,0,0,3,3,0,5,0,0,1,0,4,0,0,0,0,0,0,0,0,12,0,3,4,1,0,0,2,1,1,0,0,0,0,0,0,8,0,0,0,0,2,0,0,0,0,0,0,2,0,4,0,0,0,6,5,0,1
"LA3  3",5689,5589,1,0,0,0,0,0,0,0,0,2,4,2,63,3,2,51,0,1,0,5,0,0,0,1,0,0,0,0,0,0,0,0,0,0,0,0,0,0,0,0,0,5,1,0,1,0,0,1,0,0,5,0,0,2,0,2,0,0,0,1,0,0,0,0,13,0,3,2,0,0,0,2,5,1,0,0,0,0,0,0,2,0,0,0,0,0,0,0,0,0,0,0,0,0,0,2,1,1,0,0,0,0
"LA4  4",8829,8414,2,3,0,0,0,0,0,3,0,5,4,11,322,0,2,294,0,10,0,6,0,0,1,0,1,1,1,0,0,4,2,0,1,0,0,0,0,1,0,0,0,2,3,2,2,0,2,0,0,0,22,3,1,0,0,18,0,0,0,0,0,0,0,0,33,9,2,11,0,0,0,2,0,9,0,0,0,0,0,0,1,0,0,0,0,0,0,0,0,0,0,0,0,0,0,1,1,1,1,1,0,0
"LA4  5",8971,8596,2,1,0,0,0,0,0,1,0,3,4,8,257,1,5,223,4,7,5,4,0,2,2,2,1,0,0,0,0,0,0,1,1,1,0,0,0,0,3,3,0,1,13,6,1,0,0,0,1,0,25,4,2,3,0,5,0,0,0,0,7,0,0,4,39,0,4,18,0,2,0,8,0,6,1,0,0,0,0,0,6,0,0,0,0,0,0,0,0,0,0,3,0,0,0,3,1,1,4,3,1,0
"LA4  6",7741,7655,4,0,0,0,0,0,0,0,0,0,0,6,52,2,8,28,0,2,0,2,3,1,4,1,1,0,0,0,0,0,0,0,0,0,0,0,0,0,0,0,0,2,6,0,1,0,0,0,0,1,3,0,0,1,0,1,0,0,0,0,0,0,0,1,10,0,0,4,0,1,2,3,0,0,0,0,0,0,0,0,0,0,0,0,0,0,0,0,0,0,0,0,0,0,0,0,1,1,1,1,0,0
"LA5  0",3793,3759,0,0,0,0,0,0,0,0,0,0,0,3,13,0,2,6,0,0,0,0,0,4,0,0,0,0,1,0,0,0,0,0,0,0,0,0,0,0,0,0,0,0,0,0,0,0,0,0,0,0,5,0,0,0,0,0,0,0,0,0,5,0,0,0,11,0,1,0,0,0,0,2,0,8,0,0,0,0,0,0,2,0,0,0,0,0,0,0,0,0,0,0,1,0,0,1,0,0,0,0,0,0
"LA5  8",4040,4015,0,0,0,0,0,0,0,0,0,2,0,0,4,0,1,1,0,0,0,0,0,0,0,0,1,1,0,0,0,0,0,0,0,0,0,0,0,0,0,0,0,1,0,1,0,0,0,0,0,0,0,0,0,0,0,0,0,0,0,0,0,0,0,0,10,0,0,9,0,0,0,1,0,0,0,0,0,0,0,0,0,0,0,0,0,0,0,0,0,0,0,0,0,0,0,0,1,1,6,4,0,2
"LA5  9",8146,8040,0,0,0,0,0,0,0,0,0,6,1,2,36,3,3,20,0,2,1,0,1,3,0,1,1,0,0,0,0,0,1,0,2,0,0,0,0,2,0,0,0,0,2,3,0,0,0,0,0,0,19,0,0,0,0,11,0,0,0,0,8,0,0,0,15,0,0,2,0,0,0,1,2,5,5,0,0,0,0,0,18,0,0,0,0,0,0,0,0,0,0,4,0,0,0,14,0,0,2,0,2,0
"LA6  1",4970,4925,1,0,0,0,0,0,0,0,0,3,0,5,22,1,3,7,0,0,0,0,0,5,1,2,2,1,0,0,0,0,0,0,0,0,0,0,0,0,0,0,0,1,0,1,0,0,0,0,0,0,3,0,0,0,0,0,0,0,0,3,0,0,0,0,7,0,0,0,0,0,0,0,0,7,0,0,0,0,0,0,2,0,0,0,0,0,0,0,0,0,0,0,0,0,0,2,0,0,0,0,0,0
"LA6  2",4258,4148,0,0,0,0,0,0,0,0,0,1,0,6,31,2,3,19,3,0,0,0,0,1,0,1,1,0,1,0,0,0,0,0,1,0,0,0,0,1,0,0,0,2,0,0,0,0,0,0,0,0,0,0,0,0,0,0,0,0,0,0,0,0,0,0,62,0,25,30,2,0,1,1,1,0,2,0,0,0,0,0,1,0,0,0,0,0,0,0,0,0,0,0,1,0,0,0,1,1,5,5,0,0
"LA6  3",2968,2958,0,0,0,0,0,0,0,0,0,4,0,0,3,1,1,0,0,0,0,0,0,0,0,1,0,0,0,0,0,0,0,0,1,0,1,0,0,0,0,0,0,0,0,0,0,0,0,0,0,0,2,2,0,0,0,0,0,0,0,0,0,0,0,0,0,0,0,0,0,0,0,0,0,0,0,0,0,0,0,0,0,0,0,0,0,0,0,0,0,0,0,0,0,0,0,0,0,0,0,0,0,0
"LA7  7",5207,5120,1,0,0,0,0,0,0,0,0,3,2,4,46,9,19,9,1,6,0,1,1,0,0,0,0,0,0,0,0,0,0,0,2,1,0,0,0,1,0,0,0,1,0,2,0,0,0,0,0,0,2,0,0,0,0,1,0,0,0,1,0,0,0,0,22,0,9,5,0,0,0,1,2,5,0,0,0,0,0,0,0,0,0,0,0,0,0,0,0,0,0,0,0,0,0,0,0,0,2,2,0,0
"LA8  0",2928,2906,0,1,0,0,0,0,0,0,1,2,1,0,10,1,2,2,1,0,0,0,0,1,0,2,1,0,0,0,0,0,0,0,0,0,0,0,0,0,0,0,0,1,3,0,0,0,0,0,0,0,0,0,0,0,0,0,0,0,0,0,0,0,0,0,1,0,0,0,1,0,0,0,0,0,0,0,0,0,0,0,0,0,0,0,0,0,0,0,0,0,0,0,0,0,0,0,0,0,3,2,0,1
"LA8  8",2604,2574,0,0,0,0,0,0,0,0,0,1,0,1,24,0,4,13,0,1,4,0,0,1,0,0,1,0,0,0,0,0,0,0,0,0,0,0,0,0,0,0,0,1,1,0,0,0,0,0,0,0,0,0,0,0,0,0,0,0,0,0,0,0,0,0,1,0,0,0,0,0,0,0,0,1,0,0,0,0,0,0,0,0,0,0,0,0,0,0,0,0,0,0,0,0,0,0,1,1,0,0,0,0
"LA8  9",3279,3234,1,1,0,0,0,1,0,0,0,1,2,5,30,4,0,15,2,1,1,1,0,2,0,0,3,1,0,0,0,0,0,0,0,0,0,0,0,0,0,0,0,2,1,0,0,0,0,0,0,0,1,0,0,0,0,0,0,0,0,0,0,1,0,0,1,0,0,0,0,0,0,1,0,0,0,0,0,0,0,0,0,0,0,0,0,0,0,0,0,0,0,0,0,0,0,0,0,0,0,0,0,0
"LA9  4",3887,3691,1,0,0,0,0,0,0,0,0,5,2,3,133,8,1,68,6,2,12,0,13,14,2,2,0,2,0,3,0,0,0,0,1,0,0,0,0,1,0,0,0,0,4,4,5,0,0,3,0,2,12,1,2,0,0,1,0,2,0,0,5,1,0,0,23,0,1,8,2,0,0,6,0,6,0,0,0,0,0,0,3,0,0,0,0,0,0,1,0,0,0,0,2,0,0,0,0,0,0,0,0,0
"LA9  5",9026,8885,3,0,0,0,0,0,0,0,0,4,8,8,72,0,2,39,6,1,7,0,4,3,0,5,4,1,0,0,0,0,0,0,1,0,0,0,0,1,0,0,0,4,1,0,1,0,1,0,0,0,18,6,2,0,0,0,0,0,0,0,10,0,0,0,19,0,0,12,1,0,0,1,0,5,0,0,0,0,0,0,0,0,0,0,0,0,0,0,0,0,0,0,0,0,0,0,1,1,1,1,0,0
"LA9  6",6765,6693,0,1,1,0,0,0,0,0,0,2,0,3,50,1,3,26,4,0,3,0,10,2,1,0,0,0,0,0,0,0,0,0,0,0,0,0,0,0,0,0,0,3,1,0,0,0,0,0,0,0,2,0,0,0,0,0,0,0,0,0,2,0,0,0,4,0,0,2,0,0,0,0,0,1,1,0,0,0,0,0,0,0,0,0,0,0,0,0,0,0,0,0,0,0,0,0,0,0,6,6,0,0
"LA9  7",9761,9618,1,0,0,0,0,0,0,0,0,13,1,3,83,5,7,38,3,6,12,1,2,3,0,0,3,3,0,0,0,0,0,0,1,0,0,1,0,0,0,0,0,1,0,2,1,0,0,0,0,1,12,1,2,0,0,2,0,0,1,0,6,0,0,0,20,0,0,6,1,0,1,2,0,10,0,0,0,0,0,0,1,0,0,0,0,0,0,0,1,0,0,0,0,0,0,0,1,1,3,3,0,0
"LE1  1",1677,1086,0,0,0,0,0,0,0,0,0,9,6,19,157,4,2,101,1,1,4,2,1,6,2,30,0,2,0,0,0,1,0,0,2,0,0,0,0,2,0,0,0,5,5,151,39,0,15,23,0,1,27,11,2,2,0,5,2,0,0,3,1,1,0,0,153,12,18,104,8,2,1,2,2,4,0,0,0,0,0,0,17,0,0,11,0,0,1,0,1,0,0,2,0,0,1,1,0,0,1,1,0,0
"LE1  2",3901,1828,0,0,0,0,0,0,0,0,0,8,86,4,54,1,1,26,2,0,4,0,10,2,0,0,4,2,1,0,1,0,0,0,17,1,15,1,0,0,0,0,0,2,0,36,99,0,43,51,3,2,879,71,28,23,1,19,634,1,0,6,4,0,2,90,22,2,7,3,0,0,1,2,5,0,2,0,0,0,0,0,862,3,4,753,2,0,4,1,72,0,1,13,0,2,4,3,3,3,1,1,0,0
"LE1  3",634,373,1,0,0,0,0,0,0,0,0,5,8,1,61,4,2,30,1,7,3,2,4,1,2,5,0,0,0,0,0,0,0,0,1,0,1,0,0,0,0,0,0,3,4,104,18,0,12,5,0,1,15,5,0,1,0,0,5,0,1,0,0,1,1,1,30,4,5,21,0,0,0,0,0,0,0,0,0,0,0,0,10,0,0,4,0,0,0,1,0,0,0,4,0,0,0,1,0,0,0,0,0,0
"LE1  4",621,400,0,0,0,0,0,0,0,0,0,1,3,4,32,0,0,18,1,0,1,1,1,4,0,4,0,0,0,1,0,0,1,0,1,0,0,0,1,0,0,0,0,1,1,73,7,0,5,2,0,0,33,2,2,4,0,5,16,0,0,0,0,0,2,2,55,5,0,42,3,0,4,0,1,0,0,0,0,0,0,0,9,0,0,3,0,0,0,2,1,0,0,0,0,1,0,2,0,0,1,1,0,0
"LE1  5",1964,1452,1,0,0,0,0,0,0,0,0,4,8,4,83,2,4,30,0,0,1,3,8,3,2,26,3,1,0,0,0,0,0,0,5,0,3,0,1,1,0,0,0,3,2,41,25,1,13,11,0,0,55,13,11,4,0,3,18,2,0,0,0,0,3,1,233,13,18,174,0,5,4,2,11,6,0,0,0,0,0,0,45,4,0,21,0,0,0,0,3,1,0,5,0,1,2,8,3,3,0,0,0,0
"LE1  6",2938,2053,1,2,0,0,1,0,1,0,0,16,7,11,303,7,1,64,3,4,8,4,7,4,5,190,0,2,2,1,0,0,1,0,6,0,0,3,0,3,0,0,0,7,24,103,45,0,11,27,2,5,57,12,6,16,0,0,9,0,2,9,0,0,0,3,249,27,19,168,1,4,5,6,14,5,0,0,0,0,0,0,50,2,0,16,0,2,0,3,2,0,2,13,0,4,0,6,1,1,3,3,0,0
"LE1  7",1021,618,0,0,0,0,0,0,0,0,0,3,3,5,54,2,6,2,4,3,2,0,0,0,2,31,0,1,0,0,0,0,1,0,1,1,0,0,0,0,0,0,0,0,4,9,11,0,5,5,0,1,23,8,3,0,0,1,2,0,1,3,2,3,0,0,283,36,32,191,4,1,4,4,9,1,1,0,0,0,0,0,6,0,0,2,0,0,0,1,0,0,0,3,0,0,0,0,1,1,0,0,0,0
"LE10 0",19530,19055,3,0,0,0,0,0,0,0,0,5,7,9,194,5,7,98,4,12,10,5,6,6,0,7,8,0,0,2,23,1,0,0,8,8,0,0,0,0,0,0,0,6,8,7,1,0,1,0,0,0,157,8,20,17,0,10,31,0,12,36,7,1,5,10,59,4,14,23,1,0,1,13,0,3,0,1,1,0,0,0,0,0,0,0,0,0,0,0,0,0,0,0,0,0,0,0,1,1,8,2,0,6
"LE10 1",10028,9755,5,0,0,0,0,0,0,0,0,5,5,4,108,2,3,61,2,4,6,1,2,0,2,3,1,0,3,0,18,0,0,0,2,0,0,2,0,0,0,0,0,1,9,5,3,0,0,3,0,0,68,5,7,5,0,9,14,0,7,6,3,0,9,3,54,4,12,16,2,0,0,11,2,4,3,0,0,0,0,0,2,0,0,0,0,0,0,0,0,0,0,0,1,0,1,0,0,0,2,1,0,1
"LE10 2",14193,14015,5,0,0,0,0,0,0,0,0,2,3,1,73,2,4,22,1,13,8,4,2,3,3,8,0,1,1,0,1,0,0,0,1,0,0,0,1,0,0,0,0,1,2,6,1,0,0,1,0,0,49,4,2,15,0,6,20,0,0,1,0,0,0,1,24,0,1,10,0,0,5,3,1,4,0,0,0,0,0,0,5,0,1,0,0,0,0,0,2,0,0,1,0,0,0,1,1,1,4,4,0,0
"LE10 3",2173,2141,0,0,0,0,0,0,0,0,0,0,0,0,8,0,1,3,0,0,2,0,0,0,0,0,0,0,2,0,0,0,0,0,0,0,0,0,0,0,0,0,0,0,0,0,0,0,0,0,0,0,15,0,0,2,0,0,0,0,0,0,0,0,13,0,2,0,0,1,1,0,0,0,0,0,0,1,0,0,0,0,5,0,0,0,0,0,0,0,0,4,0,0,1,0,0,0,0,0,1,1,0,0
"LE11 1",9327,7120,2,3,1,0,0,0,0,1,1,16,27,19,446,28,17,324,15,7,12,8,16,5,2,6,0,1,0,1,0,0,4,0,5,3,2,0,0,0,0,0,0,16,18,30,68,0,21,13,25,9,1354,35,22,37,0,804,418,0,3,16,1,4,0,14,168,6,20,66,1,0,4,10,10,51,0,0,1,0,0,0,28,0,0,2,0,0,0,0,3,0,0,16,0,3,0,4,5,5,1,0,0,1
"LE11 2",13288,12322,2,1,0,0,0,0,0,1,0,16,19,27,241,44,23,99,9,1,6,10,2,11,10,13,5,5,2,0,0,0,1,0,10,7,2,0,1,0,0,0,0,31,7,49,15,0,1,12,2,0,285,14,8,17,0,49,173,1,0,8,12,0,2,1,238,7,38,127,1,14,0,12,28,6,5,0,1,0,0,0,18,0,0,0,0,0,2,2,1,0,0,5,3,2,3,0,3,3,3,0,1,2
"LE11 3",16181,14558,5,0,0,0,0,0,0,0,0,42,21,56,291,36,41,47,6,6,18,15,11,10,28,49,11,3,4,4,0,2,0,0,10,2,1,0,1,6,0,0,0,44,8,66,47,0,0,32,5,10,286,19,19,45,0,35,133,0,1,18,8,6,0,2,716,39,48,514,7,21,9,21,48,8,1,0,1,0,0,0,24,1,0,2,0,4,5,2,2,0,0,3,0,2,1,2,5,5,1,0,0,1
"LE11 4",9451,8492,5,1,0,0,0,0,0,0,1,10,6,21,164,21,11,81,2,3,13,12,3,1,4,5,1,2,1,1,0,0,3,0,1,0,1,0,0,0,0,0,0,23,9,60,20,0,3,14,3,0,288,18,15,29,0,28,177,0,0,12,0,6,0,3,323,11,25,152,1,10,0,2,105,16,1,0,1,0,0,0,18,0,0,0,0,2,4,3,3,0,0,4,0,1,0,1,0,0,9,7,0,2
"LE11 5",10224,9007,3,2,0,0,0,0,0,2,0,9,20,22,310,44,20,175,10,3,1,13,11,5,3,16,2,2,1,0,3,0,0,1,15,12,2,1,0,0,0,0,0,23,8,56,23,0,6,7,1,9,463,11,16,51,2,46,295,3,1,18,7,7,3,3,241,8,33,99,1,8,6,7,22,51,6,0,0,0,0,0,19,1,0,2,2,0,4,2,1,0,0,3,1,1,1,1,2,2,1,0,1,0
"LE12 5",7299,7111,4,0,0,0,0,0,0,0,0,8,4,13,58,3,13,9,1,1,0,8,0,4,0,7,4,6,1,0,1,0,0,0,5,0,0,0,0,5,0,0,0,3,2,5,5,1,1,2,1,0,12,0,2,0,0,0,9,1,0,0,0,0,0,0,64,5,6,32,0,0,11,2,8,0,0,0,0,0,0,0,2,0,0,0,0,0,0,0,0,0,0,0,0,0,0,2,2,2,1,1,0,0
"LE12 6",8919,8836,1,0,0,0,0,0,0,0,0,10,0,6,28,2,17,1,0,1,1,0,0,1,0,1,3,1,0,0,0,0,0,0,4,0,1,2,0,1,0,0,0,2,0,2,1,0,0,0,1,0,13,0,3,5,0,0,3,0,0,0,2,0,0,0,14,0,5,3,1,0,0,3,1,1,0,0,0,0,0,0,1,0,0,0,0,0,0,0,0,0,0,0,1,0,0,0,1,1,0,0,0,0
"LE12 7",15958,15736,0,0,0,0,0,0,0,0,0,6,6,7,83,7,10,21,3,1,1,1,22,2,1,5,5,2,0,1,0,0,1,0,2,0,0,0,0,2,0,0,0,3,1,3,6,0,0,5,0,1,65,1,4,3,0,4,35,0,0,0,7,0,0,11,31,9,2,11,0,0,0,8,1,0,0,0,1,0,0,0,3,0,0,0,0,0,0,0,0,0,0,2,0,1,0,0,1,1,4,2,0,2
"LE12 8",13502,13328,2,0,0,0,0,0,0,0,0,12,1,8,56,6,12,14,0,1,2,1,1,5,0,2,6,3,1,1,0,1,0,0,5,3,0,1,0,1,0,0,0,3,1,9,6,0,0,3,3,0,33,1,5,3,0,0,24,0,0,0,0,0,0,0,30,7,2,11,1,1,0,4,4,0,0,0,0,0,0,0,6,0,0,0,0,0,0,0,0,0,0,0,4,0,0,2,0,0,2,0,0,2
"LE12 9",14374,14217,1,0,0,0,0,0,0,0,0,6,0,7,61,4,8,32,1,1,6,2,0,0,1,4,0,0,2,0,0,0,0,0,2,2,0,0,0,0,0,0,0,5,0,7,2,0,0,2,0,0,25,1,1,7,0,3,6,1,4,1,1,0,0,0,33,1,7,6,3,0,0,5,4,3,4,0,0,0,0,0,4,0,0,0,0,0,0,3,0,0,0,0,0,0,1,0,1,1,3,2,0,1
"LE13 0",14581,14074,2,0,0,0,0,0,0,0,0,10,11,3,387,8,8,346,3,1,0,6,3,5,0,3,3,0,0,1,0,0,0,0,0,0,0,0,0,0,0,0,0,4,8,1,2,0,0,2,0,0,37,1,1,6,0,0,13,0,3,7,1,3,2,0,36,2,11,12,0,0,1,3,2,3,2,1,0,0,0,0,1,0,0,0,0,0,0,0,0,0,0,0,1,0,0,0,0,0,4,2,1,1
"LE13 1",11589,11218,1,1,0,0,0,0,0,0,1,8,10,4,235,15,4,200,3,0,0,2,1,3,1,3,2,0,1,0,0,0,0,0,3,0,0,1,0,2,0,0,0,5,1,3,0,0,0,0,0,0,65,0,2,9,0,0,41,0,0,2,4,4,0,3,29,3,7,10,0,0,1,6,0,2,0,0,0,0,0,0,3,0,0,0,0,0,0,0,0,0,0,1,2,0,0,0,0,0,3,2,0,1
"LE14 2",4420,4371,0,0,0,0,0,0,0,0,0,3,2,1,25,1,2,8,0,1,0,3,0,6,0,0,1,0,1,2,0,0,0,0,0,0,0,0,0,0,0,0,0,4,0,0,1,0,0,0,0,1,5,0,0,1,0,0,2,0,0,0,0,0,2,0,5,0,1,4,0,0,0,0,0,0,0,0,0,0,0,0,2,0,0,0,0,0,0,0,0,0,0,0,2,0,0,0,0,0,1,1,0,0
"LE14 3",6411,6366,1,1,1,0,0,0,0,0,0,3,0,1,27,0,5,15,0,0,0,0,0,0,2,1,3,1,0,0,0,0,0,0,1,0,0,1,0,0,0,0,0,0,0,0,0,0,0,0,0,0,3,0,0,0,0,0,2,0,0,0,0,0,1,0,8,0,2,3,0,0,0,1,0,1,1,0,0,0,0,0,0,0,0,0,0,0,0,0,0,0,0,0,0,0,0,0,0,0,0,0,0,0
"LE14 4",6003,5966,0,0,0,0,0,0,0,0,0,7,0,2,21,2,3,7,0,0,2,0,0,1,0,1,3,0,2,0,0,0,0,0,1,0,0,0,0,1,0,0,0,0,0,0,0,0,0,0,0,0,0,0,0,0,0,0,0,0,0,0,0,0,0,0,5,1,2,0,0,0,0,1,0,1,0,0,0,0,0,0,0,0,0,0,0,0,0,0,0,0,0,0,0,0,0,0,0,0,1,1,0,0
"LE15 6",10612,10338,2,0,0,0,0,0,0,0,0,11,9,11,134,9,38,50,1,1,0,2,5,14,8,1,3,1,1,0,0,0,0,0,5,0,0,5,0,0,0,0,0,15,8,0,5,3,0,2,0,0,15,0,0,0,0,0,5,0,0,0,2,2,6,0,48,0,15,19,2,2,2,5,1,2,0,2,0,0,0,0,3,0,0,0,0,0,0,0,0,0,0,0,0,1,1,1,2,2,4,2,1,1
"LE15 7",7878,7781,4,3,2,0,0,0,0,1,0,0,5,8,39,3,8,4,2,1,1,8,0,2,1,1,4,3,1,0,0,0,0,0,3,0,0,1,0,2,0,0,0,1,0,0,2,0,0,0,1,1,15,2,0,2,1,1,3,0,0,4,0,1,1,0,8,0,1,3,1,0,0,0,0,3,0,6,0,0,0,0,1,0,0,0,0,0,0,0,0,0,0,0,1,0,0,0,1,1,1,1,0,0
"LE15 8",6250,6117,2,0,0,0,0,0,0,0,0,13,4,6,55,1,11,24,5,0,2,1,0,5,0,1,2,0,2,0,0,0,1,0,4,0,0,0,0,4,0,0,0,0,0,0,1,1,0,0,0,0,3,0,1,1,0,0,0,0,0,0,0,0,1,0,10,1,0,5,0,0,0,1,0,3,0,12,0,0,0,0,22,0,0,0,0,3,0,0,0,0,0,0,9,0,7,3,1,1,0,0,0,0
"LE15 9",6656,6541,0,0,0,0,0,0,0,0,0,8,2,7,39,1,16,11,1,0,0,0,2,4,0,1,1,0,0,2,0,0,0,0,2,0,0,0,0,2,0,0,0,6,1,0,1,0,0,1,0,0,5,4,0,1,0,0,0,0,0,0,0,0,0,0,41,2,14,20,0,1,0,1,0,3,0,0,0,0,0,0,0,0,0,0,0,0,0,0,0,0,0,0,0,0,0,0,2,2,1,1,0,0
"LE16 7",11470,11088,2,1,0,0,0,0,0,1,0,7,14,9,166,8,14,62,11,2,2,8,4,9,22,5,6,5,0,8,0,0,0,0,6,0,1,5,0,0,0,0,0,4,2,5,16,4,9,1,0,2,41,4,2,9,0,6,11,0,0,9,0,0,0,0,91,2,3,44,7,4,25,3,2,1,0,0,0,0,0,0,11,0,0,1,0,0,0,0,0,3,0,0,7,0,0,0,2,2,5,4,1,0
"LE16 8",10031,9885,0,1,1,0,0,0,0,0,0,11,3,5,69,4,4,26,7,4,0,0,0,9,6,2,3,2,0,1,1,0,0,0,5,1,2,0,0,2,0,0,0,1,5,2,5,1,0,4,0,0,13,4,0,0,0,1,6,0,0,0,1,1,0,0,15,0,3,6,0,0,0,5,0,1,0,0,0,0,0,0,7,0,0,0,0,0,0,0,1,0,0,3,3,0,0,0,0,0,4,4,0,0
"LE16 9",12342,12034,1,0,0,0,0,0,0,0,0,6,9,18,158,12,11,86,6,4,2,4,0,6,12,6,2,2,2,1,0,0,2,0,5,1,2,1,0,1,0,0,0,3,2,3,7,2,2,0,1,2,21,3,3,1,0,5,0,0,0,0,7,2,0,0,68,3,4,26,0,0,19,2,0,14,0,0,0,0,0,0,2,0,0,0,0,0,0,0,0,0,0,2,0,0,0,0,2,2,3,3,0,0
"LE17 4",10283,10156,1,0,0,0,0,0,0,0,0,3,9,2,53,2,2,13,8,10,0,0,1,14,0,2,0,1,0,0,0,0,0,0,4,3,0,0,0,1,0,0,0,5,3,2,2,0,0,0,0,2,14,4,0,5,0,1,2,0,0,1,1,0,0,0,20,2,5,6,3,0,0,1,2,1,0,0,0,0,0,0,6,0,0,0,0,0,0,0,0,0,0,4,1,0,0,1,1,1,2,1,0,1
"LE17 5",5964,5938,1,0,0,0,0,0,0,0,0,1,0,0,13,1,1,4,1,0,0,0,2,0,0,2,1,0,1,0,0,0,0,0,0,0,0,0,0,0,0,0,0,1,4,0,0,0,0,0,0,0,2,0,0,0,0,0,2,0,0,0,0,0,0,0,4,1,0,2,0,0,0,1,0,0,0,0,0,0,0,0,0,0,0,0,0,0,0,0,0,0,0,0,0,0,0,0,0,0,0,0,0,0
"LE17 6",3806,3754,0,1,0,0,0,0,0,1,0,3,0,0,33,1,0,3,0,4,0,0,24,0,0,0,0,0,0,1,0,0,0,0,0,0,0,0,0,0,0,0,0,2,1,0,2,0,0,1,1,0,5,0,0,3,0,0,2,0,0,0,0,0,0,0,4,0,0,0,0,0,0,0,0,4,0,0,0,0,0,0,0,0,0,0,0,0,0,0,0,0,0,0,0,0,0,0,0,0,1,0,0,1
"LE18 1",7642,7008,0,0,0,0,0,0,0,0,0,6,3,1,73,3,19,39,0,0,1,0,0,1,0,2,3,1,1,0,1,0,2,0,11,1,8,2,0,0,0,0,0,3,8,4,2,0,0,2,0,0,496,37,6,230,1,6,193,0,0,0,15,0,0,8,23,0,5,8,0,3,0,1,1,5,0,0,0,0,0,0,1,0,0,0,0,0,0,0,0,0,0,1,0,0,0,0,2,2,1,0,1,0
"LE18 2",8353,8140,0,0,0,0,0,0,0,0,0,4,1,4,30,1,6,18,0,0,0,0,0,1,0,2,0,1,0,0,1,0,0,0,12,3,8,0,0,1,0,0,0,4,1,4,0,0,0,0,0,0,137,7,13,53,0,1,54,1,0,0,5,0,0,3,12,0,1,7,0,0,0,2,0,2,0,0,0,0,0,0,1,0,0,0,0,0,0,0,0,0,0,0,0,0,1,0,0,0,3,2,1,0
"LE18 3",7882,7683,0,1,0,0,0,0,0,1,0,1,3,4,30,4,2,18,1,0,1,0,0,0,0,2,0,1,0,1,0,0,0,0,11,1,9,1,0,0,0,0,0,2,1,0,3,0,0,0,1,2,134,9,2,39,0,1,78,0,2,0,2,0,0,1,6,1,1,2,0,0,0,1,0,1,0,0,0,0,0,0,0,0,0,0,0,0,0,0,0,0,0,0,0,0,0,0,0,0,3,2,0,1
"LE18 4",7834,7630,0,1,0,0,0,0,0,1,0,6,5,5,67,3,6,33,7,5,1,3,2,2,0,0,0,1,0,0,0,0,4,0,1,0,0,1,0,0,0,0,0,4,1,3,6,0,0,5,1,0,68,5,3,28,0,4,28,0,0,0,0,0,0,0,21,1,1,9,0,0,0,5,0,5,0,0,0,0,0,0,8,0,0,0,0,0,1,0,1,0,0,3,1,2,0,0,1,1,7,4,1,2
"LE19 2",5703,5645,0,0,0,0,0,0,0,0,0,1,1,0,21,3,2,11,1,0,0,0,0,2,0,0,1,0,0,1,0,0,0,0,2,1,0,0,0,1,0,0,0,0,0,4,3,0,1,0,1,1,14,0,1,3,0,0,10,0,0,0,0,0,0,0,6,0,2,0,1,0,0,2,0,1,0,0,0,0,0,0,2,0,0,0,0,0,0,0,0,0,0,2,0,0,0,0,0,0,4,3,1,0
"LE19 3",4599,4540,0,0,0,0,0,0,0,0,0,1,1,0,15,2,2,7,1,0,0,0,0,0,0,1,1,0,0,0,0,1,0,0,0,0,0,0,0,0,0,0,0,0,1,1,2,0,0,1,0,1,25,3,0,6,0,0,13,0,0,0,0,2,0,1,11,0,2,6,2,0,0,1,0,0,0,0,0,0,0,0,0,0,0,0,0,0,0,0,0,0,0,0,0,0,0,0,0,0,2,1,0,1
"LE19 4",3957,3899,0,1,0,0,0,0,0,1,0,3,0,2,17,5,0,5,1,2,0,0,0,0,0,1,3,0,0,0,0,0,0,0,1,0,0,1,0,0,0,0,0,1,1,3,4,1,0,2,1,0,17,0,2,4,0,0,11,0,0,0,0,0,0,0,2,0,0,0,0,0,0,2,0,0,0,0,0,0,0,0,2,0,0,0,0,0,0,0,2,0,0,0,0,0,0,0,0,0,4,3,0,1
"LE2  0",13060,6089,1,1,0,0,0,0,0,0,1,38,107,12,251,17,15,143,27,7,11,2,2,6,3,4,9,0,1,0,0,2,2,0,17,0,15,0,0,2,0,0,0,8,11,147,394,0,192,104,70,28,5315,542,65,112,2,356,3599,4,4,29,3,5,1,593,151,14,19,66,4,1,4,1,27,11,4,0,15,0,0,0,469,6,10,324,0,2,0,5,53,0,2,14,0,27,6,20,25,25,9,4,3,2
"LE2  1",12924,8739,1,2,1,0,0,0,0,0,1,60,55,36,531,42,28,174,147,16,17,9,19,3,6,23,19,6,5,4,1,9,1,2,8,2,5,0,0,1,0,0,0,22,24,156,144,0,68,34,34,8,2324,260,52,228,3,608,916,7,6,57,9,8,17,153,443,22,40,299,8,4,17,4,35,13,1,0,11,1,1,0,359,3,5,277,0,0,7,2,14,0,0,15,0,15,6,15,7,7,1,0,1,0
"LE2  2",7532,6480,2,2,1,0,0,0,0,1,0,38,14,18,169,21,20,46,8,3,9,3,1,1,10,29,5,4,1,3,3,1,1,0,4,0,2,1,0,1,1,1,0,10,14,61,32,0,17,4,4,7,603,53,20,176,2,5,293,2,2,2,2,2,1,43,65,4,10,37,2,2,0,3,1,2,4,1,0,0,0,0,11,0,0,1,0,0,0,0,3,0,0,1,1,1,0,4,5,5,2,2,0,0
"LE2  3",11109,9731,3,2,2,0,0,0,0,0,0,39,10,32,270,44,39,108,9,3,9,1,1,7,2,26,3,7,3,5,2,0,0,1,25,2,18,1,1,3,0,0,0,15,26,77,22,2,2,15,1,2,638,53,23,213,0,14,276,4,4,7,5,5,1,33,188,18,9,132,4,0,3,13,5,0,4,0,2,0,0,0,24,3,0,7,0,0,1,2,4,0,0,5,0,1,0,1,3,3,2,2,0,0
"LE2  4",12028,10255,1,0,0,0,0,0,0,0,0,4,2,13,70,2,13,36,6,0,2,2,1,4,0,2,1,0,0,0,1,0,0,0,15,2,9,2,0,2,0,0,0,2,5,92,22,0,0,11,10,1,1468,84,48,456,0,21,690,6,30,40,7,4,0,82,53,0,10,32,0,2,0,6,0,1,2,0,3,0,0,0,21,0,0,0,0,2,3,3,1,0,0,4,0,2,3,3,0,0,2,1,1,0
"LE2  5",8367,7269,1,0,0,0,0,0,0,0,0,14,9,11,77,1,5,43,7,0,1,4,3,0,2,3,4,3,0,1,0,0,0,0,8,2,6,0,0,0,0,0,0,5,4,20,12,0,0,5,3,4,859,56,23,298,3,6,426,3,1,10,5,0,4,24,46,1,13,26,1,1,0,1,1,1,1,0,1,0,0,0,19,0,0,0,0,1,0,0,0,0,0,7,5,4,0,2,5,5,7,7,0,0
"LE2  6",14175,12383,0,2,0,0,0,0,0,2,0,31,37,9,273,14,24,162,15,13,12,8,8,0,4,2,8,1,0,1,0,0,0,1,29,13,15,1,0,0,0,0,0,8,42,29,119,0,74,34,7,4,927,115,21,372,0,38,358,0,0,10,0,0,0,13,113,3,21,54,1,3,9,7,2,13,0,1,2,0,0,0,156,1,0,72,0,1,0,1,24,0,0,39,0,0,2,16,3,3,11,9,1,1
"LE2  7",10477,7903,2,2,0,0,0,1,1,0,0,35,28,20,508,13,17,242,13,8,17,20,20,1,9,134,8,4,0,1,1,0,0,0,14,5,5,2,0,2,0,0,0,18,48,231,119,1,53,36,20,9,352,26,37,44,0,16,130,2,4,37,15,8,17,16,1049,52,42,639,11,10,24,25,172,73,1,0,0,0,0,0,138,0,0,64,0,11,5,13,7,0,0,18,1,7,1,11,5,5,5,4,0,1
"LE2  8",10336,9710,2,0,0,0,0,0,0,0,0,23,12,17,249,7,15,182,2,6,1,10,9,6,4,5,0,1,0,1,0,0,0,0,4,0,3,0,0,1,0,0,0,10,8,14,24,0,8,15,1,0,168,13,7,40,0,0,67,0,3,10,13,3,5,7,60,8,4,9,1,0,2,2,0,34,0,0,0,0,0,0,26,1,0,2,0,5,0,1,1,0,1,7,0,0,0,8,5,5,4,4,0,0
"LE2  9",14713,14150,0,0,0,0,0,0,0,0,0,12,4,14,192,7,7,126,9,12,4,8,6,1,3,7,1,0,1,0,0,0,0,0,11,0,10,0,0,1,0,0,0,6,19,10,21,0,8,9,1,3,136,8,10,34,0,2,71,0,0,4,3,3,0,1,43,1,7,9,1,0,9,9,0,6,1,0,0,0,0,0,85,0,0,24,0,5,0,0,5,0,2,36,0,1,0,12,3,3,7,5,0,2
"LE3  0",10965,8382,5,0,0,0,0,0,0,0,0,49,23,28,1119,22,9,789,63,13,6,63,113,6,7,19,4,4,0,0,0,1,0,0,11,6,1,0,0,4,0,0,0,46,24,92,100,0,51,37,7,5,826,31,59,195,2,16,413,5,8,21,28,16,9,23,167,24,14,103,1,3,5,3,7,6,1,0,2,0,0,0,81,0,3,26,0,1,5,5,1,1,0,15,0,13,3,8,6,6,4,3,1,0
"LE3  1",14725,13116,0,4,2,0,0,0,0,1,1,39,101,9,490,8,3,339,25,6,14,32,28,12,4,10,5,1,1,2,0,0,0,0,27,24,2,1,0,0,0,0,0,21,67,31,108,0,65,40,3,0,344,19,10,86,0,9,149,0,0,21,35,3,0,12,82,5,4,12,2,0,2,4,0,52,1,0,1,0,0,0,277,0,0,65,4,4,3,7,41,2,2,83,0,1,3,62,3,3,5,4,1,0
"LE3  2",14051,11836,0,0,0,0,0,0,0,0,0,12,22,17,533,30,12,368,19,9,6,26,48,4,2,1,6,0,1,0,1,0,0,0,24,2,15,4,3,0,0,0,0,29,51,30,30,0,11,9,8,2,1339,29,35,677,0,8,525,0,2,15,21,10,6,11,46,8,3,16,0,0,5,2,1,5,6,0,2,0,0,0,68,0,0,2,1,9,5,2,1,0,0,34,0,3,1,10,5,5,7,7,0,0
"LE3  3",12830,12028,2,1,1,0,0,0,0,0,0,10,3,10,227,4,4,178,2,3,3,13,6,0,2,7,2,1,0,1,0,0,1,0,15,0,10,0,0,5,0,0,0,6,15,11,13,0,1,8,4,0,361,10,20,128,0,1,184,5,1,4,3,0,0,5,84,3,58,20,1,0,0,1,0,0,1,3,2,0,0,0,29,0,0,0,0,0,0,0,5,0,0,10,0,0,5,9,2,2,8,6,0,2
"LE3  5",5959,4309,1,2,0,0,0,0,0,2,0,23,31,14,887,16,13,637,44,12,26,31,83,6,3,3,5,6,1,0,1,0,0,0,31,15,14,2,0,0,0,0,0,50,22,50,100,0,63,34,1,2,266,37,17,35,0,4,118,0,1,21,8,4,4,17,62,12,14,29,1,0,1,5,0,0,0,0,0,3,3,0,100,0,1,23,0,3,5,4,14,0,1,21,0,0,2,26,2,2,6,2,3,1
"LE3  6",12342,11059,1,0,0,0,0,0,0,0,0,21,32,17,458,12,7,336,33,18,6,15,20,3,1,3,3,0,1,0,0,0,0,0,19,3,8,7,1,0,0,0,0,27,32,22,65,0,37,20,7,1,391,27,10,74,0,5,218,0,5,10,13,13,4,12,51,6,10,16,0,0,3,5,0,8,3,0,0,0,0,0,134,3,4,27,0,5,5,0,17,0,0,35,1,3,1,33,7,7,6,5,1,0
"LE3  8",9882,9542,2,1,0,0,0,0,0,1,0,7,3,5,60,2,6,37,3,5,1,2,0,2,0,1,0,0,0,1,0,0,0,0,6,0,5,0,0,1,0,0,0,1,8,5,7,0,6,0,0,1,174,10,4,64,0,1,75,1,3,8,6,0,0,2,45,4,27,5,3,0,2,1,0,3,0,0,0,0,0,0,12,1,0,1,0,0,0,0,0,0,0,7,0,0,0,3,0,0,4,2,1,1
"LE3  9",15484,13403,2,1,0,0,0,0,0,1,0,26,52,7,662,27,8,524,23,7,14,7,23,10,1,3,3,2,2,2,4,1,1,0,26,10,12,3,0,1,0,0,0,16,50,33,141,0,38,93,7,3,731,51,23,103,0,3,427,6,2,29,55,3,0,29,91,10,22,23,3,1,7,9,0,15,1,0,1,0,0,0,230,1,4,45,0,5,1,8,20,1,8,68,0,3,5,61,2,2,10,6,1,3
"LE4  0",14474,11347,2,4,0,0,0,0,0,4,0,55,65,8,566,7,10,414,25,14,3,30,24,8,5,1,12,3,3,0,6,0,1,0,39,26,1,11,0,1,1,1,0,14,44,50,301,0,228,63,5,5,1287,46,36,197,0,14,856,4,0,46,33,16,0,39,107,3,18,39,2,1,3,4,3,28,6,0,3,0,0,0,559,1,6,282,1,5,12,0,66,0,11,110,0,4,7,54,10,10,12,8,3,1
"LE4  1",4584,3993,0,0,0,0,0,0,0,0,0,9,13,5,147,1,3,113,3,7,3,2,1,5,0,0,8,0,0,0,1,0,0,0,14,5,4,5,0,0,0,0,0,4,6,9,32,0,21,9,0,2,240,9,1,46,0,0,131,0,2,17,7,0,3,24,24,1,6,6,3,0,6,1,1,0,0,0,0,0,0,0,82,0,4,35,0,3,0,0,4,0,1,20,0,0,1,14,4,4,2,1,0,1
"LE4  2",9803,8478,1,0,0,0,0,0,0,0,0,23,30,15,279,2,1,237,0,7,1,9,6,2,3,0,3,1,3,0,3,0,1,0,28,23,5,0,0,0,0,0,0,16,14,41,117,0,61,44,11,1,463,19,2,85,0,13,283,2,1,46,2,3,0,7,65,3,25,28,0,0,3,2,1,2,1,0,2,0,0,0,224,6,4,90,0,6,6,3,42,0,2,37,0,4,1,23,1,1,6,6,0,0
"LE4  3",5397,4983,0,0,0,0,0,0,0,0,0,3,4,1,25,5,1,13,0,0,0,5,0,0,0,1,0,0,0,0,0,0,0,0,5,0,1,0,0,4,2,2,0,2,0,2,4,0,0,0,1,3,335,8,9,40,0,3,245,0,0,20,1,0,0,9,10,0,1,7,1,0,0,0,0,1,0,0,0,0,0,0,13,0,0,0,0,0,0,0,0,0,0,10,0,0,0,3,0,0,8,3,2,3
"LE4  4",6431,6169,0,0,0,0,0,0,0,0,0,2,3,3,25,1,4,10,0,1,0,0,0,0,3,2,1,0,1,0,1,0,1,0,3,0,3,0,0,0,0,0,0,1,4,3,2,0,2,0,0,0,202,0,4,31,0,4,148,0,0,10,0,0,0,5,6,0,1,2,2,0,0,0,0,1,0,0,1,0,0,0,1,0,0,0,0,0,0,0,0,0,0,1,0,0,0,0,2,2,4,3,0,1
"LE4  5",8636,3937,0,1,1,0,0,0,0,0,0,21,104,3,129,9,4,78,1,9,8,2,1,6,4,0,4,2,0,0,0,1,0,0,8,5,2,0,1,0,0,0,0,5,3,35,96,0,23,34,26,13,4156,68,64,177,0,15,3453,30,3,215,19,1,20,91,13,0,3,6,1,0,1,0,0,1,1,1,18,0,0,0,87,1,1,49,0,4,0,0,10,0,0,8,0,10,3,1,12,12,7,4,3,0
"LE4  6",14775,6284,0,2,0,0,0,1,0,1,0,52,206,6,227,4,1,161,34,5,4,1,8,1,3,0,5,0,0,0,0,0,0,0,0,0,0,0,0,0,0,0,0,4,15,15,52,0,17,15,2,18,7703,112,150,587,0,18,6308,23,12,317,14,54,14,94,31,4,4,12,1,0,1,2,0,3,4,0,24,0,0,0,129,0,1,64,1,0,1,0,11,2,0,19,0,7,8,15,17,17,8,6,1,1
"LE4  7",11679,6086,0,1,0,0,0,0,0,1,0,13,59,1,268,8,8,159,54,21,1,3,4,0,0,4,5,0,0,0,1,0,0,0,9,1,5,3,0,0,0,0,0,8,6,16,80,0,28,33,9,10,5016,104,73,685,0,19,3698,2,0,292,11,36,10,86,35,2,11,13,0,0,1,1,1,6,0,0,17,0,0,0,51,0,0,24,0,0,0,0,3,0,0,18,0,1,0,5,6,6,7,4,2,1
"LE4  8",9294,8162,0,0,0,0,0,0,0,0,0,1,2,8,90,0,2,66,1,8,0,6,0,0,1,3,1,1,0,0,1,0,0,0,6,0,2,4,0,0,0,0,0,0,1,38,11,0,0,6,3,2,943,11,17,135,1,4,745,0,4,16,1,3,0,6,13,0,3,3,0,0,0,3,2,2,0,0,1,0,0,0,11,0,0,0,0,0,0,0,2,0,0,7,0,0,0,2,2,2,5,3,2,0
"LE4  9",7961,5963,2,1,0,0,0,0,0,1,0,7,88,2,224,1,2,91,95,12,4,13,0,0,0,1,3,2,0,0,0,0,0,0,17,6,10,1,0,0,0,0,0,4,8,5,98,0,75,18,1,4,1363,122,20,300,1,10,668,0,0,83,1,14,1,143,19,1,1,12,1,0,1,2,0,1,0,0,2,0,0,0,154,0,1,104,0,1,1,2,25,0,0,11,0,1,1,7,1,1,3,3,0,0
"LE5  0",7543,4922,0,2,0,0,0,0,0,0,2,23,105,7,176,6,3,97,26,10,3,8,5,2,0,0,3,6,0,6,0,0,1,0,17,5,8,0,0,4,0,0,0,11,9,61,177,0,124,32,14,7,1667,140,40,242,0,45,1015,1,2,17,3,4,10,148,37,0,6,14,2,0,0,2,2,7,4,0,4,0,0,0,317,4,3,230,0,2,5,0,19,0,0,35,0,7,3,9,8,8,0,0,0,0
"LE5  1",15759,12571,0,1,0,0,0,0,0,0,1,18,51,2,293,10,8,236,7,6,4,3,3,5,0,3,4,0,1,0,1,0,0,2,23,3,16,1,0,3,0,0,0,5,5,374,60,0,21,31,5,3,2061,92,20,399,0,29,1330,1,7,43,12,5,0,123,108,1,22,11,1,0,5,4,3,59,2,0,4,0,0,0,168,1,0,72,0,1,0,0,26,0,0,48,2,6,3,9,5,5,10,7,2,1
"LE5  2",10169,8890,0,0,0,0,0,0,0,0,0,20,18,5,91,3,3,59,7,0,3,8,2,3,1,0,2,0,0,0,0,0,0,0,21,2,14,3,2,0,0,0,0,0,5,18,49,0,31,13,1,4,938,88,19,289,2,16,464,0,3,11,4,4,0,38,42,4,0,5,0,1,0,1,0,29,2,0,5,0,0,0,62,1,0,10,0,0,0,0,4,0,0,30,1,4,1,11,1,1,4,4,0,0
"LE5  3",9380,4020,0,0,0,0,0,0,0,0,0,39,216,2,109,6,0,65,14,8,6,0,3,1,0,1,2,1,1,0,0,0,1,0,6,2,3,1,0,0,0,0,0,3,1,85,81,0,8,22,35,16,4552,318,72,383,0,64,3380,8,2,2,3,2,1,317,30,6,0,2,0,0,2,3,1,0,16,0,30,0,0,0,171,0,1,128,0,0,1,3,11,0,0,13,0,9,0,5,27,27,8,5,2,1
"LE5  4",13122,8026,1,0,0,0,0,0,0,0,0,44,50,4,243,10,11,104,51,13,3,8,13,3,5,1,11,3,1,0,1,5,0,0,29,8,18,1,0,2,0,0,0,6,19,83,161,0,62,51,32,16,4063,263,60,794,1,95,2435,3,6,50,69,11,1,275,109,0,7,10,0,0,1,2,2,82,5,0,10,2,1,1,252,4,0,176,0,3,0,1,13,0,0,24,0,10,3,18,17,17,3,2,1,0
"LE5  5",16817,9263,0,1,1,0,0,0,0,0,0,42,94,3,345,3,5,88,115,62,30,10,8,4,0,4,8,0,1,3,0,4,0,0,27,1,25,1,0,0,0,0,0,1,12,190,177,0,18,49,94,16,6212,576,104,931,6,314,3617,5,16,59,9,12,3,560,65,1,8,22,4,0,0,3,10,14,3,0,16,0,0,0,337,0,4,271,1,1,2,1,12,2,0,8,0,27,4,4,26,26,6,5,1,0
"LE5  6",8543,6429,0,0,0,0,0,0,0,0,0,12,18,1,81,22,1,17,13,8,7,0,3,3,0,0,5,0,1,1,0,0,0,0,14,2,11,1,0,0,0,0,0,8,4,63,28,0,7,7,12,2,1784,86,20,536,0,44,979,4,0,12,9,0,1,93,32,0,8,8,0,0,0,1,0,13,2,0,2,0,0,0,52,0,0,26,0,0,0,0,5,0,0,7,0,9,0,5,7,7,8,6,2,0
"LE6  0",11691,11502,0,0,0,0,0,0,0,0,0,6,1,7,29,5,3,11,0,0,0,2,0,0,0,7,1,0,0,0,0,0,0,0,2,0,0,0,0,2,0,0,0,0,5,2,3,0,0,2,0,1,106,1,4,37,0,2,41,0,2,5,2,2,0,10,23,2,7,9,1,0,0,3,1,0,0,1,0,0,0,0,0,0,0,0,0,0,0,0,0,0,0,0,0,0,0,0,1,1,3,1,1,1
"LE65 1",5991,5862,3,0,0,0,0,0,0,0,0,2,3,4,38,1,2,20,0,1,1,0,3,6,0,2,1,0,0,0,1,0,0,0,0,0,0,0,0,0,0,0,0,0,3,0,1,0,1,0,0,0,29,1,6,3,0,1,3,0,6,3,1,0,0,5,44,6,12,12,2,0,0,3,0,9,0,0,0,0,0,0,2,0,0,0,0,0,0,0,0,0,0,1,1,0,0,0,0,0,0,0,0,0
"LE65 2",7563,7484,0,0,0,0,0,0,0,0,0,1,1,2,39,1,1,17,3,3,1,3,0,2,1,4,1,1,1,0,0,0,0,0,3,0,1,1,0,1,0,0,0,1,0,1,0,0,0,0,0,0,17,0,5,0,0,0,2,0,2,0,6,0,2,0,14,4,0,5,0,0,0,3,1,0,1,0,0,0,0,0,0,0,0,0,0,0,0,0,0,0,0,0,0,0,0,0,0,0,0,0,0,0
"LE67 1",5221,5186,0,0,0,0,0,0,0,0,0,2,0,0,8,0,0,7,0,0,1,0,0,0,0,0,0,0,0,0,0,0,0,0,0,0,0,0,0,0,0,0,0,0,1,0,0,0,0,0,0,0,11,1,0,4,0,1,2,0,0,2,1,0,0,0,9,2,0,0,1,0,0,2,0,3,1,0,0,0,0,0,3,0,0,0,0,0,0,0,0,0,0,0,0,0,1,2,1,1,0,0,0,0
"LE67 2",7381,7306,0,0,0,0,0,0,0,0,0,1,1,1,36,5,7,16,6,0,0,0,0,0,0,0,1,1,0,0,0,0,0,0,2,1,0,1,0,0,0,0,0,2,4,0,2,0,2,0,0,0,3,0,0,2,0,0,1,0,0,0,0,0,0,0,10,0,2,3,0,0,1,3,0,1,0,0,0,0,0,0,5,0,0,0,0,0,3,0,0,0,0,2,0,0,0,0,0,0,8,5,2,1
"LE67 3",8289,8017,1,0,0,0,0,0,0,0,0,5,6,3,154,2,2,87,38,8,3,2,8,0,0,0,2,1,0,0,0,1,0,0,2,0,0,2,0,0,0,0,0,1,0,0,1,0,0,1,0,0,55,0,0,0,0,5,7,0,0,1,13,6,21,2,42,0,4,8,0,0,0,6,0,24,0,0,0,0,0,0,0,0,0,0,0,0,0,0,0,0,0,0,0,0,0,0,1,1,1,0,1,0
"LE67 4",10370,10198,0,1,0,0,0,0,0,1,0,3,0,5,96,4,4,59,7,4,6,0,5,2,2,0,0,0,2,0,0,0,1,0,2,0,0,0,0,2,0,0,0,2,9,1,5,0,4,0,0,1,27,0,4,9,0,0,11,0,0,0,0,1,0,2,19,1,9,9,0,0,0,0,0,0,0,0,0,0,0,0,0,0,0,0,0,0,0,0,0,0,0,0,0,0,0,0,0,0,2,2,0,0
"LE67 5",8222,8132,1,0,0,0,0,0,0,0,0,6,1,2,44,2,4,18,6,0,0,1,8,2,0,0,3,0,0,0,0,0,0,0,1,1,0,0,0,0,0,0,0,3,1,3,1,0,1,0,0,0,14,0,0,2,0,0,12,0,0,0,0,0,0,0,12,1,5,2,0,0,0,2,2,0,0,0,0,0,0,0,1,0,0,0,0,0,0,0,0,0,0,0,0,0,0,1,0,0,0,0,0,0
"LE67 6",5777,5726,0,1,0,0,0,0,0,1,0,6,4,2,15,1,3,7,0,0,2,0,0,0,0,0,2,0,0,0,0,0,0,0,1,0,1,0,0,0,0,0,0,1,2,0,1,0,0,0,0,1,6,0,0,0,0,0,5,0,0,1,0,0,0,0,10,1,2,2,1,0,0,2,1,1,0,0,0,0,0,0,1,0,0,0,0,0,0,0,0,0,0,0,0,0,0,1,0,0,1,1,0,0
"LE67 8",5793,5753,1,0,0,0,0,0,0,0,0,5,0,0,15,0,1,10,0,0,0,2,0,0,0,0,2,0,0,0,0,0,0,0,0,0,0,0,0,0,0,0,0,0,1,1,0,0,0,0,0,0,4,0,0,1,0,1,2,0,0,0,0,0,0,0,6,0,0,1,0,0,0,1,1,3,0,0,0,0,0,0,2,0,0,0,0,0,0,1,0,0,0,0,0,0,0,1,4,4,1,0,0,1
"LE67 9",5827,5727,1,0,0,0,0,0,0,0,0,0,1,3,15,1,1,6,0,0,3,0,0,0,0,0,2,0,1,0,1,0,0,0,2,0,1,0,0,1,0,0,0,3,0,5,4,0,2,1,0,1,37,3,2,11,0,0,18,0,1,2,0,0,0,0,23,1,14,1,0,0,0,2,1,4,0,0,0,0,0,0,3,0,0,0,0,0,0,0,0,0,0,0,2,0,0,1,0,0,3,0,0,3
"LE7  1",5486,5114,0,1,0,0,0,0,1,0,0,5,0,0,22,1,4,14,0,0,0,0,0,1,0,1,0,0,1,0,0,0,0,0,1,1,0,0,0,0,0,0,0,3,0,1,0,0,0,0,0,0,319,1,2,27,0,2,281,0,0,1,0,0,0,5,16,0,7,7,1,0,0,0,0,1,0,0,3,0,0,0,0,0,0,0,0,0,0,0,0,0,0,0,0,0,0,0,0,0,1,0,1,0
"LE7  2",6851,6646,1,1,1,0,0,0,0,0,0,0,4,2,35,3,3,15,0,0,4,0,0,0,1,4,2,0,0,1,0,0,2,0,4,1,3,0,0,0,0,0,0,0,1,5,2,0,1,1,0,0,133,0,5,25,0,0,102,0,0,0,0,0,0,1,17,1,3,2,0,0,1,1,0,9,0,0,0,0,0,0,0,0,0,0,0,0,0,0,0,0,0,0,0,0,0,0,0,0,0,0,0,0
"LE7  3",5165,5129,0,0,0,0,0,0,0,0,0,3,0,0,5,1,0,3,0,0,0,0,0,0,0,1,0,0,0,0,0,0,0,0,0,0,0,0,0,0,0,0,0,4,0,0,0,0,0,0,0,0,16,0,2,2,0,0,4,0,0,8,0,0,0,0,7,0,0,0,2,0,0,2,2,1,0,0,0,0,0,0,1,0,0,0,0,0,0,0,0,0,0,0,0,0,0,1,0,0,0,0,0,0
"LE7  4",3987,3861,0,0,0,0,0,0,0,0,0,13,4,2,18,4,7,5,0,0,0,0,0,0,0,0,1,0,0,1,0,0,0,0,0,0,0,0,0,0,0,0,0,0,0,1,2,0,1,1,0,0,26,3,1,7,0,0,15,0,0,0,0,0,0,0,51,3,25,14,0,0,0,0,6,3,0,0,0,0,0,0,6,0,0,0,0,0,0,0,0,0,0,1,0,0,0,5,2,2,1,0,0,1
"LE7  7",12079,11937,1,0,0,0,0,0,0,0,0,5,2,3,42,1,6,16,2,0,1,0,1,0,4,3,1,1,1,1,2,1,0,1,1,0,1,0,0,0,0,0,0,3,3,3,1,0,1,0,0,0,65,2,4,29,0,0,24,0,0,6,0,0,0,0,6,1,2,2,0,0,0,0,0,1,0,0,0,0,0,0,1,0,0,0,0,0,0,0,0,0,0,1,0,0,0,0,1,1,5,2,1,2
"LE7  9",9794,9494,0,0,0,0,0,0,0,0,0,6,1,3,37,2,5,10,5,6,1,0,0,1,1,0,4,0,2,0,0,0,0,0,5,0,4,1,0,0,0,0,0,4,0,4,8,5,0,2,0,1,208,3,6,68,0,10,114,0,1,2,0,2,0,2,6,0,1,2,0,0,0,0,0,2,1,0,2,0,0,0,12,0,0,0,0,0,0,0,0,0,0,8,2,0,0,2,0,0,4,2,1,1
"LE8  0",6237,6160,1,0,0,0,0,0,0,0,0,6,2,7,17,2,1,5,0,1,0,1,1,1,0,3,1,0,1,0,0,0,0,0,0,0,0,0,0,0,0,0,0,1,0,0,0,0,0,0,0,0,26,5,1,11,0,0,9,0,0,0,0,0,0,0,14,0,0,0,1,0,0,0,0,12,1,0,0,0,0,0,0,0,0,0,0,0,0,0,0,0,0,0,0,0,0,0,1,1,2,0,0,2
"LE8  4",5996,5906,4,0,0,0,0,0,0,0,0,2,2,1,23,3,6,5,0,2,1,0,1,0,1,2,1,0,0,0,1,0,0,0,0,0,0,0,0,0,0,0,0,5,5,4,4,0,0,4,0,0,23,1,4,7,0,0,7,0,0,4,0,0,0,0,12,0,9,0,0,0,0,2,1,0,0,0,0,0,0,0,1,0,0,0,0,0,0,0,0,0,0,1,0,0,0,0,1,1,3,2,1,0
"LE8  5",6759,6715,1,1,0,0,0,0,0,1,0,1,2,1,14,1,3,4,0,1,2,0,1,1,0,1,0,0,0,0,0,0,0,0,1,1,0,0,0,0,0,0,0,0,1,0,0,0,0,0,0,0,9,2,0,4,0,0,3,0,0,0,0,0,0,0,13,2,1,3,3,0,0,4,0,0,0,0,0,0,0,0,0,0,0,0,0,0,0,0,0,0,0,0,0,0,0,0,0,0,0,0,0,0
"LE8  6",6612,6495,0,0,0,0,0,0,0,0,0,8,2,2,34,9,2,12,0,0,0,4,0,1,0,6,0,0,0,0,0,0,0,0,0,0,0,0,0,0,0,0,0,0,0,6,2,0,0,2,0,0,37,0,0,6,0,0,28,0,3,0,0,0,0,0,22,0,11,5,0,0,0,5,0,1,0,0,0,0,0,0,3,0,0,0,0,1,0,0,0,0,0,2,0,0,0,0,1,1,0,0,0,0
"LE8  8",4739,4681,0,0,0,0,0,0,0,0,0,3,0,1,25,3,3,8,0,0,0,1,0,0,0,7,2,0,1,0,0,0,0,0,0,0,0,0,0,0,0,0,0,5,1,0,0,0,0,0,0,0,9,2,0,4,0,0,3,0,0,0,0,0,0,0,13,0,1,3,0,0,0,0,0,9,0,0,0,0,0,0,0,0,0,0,0,0,0,0,0,0,0,0,0,0,0,0,0,0,1,0,0,1
"LE8  9",3582,3495,0,0,0,0,0,0,0,0,0,3,2,0,17,0,1,11,0,1,0,1,0,0,0,1,0,2,0,0,0,0,0,0,1,0,0,0,0,1,0,0,0,1,1,2,3,0,0,0,2,1,47,6,8,6,0,1,21,0,0,1,4,0,0,0,6,1,0,3,0,0,0,2,0,0,0,0,0,0,0,0,0,0,0,0,0,0,0,0,0,0,0,0,0,0,0,0,2,2,2,2,0,0
"LE9  1",3403,3381,0,0,0,0,0,0,0,0,0,2,1,1,5,0,1,2,0,0,0,0,0,1,1,0,0,0,0,0,0,0,0,0,0,0,0,0,0,0,0,0,0,0,0,0,0,0,0,0,0,0,1,0,0,0,0,0,0,0,0,1,0,0,0,0,9,0,3,5,1,0,0,0,0,0,0,0,0,0,0,0,2,0,0,0,0,2,0,0,0,0,0,0,0,0,0,0,0,0,1,1,0,0
"LE9  2",4537,4433,1,0,0,0,0,0,0,0,0,5,0,1,26,3,2,3,1,0,0,5,3,0,0,2,1,1,0,5,0,0,0,0,2,0,1,1,0,0,0,0,0,1,2,1,1,0,0,1,0,0,56,4,4,15,0,0,29,0,2,2,0,0,0,0,8,1,0,2,1,0,1,2,0,1,0,0,0,0,0,0,0,0,0,0,0,0,0,0,0,0,0,0,0,0,0,0,0,0,0,0,0,0
"LE9  3",3288,3270,0,0,0,0,0,0,0,0,0,0,0,1,7,0,1,5,0,0,0,0,0,0,0,1,0,0,0,0,0,0,0,0,0,0,0,0,0,0,0,0,0,1,0,1,0,0,0,0,0,0,3,0,0,3,0,0,0,0,0,0,0,0,0,0,2,0,0,0,0,0,0,1,1,0,0,0,0,0,0,0,0,0,0,0,0,0,0,0,0,0,0,0,0,0,0,0,0,0,3,0,0,3
"LE9  4",6135,6091,2,0,0,0,0,0,0,0,0,2,2,3,13,0,3,7,0,1,0,0,0,0,0,0,0,1,0,1,0,0,0,0,0,0,0,0,0,0,0,0,0,0,1,0,0,0,0,0,0,0,13,0,1,2,0,0,9,0,0,0,1,0,0,0,7,2,0,2,0,0,0,1,0,2,0,0,0,0,0,0,0,0,0,0,0,0,0,0,0,0,0,0,0,0,0,0,0,0,1,0,0,1
"LE9  6",8634,8577,3,0,0,0,0,0,0,0,0,3,0,0,18,1,4,10,1,0,2,0,0,0,0,0,0,0,0,0,0,0,0,0,3,0,2,0,0,1,0,0,0,4,0,1,1,0,1,0,0,0,10,0,3,0,0,0,6,0,0,0,0,0,0,1,8,3,0,0,0,0,0,0,0,3,2,0,0,0,0,0,2,0,0,0,0,0,0,0,0,0,0,0,0,0,0,2,1,1,3,2,0,1
"LE9  7",11615,11422,3,1,0,0,0,1,0,0,0,3,6,3,83,2,6,44,3,6,5,0,0,12,0,2,1,0,1,0,1,0,0,0,0,0,0,0,0,0,0,0,0,3,3,7,5,1,0,2,1,1,28,0,0,10,0,0,8,0,0,7,0,0,0,3,36,0,9,11,1,0,2,7,0,5,1,0,0,0,0,0,6,0,0,0,0,0,0,0,0,0,0,5,1,0,0,0,1,1,5,3,0,2
"LE9  8",9022,8919,1,2,0,0,0,0,0,2,0,3,2,0,65,5,2,36,8,2,0,4,0,0,0,2,2,0,0,2,0,0,2,0,3,1,0,0,0,2,0,0,0,5,2,1,0,0,0,0,0,0,8,2,0,3,0,0,2,0,0,0,1,0,0,0,1,1,0,0,0,0,0,0,0,0,0,0,0,0,0,0,5,0,0,0,0,0,0,0,0,0,0,4,0,0,0,1,1,1,4,4,0,0
"LE9  9",6743,6683,1,0,0,0,0,0,0,0,0,1,0,0,24,0,2,11,2,0,0,0,3,0,2,2,1,0,1,0,0,0,0,0,0,0,0,0,0,0,0,0,0,1,1,0,1,0,0,1,0,0,25,0,4,15,0,1,5,0,0,0,0,0,0,0,4,0,1,1,0,0,0,1,1,0,0,0,0,0,0,0,0,0,0,0,0,0,0,0,0,0,0,0,0,0,0,0,0,0,2,0,0,2
"LN1  1",8308,7843,2,0,0,0,0,0,0,0,0,22,15,19,260,4,30,134,2,9,2,27,25,8,2,3,4,7,0,3,0,0,0,0,6,0,3,3,0,0,2,0,2,17,2,22,20,0,2,18,0,0,25,6,0,2,0,3,1,0,1,6,2,0,4,0,42,1,3,25,2,0,0,9,0,2,0,0,0,0,0,0,5,0,0,0,0,0,0,0,0,0,0,3,2,0,0,0,0,0,6,3,1,2
"LN1  2",11130,11036,1,0,0,0,0,0,0,0,0,13,3,3,47,2,6,6,0,1,4,3,4,2,0,5,6,1,3,0,2,0,1,1,1,1,0,0,0,0,0,0,0,4,2,3,1,0,0,0,0,1,7,0,0,0,0,0,3,0,0,4,0,0,0,0,4,0,1,0,0,0,1,1,0,1,0,0,0,0,0,0,2,0,0,0,0,0,0,0,0,0,0,1,0,0,0,1,1,1,2,2,0,0
"LN1  3",8083,7840,1,1,0,0,0,0,0,1,0,11,10,3,149,5,7,81,3,2,3,15,11,0,3,8,6,2,0,3,0,0,0,0,3,1,2,0,0,0,0,0,0,10,3,9,15,0,6,8,0,1,12,2,0,0,0,3,1,0,0,2,3,0,0,1,8,0,1,3,1,0,0,2,0,1,0,0,0,0,0,0,4,0,0,0,0,0,0,2,0,0,0,2,0,0,0,0,0,0,4,3,1,0
"LN10 5",851,847,0,0,0,0,0,0,0,0,0,0,0,0,0,0,0,0,0,0,0,0,0,0,0,0,0,0,0,0,0,0,0,0,0,0,0,0,0,0,0,0,0,0,0,0,0,0,0,0,0,0,0,0,0,0,0,0,0,0,0,0,0,0,0,0,4,0,0,0,0,0,0,0,0,4,0,0,0,0,0,0,0,0,0,0,0,0,0,0,0,0,0,0,0,0,0,0,0,0,0,0,0,0
"LN10 6",5024,4964,0,0,0,0,0,0,0,0,0,3,0,1,22,3,2,9,0,0,0,4,3,0,1,0,0,0,0,0,0,0,0,0,0,0,0,0,0,0,0,0,0,5,2,3,0,0,0,0,0,0,12,2,0,0,0,5,0,0,0,5,0,0,0,0,8,2,0,4,0,0,2,0,0,0,0,0,0,0,0,0,0,0,0,0,0,0,0,0,0,0,0,0,0,0,0,0,3,3,1,1,0,0
"LN11 0",9555,9458,1,0,0,0,0,0,0,0,0,3,1,6,57,0,4,28,1,1,3,8,0,3,1,1,0,2,5,0,0,0,0,0,2,1,0,0,0,1,0,0,0,1,7,2,0,0,0,0,0,0,3,0,0,2,0,0,1,0,0,0,0,0,0,0,12,0,2,5,1,0,0,1,0,3,0,1,0,0,0,0,0,0,0,0,0,0,0,0,0,0,0,0,0,0,0,0,0,0,1,1,0,0
"LN11 7",5025,4980,0,0,0,0,0,0,0,0,0,1,7,2,14,3,1,5,0,0,1,0,2,0,1,0,1,0,0,0,0,0,0,0,2,0,0,0,0,2,0,0,0,0,1,1,0,0,0,0,0,0,2,1,1,0,0,0,0,0,0,0,0,0,0,0,3,0,0,0,0,0,0,1,0,0,2,0,0,0,0,0,2,0,0,0,0,0,0,1,0,0,0,0,0,0,1,0,0,0,10,6,0,4
"LN11 8",7900,7842,0,0,0,0,0,0,0,0,0,1,2,2,29,2,4,5,1,1,4,0,0,0,1,2,4,0,5,0,0,0,0,0,3,0,0,2,0,1,0,0,0,7,0,0,0,0,0,0,0,0,4,2,0,0,0,2,0,0,0,0,0,0,0,0,7,0,2,0,0,0,0,3,1,1,0,0,0,0,0,0,0,0,0,0,0,0,0,0,0,0,0,0,0,0,0,0,0,0,3,3,0,0
"LN11 9",4847,4796,0,1,0,0,0,0,0,1,0,4,2,0,20,2,1,5,1,1,3,5,0,0,1,0,1,0,0,0,0,0,0,0,1,0,0,0,0,1,0,0,0,4,4,1,0,0,0,0,0,0,2,0,0,0,0,0,0,0,0,0,2,0,0,0,10,3,2,2,1,0,0,1,0,1,0,0,0,0,0,0,0,0,0,0,0,0,0,0,0,0,0,0,0,0,0,0,0,0,2,1,0,1
"LN12 1",4930,4900,1,0,0,0,0,0,0,0,0,1,1,0,6,0,0,0,1,0,4,0,0,0,0,0,0,0,0,0,0,0,1,0,0,0,0,0,0,0,0,0,0,0,3,1,0,0,0,0,0,0,3,0,2,0,0,0,0,0,0,0,0,0,0,1,8,0,0,4,3,0,0,0,0,1,0,0,0,0,0,0,4,0,0,0,0,0,0,0,0,0,0,0,0,0,4,0,0,0,2,0,0,2
"LN12 2",8003,7951,0,2,0,0,0,0,0,2,0,0,0,1,23,0,3,4,0,0,0,10,0,0,0,0,5,0,0,0,0,0,1,0,0,0,0,0,0,0,0,0,0,1,1,1,0,0,0,0,0,0,10,0,1,0,0,1,0,0,0,0,8,0,0,0,11,0,0,3,0,0,0,1,1,5,1,0,0,0,0,0,0,0,0,0,0,0,0,0,0,0,0,0,0,0,0,0,0,0,2,1,0,1
"LN13 0",2580,2568,0,0,0,0,0,0,0,0,0,0,0,0,5,0,1,2,0,0,0,1,0,0,1,0,0,0,0,0,0,0,0,0,0,0,0,0,0,0,0,0,0,1,0,0,0,0,0,0,0,0,2,0,0,0,0,2,0,0,0,0,0,0,0,0,0,0,0,0,0,0,0,0,0,0,0,0,0,0,0,0,0,0,0,0,0,0,0,0,0,0,0,0,0,0,0,0,0,0,4,3,0,1
"LN13 9",4980,4936,1,0,0,0,0,0,0,0,0,0,1,2,26,0,2,2,4,1,4,4,0,2,0,0,3,0,4,0,0,0,0,0,1,0,1,0,0,0,0,0,0,0,0,2,0,0,0,0,0,0,0,0,0,0,0,0,0,0,0,0,0,0,0,0,7,0,0,3,0,0,1,0,1,2,0,0,0,0,0,0,0,0,0,0,0,0,0,0,0,0,0,0,0,0,0,0,0,0,4,2,0,2
"LN2  1",1820,1730,0,0,0,0,0,0,0,0,0,6,6,6,33,1,1,15,0,0,1,10,1,0,0,2,0,0,0,1,0,0,0,1,1,0,1,0,0,0,0,0,0,5,0,0,6,0,0,5,0,1,11,0,1,0,0,6,0,0,2,0,0,0,0,2,14,2,0,8,0,0,1,2,0,0,1,0,0,0,0,0,1,0,0,0,0,0,0,0,1,0,0,0,0,0,0,0,1,1,0,0,0,0
"LN2  2",10082,9961,1,0,0,0,0,0,0,0,0,7,6,6,60,3,6,35,1,0,0,7,4,0,0,2,0,1,1,0,0,0,0,0,0,0,0,0,0,0,0,0,0,2,2,3,1,0,0,1,0,0,18,4,2,5,0,2,2,0,0,2,0,1,0,0,9,1,0,4,0,0,0,0,0,1,3,0,0,0,0,0,2,0,0,0,0,0,0,0,0,0,0,1,1,0,0,0,1,1,3,1,2,0
"LN2  3",6429,6391,0,0,0,0,0,0,0,0,0,0,1,2,13,1,3,2,0,1,0,2,0,0,0,0,4,0,0,0,0,0,0,0,2,0,0,0,0,2,0,0,0,0,3,2,0,0,0,0,0,0,9,0,0,1,0,0,4,0,0,0,0,0,0,4,3,0,0,2,0,0,0,0,0,0,1,0,1,0,0,0,1,0,0,0,0,0,0,0,0,0,0,0,1,0,0,0,0,0,1,1,0,0
"LN2  4",12652,11884,1,4,2,0,0,0,0,2,0,15,16,18,442,9,3,318,4,0,3,52,28,9,3,6,5,1,1,0,0,0,0,0,4,0,0,0,0,4,1,0,1,21,11,34,17,0,4,10,3,0,104,22,18,4,0,8,0,0,7,20,16,2,2,5,59,3,15,24,0,1,3,7,1,1,4,0,0,0,0,0,15,0,0,0,0,0,4,0,1,0,0,3,0,0,7,0,0,0,6,5,1,0
"LN2  5",6322,5314,1,3,0,0,0,0,0,3,0,14,33,3,654,10,11,401,20,4,8,98,71,5,16,0,4,3,1,1,0,0,0,1,8,1,0,5,0,2,0,0,0,51,3,19,83,1,43,37,2,0,42,8,7,1,0,5,3,3,1,6,6,0,2,0,71,0,9,25,2,1,1,0,0,31,2,0,0,0,0,0,20,1,0,0,0,0,3,1,0,0,5,0,4,1,0,5,1,1,2,1,0,1
"LN3  4",5731,5646,0,1,0,0,0,0,0,1,0,2,1,0,45,2,1,32,0,0,0,5,0,0,2,0,2,0,0,0,1,0,0,0,1,0,0,1,0,0,0,0,0,3,4,1,1,0,0,1,0,0,12,2,1,0,0,1,0,0,4,2,2,0,0,0,8,0,0,1,1,0,0,0,0,6,0,0,0,0,0,0,4,0,0,0,0,0,1,0,0,0,0,0,3,0,0,0,0,0,2,0,0,2
"LN3  5",2945,2929,2,0,0,0,0,0,0,0,0,1,0,0,9,0,2,1,0,0,0,0,0,0,0,0,6,0,0,0,0,0,0,0,0,0,0,0,0,0,0,0,0,0,0,0,0,0,0,0,0,0,1,1,0,0,0,0,0,0,0,0,0,0,0,0,1,0,0,0,0,0,0,0,0,1,0,0,0,0,0,0,0,0,0,0,0,0,0,0,0,0,0,0,0,0,0,0,0,0,2,0,0,2
"LN4  1",10262,10168,1,0,0,0,0,0,0,0,0,2,1,7,46,2,12,19,0,0,0,1,4,0,0,1,2,1,1,0,0,0,3,0,1,0,0,1,0,0,0,0,0,6,0,0,0,0,0,0,0,0,9,3,0,0,0,4,2,0,0,0,0,0,0,0,14,0,2,5,0,0,0,2,0,5,0,0,0,0,0,0,1,0,0,0,0,0,0,0,0,0,0,1,0,0,0,0,0,0,6,1,0,5
"LN4  2",8114,7958,3,0,0,0,0,0,0,0,0,5,1,10,97,1,7,33,0,1,11,16,11,2,9,1,1,0,1,1,1,0,1,0,1,0,0,0,0,1,1,1,0,2,5,3,0,0,0,0,0,0,6,0,0,0,0,1,0,0,0,2,0,0,3,0,19,0,1,4,1,0,0,4,2,6,1,0,0,0,0,0,2,0,0,0,0,0,0,0,0,0,0,0,1,0,0,1,0,0,1,0,0,1
"LN4  3",8174,8106,3,0,0,0,0,0,0,0,0,2,0,3,31,3,8,6,0,2,0,0,0,4,0,1,2,0,2,0,0,0,0,3,0,0,0,0,0,0,0,0,0,2,2,2,2,0,0,2,0,0,6,1,0,0,0,2,0,0,0,3,0,0,0,0,10,0,1,1,0,0,0,4,0,4,0,0,0,0,0,0,0,0,0,0,0,0,0,0,0,0,0,0,0,0,0,0,0,0,5,2,0,3
"LN4  4",10788,10656,5,0,0,0,0,0,0,0,0,1,0,3,67,7,3,31,0,0,2,18,2,1,0,1,2,0,0,0,0,0,0,0,1,0,0,1,0,0,0,0,0,12,4,5,1,0,0,1,0,0,15,0,2,0,0,8,2,0,1,2,0,0,0,0,14,0,4,2,0,0,0,5,1,2,0,0,0,0,0,0,0,0,0,0,0,0,0,0,0,0,0,0,0,0,0,0,1,1,3,0,0,3
"LN5  0",5662,5586,0,0,0,0,0,0,0,0,0,3,0,3,34,2,3,14,0,2,0,1,4,0,0,2,5,1,0,0,0,0,0,0,0,0,0,0,0,0,0,0,0,3,3,0,1,0,0,0,0,1,0,0,0,0,0,0,0,0,0,0,0,0,0,0,15,0,3,1,1,0,0,1,0,9,0,0,0,0,0,0,2,0,0,0,0,0,0,0,0,0,0,0,2,0,0,0,0,0,12,0,3,9
"LN5  7",5447,4518,1,2,1,0,0,0,1,0,0,8,30,9,689,4,17,406,41,1,8,90,94,12,4,2,4,2,0,2,1,1,0,0,6,4,0,2,0,0,0,0,0,62,6,9,11,0,5,4,0,2,45,2,2,1,0,13,0,2,5,2,16,1,0,1,40,4,5,18,0,0,0,8,2,3,0,0,0,0,0,0,9,0,0,0,0,0,0,1,4,1,0,0,0,0,3,0,1,1,1,1,0,0
"LN5  8",8176,7471,0,1,1,0,0,0,0,0,0,9,27,17,513,8,7,372,9,0,5,69,25,6,3,0,2,2,0,1,1,2,1,0,4,2,0,1,0,1,0,0,0,38,2,6,11,0,8,3,0,0,24,4,3,0,0,6,1,0,0,6,2,2,0,0,33,4,2,18,2,0,0,3,0,4,0,0,0,0,0,0,13,0,0,0,0,0,0,0,8,0,0,2,0,2,1,0,3,3,4,3,0,1
"LN5  9",11729,11566,5,3,0,0,0,0,0,3,0,8,0,11,74,3,9,39,3,1,0,10,2,2,0,2,2,1,0,0,0,0,0,0,0,0,0,0,0,0,0,0,0,2,3,5,1,0,0,1,0,0,18,2,0,1,0,4,0,0,0,11,0,0,0,0,27,0,5,15,1,1,0,1,2,1,1,0,0,0,0,0,4,0,0,0,0,0,0,0,0,0,0,2,0,0,0,2,0,0,2,0,1,1
"LN6  0",13084,12662,1,2,0,0,0,1,0,1,0,12,29,11,256,6,17,205,0,1,0,7,4,3,5,2,0,3,1,1,1,0,0,0,7,1,0,0,0,6,0,0,0,14,1,18,18,0,4,11,2,1,11,1,0,2,0,0,0,0,0,3,2,1,2,0,19,3,2,7,2,0,0,3,1,1,0,0,0,0,0,0,8,3,1,0,0,1,0,1,0,0,0,1,1,0,0,0,4,4,11,6,0,5
"LN6  3",3801,3719,1,0,0,0,0,0,0,0,0,2,5,1,37,0,5,20,2,0,1,0,3,2,1,2,0,0,0,0,0,1,0,0,0,0,0,0,0,0,0,0,0,2,1,0,5,0,0,5,0,0,4,0,0,2,0,0,0,0,0,1,0,1,0,0,19,1,3,5,0,0,4,3,1,2,0,0,0,0,0,0,3,0,0,0,0,0,0,2,0,0,0,0,0,0,1,0,0,0,2,0,2,0
"LN6  4",261,260,0,0,0,0,0,0,0,0,0,0,0,0,0,0,0,0,0,0,0,0,0,0,0,0,0,0,0,0,0,0,0,0,0,0,0,0,0,0,0,0,0,0,1,0,0,0,0,0,0,0,0,0,0,0,0,0,0,0,0,0,0,0,0,0,0,0,0,0,0,0,0,0,0,0,0,0,0,0,0,0,0,0,0,0,0,0,0,0,0,0,0,0,0,0,0,0,0,0,0,0,0,0
"LN6  5",3113,3099,1,1,0,0,0,0,0,0,1,0,0,1,7,0,2,1,0,1,1,1,0,0,0,0,0,0,1,0,0,0,0,0,0,0,0,0,0,0,0,0,0,0,0,0,3,0,0,1,2,0,0,0,0,0,0,0,0,0,0,0,0,0,0,0,1,0,0,0,0,0,0,0,0,0,1,0,0,0,0,0,0,0,0,0,0,0,0,0,0,0,0,0,0,0,0,0,0,0,0,0,0,0
"LN6  7",13588,13036,0,3,2,0,0,0,0,1,0,12,11,17,301,9,9,193,6,0,2,30,18,3,2,14,3,8,1,2,0,0,0,1,3,0,1,1,0,1,0,0,0,28,5,5,21,0,8,12,1,0,62,2,2,0,0,22,3,0,0,19,2,0,11,1,65,6,10,37,2,0,1,3,3,3,0,0,0,0,0,0,13,0,0,0,0,0,0,0,2,0,0,2,1,5,1,2,0,0,6,3,1,2
"LN6  8",9700,9547,1,0,0,0,0,0,0,0,0,1,4,2,78,13,2,32,0,0,3,19,1,6,0,1,1,0,0,0,0,0,0,0,1,1,0,0,0,0,0,0,0,5,1,6,6,0,2,0,0,4,14,0,2,1,0,4,0,0,0,3,4,0,0,0,27,0,6,4,1,0,0,7,1,8,0,0,0,0,0,0,3,2,0,0,0,0,0,0,0,0,0,0,1,0,0,0,0,0,4,1,3,0
"LN6  9",12855,12640,3,2,1,0,0,1,0,0,0,5,5,6,94,5,13,50,4,1,3,8,2,0,0,4,3,0,0,1,0,0,0,0,5,3,0,1,0,1,0,0,0,7,1,2,0,0,0,0,0,0,28,0,1,1,0,6,3,0,1,9,3,1,3,0,44,1,11,23,2,0,0,0,0,7,0,1,0,0,0,0,2,0,0,0,0,0,0,0,2,0,0,0,0,0,0,0,3,3,7,1,0,6
"LN7  6",5911,5878,0,0,0,0,0,0,0,0,0,5,1,2,17,0,5,4,1,0,0,0,0,0,4,0,3,0,0,0,0,0,0,0,0,0,0,0,0,0,0,0,0,2,0,1,0,0,0,0,0,0,0,0,0,0,0,0,0,0,0,0,0,0,0,0,5,0,0,2,0,0,0,2,0,1,0,0,0,0,0,0,0,0,0,0,0,0,0,0,0,0,0,0,0,0,0,0,0,0,0,0,0,0
"LN8  2",1779,1752,0,0,0,0,0,0,0,0,0,1,0,1,17,1,0,4,0,0,0,10,2,0,0,0,0,0,0,0,0,0,0,0,0,0,0,0,0,0,0,0,0,6,0,0,0,0,0,0,0,0,1,0,0,0,0,0,0,0,0,0,1,0,0,0,1,0,0,0,0,0,0,0,0,1,0,0,0,0,0,0,0,0,0,0,0,0,0,0,0,0,0,0,0,0,0,0,0,0,0,0,0,0
"LN8  3",9249,9154,0,0,0,0,0,0,0,0,0,3,2,6,44,3,5,3,0,0,12,4,0,0,1,3,10,1,1,0,0,0,1,0,2,0,0,0,0,2,0,0,0,2,0,1,0,0,0,0,0,0,2,0,0,0,0,0,0,0,0,0,2,0,0,0,31,0,24,3,0,1,0,2,0,1,0,0,0,0,0,0,2,0,0,0,0,0,0,1,0,0,0,1,0,0,0,0,0,0,0,0,0,0
"LN8  5",3009,2989,1,0,0,0,0,0,0,0,0,0,0,0,14,1,1,5,3,0,0,0,0,0,0,1,1,0,2,0,0,0,0,0,2,0,0,0,0,2,0,0,0,0,0,0,0,0,0,0,0,0,1,0,0,0,0,0,0,0,0,0,1,0,0,0,1,0,0,1,0,0,0,0,0,0,0,0,0,0,0,0,0,0,0,0,0,0,0,0,0,0,0,0,0,0,0,0,1,1,0,0,0,0
"LN8  6",2795,2760,1,0,0,0,0,0,0,0,0,1,0,2,20,4,2,2,0,0,0,10,0,0,1,0,0,0,1,0,0,0,0,0,1,0,0,0,0,1,0,0,0,1,6,0,0,0,0,0,0,0,2,0,0,0,0,0,0,0,0,0,2,0,0,0,0,0,0,0,0,0,0,0,0,0,0,0,0,0,0,0,1,0,0,0,0,0,0,0,1,0,0,0,0,0,0,0,0,0,0,0,0,0
"LN9  5",4504,4454,0,1,1,0,0,0,0,0,0,1,0,1,25,1,3,18,0,0,0,0,0,0,0,2,0,0,0,0,0,0,0,1,0,0,0,0,0,0,0,0,0,4,2,0,0,0,0,0,0,0,8,2,2,0,0,1,0,0,0,0,3,0,0,0,5,1,0,3,0,0,0,1,0,0,0,0,0,0,0,0,0,0,0,0,0,0,0,0,0,0,0,0,0,0,0,0,2,2,1,1,0,0
"LN9  6",4930,4874,0,0,0,0,0,0,0,0,0,3,1,1,34,4,4,19,0,2,0,1,0,1,0,0,2,0,1,0,0,0,0,0,1,0,0,0,0,1,0,0,0,0,1,0,0,0,0,0,0,0,9,3,0,0,0,5,0,0,0,0,1,0,0,0,3,0,0,0,1,0,0,1,0,0,1,0,0,0,0,0,1,0,0,0,0,0,0,0,0,0,0,1,0,0,0,0,1,1,1,1,0,0
"LS1  2",121,91,0,0,0,0,0,0,0,0,0,0,1,0,3,1,0,2,0,0,0,0,0,0,0,0,0,0,0,0,0,0,0,0,1,0,0,0,0,1,0,0,0,0,0,19,1,0,0,1,0,0,0,0,0,0,0,0,0,0,0,0,0,0,0,0,4,0,0,2,1,0,1,0,0,0,0,0,0,0,0,0,0,0,0,0,0,0,0,0,0,0,0,0,0,0,0,0,1,1,0,0,0,0
"LS1  3",452,312,0,0,0,0,0,0,0,0,0,3,1,13,17,1,2,3,2,1,0,0,0,0,0,5,0,3,0,0,0,0,0,0,0,0,0,0,0,0,0,0,0,4,2,72,7,0,4,3,0,0,0,0,0,0,0,0,0,0,0,0,0,0,0,0,19,1,2,6,2,0,0,7,0,0,1,0,0,0,0,0,1,0,1,0,0,0,0,0,0,0,0,0,0,0,0,0,1,1,0,0,0,0
"LS1  4",4551,4045,2,0,0,0,0,0,0,0,0,10,11,26,108,11,14,23,2,3,5,7,0,7,0,24,2,4,3,2,0,0,1,0,6,1,1,0,0,4,0,0,0,7,6,92,38,0,9,23,1,5,55,10,20,0,0,0,1,8,1,9,2,0,0,4,131,14,0,89,9,5,1,7,6,0,0,0,0,0,0,0,13,1,1,0,0,0,0,2,4,0,0,0,0,1,1,3,1,1,0,0,0,0
"LS1  5",204,125,0,0,0,0,0,0,0,0,0,3,3,1,8,0,2,0,0,0,1,1,0,0,0,0,0,3,0,1,0,0,0,0,0,0,0,0,0,0,0,0,0,1,0,48,3,0,0,3,0,0,6,1,5,0,0,0,0,0,0,0,0,0,0,0,6,0,0,3,0,0,0,0,0,3,0,0,0,0,0,0,0,0,0,0,0,0,0,0,0,0,0,0,0,0,0,0,0,0,0,0,0,0
"LS1  6",358,268,0,0,0,0,0,0,0,0,0,0,1,0,20,2,2,5,0,1,0,0,0,0,0,8,0,2,0,0,0,0,0,0,2,0,1,0,0,1,0,0,0,1,0,48,2,0,0,1,0,1,5,0,3,1,0,0,0,1,0,0,0,0,0,0,9,2,0,1,0,0,1,1,2,2,0,0,0,0,0,0,2,0,0,0,0,0,0,0,0,0,0,2,0,0,0,0,0,0,0,0,0,0
"LS10 1",4002,3419,1,2,2,0,0,0,0,0,0,12,18,22,222,13,26,78,16,3,8,33,3,9,5,13,2,6,4,3,0,0,0,0,5,0,1,0,0,4,0,0,0,20,2,84,9,0,4,4,0,1,124,7,43,9,0,3,9,13,22,8,4,0,0,6,58,2,4,35,4,3,0,0,2,8,0,0,0,0,0,0,3,0,0,0,0,0,0,0,0,0,0,3,0,0,0,0,0,0,1,1,0,0
"LS10 2",3627,3454,0,1,0,0,0,0,0,1,0,12,12,2,43,1,0,31,0,0,2,3,1,0,0,0,3,0,0,0,2,0,0,0,2,1,0,0,0,1,0,0,0,5,0,8,14,0,10,4,0,0,10,3,1,4,0,2,0,0,0,0,0,0,0,0,20,6,2,6,1,0,2,1,0,2,0,0,0,0,0,0,39,6,9,0,0,9,0,0,3,0,2,6,0,2,0,2,0,0,5,4,0,1
"LS10 3",12169,11595,0,0,0,0,0,0,0,0,0,69,33,6,228,6,2,157,9,7,3,24,5,3,0,2,4,5,0,0,1,0,0,0,2,2,0,0,0,0,0,0,0,37,0,4,21,0,5,14,0,2,25,4,1,9,0,1,7,0,0,3,0,0,0,0,26,4,11,2,0,0,0,3,0,6,0,0,0,0,0,0,106,4,4,0,0,2,0,2,8,2,8,47,0,1,2,26,3,3,14,12,1,1
"LS10 4",14063,13379,0,4,1,0,0,0,0,3,0,38,21,5,354,5,3,275,0,10,10,33,6,0,1,0,7,0,0,1,1,0,2,0,15,12,3,0,0,0,0,0,0,33,0,7,19,0,9,5,5,0,54,13,2,12,0,11,6,0,0,5,2,0,0,3,46,4,5,22,1,0,1,2,0,11,0,3,0,0,0,0,82,0,7,0,0,1,6,0,0,0,3,50,0,3,2,10,1,1,2,2,0,0
"LS11 0",3583,3002,0,0,0,0,0,0,0,0,0,35,25,2,168,2,18,101,7,2,0,10,13,3,0,1,5,3,0,0,0,0,3,0,5,4,0,0,0,1,0,0,0,12,3,11,62,1,54,7,0,0,79,17,0,22,3,14,1,3,0,2,4,0,8,5,24,2,4,1,0,2,0,1,10,3,1,0,0,0,0,0,151,12,61,1,0,15,0,1,6,2,0,23,0,0,7,23,3,3,1,1,0,0
"LS11 5",4918,4317,0,0,0,0,0,0,0,0,0,13,36,7,254,4,7,148,17,11,6,30,10,1,3,6,1,2,1,0,6,0,0,1,4,2,2,0,0,0,0,0,0,28,0,32,20,0,7,11,2,0,110,21,13,28,1,25,7,0,7,3,1,2,0,2,44,15,6,8,6,0,0,4,0,3,2,0,1,0,0,0,42,0,3,0,0,7,0,4,0,3,4,11,0,0,2,8,6,6,4,4,0,0
"LS11 6",6123,4487,2,0,0,0,0,0,0,0,0,61,61,3,366,4,14,238,9,24,13,36,8,3,1,2,6,4,0,0,4,0,0,0,11,5,1,0,1,4,0,0,0,20,0,45,112,0,75,18,19,0,766,238,2,151,11,333,6,0,5,9,0,0,0,11,26,2,4,10,0,0,0,5,2,3,0,1,0,0,0,0,158,3,15,9,0,27,0,5,7,0,4,18,0,7,37,26,3,3,1,1,0,0
"LS11 7",8362,6754,0,1,0,0,0,0,0,1,0,35,34,7,580,9,4,422,14,20,8,58,28,4,2,0,7,1,0,0,2,1,0,0,2,1,0,0,0,1,0,0,0,19,1,12,76,0,25,8,42,1,691,316,8,176,38,132,6,0,0,0,6,0,0,9,47,9,4,14,0,0,0,2,14,1,3,0,0,0,0,0,99,5,6,10,0,8,0,0,8,0,9,10,0,9,13,21,0,0,4,3,0,1
"LS11 8",7289,6562,1,1,1,0,0,0,0,0,0,33,30,3,283,11,1,207,12,5,4,16,11,6,1,3,5,1,0,0,0,0,0,0,3,2,0,0,0,1,0,0,0,12,4,23,33,0,23,10,0,0,174,55,7,47,4,47,1,7,1,2,0,0,0,3,33,5,8,15,0,0,0,3,0,0,2,0,0,0,0,0,88,1,7,2,0,9,0,1,9,1,3,15,0,1,20,19,1,1,5,3,1,1
"LS11 9",2587,2111,0,0,0,0,0,0,0,0,0,18,17,9,129,8,5,87,3,3,5,7,2,0,1,3,0,0,0,5,0,0,0,0,6,0,1,0,0,5,0,0,0,8,1,32,41,0,32,4,3,2,116,29,29,14,0,4,6,5,4,9,9,1,0,6,39,7,9,11,1,0,0,2,0,5,4,0,0,0,0,0,60,1,12,2,0,16,0,2,5,0,2,8,0,0,2,10,0,0,0,0,0,0
"LS12 1",5549,4626,2,0,0,0,0,0,0,0,0,22,20,9,331,8,7,222,30,7,2,10,10,12,3,7,2,5,1,4,0,0,1,0,10,6,1,1,0,2,0,0,0,27,4,48,70,0,33,17,20,0,200,88,6,71,6,2,4,4,2,6,7,0,0,4,37,5,2,21,3,2,0,2,1,1,0,0,0,0,0,0,135,17,53,7,0,14,0,0,5,1,0,14,0,0,3,21,6,6,2,2,0,0
"LS12 2",5713,5043,0,0,0,0,0,0,0,0,0,19,15,6,363,6,2,275,35,7,8,11,5,8,0,2,3,1,0,0,0,0,0,0,1,0,1,0,0,0,0,0,0,14,3,29,40,0,19,9,12,0,92,37,3,27,9,3,6,0,0,5,0,0,2,0,30,4,5,7,1,0,2,4,0,4,3,0,0,0,0,0,53,1,12,1,0,1,1,3,6,0,1,15,0,2,5,5,1,1,4,4,0,0
"LS12 3",8437,7680,0,1,1,0,0,0,0,0,0,11,7,9,360,5,4,270,15,19,6,9,14,12,1,1,1,1,0,0,1,1,0,0,11,7,1,2,0,1,0,0,0,16,4,39,51,0,16,21,12,2,149,55,0,76,6,0,7,0,0,1,0,2,2,0,55,4,2,30,1,1,0,6,0,9,2,0,0,0,0,0,35,5,5,0,0,1,0,0,0,0,0,5,2,0,2,15,3,3,6,6,0,0
"LS12 4",8992,8678,0,1,0,0,0,0,0,0,1,7,4,2,170,3,1,129,8,10,1,10,0,2,0,0,2,3,0,0,0,0,0,1,2,1,0,0,0,1,0,0,0,5,2,3,28,0,11,12,5,0,63,21,4,12,0,1,16,0,2,0,3,0,0,4,13,0,3,4,0,0,0,2,1,3,0,0,0,0,0,0,11,2,1,0,0,0,4,0,0,0,0,3,0,0,0,1,1,1,2,2,0,0
"LS12 5",8967,8751,0,0,0,0,0,0,0,0,0,9,1,3,106,5,8,72,2,1,1,4,6,2,1,1,2,1,0,0,0,0,0,0,4,0,2,2,0,0,0,0,0,9,2,4,2,0,0,2,0,0,35,7,0,16,0,0,8,3,0,1,0,0,0,0,13,1,3,3,2,0,0,1,0,1,2,0,0,0,0,0,24,1,2,0,0,0,1,0,0,0,0,8,0,0,0,12,2,2,2,1,0,1
"LS12 6",1451,1424,0,0,0,0,0,0,0,0,0,1,0,1,15,3,2,7,1,0,1,0,0,1,0,0,0,0,0,0,0,0,0,0,0,0,0,0,0,0,0,0,0,0,2,2,1,0,0,1,0,0,3,0,0,1,0,0,1,0,0,0,1,0,0,0,1,0,0,0,0,0,0,1,0,0,0,0,0,0,0,0,0,0,0,0,0,0,0,0,0,0,0,0,0,0,0,0,0,0,1,1,0,0
"LS13 1",7032,6901,0,1,0,0,0,1,0,0,0,5,2,4,42,4,1,27,1,2,0,0,1,1,0,1,1,3,0,0,0,0,0,0,5,3,0,2,0,0,0,0,0,4,2,2,5,0,3,2,0,0,25,3,5,4,0,1,7,0,0,4,0,0,1,0,19,2,1,11,0,0,2,3,0,0,0,0,0,0,0,0,8,0,0,0,0,0,0,0,0,0,0,2,1,0,0,5,0,0,7,2,5,0
"LS13 2",10039,9614,0,1,0,0,0,0,0,1,0,14,19,7,198,6,3,147,14,2,0,11,3,6,0,4,1,1,0,0,0,0,0,0,5,3,0,0,0,2,1,0,1,9,5,12,19,0,11,4,4,0,33,5,1,8,0,0,16,1,0,0,0,0,2,0,36,4,11,9,1,1,3,2,0,4,1,0,0,0,0,0,60,2,1,0,0,0,2,0,2,0,1,21,0,2,2,27,2,2,4,4,0,0
"LS13 3",6894,6699,4,1,0,0,0,0,0,1,0,8,8,5,97,5,3,48,11,22,1,1,0,1,0,1,1,3,0,0,0,0,0,0,4,1,2,1,0,0,0,0,0,6,0,4,11,0,4,3,4,0,11,1,2,5,1,0,2,0,0,0,0,0,0,0,21,2,2,11,1,0,0,5,0,0,0,0,0,0,0,0,15,0,0,1,0,3,0,0,2,0,0,8,0,0,0,1,0,0,0,0,0,0
"LS13 4",9522,9267,2,1,0,0,0,0,0,1,0,7,6,4,120,5,3,91,2,5,2,8,0,3,0,0,0,0,0,0,0,0,1,0,4,2,2,0,0,0,0,0,0,9,7,8,9,0,4,5,0,0,27,2,0,7,4,5,9,0,0,0,0,0,0,0,19,0,2,12,0,0,0,3,0,1,1,0,0,0,0,0,17,1,1,0,0,0,0,0,0,0,0,6,0,2,0,7,0,0,15,12,2,1
"LS14 1",7568,7301,1,0,0,0,0,0,0,0,0,7,13,4,72,1,4,47,0,5,0,6,0,0,0,4,1,2,1,0,1,0,0,0,11,7,4,0,0,0,0,0,0,1,2,4,32,0,8,17,7,0,63,23,0,27,1,2,0,0,0,3,6,0,0,1,28,2,6,7,0,0,0,2,6,5,0,0,0,0,0,0,24,0,0,0,0,0,0,0,2,0,6,14,0,0,0,2,0,0,5,3,2,0
"LS14 2",4323,4232,1,0,0,0,0,0,0,0,0,2,0,4,32,0,3,22,0,0,1,2,1,1,0,1,0,1,0,0,0,0,0,0,3,0,2,1,0,0,0,0,0,0,0,0,3,0,2,1,0,0,39,18,0,14,1,4,1,0,1,0,0,0,0,0,3,0,2,0,0,0,0,1,0,0,0,0,0,0,0,0,3,0,0,0,0,0,0,0,0,0,0,2,0,0,0,1,1,1,0,0,0,0
"LS14 3",3083,3010,0,0,0,0,0,0,0,0,0,4,0,4,12,1,0,1,1,2,1,1,0,0,0,1,0,0,4,0,0,0,0,0,2,0,2,0,0,0,0,0,0,0,1,0,4,1,2,1,0,0,35,3,1,19,0,8,2,0,0,0,2,0,0,0,5,0,0,1,0,0,0,1,0,2,1,0,0,0,0,0,1,0,0,0,0,0,0,0,0,0,0,0,1,0,0,0,0,0,5,2,2,1
"LS14 5",6973,6827,0,0,0,0,0,0,0,0,0,6,2,8,52,0,1,32,2,1,4,4,1,4,2,1,0,0,0,0,0,0,0,0,1,1,0,0,0,0,0,0,0,2,1,11,5,0,5,0,0,0,12,7,0,4,0,1,0,0,0,0,0,0,0,0,19,0,0,4,1,0,0,4,0,9,1,0,0,0,0,0,23,0,0,0,0,1,0,0,2,0,8,9,0,0,0,3,2,2,2,2,0,0
"LS14 6",10944,10541,2,3,1,0,0,1,0,1,0,24,17,2,150,5,10,90,0,4,4,24,1,0,0,5,6,1,0,0,0,0,0,0,12,10,2,0,0,0,0,0,0,6,2,7,14,0,9,2,3,0,35,6,1,12,1,0,8,0,0,0,0,1,5,1,44,0,3,7,0,1,6,6,1,20,0,0,0,1,1,0,80,3,7,0,0,6,4,3,2,7,6,32,0,1,7,2,0,0,4,4,0,0
"LS15 0",7386,7069,0,1,1,0,0,0,0,0,0,25,31,9,107,5,2,70,0,4,0,11,3,9,0,2,0,0,0,0,1,0,0,0,0,0,0,0,0,0,0,0,0,8,0,8,4,0,1,2,0,1,33,11,1,10,0,3,1,0,0,2,5,0,0,0,40,5,5,16,0,0,0,2,1,11,0,0,0,0,0,0,47,0,4,1,0,5,0,0,2,2,0,16,0,0,7,10,0,0,4,2,0,2
"LS15 4",5069,5025,0,0,0,0,0,0,0,0,0,3,0,2,22,0,3,10,0,6,0,0,0,0,1,1,1,0,0,0,0,0,0,0,0,0,0,0,0,0,0,0,0,1,1,3,4,0,0,3,0,1,3,0,0,3,0,0,0,0,0,0,0,0,0,0,2,0,0,0,0,0,0,1,0,0,1,0,0,0,0,0,3,0,0,0,0,0,0,0,0,0,0,3,0,0,0,0,0,0,0,0,0,0
"LS15 7",9146,8991,1,3,2,0,0,0,0,1,0,8,5,3,56,2,5,30,5,3,0,5,0,1,2,0,1,1,0,0,1,0,0,0,2,1,0,0,0,1,0,0,0,5,2,9,2,0,1,0,1,0,16,8,1,0,0,1,1,0,0,2,2,1,0,0,24,1,2,5,1,0,2,1,1,10,1,0,0,0,0,0,6,0,0,0,0,0,0,0,1,0,1,4,0,0,0,0,0,0,13,12,0,1
"LS15 8",8518,8386,0,0,0,0,0,0,0,0,0,1,1,3,72,8,6,35,1,0,0,13,2,2,0,1,1,0,0,1,2,0,0,0,4,1,3,0,0,0,0,0,0,4,3,6,3,0,0,3,0,0,20,2,1,8,0,1,6,0,0,0,2,0,0,0,6,0,0,4,0,0,0,1,1,0,0,0,0,0,0,0,4,0,0,0,0,0,0,0,0,0,0,3,1,0,0,0,0,0,5,4,1,0
"LS15 9",3756,3704,0,0,0,0,0,0,0,0,0,5,0,5,7,1,0,1,0,0,0,2,0,0,0,1,1,0,0,0,1,0,0,0,0,0,0,0,0,0,0,0,0,0,0,1,2,0,1,0,0,1,9,2,2,0,0,0,1,3,1,0,0,0,0,0,20,0,8,5,0,0,0,6,0,0,1,0,0,0,0,0,0,0,0,0,0,0,0,0,0,0,0,0,0,0,0,0,1,1,2,2,0,0
"LS16 5",7780,7319,0,1,0,0,0,0,0,1,0,20,7,17,73,8,11,26,0,3,1,9,0,1,2,9,2,0,0,0,0,1,0,0,9,0,6,3,0,0,0,0,0,7,4,43,64,0,12,51,1,0,148,70,5,48,0,1,11,3,0,2,0,1,4,3,53,5,3,29,4,4,2,5,0,0,1,0,0,0,0,0,12,0,2,1,0,0,0,0,0,0,0,2,0,0,1,6,0,0,3,3,0,0
"LS16 6",9186,8511,1,1,0,0,0,1,0,0,0,10,11,4,80,14,4,29,7,0,2,6,0,4,3,8,1,1,0,1,0,0,0,0,9,5,4,0,0,0,0,0,0,10,2,192,123,1,30,86,0,6,156,30,4,38,2,9,46,4,0,3,0,2,14,4,47,5,10,25,3,0,2,0,2,0,0,0,0,0,0,0,26,4,0,12,0,2,0,0,0,0,0,2,1,2,0,3,1,1,2,2,0,0
"LS16 7",10598,10078,1,0,0,0,0,0,0,0,0,10,4,7,50,6,5,23,1,1,1,1,0,6,0,1,2,0,0,0,3,0,0,0,2,0,0,1,0,1,0,0,0,9,3,145,116,0,33,75,5,3,116,32,1,40,0,12,10,10,1,5,2,2,0,1,26,6,0,6,3,0,3,4,1,3,0,0,0,0,0,0,21,0,0,0,0,2,2,0,4,0,0,9,0,0,0,4,2,2,8,8,0,0
"LS16 8",4019,3819,0,0,0,0,0,0,0,0,0,6,6,7,26,2,5,6,2,0,0,2,0,0,0,2,1,2,1,3,0,0,0,0,1,0,0,0,0,1,0,0,0,4,2,29,12,2,1,9,0,0,83,21,9,23,0,1,13,4,5,2,0,0,3,2,21,2,8,8,1,0,0,0,0,2,0,0,0,0,0,0,1,0,0,0,0,0,0,0,0,0,0,0,1,0,0,0,1,1,1,1,0,0
"LS16 9",3724,3663,0,1,1,0,0,0,0,0,0,3,0,3,18,4,9,3,0,0,0,0,0,0,0,1,0,0,0,1,0,0,0,0,0,0,0,0,0,0,0,0,0,0,1,5,8,2,0,5,0,1,13,0,0,7,0,0,2,0,0,4,0,0,0,0,6,0,2,0,2,0,0,2,0,0,0,0,0,0,0,0,1,0,0,0,0,0,0,0,0,0,0,0,0,0,1,0,2,2,0,0,0,0
"LS17 0",1346,1333,2,0,0,0,0,0,0,0,0,0,0,1,5,0,1,0,0,0,0,0,0,2,0,1,0,0,1,0,0,0,0,0,0,0,0,0,0,0,0,0,0,0,0,0,0,0,0,0,0,0,1,0,0,1,0,0,0,0,0,0,0,0,0,0,3,0,0,1,0,0,0,2,0,0,0,0,0,0,0,0,0,0,0,0,0,0,0,0,0,0,0,0,0,0,0,0,0,0,1,0,1,0
"LS17 5",6865,6025,1,0,0,0,0,0,0,0,0,22,3,4,112,2,2,77,0,5,2,13,0,4,0,3,2,1,0,0,0,1,0,0,9,3,6,0,0,0,0,0,0,11,7,57,118,6,18,79,13,2,391,106,29,160,8,16,41,4,5,7,3,0,3,9,75,0,21,34,3,0,3,1,2,11,0,0,0,0,0,0,26,3,4,0,0,1,0,2,1,0,0,5,0,0,2,8,3,3,1,1,0,0
"LS17 6",9618,8654,0,1,1,0,0,0,0,0,0,18,17,22,178,24,14,97,5,3,4,3,4,2,2,10,2,7,1,0,0,0,0,0,18,13,4,1,0,0,0,0,0,18,3,65,65,8,9,42,3,3,450,127,28,231,16,6,14,3,3,7,7,3,0,5,80,5,17,27,8,5,2,2,0,10,4,0,0,1,1,0,18,1,2,0,0,1,3,0,0,0,2,3,1,2,0,3,1,1,9,9,0,0
"LS17 7",9055,8366,1,0,0,0,0,0,0,0,0,12,10,17,111,12,3,43,6,4,1,13,0,5,0,15,5,1,0,0,0,1,0,2,17,6,9,1,0,1,0,0,0,9,3,52,71,9,14,42,4,2,305,71,17,156,0,11,12,3,18,6,7,0,0,4,56,2,9,26,0,0,2,4,2,9,2,0,0,0,0,0,20,0,1,0,2,0,0,0,1,0,0,2,1,1,0,12,3,3,2,2,0,0
"LS17 8",10556,9795,1,1,0,0,0,0,0,1,0,14,13,9,106,5,9,41,0,16,2,6,1,5,2,11,2,0,1,0,0,4,0,1,8,3,3,0,1,1,0,0,0,14,1,20,71,9,9,49,2,2,413,78,47,150,16,17,50,24,17,5,0,2,0,7,70,5,20,24,4,0,0,7,0,10,0,0,0,0,0,0,11,0,1,0,0,1,0,1,0,0,0,3,0,0,3,2,4,4,5,3,0,2
"LS17 9",4422,4270,0,1,1,0,0,0,0,0,0,5,7,9,38,5,0,6,0,12,1,3,1,0,1,2,2,0,5,0,0,0,0,0,0,0,0,0,0,0,0,0,0,0,6,2,9,2,2,5,0,0,51,9,4,28,2,0,1,0,0,0,0,0,7,0,18,0,0,8,0,0,3,1,0,5,1,0,0,0,0,0,2,0,1,0,0,0,0,0,0,0,0,0,0,0,1,0,0,0,4,3,0,1
"LS18 4",8999,8791,0,1,0,0,0,1,0,0,0,11,5,9,55,8,7,23,2,3,0,5,2,1,0,2,1,0,0,0,0,1,0,0,8,7,1,0,0,0,0,0,0,4,5,5,20,0,9,10,0,1,33,8,0,6,0,2,16,0,0,0,0,1,0,0,40,4,6,22,0,1,0,4,1,0,2,0,0,0,0,0,6,0,0,0,0,0,0,0,0,0,0,2,0,0,0,4,2,2,4,3,1,0
"LS18 5",9251,9082,1,0,0,0,0,0,0,0,0,12,5,10,49,9,11,11,2,4,2,0,2,0,0,5,2,0,0,1,0,0,0,0,7,4,2,0,0,1,0,0,0,5,1,5,19,0,1,13,3,2,17,4,0,9,0,0,4,0,0,0,0,0,0,0,26,1,3,18,0,0,1,1,1,1,0,0,0,0,0,0,9,0,0,0,0,0,0,0,2,0,0,6,0,1,0,0,1,1,2,1,1,0
"LS19 6",5996,5929,2,0,0,0,0,0,0,0,0,4,0,5,22,5,2,2,0,1,0,1,2,1,0,3,1,2,2,0,0,0,0,0,1,0,0,0,0,1,0,0,0,4,0,2,2,0,0,1,0,1,10,3,2,2,0,2,0,0,0,0,1,0,0,0,11,1,4,4,0,0,0,2,0,0,0,0,0,0,0,0,1,0,0,0,0,0,0,0,0,0,0,0,0,0,0,1,0,0,3,3,0,0
"LS19 7",13100,12928,1,0,0,0,0,0,0,0,0,5,4,6,59,2,6,7,3,4,6,4,10,6,1,2,2,2,3,1,0,0,0,0,5,0,3,0,0,2,0,0,0,4,4,4,4,0,0,4,0,0,17,6,0,7,0,0,2,0,1,1,0,0,0,0,47,0,5,33,0,0,2,5,0,2,0,0,0,0,0,0,2,0,0,0,0,2,0,0,0,0,0,0,0,0,0,0,1,1,9,9,0,0
"LS2  7",2570,2029,0,1,1,0,0,0,0,0,0,24,19,21,153,9,9,54,4,7,14,8,0,12,6,20,0,5,1,1,2,0,0,1,8,3,0,0,0,5,0,0,0,13,3,102,47,0,22,21,3,1,40,2,13,0,0,4,1,2,12,2,2,1,0,1,90,7,12,42,6,3,2,11,7,0,0,0,0,0,0,0,19,1,2,0,0,0,0,2,7,0,0,3,1,0,0,3,1,1,0,0,0,0
"LS2  8",2227,1231,1,0,0,0,0,0,0,0,0,8,8,8,297,7,9,12,0,2,3,1,2,1,3,247,5,1,2,0,0,0,2,0,4,1,0,0,0,3,0,0,0,3,8,293,19,2,2,13,0,2,38,2,16,2,0,2,1,0,2,4,7,0,0,2,301,29,8,208,3,9,8,32,4,0,0,0,0,0,0,0,7,1,0,1,0,1,0,1,1,0,0,0,0,0,0,2,1,1,0,0,0,0
"LS2  9",5148,3792,2,1,1,0,0,0,0,0,0,45,18,28,127,25,14,20,7,3,11,1,4,6,1,24,4,1,0,1,0,3,0,2,10,1,3,0,0,6,0,0,0,9,5,191,91,0,27,48,11,5,125,31,23,10,2,4,5,3,7,17,13,2,2,6,627,32,24,339,7,3,34,20,161,2,5,0,0,0,0,0,72,0,10,3,0,8,1,0,9,1,0,5,2,5,6,22,2,2,3,3,0,0
"LS20 8",6711,6631,1,1,1,0,0,0,0,0,0,4,5,4,34,4,10,3,7,3,2,0,2,2,0,0,0,0,0,0,0,0,0,1,1,0,0,1,0,0,0,0,0,0,0,5,3,0,2,1,0,0,5,3,0,1,0,0,0,1,0,0,0,0,0,0,16,1,0,2,0,0,2,10,1,0,0,0,0,0,0,0,1,0,0,0,0,0,0,0,0,0,0,0,1,0,0,0,0,0,0,0,0,0
"LS20 9",5502,5438,1,0,0,0,0,0,0,0,0,5,0,0,32,6,4,15,2,0,0,0,0,0,1,2,0,0,0,1,0,0,1,0,1,0,0,0,1,0,0,0,0,1,1,1,2,0,1,0,0,1,5,2,0,0,0,0,1,0,0,0,0,1,0,1,8,0,1,6,0,0,0,0,1,0,0,0,0,0,0,0,5,0,0,0,0,0,0,0,0,0,0,1,0,0,0,4,0,0,2,2,0,0
"LS21 1",5524,5454,0,0,0,0,0,0,0,0,0,11,2,5,35,2,6,12,5,2,2,0,0,0,0,1,2,1,2,0,0,0,0,0,0,0,0,0,0,0,0,0,0,2,0,3,3,0,0,2,0,1,6,0,1,3,0,0,0,0,0,0,2,0,0,0,3,0,0,0,0,0,1,1,0,1,0,0,0,0,0,0,0,0,0,0,0,0,0,0,0,0,0,0,0,0,0,0,0,0,0,0,0,0
"LS21 2",6869,6780,0,0,0,0,0,0,0,0,0,3,1,4,51,4,2,23,0,9,1,6,0,0,1,2,0,0,0,0,1,0,1,1,1,0,0,0,0,1,0,0,0,0,1,0,2,0,0,2,0,0,15,1,1,7,0,3,3,0,0,0,0,0,0,0,7,0,5,1,0,0,0,0,0,1,0,0,0,0,0,0,1,0,0,0,0,0,0,0,0,0,0,0,1,0,0,0,1,1,2,1,1,0
"LS21 3",4758,4689,0,0,0,0,0,0,0,0,0,4,3,4,30,5,2,4,4,5,0,3,0,1,3,0,3,0,0,0,0,0,0,0,2,0,1,0,0,1,0,0,0,0,2,2,0,0,0,0,0,0,8,2,0,0,0,0,3,0,2,0,0,0,1,0,11,4,0,3,1,1,0,1,0,1,0,0,0,0,0,0,2,0,0,0,0,0,0,0,0,0,0,0,2,0,0,0,1,1,0,0,0,0
"LS22 4",1909,1897,0,0,0,0,0,0,0,0,0,1,1,0,1,0,0,0,0,0,0,0,0,0,0,1,0,0,0,0,0,0,0,0,0,0,0,0,0,0,0,0,0,2,0,0,0,0,0,0,0,0,3,0,0,0,0,1,0,0,0,0,2,0,0,0,4,0,1,3,0,0,0,0,0,0,0,0,0,0,0,0,0,0,0,0,0,0,0,0,0,0,0,0,0,0,0,0,0,0,0,0,0,0
"LS22 5",3673,3615,0,1,0,0,0,0,0,1,0,4,1,0,22,1,6,8,1,0,0,4,0,2,0,0,0,0,0,0,0,0,0,0,3,0,0,0,0,3,0,0,0,2,0,0,5,0,4,1,0,0,10,4,1,4,1,0,0,0,0,0,0,0,0,0,5,0,2,1,0,0,0,2,0,0,0,0,0,0,0,0,0,0,0,0,0,0,0,0,0,0,0,0,0,0,0,0,0,0,5,5,0,0
"LS22 6",5703,5607,1,1,0,0,0,0,0,1,0,1,1,0,60,16,2,27,2,4,1,5,0,0,0,3,0,0,0,0,0,0,0,0,8,1,4,0,2,1,0,0,0,2,3,1,0,0,0,0,0,0,6,1,0,3,0,2,0,0,0,0,0,0,0,0,8,0,2,2,0,0,0,3,1,0,0,0,0,0,0,0,3,0,0,0,0,0,0,1,0,0,0,0,2,0,0,0,0,0,1,1,0,0
"LS22 7",4099,4039,2,1,0,0,0,0,0,1,0,3,1,0,39,0,6,21,0,0,0,6,0,5,0,0,0,0,0,0,0,0,1,0,0,0,0,0,0,0,0,0,0,1,1,0,3,0,3,0,0,0,1,1,0,0,0,0,0,0,0,0,0,0,0,0,8,0,2,1,0,0,0,1,0,4,0,0,0,0,0,0,0,0,0,0,0,0,0,0,0,0,0,0,0,0,0,0,0,0,0,0,0,0
"LS23 6",7152,7081,0,0,0,0,0,0,0,0,0,3,0,3,29,4,3,8,0,1,1,2,0,0,1,3,4,0,0,0,0,0,2,0,1,0,0,1,0,0,0,0,0,0,1,3,1,0,0,1,0,0,12,0,2,7,0,0,2,0,0,0,1,0,0,0,10,0,1,0,1,0,0,8,0,0,0,0,0,0,0,0,1,0,0,0,0,0,0,0,0,0,0,0,0,0,0,1,0,0,7,6,1,0
"LS23 7",1782,1749,0,2,2,0,0,0,0,0,0,0,1,1,10,0,1,5,0,0,0,0,0,1,0,2,1,0,0,0,0,0,0,0,0,0,0,0,0,0,0,0,0,0,0,0,5,0,0,0,5,0,12,0,0,1,0,9,0,0,0,0,0,0,2,0,1,0,0,1,0,0,0,0,0,0,0,0,0,0,0,0,1,0,1,0,0,0,0,0,0,0,0,0,0,0,0,0,0,0,0,0,0,0
"LS24 8",3186,3151,1,0,0,0,0,0,0,0,0,1,0,1,10,0,2,8,0,0,0,0,0,0,0,0,0,0,0,0,0,0,0,0,0,0,0,0,0,0,0,0,0,1,0,0,1,0,0,0,1,0,8,3,5,0,0,0,0,0,0,0,0,0,0,0,11,0,4,0,1,0,0,3,0,3,0,0,0,0,0,0,1,0,0,0,0,0,0,0,0,0,0,0,1,0,0,0,0,0,0,0,0,0
"LS24 9",8274,8234,0,0,0,0,0,0,0,0,0,1,1,1,27,4,3,10,1,3,0,1,0,0,0,0,2,0,2,1,0,0,0,0,1,1,0,0,0,0,0,0,0,2,0,0,0,0,0,0,0,0,0,0,0,0,0,0,0,0,0,0,0,0,0,0,4,0,1,0,0,0,0,3,0,0,0,0,0,0,0,0,1,0,0,0,0,0,0,0,0,0,0,0,1,0,0,0,0,0,2,1,0,1
"LS25 1",7360,7278,0,1,0,1,0,0,0,0,0,0,5,3,31,0,2,24,1,0,0,1,0,0,0,1,0,0,2,0,0,0,0,0,0,0,0,0,0,0,0,0,0,0,1,2,2,0,0,1,0,1,18,4,0,4,0,3,0,0,0,5,0,2,0,0,10,0,0,4,0,0,0,0,0,6,0,0,0,0,0,0,6,0,0,0,0,0,0,0,0,0,0,2,4,0,0,0,0,0,3,2,1,0
"LS25 2",7191,7145,1,0,0,0,0,0,0,0,0,1,1,2,5,1,0,1,0,0,0,1,0,0,0,1,0,0,0,0,0,0,1,0,0,0,0,0,0,0,0,0,0,0,0,1,6,0,2,4,0,0,10,0,0,6,0,0,2,0,0,2,0,0,0,0,15,2,9,4,0,0,0,0,0,0,0,0,0,0,0,0,1,0,0,0,0,0,0,0,0,0,0,0,1,0,0,0,0,0,3,1,0,2
"LS25 3",1456,1452,0,0,0,0,0,0,0,0,0,0,0,0,2,0,0,0,0,0,0,0,0,0,0,1,1,0,0,0,0,0,0,0,0,0,0,0,0,0,0,0,0,0,0,0,0,0,0,0,0,0,1,0,0,1,0,0,0,0,0,0,0,0,0,0,1,0,0,0,0,0,0,0,0,0,1,0,0,0,0,0,0,0,0,0,0,0,0,0,0,0,0,0,0,0,0,0,0,0,0,0,0,0
"LS25 4",1793,1774,0,0,0,0,0,0,0,0,0,0,0,0,4,0,1,0,0,0,0,0,1,0,0,0,2,0,0,0,0,0,0,0,0,0,0,0,0,0,0,0,0,0,0,0,1,0,0,1,0,0,3,0,0,3,0,0,0,0,0,0,0,0,0,0,3,0,0,3,0,0,0,0,0,0,0,0,0,0,0,0,6,0,0,0,0,0,2,0,0,0,0,1,0,0,0,3,0,0,2,2,0,0
"LS25 5",4516,4454,1,0,0,0,0,0,0,0,0,1,0,2,20,2,1,9,8,0,0,0,0,0,0,0,0,0,0,0,0,0,0,0,3,0,0,3,0,0,0,0,0,0,1,2,0,0,0,0,0,0,0,0,0,0,0,0,0,0,0,0,0,0,0,0,16,0,3,9,0,0,0,1,0,3,0,0,0,0,0,0,15,0,0,0,0,0,0,0,11,0,0,0,0,0,0,4,0,0,1,1,0,0
"LS25 6",6518,6423,1,0,0,0,0,0,0,0,0,3,1,1,52,4,1,22,15,1,0,2,0,2,3,0,1,0,1,0,0,0,0,0,3,0,1,1,0,1,0,0,0,8,3,0,0,0,0,0,0,0,7,0,0,3,0,0,4,0,0,0,0,0,0,0,11,0,2,4,0,0,0,2,1,2,0,0,0,0,0,0,5,0,0,0,0,0,0,0,0,0,0,0,0,0,0,5,0,0,0,0,0,0
"LS25 7",9727,9646,0,0,0,0,0,0,0,0,0,5,5,5,8,1,1,5,0,0,0,0,0,0,0,0,0,1,0,0,0,0,0,0,3,2,0,0,0,1,0,0,0,0,2,7,1,0,1,0,0,0,20,5,0,8,0,0,4,0,0,0,0,0,0,3,6,0,1,2,0,0,0,1,1,1,0,0,0,0,0,0,9,0,0,0,0,0,0,0,0,0,0,1,0,1,2,5,1,1,9,6,2,1
"LS26 0",13410,13234,0,0,0,0,0,0,0,0,0,3,5,2,75,2,4,50,0,3,1,1,5,0,4,3,2,0,0,0,0,0,0,0,0,0,0,0,0,0,0,0,0,4,3,4,10,0,6,4,0,0,23,3,1,9,0,0,8,0,0,0,1,0,0,1,35,2,14,14,0,0,0,3,0,0,2,0,0,0,0,0,5,0,0,0,0,4,0,0,1,0,0,0,0,0,0,0,0,0,7,4,1,2
"LS26 8",11497,11368,0,0,0,0,0,0,0,0,0,1,2,8,42,3,3,29,0,1,0,1,0,0,0,0,0,1,3,1,0,0,0,0,1,0,0,1,0,0,0,0,0,4,1,2,6,1,3,0,2,0,15,4,0,6,0,0,3,2,0,0,0,0,0,0,32,3,9,17,0,0,2,1,0,0,0,0,0,0,0,0,5,0,0,0,0,1,0,0,0,0,0,4,0,0,0,0,0,0,10,10,0,0
"LS26 9",3967,3937,0,0,0,0,0,0,0,0,0,6,1,0,5,0,0,4,0,0,0,0,0,0,0,1,0,0,0,0,0,0,0,0,2,0,0,1,0,1,0,0,0,1,3,5,0,0,0,0,0,0,4,0,0,2,0,0,2,0,0,0,0,0,0,0,2,0,0,1,0,1,0,0,0,0,0,0,0,0,0,0,0,0,0,0,0,0,0,0,0,0,0,0,0,0,0,0,0,0,1,1,0,0
"LS27 0",6287,6136,0,0,0,0,0,0,0,0,0,5,4,1,61,2,2,42,0,6,1,3,0,3,0,2,0,0,0,0,0,0,0,0,0,0,0,0,0,0,0,0,0,3,1,3,1,0,0,0,0,1,38,1,2,20,0,2,5,3,2,1,2,0,0,0,22,3,2,13,0,1,0,3,0,0,0,0,0,0,0,0,7,0,0,0,0,0,1,0,0,0,0,3,1,0,0,2,0,0,5,4,0,1
"LS27 7",10108,9883,1,0,0,0,0,0,0,0,0,8,9,6,59,7,7,32,0,0,3,3,2,2,0,1,0,0,0,2,0,0,0,0,0,0,0,0,0,0,0,0,0,8,5,6,4,0,0,1,1,2,76,4,8,36,0,8,18,0,1,1,0,0,0,0,34,4,4,11,3,0,1,0,2,9,0,0,0,0,0,0,5,0,0,3,0,0,0,0,0,0,0,1,0,0,1,0,0,0,4,2,0,2
"LS27 8",9512,9254,1,1,0,0,0,1,0,0,0,7,3,8,121,3,3,85,1,2,3,12,2,0,2,3,2,2,0,0,1,0,0,0,7,4,1,1,0,1,1,0,1,3,2,6,3,0,1,1,0,1,45,9,3,10,0,2,6,3,8,0,3,1,0,0,37,2,10,14,0,0,0,4,0,6,1,0,0,0,0,0,8,0,0,0,0,1,0,1,0,0,0,2,0,0,0,4,0,0,5,5,0,0
"LS27 9",8347,8147,3,0,0,0,0,0,0,0,0,5,9,3,81,4,5,60,3,1,0,4,0,0,0,2,1,1,0,0,0,0,0,0,2,0,1,0,0,1,0,0,0,3,3,8,5,0,1,3,1,0,52,11,4,21,0,3,2,9,2,0,0,0,0,0,25,5,2,7,1,0,2,1,0,7,0,0,0,0,0,0,0,0,0,0,0,0,0,0,0,0,0,0,0,0,0,0,1,1,0,0,0,0
"LS28 5",10959,10780,0,2,0,0,0,0,0,2,0,10,3,7,30,4,7,7,0,4,0,1,0,0,0,2,3,1,0,1,0,0,0,0,1,0,0,0,0,1,0,0,0,5,0,8,6,0,3,3,0,0,80,11,2,48,0,0,8,2,3,6,0,0,0,0,21,0,6,9,1,0,0,4,0,0,1,0,0,0,0,0,2,0,0,0,0,0,0,0,1,0,0,0,0,0,0,1,0,0,4,3,1,0
"LS28 6",3086,2991,0,0,0,0,0,0,0,0,0,1,4,1,41,5,1,27,2,0,0,6,0,0,0,0,0,0,0,0,0,0,0,0,1,0,0,0,0,1,0,0,0,1,2,1,7,0,2,4,1,0,22,4,0,2,0,0,0,0,8,4,4,0,0,0,8,1,2,2,0,0,0,3,0,0,0,0,0,0,0,0,4,0,2,0,0,0,0,0,0,0,0,1,0,0,0,1,1,1,1,1,0,0
"LS28 7",9232,8783,0,0,0,0,0,0,0,0,0,4,5,9,58,3,1,29,0,1,1,3,4,4,2,2,5,1,1,1,0,0,0,0,2,0,0,1,0,1,0,0,0,2,1,4,12,0,3,9,0,0,315,79,4,196,4,5,16,3,1,3,1,0,0,3,25,4,7,7,0,0,0,2,0,5,0,0,0,0,0,0,8,0,0,0,0,0,0,1,0,0,0,2,0,1,1,3,0,0,4,3,0,1
"LS28 8",7251,6920,0,0,0,0,0,0,0,0,0,3,1,5,36,5,0,19,0,0,3,1,0,0,0,4,4,0,0,0,0,0,0,0,2,0,0,1,0,1,0,0,0,1,0,3,16,1,1,3,11,0,206,41,5,137,1,3,6,0,2,3,0,2,4,2,51,4,9,31,4,0,0,0,1,2,0,0,0,0,0,0,6,0,0,0,0,1,0,0,0,0,0,5,0,0,0,0,0,0,1,1,0,0
"LS28 9",5860,5755,0,0,0,0,0,0,0,0,0,1,3,1,40,3,2,26,2,1,1,2,0,0,0,1,1,0,1,0,0,0,0,0,1,1,0,0,0,0,0,0,0,1,1,6,4,0,0,4,0,0,20,0,0,14,0,3,3,0,0,0,0,0,0,0,16,2,7,4,0,2,0,0,0,1,0,0,0,0,0,0,7,0,0,0,2,0,0,0,0,0,0,3,0,0,0,2,0,0,4,4,0,0
"LS29 0",4909,4866,0,0,0,0,0,0,0,0,0,7,2,2,23,1,7,8,1,0,0,0,0,2,0,1,2,0,1,0,0,0,0,0,0,0,0,0,0,0,0,0,0,1,0,1,0,0,0,0,0,0,2,0,0,1,0,0,1,0,0,0,0,0,0,0,2,0,0,1,1,0,0,0,0,0,0,0,1,0,0,0,1,0,0,0,0,0,0,0,0,0,0,0,0,0,1,0,0,0,1,1,0,0
"LS29 6",5005,4967,1,0,0,0,0,0,0,0,0,0,0,3,18,2,2,5,2,2,0,0,0,4,0,0,0,0,1,0,0,0,0,0,0,0,0,0,0,0,0,0,0,2,0,3,2,0,1,1,0,0,8,3,2,2,0,0,1,0,0,0,0,0,0,0,1,0,0,1,0,0,0,0,0,0,0,0,0,0,0,0,0,0,0,0,0,0,0,0,0,0,0,0,0,0,0,0,0,0,0,0,0,0
"LS29 7",7086,7017,1,0,0,0,0,0,0,0,0,4,1,2,45,5,5,14,2,4,4,0,0,1,0,3,4,1,1,0,0,0,0,1,2,1,0,1,0,0,0,0,0,2,0,5,0,0,0,0,0,0,3,0,0,2,0,0,1,0,0,0,0,0,0,0,3,0,0,2,0,0,0,1,0,0,0,0,0,0,0,0,0,0,0,0,0,0,0,0,0,0,0,0,0,0,0,0,1,1,0,0,0,0
"LS29 8",7785,7640,2,0,0,0,0,0,0,0,0,10,6,6,91,21,8,34,3,0,1,0,5,9,2,1,6,0,0,0,0,1,0,0,0,0,0,0,0,0,0,0,0,1,1,0,1,0,1,0,0,0,9,1,2,4,0,1,1,0,0,0,0,0,0,0,8,1,1,4,1,0,0,1,0,0,0,0,0,0,0,0,1,0,0,0,0,0,0,0,1,0,0,0,0,0,0,0,0,0,9,6,0,3
"LS29 9",5718,5633,1,0,0,0,0,0,0,0,0,12,0,3,43,3,5,18,4,0,1,1,0,3,0,0,4,0,3,0,0,0,0,1,0,0,0,0,0,0,0,0,0,0,0,1,2,1,0,1,0,0,11,0,0,7,0,2,0,0,0,2,0,0,0,0,10,0,0,4,2,0,1,1,0,1,1,0,0,0,0,0,0,0,0,0,0,0,0,0,0,0,0,0,0,0,0,0,1,1,1,0,0,1
"LS3  1",2814,2272,1,0,0,0,0,0,0,0,0,15,5,11,74,9,12,22,1,0,0,2,6,1,0,11,3,6,0,0,0,0,0,1,4,1,1,0,0,2,1,1,0,8,2,48,61,0,17,31,4,9,159,53,25,29,3,7,6,6,7,9,9,1,0,4,128,6,3,61,2,5,10,6,33,1,1,0,0,0,0,0,24,1,5,5,0,0,0,2,1,0,0,2,0,2,0,6,0,0,1,0,1,0
"LS4  2",8816,7848,2,0,0,0,0,0,0,0,0,29,16,36,197,22,21,71,8,6,0,12,11,7,4,7,2,22,1,1,2,0,0,0,7,1,0,1,0,5,0,0,0,13,1,175,74,0,27,35,12,0,261,92,19,79,3,9,37,0,9,4,0,0,7,2,82,4,2,38,1,6,1,13,12,1,4,0,0,0,0,0,70,2,7,26,0,1,8,0,1,0,0,8,0,2,0,15,1,1,4,4,0,0
"LS5  3",8225,7711,1,1,0,0,0,0,0,1,0,20,16,18,160,7,16,83,3,2,9,12,9,10,0,3,4,0,0,1,1,0,0,0,4,3,0,0,0,1,0,0,0,17,6,35,66,0,19,43,4,0,86,26,4,24,0,3,9,4,1,2,2,1,10,0,40,8,12,10,1,0,2,4,1,1,1,0,0,0,0,0,35,0,5,0,0,0,0,1,3,0,2,13,0,0,0,11,2,2,7,7,0,0
"LS6  1",15349,13733,13,1,1,0,0,0,0,0,0,48,10,35,291,37,32,81,4,8,28,11,9,9,9,30,8,10,2,6,5,0,0,2,6,1,2,0,0,3,0,0,0,18,5,170,131,2,35,54,30,10,648,237,37,183,26,15,57,4,37,19,16,2,1,14,149,11,18,71,4,1,2,8,23,2,9,0,0,1,1,0,84,7,5,10,1,7,3,4,10,1,0,9,1,8,0,18,3,3,3,3,0,0
"LS6  2",10720,9249,3,2,2,0,0,0,0,0,0,73,25,47,255,31,38,45,11,8,13,21,2,4,5,46,9,5,2,5,2,2,2,4,8,4,2,0,0,2,0,0,0,24,17,198,94,2,41,38,6,7,201,48,48,33,0,12,4,5,5,13,18,4,0,11,391,24,43,228,15,9,13,10,40,6,3,0,0,0,0,0,121,5,35,11,0,11,3,3,6,0,3,14,2,3,3,22,7,7,5,4,1,0
"LS6  3",12256,11705,7,1,0,0,0,1,0,0,0,27,12,22,128,14,14,24,1,7,8,12,6,15,2,12,5,5,1,1,0,0,1,0,6,0,5,0,0,1,0,0,0,12,10,28,51,0,18,31,1,1,130,48,6,35,1,7,21,0,1,4,0,1,3,3,75,14,7,35,2,0,1,5,4,4,3,0,0,0,0,0,38,7,7,3,0,0,0,0,2,0,1,10,0,0,3,5,3,3,1,1,0,0
"LS6  4",8914,8458,2,1,1,0,0,0,0,0,0,14,14,30,133,14,29,43,1,3,5,8,0,8,1,10,4,4,1,0,0,0,0,2,3,1,2,0,0,0,0,0,0,9,11,30,24,0,14,8,1,1,107,23,10,15,0,7,11,5,12,7,7,5,0,5,59,4,8,25,5,4,3,5,2,0,3,0,0,0,0,0,15,0,0,4,0,0,0,0,1,0,1,2,0,1,5,1,3,3,1,1,0,0
"LS7  1",3623,2579,0,2,0,0,0,1,0,1,0,69,67,12,143,8,7,79,3,1,9,11,5,6,1,6,4,0,0,1,2,0,0,0,8,7,0,0,0,1,0,0,0,7,1,104,210,0,142,58,8,2,68,18,10,12,0,2,0,0,2,12,5,2,1,4,112,8,18,51,2,7,11,11,1,1,2,0,0,1,1,0,230,16,89,27,1,6,0,7,14,1,0,15,1,2,12,39,2,2,8,8,0,0
"LS7  2",7331,6703,2,0,0,0,0,0,0,0,0,33,20,4,163,11,12,73,4,15,6,27,1,4,2,2,2,2,1,0,0,0,0,1,9,3,4,0,0,2,0,0,0,5,0,34,51,1,25,21,4,0,123,39,4,37,0,10,3,0,9,8,1,6,0,6,83,3,23,36,4,2,6,3,5,1,0,0,0,0,0,0,95,8,10,6,0,7,3,5,5,0,5,19,0,1,5,21,2,2,4,4,0,0
"LS7  3",8294,6963,0,1,1,0,0,0,0,0,0,41,6,9,254,14,7,172,3,4,12,8,4,3,0,11,8,0,5,1,1,0,0,1,16,2,8,4,0,2,0,0,0,4,2,32,53,0,12,20,20,1,718,257,10,293,30,85,8,3,2,5,2,1,1,21,73,7,15,23,1,1,9,5,1,4,7,0,0,0,0,0,114,5,15,38,0,6,0,2,5,0,4,14,0,1,10,14,6,6,2,2,0,0
"LS7  4",7775,6800,1,0,0,0,0,0,0,0,0,68,17,17,215,29,23,113,2,6,4,8,2,7,0,10,3,1,2,5,0,0,0,0,7,4,0,1,0,2,0,0,0,1,3,36,92,1,13,36,40,2,280,96,0,87,13,64,4,1,1,7,0,0,5,2,50,10,12,5,0,2,5,3,4,8,1,0,0,0,0,0,172,6,20,91,0,2,0,3,7,0,0,19,0,10,8,6,10,10,6,5,0,1
"LS8  1",9265,8681,0,0,0,0,0,0,0,0,0,9,15,18,108,5,15,58,3,6,1,2,2,7,3,3,1,1,0,0,0,1,0,0,16,4,8,2,0,2,0,0,0,7,0,16,52,1,9,29,9,4,243,78,17,104,4,3,12,8,0,11,0,0,2,4,60,3,17,33,3,0,1,1,1,1,0,0,0,0,0,0,31,3,2,4,0,2,1,0,6,0,0,2,0,3,3,5,2,2,7,6,0,1
"LS8  2",11506,10094,1,2,0,0,0,0,0,1,1,22,17,16,295,19,18,178,10,9,4,19,6,2,2,17,7,0,1,0,0,0,2,1,9,7,1,1,0,0,0,0,0,11,0,32,98,0,20,33,43,2,770,257,25,313,52,53,19,5,13,4,12,0,7,10,91,4,22,30,0,1,6,1,5,22,0,0,0,2,2,0,28,1,4,4,0,0,0,1,2,0,0,8,0,0,2,6,7,7,11,7,3,1
"LS8  3",11594,9249,2,4,4,0,0,0,0,0,0,36,52,15,461,11,17,241,49,76,4,35,9,2,5,1,4,1,5,0,1,0,0,0,10,8,1,0,0,1,0,0,0,6,1,39,188,3,41,66,75,3,1227,660,14,314,101,80,18,0,0,6,5,2,0,27,124,14,16,35,1,0,0,5,7,45,1,0,1,0,0,0,169,2,11,65,0,12,6,0,7,0,2,31,0,3,20,10,3,3,7,7,0,0
"LS8  4",5984,4444,1,0,0,0,0,0,0,0,0,15,9,11,176,5,6,85,7,29,5,16,9,2,2,2,5,0,0,1,2,0,0,0,6,4,2,0,0,0,0,0,0,4,2,33,70,0,18,17,35,0,1030,307,15,162,52,459,12,5,2,1,0,3,3,9,70,7,8,18,1,0,3,6,4,21,2,0,0,3,3,0,102,3,26,29,0,2,2,3,8,1,0,15,0,3,3,7,6,6,2,1,1,0
"LS8  5",7408,4346,0,2,0,0,0,0,0,1,1,66,48,16,458,9,9,212,49,93,10,30,22,2,0,4,13,0,2,2,1,0,0,0,10,5,2,1,0,2,0,0,0,15,0,97,281,0,146,66,64,5,1527,682,30,273,91,372,28,0,2,6,18,2,1,22,257,11,36,84,2,0,8,10,7,97,2,0,0,1,1,0,273,7,47,51,0,12,3,8,12,1,10,39,0,4,33,46,7,7,4,2,2,0
"LS9  0",5669,5204,1,1,1,0,0,0,0,0,0,30,22,3,158,4,2,110,4,3,2,19,4,7,0,2,0,1,0,0,0,0,0,0,11,4,2,0,0,5,0,0,0,9,4,7,22,0,8,13,1,0,31,9,2,11,1,2,3,0,0,0,3,0,0,0,72,10,4,11,0,0,4,3,0,36,4,0,0,0,0,0,93,6,12,4,0,8,3,0,9,0,2,24,1,3,6,15,0,0,1,0,1,0
"LS9  6",11247,9513,2,10,4,0,0,0,0,6,0,119,52,10,495,17,12,225,68,82,13,44,9,4,2,2,11,5,1,0,0,0,0,0,45,44,1,0,0,0,0,0,0,9,3,37,135,0,70,30,32,3,274,140,1,74,5,11,3,3,2,12,22,0,0,1,167,20,14,42,1,0,11,4,7,61,7,0,0,0,0,0,358,14,50,40,0,27,18,3,46,3,11,44,0,4,37,61,10,10,8,7,0,1
"LS9  7",6856,4788,0,0,0,0,0,0,0,0,0,91,87,11,173,9,5,76,19,5,8,9,12,6,0,14,8,0,0,0,2,0,0,0,33,32,0,0,0,1,1,1,0,29,4,95,644,0,470,127,45,2,109,43,3,23,7,4,8,3,0,10,3,0,2,3,149,20,8,36,1,1,4,10,0,67,2,0,0,4,4,0,629,47,278,115,2,20,6,10,41,3,2,32,0,2,20,51,4,4,5,5,0,0
"LS9  8",5066,4467,0,4,3,0,0,0,0,1,0,13,40,18,170,15,9,67,10,6,1,9,3,10,1,26,3,2,2,1,4,0,0,1,4,0,1,3,0,0,0,0,0,10,0,77,24,2,2,20,0,0,74,9,23,8,2,5,8,4,5,4,3,2,0,1,74,3,10,22,5,4,0,2,1,27,0,0,0,0,0,0,83,3,34,6,0,8,2,0,1,0,1,16,0,4,0,8,6,6,2,1,1,0
"LS9  9",5481,5044,1,0,0,0,0,0,0,0,0,16,23,7,131,7,1,100,4,10,1,2,0,2,1,2,1,0,0,0,0,0,0,0,1,1,0,0,0,0,0,0,0,9,6,15,21,0,9,7,4,1,45,6,2,17,0,3,4,1,0,4,3,4,0,1,85,20,7,8,1,0,1,3,1,42,2,0,0,0,0,0,73,2,4,0,0,7,2,2,6,0,4,29,0,1,1,15,1,1,3,3,0,0
"LU1  1",13402,7867,0,12,0,0,0,0,0,2,10,35,50,26,1713,9,6,1373,51,6,48,115,33,21,13,23,4,1,1,6,2,0,1,0,25,22,1,2,0,0,0,0,0,44,7,67,45,0,3,19,22,1,3188,1406,88,273,13,1002,79,6,51,59,67,11,6,127,107,7,6,51,0,0,5,12,3,14,9,0,0,0,0,0,198,3,2,34,3,8,16,6,10,2,9,60,1,11,3,30,12,12,6,4,0,2
"LU1  2",1314,807,0,0,0,0,0,0,0,0,0,6,9,5,214,3,3,111,11,2,20,16,2,6,9,21,1,1,1,4,0,0,3,0,3,2,0,0,0,1,0,0,0,25,2,52,3,0,1,2,0,0,105,18,34,9,0,9,2,0,13,16,1,0,1,2,67,2,3,44,0,0,0,9,3,5,1,0,0,0,0,0,14,0,0,0,0,5,0,0,3,0,0,3,0,0,2,1,2,2,0,0,0,0
"LU1  3",9426,6930,1,8,8,0,0,0,0,0,0,35,26,26,1139,25,6,869,54,5,31,73,11,30,6,11,8,2,1,1,6,0,0,0,21,17,4,0,0,0,0,0,0,52,14,190,14,0,3,4,4,3,606,134,90,47,0,135,30,5,68,34,33,10,10,10,234,15,10,157,1,1,5,10,6,27,2,0,0,0,0,0,119,33,1,7,0,6,9,6,5,0,0,27,0,2,8,15,6,6,5,4,0,1
"LU1  4",5371,5300,0,3,3,0,0,0,0,0,0,5,0,2,31,4,5,8,0,5,3,0,0,0,1,1,1,2,1,0,0,0,0,0,1,0,0,0,0,1,0,0,0,1,0,0,0,0,0,0,0,0,5,0,0,0,0,0,2,0,0,3,0,0,0,0,11,0,0,2,1,0,0,7,0,1,0,0,0,0,0,0,12,0,0,0,0,1,0,0,2,0,0,6,3,0,0,0,0,0,0,0,0,0
"LU1  5",11683,9071,0,3,0,0,0,0,0,3,0,38,38,11,1005,18,9,806,47,8,13,64,6,14,5,6,5,0,1,0,3,0,0,0,25,20,2,3,0,0,0,0,0,37,125,115,59,0,8,20,27,4,896,356,32,75,9,238,66,2,29,39,8,2,6,34,110,2,11,71,1,2,1,4,2,15,1,0,2,1,1,0,115,0,0,14,0,12,9,11,3,0,9,38,2,4,1,12,28,28,4,2,0,2
"LU2  0",11069,9163,0,0,0,0,0,0,0,0,0,37,35,21,803,19,18,565,29,7,35,44,16,34,9,10,5,8,2,0,2,0,0,0,48,44,0,1,0,3,0,0,0,38,15,52,26,0,2,3,14,7,589,140,34,39,2,214,63,0,27,31,9,6,4,20,134,6,13,65,5,0,6,8,4,26,1,0,2,0,0,0,96,0,0,11,0,8,8,2,3,0,1,34,4,11,5,9,9,9,1,0,0,1
"LU2  7",19988,17101,0,1,1,0,0,0,0,0,0,52,53,26,1321,27,42,998,29,22,42,65,10,26,15,24,7,6,0,6,1,0,0,1,33,26,1,1,2,3,0,0,0,45,28,106,18,0,0,9,4,5,910,218,45,168,5,178,139,5,29,33,22,13,10,45,156,8,12,78,0,1,2,11,9,32,3,0,2,0,0,0,116,16,0,6,0,3,13,3,3,0,2,41,7,6,4,12,8,8,12,10,0,2
"LU2  8",12271,11603,2,2,0,0,0,1,0,1,0,16,5,10,292,24,6,169,6,5,4,21,10,30,10,3,0,1,0,0,0,0,3,0,10,7,1,1,0,1,0,0,0,6,1,21,10,0,1,5,0,4,192,36,4,24,0,27,75,0,3,2,2,8,0,11,73,3,8,23,1,0,1,7,7,23,0,0,0,0,0,0,19,0,0,2,0,0,2,0,0,0,2,8,0,1,0,4,2,2,7,6,0,1
"LU2  9",11215,10155,0,0,0,0,0,0,0,0,0,18,34,10,369,21,6,270,8,5,8,16,1,12,4,4,0,7,1,2,1,0,2,1,26,21,5,0,0,0,0,0,0,15,11,36,22,0,0,15,6,1,412,109,17,50,0,100,83,2,6,19,6,6,5,9,45,5,4,12,0,0,0,0,9,14,1,0,0,2,2,0,51,5,0,5,0,3,0,2,5,1,0,17,1,0,3,9,6,6,3,0,0,3
"LU3  1",21046,14165,2,2,1,0,0,0,0,0,1,45,26,14,1086,71,20,827,27,8,12,45,27,13,8,10,15,0,0,0,1,0,0,2,28,15,5,6,2,0,5,5,0,8,5,101,93,0,8,18,62,5,5106,2114,42,502,16,1900,192,3,8,51,64,10,5,199,82,5,6,44,1,0,0,7,4,9,6,0,1,0,0,0,247,1,1,84,0,14,1,8,20,5,2,80,1,5,12,13,10,10,20,11,6,3
"LU3  2",13174,11672,1,1,0,0,0,0,0,1,0,10,15,8,355,15,6,250,10,3,7,40,0,11,7,2,2,0,1,0,0,0,1,0,4,1,2,1,0,0,0,0,0,5,14,44,29,0,3,15,6,5,907,256,15,118,5,273,115,5,1,49,24,6,0,40,44,0,12,19,0,0,0,1,1,10,1,1,0,0,0,0,47,1,0,1,0,4,4,5,5,0,0,18,0,3,1,5,6,6,11,10,0,1
"LU3  3",18089,16279,2,2,1,0,0,0,0,1,0,27,49,10,485,19,26,297,12,3,28,46,1,36,0,10,4,1,2,0,0,0,0,0,29,15,14,0,0,0,2,0,2,17,10,37,12,0,2,8,0,2,853,240,5,65,1,286,181,4,3,42,9,0,0,17,49,4,6,11,0,1,4,7,1,11,4,0,1,1,1,0,204,4,1,22,0,62,12,5,20,3,3,51,0,2,9,10,12,12,8,4,0,4
"LU3  4",5200,4816,0,0,0,0,0,0,0,0,0,9,10,4,92,3,3,51,4,0,0,16,3,6,2,2,0,1,0,0,0,0,1,0,2,2,0,0,0,0,0,0,0,1,5,27,5,0,0,4,0,1,175,28,1,24,1,30,74,0,3,4,0,1,0,9,38,1,20,15,0,0,0,0,0,1,1,0,0,0,0,0,12,0,0,0,0,0,0,3,0,0,0,2,4,2,0,1,0,0,4,4,0,0
"LU4  0",15836,13437,0,2,0,0,0,2,0,0,0,22,21,18,524,30,17,336,28,5,44,26,1,20,2,2,4,3,1,0,1,3,1,0,21,15,6,0,0,0,0,0,0,9,11,68,62,0,23,22,15,2,1155,344,29,107,3,248,212,12,21,99,41,13,5,21,365,0,5,12,3,0,3,7,4,320,11,0,1,1,1,0,101,0,2,16,0,6,17,1,17,0,1,19,1,3,5,13,7,7,11,8,1,2
"LU4  8",15365,9351,0,2,0,0,0,1,0,0,1,40,12,4,776,33,14,600,23,3,6,65,4,0,2,8,9,4,2,1,1,0,1,0,11,9,2,0,0,0,2,2,0,9,13,46,116,0,23,10,82,1,4783,2383,37,472,58,1249,239,2,12,101,19,0,0,211,22,2,0,4,1,0,0,1,1,8,5,0,0,0,0,0,155,3,0,54,0,14,3,4,18,0,0,39,0,3,8,9,10,10,13,7,5,1
"LU4  9",18089,14889,1,3,0,0,0,1,2,0,0,54,16,18,742,27,22,528,13,5,42,48,6,14,0,4,19,2,3,3,2,0,4,0,42,18,23,1,0,0,0,0,0,16,13,75,79,0,8,11,51,9,1837,795,13,230,9,450,169,4,11,80,11,4,0,61,56,4,17,6,0,0,0,7,6,11,5,0,0,1,1,0,217,2,0,32,0,23,20,4,33,5,1,57,2,11,6,21,13,13,17,12,3,2
"LU5  4",12878,12193,0,0,0,0,0,0,0,0,0,12,23,11,300,26,5,202,13,6,16,14,0,4,0,4,7,0,2,1,0,0,0,0,10,4,3,2,0,1,0,0,0,4,6,6,28,0,16,7,0,5,206,11,22,32,0,9,35,0,3,68,5,19,0,2,38,2,3,16,1,2,0,7,0,6,1,0,0,0,0,0,32,0,0,0,0,0,0,0,7,0,0,15,3,1,2,4,4,4,5,4,1,0
"LU5  5",16549,15691,1,0,0,0,0,0,0,0,0,19,37,14,393,8,14,250,13,5,46,15,0,14,8,7,5,1,0,1,1,0,4,1,11,6,1,0,2,2,0,0,0,9,9,15,4,0,0,4,0,0,152,17,5,19,0,13,80,3,0,8,2,2,0,3,66,8,13,17,2,3,0,11,1,10,1,0,0,0,0,0,114,1,0,1,1,9,2,2,8,0,1,71,2,2,0,14,3,3,11,11,0,0
"LU5  6",7280,7162,0,0,0,0,0,0,0,0,0,8,2,3,39,2,4,16,3,0,3,2,0,4,0,1,0,1,2,0,1,0,0,0,1,0,0,0,0,1,0,0,0,0,2,2,1,0,0,0,0,1,14,0,2,3,0,0,7,1,0,1,0,0,0,0,43,1,20,10,4,0,0,2,3,3,0,0,0,0,0,0,1,0,0,0,0,0,0,0,0,0,0,1,0,0,0,0,1,1,1,1,0,0
"LU6  1",10242,9870,0,0,0,0,0,0,0,0,0,9,3,9,199,30,6,136,3,0,3,5,0,5,0,2,5,0,1,1,1,0,1,0,0,0,0,0,0,0,0,0,0,6,14,1,3,0,0,3,0,0,68,3,5,7,1,11,16,0,2,15,0,8,0,0,35,12,9,6,0,1,0,5,0,2,0,0,0,0,0,0,23,1,0,0,0,2,0,0,1,0,0,13,3,0,0,3,2,2,0,0,0,0
"LU6  2",7869,7739,0,0,0,0,0,0,0,0,0,11,2,4,59,5,2,22,1,7,8,3,2,1,0,1,2,2,1,1,0,0,1,0,1,0,0,0,0,1,0,0,0,4,1,6,0,0,0,0,0,0,16,0,0,5,0,0,11,0,0,0,0,0,0,0,18,0,3,8,2,0,0,4,0,1,0,0,0,0,0,0,7,0,0,0,0,0,0,0,0,0,0,1,6,0,0,0,0,0,1,1,0,0
"LU6  3",11707,11340,1,1,1,0,0,0,0,0,0,13,5,10,171,11,8,105,5,5,5,7,0,8,7,4,5,0,1,0,0,0,0,0,11,11,0,0,0,0,0,0,0,4,8,2,21,2,12,7,0,0,54,6,2,11,0,7,16,0,2,1,7,1,0,1,45,5,4,14,3,0,1,12,1,5,0,0,0,0,0,0,15,0,0,1,0,4,0,1,0,0,0,4,4,0,1,0,5,5,1,0,1,0
"LU7  0",8867,8770,1,0,0,0,0,0,0,0,0,5,5,5,48,1,5,14,5,2,1,1,0,3,6,0,5,3,1,1,0,0,0,0,3,2,0,0,0,1,0,0,0,1,1,0,0,0,0,0,0,0,9,1,0,0,0,2,0,0,0,4,0,2,0,0,16,3,2,3,3,0,0,2,1,2,0,0,0,0,0,0,2,0,0,0,0,0,0,0,1,0,0,1,0,0,0,0,0,0,1,1,0,0
"LU7  1",5131,4925,1,0,0,0,0,0,0,0,0,12,2,5,81,29,5,31,0,0,5,1,0,2,2,3,2,0,0,0,0,0,0,1,4,0,1,1,0,2,0,0,0,3,7,1,0,0,0,0,0,0,15,1,1,0,0,2,4,0,0,3,0,0,1,3,66,1,16,24,1,0,3,1,0,20,0,0,0,0,0,0,6,0,0,0,0,0,0,0,1,0,0,1,3,0,0,1,3,3,0,0,0,0
"LU7  2",11125,10846,0,1,1,0,0,0,0,0,0,19,14,12,133,32,8,38,3,10,4,5,0,7,14,6,2,1,0,1,0,1,0,1,2,1,0,1,0,0,0,0,0,14,11,5,2,0,0,0,0,2,20,0,0,3,0,2,3,2,0,6,4,0,0,0,32,0,4,8,5,0,2,3,0,10,0,0,0,0,0,0,11,0,0,0,0,0,0,2,0,0,0,4,4,0,0,1,0,0,3,3,0,0
"LU7  3",12692,12330,0,1,0,0,0,0,0,1,0,18,3,22,201,80,18,51,6,7,11,2,0,3,10,5,1,0,1,1,0,0,1,4,11,4,4,2,0,1,0,0,0,1,6,3,2,0,0,1,1,0,29,2,3,5,0,0,5,0,0,14,0,0,0,0,49,2,7,9,4,0,1,12,0,13,1,0,0,0,0,0,12,0,1,0,0,0,1,0,2,0,0,3,0,1,0,4,0,0,4,4,0,0
"LU7  4",6925,6712,2,0,0,0,0,0,0,0,0,8,3,12,102,10,2,50,2,4,4,7,2,9,2,4,0,0,2,1,0,0,3,0,0,0,0,0,0,0,0,0,0,2,7,5,2,0,1,1,0,0,17,2,2,3,0,2,2,0,0,4,0,2,0,0,35,2,5,11,8,0,1,3,2,2,1,0,0,0,0,0,15,0,0,0,0,1,0,0,2,0,0,0,4,1,0,7,2,2,1,0,0,1
"LU7  9",7132,7021,2,1,1,0,0,0,0,0,0,5,1,5,64,6,2,32,4,5,1,0,0,3,1,2,5,2,0,1,0,0,0,0,2,2,0,0,0,0,0,0,0,4,1,3,0,0,0,0,0,0,4,0,1,1,0,0,0,0,0,2,0,0,0,0,10,0,4,4,0,0,0,1,0,1,0,0,0,0,0,0,9,0,0,0,0,0,0,0,0,0,0,6,3,0,0,0,0,0,0,0,0,0
"M1   1",767,671,2,0,0,0,0,0,0,0,0,5,0,20,26,3,1,7,1,0,0,3,1,1,0,5,2,0,0,0,1,0,0,1,1,1,0,0,0,0,0,0,0,0,0,9,7,0,0,7,0,0,3,2,1,0,0,0,0,0,0,0,0,0,0,0,21,1,3,10,3,0,0,3,0,0,1,0,0,0,0,0,2,0,0,0,0,0,0,0,0,1,0,0,0,0,0,1,0,0,0,0,0,0
"M1   2",3425,2587,2,0,0,0,0,0,0,0,0,16,14,44,404,18,21,17,4,1,10,4,2,3,8,298,0,3,3,5,1,1,3,2,6,1,0,0,0,5,0,0,0,7,8,39,11,0,1,6,0,4,27,7,9,0,0,0,0,0,1,0,3,5,0,2,246,14,23,184,1,2,4,7,10,1,0,0,0,0,0,0,10,0,1,0,0,0,2,0,0,0,0,3,0,3,0,1,3,3,1,1,0,0
"M1   3",1066,789,0,0,0,0,0,0,0,0,0,7,5,25,39,0,4,6,0,0,1,1,0,0,0,20,2,0,1,0,2,1,0,1,2,0,2,0,0,0,0,0,0,2,2,6,5,0,0,5,0,0,11,7,0,1,0,3,0,0,0,0,0,0,0,0,172,9,61,83,6,1,3,3,5,0,1,0,0,0,0,0,0,0,0,0,0,0,0,0,0,0,0,0,0,0,0,0,1,1,0,0,0,0
"M1   4",212,141,0,0,0,0,0,0,0,0,0,3,2,8,8,1,0,0,0,0,1,0,0,0,1,4,0,1,0,0,0,0,0,0,1,0,0,0,0,1,0,0,0,2,2,1,1,0,0,1,0,0,3,0,2,0,0,0,0,0,0,1,0,0,0,0,39,3,4,18,2,0,6,1,5,0,0,0,0,0,0,0,1,0,0,0,0,0,0,0,0,0,0,0,0,0,0,1,0,0,0,0,0,0
"M1   5",3165,2030,0,1,1,0,0,0,0,0,0,22,8,43,297,7,19,11,2,0,2,0,0,6,7,232,6,0,0,5,0,0,0,0,10,1,7,1,0,1,0,0,0,3,10,269,22,0,0,6,0,16,26,12,8,1,0,0,0,3,1,0,0,1,0,0,417,47,23,296,4,17,7,21,2,0,0,0,0,0,0,0,5,0,0,0,0,0,0,0,0,0,0,0,1,0,0,4,2,2,0,0,0,0
"M1   6",815,639,0,0,0,0,0,0,0,0,0,6,1,22,36,4,2,3,4,0,1,0,0,0,0,19,0,1,0,0,0,0,0,2,4,2,1,0,0,1,0,0,0,5,5,16,5,0,2,3,0,0,4,0,0,1,0,0,2,0,0,0,0,0,0,1,68,8,19,35,0,3,0,3,0,0,0,0,0,0,0,0,3,0,0,1,0,0,0,0,0,0,0,1,0,0,0,1,0,0,1,1,0,0
"M1   7",2663,1591,0,0,0,0,0,0,0,0,0,28,6,45,146,18,13,16,1,0,14,4,2,3,14,49,3,2,1,3,1,0,1,1,1,0,1,0,0,0,0,0,0,43,11,42,57,0,17,22,15,3,63,16,13,6,0,6,2,2,3,6,4,0,0,5,604,51,49,399,13,14,6,44,24,3,1,0,0,0,0,0,22,1,3,5,0,0,0,1,2,0,0,0,0,3,5,2,3,3,1,1,0,0
"M11  1",5438,4757,1,2,2,0,0,0,0,0,0,37,15,10,202,16,12,114,7,17,0,7,8,4,3,2,5,3,0,0,2,0,0,2,2,0,1,0,0,1,0,0,0,4,14,37,33,0,12,16,5,0,80,50,0,8,0,5,4,0,0,6,0,2,3,2,83,19,29,20,0,0,4,5,0,6,0,0,0,0,0,0,158,0,4,36,1,21,28,7,9,2,2,15,1,5,11,16,3,3,0,0,0,0
"M11  2",2970,2538,0,1,1,0,0,0,0,0,0,20,29,6,113,0,2,49,12,16,3,6,8,0,0,2,14,0,1,0,0,0,0,0,3,1,1,1,0,0,0,0,0,5,10,6,22,0,6,11,5,0,43,11,4,15,0,0,1,0,0,1,1,3,0,7,82,9,34,33,0,0,0,3,0,0,3,0,0,0,0,0,91,2,5,15,1,11,11,10,3,0,3,4,0,3,4,19,1,1,0,0,0,0
"M11  3",3193,2596,2,2,1,0,0,0,0,1,0,45,12,5,68,3,1,35,8,4,3,5,1,2,0,1,4,0,0,1,0,0,0,0,0,0,0,0,0,0,0,0,0,2,7,23,29,0,3,24,2,0,42,21,0,8,0,3,0,0,0,2,4,0,0,4,274,9,100,147,0,1,13,3,0,0,1,0,0,0,0,0,82,6,18,13,0,2,7,7,1,0,2,11,0,3,6,6,3,3,1,1,0,0
"M11  4",7648,6626,2,0,0,0,0,0,0,0,0,67,73,13,292,6,11,142,19,29,7,7,16,8,6,9,22,1,0,0,7,0,2,0,5,5,0,0,0,0,0,0,0,7,8,35,34,0,10,24,0,0,134,60,3,18,0,7,3,0,1,21,2,11,0,8,177,27,49,74,1,4,4,15,0,0,3,0,0,0,0,0,169,4,8,27,0,19,24,10,6,1,11,18,0,12,8,21,4,4,2,2,0,0
"M12  4",6726,4470,0,0,0,0,0,0,0,0,0,49,25,9,121,13,7,41,2,6,23,2,1,6,2,5,6,2,4,0,0,0,1,0,2,0,0,0,0,2,0,0,0,14,1,124,194,0,53,43,94,4,1327,772,3,210,1,278,8,1,4,5,26,0,2,17,169,14,53,63,0,0,16,4,6,7,6,0,0,0,0,0,205,14,8,96,0,3,13,5,19,1,1,2,0,6,12,25,13,13,3,3,0,0
"M12  5",7683,5330,3,2,2,0,0,0,0,0,0,75,48,22,198,6,14,80,9,32,17,4,4,4,7,1,10,2,1,4,0,0,1,2,3,2,0,0,0,1,8,8,0,11,3,95,284,0,66,95,102,21,1217,803,5,163,2,174,2,0,9,7,36,1,7,8,175,21,37,82,2,0,17,0,0,13,3,0,0,0,0,0,201,9,9,59,3,22,25,6,8,0,4,12,0,9,19,16,6,6,2,2,0,0
"M12  6",755,590,0,0,0,0,0,0,0,0,0,10,6,0,5,0,0,5,0,0,0,0,0,0,0,0,0,0,0,0,0,0,0,0,0,0,0,0,0,0,0,0,0,1,2,35,14,0,6,4,3,1,17,5,0,2,1,3,0,3,1,2,0,0,0,0,39,1,12,15,0,0,1,3,0,1,6,0,0,0,0,0,35,11,9,5,0,0,1,1,0,0,0,1,0,2,0,5,1,1,0,0,0,0
"M13  0",15756,10440,11,3,2,0,0,0,0,1,0,59,55,60,377,16,35,67,5,39,55,29,3,4,42,47,22,5,1,2,2,1,0,2,4,2,0,0,0,2,11,11,0,21,47,245,334,0,82,106,138,8,3298,1422,52,499,15,1137,27,7,22,17,60,5,11,24,422,40,50,245,9,25,19,3,23,4,4,0,0,1,1,0,336,6,17,201,0,4,11,4,42,2,7,7,3,10,11,11,24,24,8,5,3,0
"M13  9",7216,4764,1,2,1,0,0,1,0,0,0,56,38,44,226,10,28,47,6,8,30,11,8,2,28,33,6,6,0,1,0,0,1,1,11,3,0,2,0,6,0,0,0,33,60,245,230,0,69,96,38,27,402,155,22,51,5,93,1,3,6,7,48,1,2,8,864,59,63,608,2,35,12,17,56,6,6,0,0,1,1,0,228,12,10,101,1,12,16,8,3,1,3,6,0,20,14,21,5,5,6,4,2,0
"M14  4",8919,5996,3,4,0,0,1,0,0,0,3,67,28,53,263,19,21,64,16,22,37,20,5,8,6,15,15,9,2,0,0,2,1,1,9,0,4,0,0,5,8,8,0,11,5,346,224,0,103,52,43,26,631,322,32,92,3,93,5,7,28,20,10,3,2,14,248,33,16,92,0,4,18,6,67,3,9,0,0,0,0,0,1003,7,34,699,2,11,16,5,186,3,1,3,0,6,18,12,14,14,6,4,2,0
"M14  5",10213,7471,11,1,1,0,0,0,0,0,0,77,27,115,449,39,32,88,10,8,78,16,14,12,45,65,16,10,4,5,1,0,0,6,12,0,2,0,0,10,0,0,0,30,36,277,211,2,78,90,26,15,901,412,53,144,3,145,15,4,38,36,11,10,9,21,447,23,39,209,12,11,14,10,120,5,4,0,0,0,0,0,126,8,6,58,0,2,4,11,17,0,0,6,0,7,2,5,18,18,4,4,0,0
"M14  6",19755,17722,28,2,2,0,0,0,0,0,0,69,26,127,419,35,50,104,12,27,32,30,4,22,20,35,15,11,10,5,4,1,1,1,35,2,3,3,1,26,0,0,0,24,7,255,212,4,96,84,23,5,584,265,16,114,3,132,3,5,5,6,18,5,7,5,178,12,15,100,8,17,6,4,11,5,0,0,0,0,0,0,55,1,4,19,0,3,0,0,4,2,0,2,1,2,6,11,6,6,6,4,2,0
"M14  7",12227,9548,6,3,2,0,0,0,0,1,0,59,21,51,318,21,12,150,19,35,25,11,3,7,5,12,6,3,3,1,2,1,0,2,9,2,2,0,3,2,1,0,1,19,4,353,261,0,108,100,48,5,935,391,42,134,10,149,12,13,22,37,97,1,14,13,172,21,14,72,0,5,2,11,32,5,10,0,0,2,2,0,434,13,9,286,0,0,30,2,49,2,4,6,0,4,19,10,26,26,5,5,0,0
"M15  4",8031,6504,7,4,1,0,0,1,0,2,0,53,44,63,416,28,20,159,15,11,9,6,2,2,9,130,8,9,1,3,2,0,1,1,9,4,2,0,0,3,1,1,0,22,16,176,195,0,44,125,20,6,92,32,3,8,0,12,15,6,0,5,3,3,0,5,222,21,16,145,7,4,11,4,4,2,8,1,0,1,1,0,194,12,32,96,0,0,4,0,15,2,1,2,0,3,11,16,6,6,5,5,0,0
"M15  5",6000,4389,3,2,1,0,0,0,0,1,0,61,42,94,354,22,28,149,20,14,12,22,7,7,16,28,16,5,2,3,1,0,0,2,9,0,5,2,0,2,0,0,0,27,5,214,155,2,44,89,13,7,102,36,19,9,0,5,10,0,3,3,4,2,5,6,334,31,24,175,10,5,38,16,28,4,3,0,1,2,2,0,200,4,14,115,0,1,4,8,21,1,3,1,2,9,12,5,6,6,0,0,0,0
"M15  6",7582,4976,10,1,0,0,0,1,0,0,0,56,35,66,393,15,19,34,12,9,21,11,2,0,6,234,5,6,4,8,0,0,1,6,5,0,2,0,0,3,0,0,0,39,42,204,149,4,31,82,5,27,135,73,21,7,0,7,3,3,1,11,1,4,1,3,1287,85,73,891,20,114,32,45,18,3,6,0,0,0,0,0,172,6,12,85,0,1,3,0,38,1,2,8,2,10,1,3,9,9,3,2,1,0
"M16  0",7563,6296,3,2,2,0,0,0,0,0,0,22,5,28,190,11,16,110,3,14,4,3,0,3,3,8,6,6,1,0,0,0,1,1,7,0,3,3,0,1,1,1,0,10,3,130,60,2,16,30,12,0,721,378,6,251,8,18,25,0,2,1,6,2,0,24,42,4,20,13,1,1,2,1,0,0,0,0,0,0,0,0,36,0,3,17,0,3,0,0,5,2,0,1,0,0,0,5,4,4,3,3,0,0
"M16  7",7195,5428,2,0,0,0,0,0,0,0,0,29,22,12,188,3,16,128,2,9,6,3,2,2,2,5,4,3,2,1,0,0,0,0,15,12,1,2,0,0,0,0,0,6,9,214,153,0,81,53,16,3,389,189,2,65,0,24,83,0,6,9,1,1,0,9,82,15,10,31,0,2,8,5,2,5,4,1,0,1,1,0,640,4,16,464,1,4,14,4,89,1,6,9,0,4,13,11,2,2,2,1,1,0
"M16  8",10871,8381,7,3,1,0,0,1,0,0,1,47,25,50,571,31,48,340,28,19,14,8,10,30,6,13,6,7,6,4,0,0,1,0,20,0,5,8,0,7,2,0,2,24,13,303,163,2,90,52,15,4,988,568,6,312,3,13,41,8,1,5,15,5,0,11,119,10,25,47,8,3,7,2,8,2,7,0,0,0,0,0,139,7,3,75,0,5,3,2,14,0,5,6,0,7,4,8,7,7,9,2,7,0
"M16  9",8392,6163,1,1,0,0,0,1,0,0,0,22,14,30,312,9,20,207,8,3,6,7,0,7,4,25,9,2,2,1,2,0,0,0,5,0,2,2,0,1,0,0,0,2,16,152,65,0,25,21,13,6,1369,473,14,221,3,30,617,0,0,2,0,0,0,9,75,2,9,25,0,3,4,3,10,8,11,0,0,0,0,0,156,1,8,104,0,0,3,3,18,0,0,3,0,0,4,12,3,3,6,4,2,0
"M18  7",11816,9982,7,3,3,0,0,0,0,0,0,88,69,13,422,31,18,277,3,19,29,7,16,1,5,4,6,2,2,2,0,0,0,0,2,0,0,0,0,2,0,0,0,22,2,77,157,0,62,62,26,7,419,276,1,63,5,38,9,0,0,7,10,7,0,3,175,26,31,81,0,0,7,7,2,21,0,0,0,0,0,0,363,6,27,76,0,40,56,6,12,2,7,42,0,25,13,51,8,8,7,7,0,0
"M18  8",9970,8743,0,6,3,0,0,1,0,2,0,70,27,14,420,8,12,250,16,65,10,7,14,7,0,1,19,4,0,2,1,0,4,0,4,1,0,2,0,1,0,0,0,9,9,39,60,1,16,25,14,4,205,114,0,46,0,17,2,0,0,8,8,5,5,0,123,25,24,47,1,2,5,2,0,14,3,0,0,0,0,0,235,3,12,17,1,32,52,18,8,0,2,31,0,6,11,42,5,5,1,1,0,0
"M19  1",11316,9809,5,5,3,0,0,0,0,2,0,12,19,13,150,2,11,61,3,31,3,4,5,7,1,3,0,4,11,3,1,0,0,0,6,1,5,0,0,0,0,0,0,9,14,184,129,0,67,41,20,1,821,448,15,112,5,120,45,7,8,6,32,0,12,11,96,9,25,44,0,4,1,3,1,8,1,0,0,0,0,0,36,1,1,7,0,3,0,0,3,0,0,12,1,0,2,6,4,4,4,4,0,0
"M19  2",12484,9889,4,0,0,0,0,0,0,0,0,36,34,22,276,15,16,139,8,22,26,2,1,3,2,7,19,13,1,1,1,0,0,0,7,0,3,4,0,0,1,1,0,7,8,288,221,1,66,69,79,6,1509,982,8,301,8,152,23,2,3,3,7,11,4,5,74,6,18,25,7,0,5,3,1,2,7,0,0,2,2,0,82,5,1,17,0,7,8,8,2,0,3,5,0,5,5,16,14,14,10,7,3,0
"M19  3",9079,6845,2,3,0,0,0,1,0,1,1,38,26,43,317,8,7,149,20,34,56,8,2,4,10,7,5,4,1,1,0,0,1,0,9,6,0,2,0,1,0,0,0,16,4,76,233,1,63,38,129,2,1279,969,6,157,5,109,11,1,1,2,13,0,2,3,75,11,15,34,2,0,0,1,5,6,1,0,0,0,0,0,102,1,5,14,0,14,0,0,3,1,11,12,0,5,9,27,4,4,7,6,1,0
"M20  1",7586,6748,2,5,3,0,0,1,0,1,0,20,16,28,159,17,21,65,10,6,1,7,3,8,7,7,4,1,1,0,0,0,1,0,15,7,4,0,0,4,0,0,0,7,3,165,88,0,39,36,10,3,232,83,13,29,0,38,2,0,0,5,60,0,0,2,46,3,1,16,2,10,0,3,7,4,0,1,0,0,0,0,40,0,0,13,0,0,3,2,11,0,4,2,0,0,1,4,7,7,4,4,0,0
"M20  2",11012,10208,15,1,1,0,0,0,0,0,0,53,21,48,231,21,34,73,14,4,14,6,4,10,7,15,15,4,3,5,1,1,0,0,10,3,5,0,0,2,0,0,0,21,14,61,61,1,9,46,1,4,154,61,7,8,0,29,6,0,7,8,4,4,11,9,100,7,11,32,6,20,0,4,0,13,7,2,0,0,0,0,9,0,0,6,0,0,0,0,1,0,1,0,0,0,0,1,3,3,0,0,0,0
"M20  3",6098,5625,9,0,0,0,0,0,0,0,0,27,8,40,144,12,21,50,12,4,4,5,2,2,4,13,5,6,0,0,1,0,0,3,6,1,1,0,0,4,0,0,0,5,2,39,28,0,4,21,2,1,108,33,16,14,0,20,2,1,5,4,4,0,5,4,44,8,8,19,2,1,0,3,3,0,0,0,0,0,0,0,11,0,0,6,0,4,0,0,0,0,0,0,0,0,0,1,1,1,1,1,0,0
"M20  4",10041,8971,10,0,0,0,0,0,0,0,0,22,14,51,179,10,17,76,7,5,1,4,7,3,3,21,9,4,3,1,2,0,2,4,8,1,1,3,0,3,0,0,0,5,7,195,71,1,28,35,4,3,382,182,7,60,0,43,21,0,10,34,9,1,8,7,96,8,23,48,2,2,0,5,5,1,2,0,0,0,0,0,23,0,2,6,0,2,2,1,1,0,2,3,0,0,0,4,4,4,3,3,0,0
"M20  5",4438,3957,1,1,0,0,0,0,0,0,1,15,16,2,44,4,7,10,1,2,0,0,0,10,0,4,2,1,1,0,0,0,0,2,2,0,1,0,0,1,0,0,0,4,3,58,55,0,18,32,2,3,221,87,7,48,2,44,26,1,0,1,2,0,3,0,50,2,1,23,1,11,1,1,6,0,4,0,0,1,0,1,6,0,0,0,0,2,0,0,1,0,1,0,1,1,0,0,1,1,1,1,0,0
"M20  6",7810,7295,2,0,0,0,0,0,0,0,0,27,4,35,120,10,23,36,1,10,3,1,4,9,1,10,3,4,0,1,0,0,1,3,7,0,5,0,0,2,0,0,0,8,5,62,39,0,10,21,1,7,143,58,6,21,0,18,17,5,4,9,3,0,0,2,47,0,3,22,5,6,0,2,5,3,1,0,0,0,0,0,10,0,1,2,0,0,1,0,1,0,0,0,3,1,0,1,4,4,2,1,1,0
"M21  0",6138,5118,2,0,0,0,0,0,0,0,0,14,3,23,108,4,26,48,3,3,1,0,2,1,0,13,3,2,0,0,0,0,0,2,7,0,4,1,0,2,0,0,0,2,3,129,24,0,5,6,13,0,638,352,17,241,2,6,11,1,0,2,1,0,0,5,51,3,16,19,2,0,5,2,1,1,2,0,0,0,0,0,14,1,1,2,0,0,4,1,2,0,0,0,0,0,1,2,0,0,2,1,1,0
"M21  7",7940,7088,5,0,0,0,0,0,0,0,0,17,18,35,144,11,8,59,5,8,2,7,8,2,6,12,11,5,0,0,0,0,0,0,6,0,3,1,0,2,0,0,0,5,5,143,79,1,17,53,7,1,240,116,2,59,0,23,10,0,0,2,5,11,5,7,63,3,17,28,0,3,4,5,0,0,3,0,0,0,0,0,82,1,12,38,0,4,3,0,7,0,3,1,0,1,5,7,2,2,8,7,1,0
"M21  8",5679,5329,5,0,0,0,0,0,0,0,0,11,2,15,86,11,23,20,2,2,2,0,0,0,1,10,7,2,0,1,0,1,2,2,2,0,1,0,0,1,0,0,0,5,5,26,28,0,5,13,10,0,96,37,0,31,0,23,5,0,0,0,0,0,0,0,56,1,12,23,7,0,0,1,0,12,0,0,0,0,0,0,11,0,0,8,0,0,0,0,0,0,0,1,0,1,0,1,1,1,1,1,0,0
"M21  9",8624,8110,5,3,3,0,0,0,0,0,0,36,3,31,168,17,24,61,9,8,6,15,5,4,2,3,8,0,1,2,0,0,0,3,3,0,1,1,0,1,0,0,0,11,5,34,47,3,14,28,2,0,118,46,3,49,0,11,6,0,0,1,2,0,0,0,34,0,8,17,8,0,0,1,0,0,0,0,0,0,0,0,8,0,0,1,0,0,0,0,2,0,0,0,1,0,0,4,1,1,7,6,1,0
"M22  0",3053,2903,0,1,0,0,0,0,0,1,0,2,6,2,43,0,3,31,0,1,0,1,1,1,4,0,1,0,0,0,0,0,0,0,0,0,0,0,0,0,0,0,0,0,1,7,10,1,2,7,0,0,52,13,0,0,0,0,2,0,0,5,23,9,0,0,13,0,3,3,0,0,0,3,0,2,2,0,0,0,0,0,7,2,0,0,0,0,0,0,2,0,0,0,0,0,0,3,4,4,2,2,0,0
"M22  1",7606,6852,0,0,0,0,0,0,0,0,0,12,51,10,389,1,1,292,14,1,2,44,0,11,18,2,1,1,0,0,0,1,0,0,3,1,1,1,0,0,0,0,0,14,2,30,18,0,5,12,1,0,100,32,6,1,0,12,2,0,5,2,28,5,0,7,65,3,7,25,0,0,2,3,2,23,0,0,0,0,0,0,41,1,2,9,0,1,1,0,3,4,0,8,0,1,1,10,17,17,2,2,0,0
"M22  4",9837,9156,4,2,2,0,0,0,0,0,0,13,26,17,223,5,7,139,13,6,16,7,0,12,6,4,5,1,1,0,0,0,1,0,7,1,1,0,0,5,0,0,0,8,6,45,63,0,15,39,1,8,183,64,19,24,0,5,8,1,9,14,29,0,6,4,57,2,15,21,0,2,2,3,1,11,0,0,0,0,0,0,16,0,0,0,0,3,4,5,0,0,0,0,1,1,0,2,2,2,9,9,0,0
"M22  5",6215,5886,1,2,1,0,0,0,0,1,0,11,6,2,127,7,2,82,6,2,0,4,2,4,13,0,4,0,1,0,0,0,0,0,0,0,0,0,0,0,0,0,0,3,3,24,19,0,5,12,2,0,82,37,3,17,0,2,4,0,3,2,9,0,0,5,30,1,4,16,1,0,0,0,1,7,0,0,0,0,0,0,9,0,0,0,0,0,3,0,0,0,0,1,3,0,1,1,10,10,0,0,0,0
"M22  8",4511,4002,0,1,0,0,0,0,0,1,0,10,3,13,258,3,5,195,7,6,5,6,10,3,7,3,3,0,0,0,0,0,5,0,3,3,0,0,0,0,0,0,0,9,1,12,27,0,6,8,3,10,79,15,3,9,0,4,0,0,1,2,41,1,0,3,27,3,2,14,0,0,0,5,0,2,1,0,0,0,0,0,52,0,4,8,0,5,9,0,4,0,0,14,1,0,2,5,12,12,2,0,2,0
"M22  9",9016,8173,3,0,0,0,0,0,0,0,0,28,27,13,354,5,5,249,8,6,17,31,6,6,10,1,8,0,0,0,0,0,2,0,1,1,0,0,0,0,0,0,0,13,4,31,43,1,11,27,0,4,168,33,22,5,0,9,1,1,17,12,50,6,1,11,51,4,0,17,1,1,4,2,1,21,0,0,0,0,0,0,61,1,1,13,0,2,2,2,0,0,0,18,0,0,7,15,41,41,5,4,1,0
"M23  0",8331,7702,4,4,2,0,0,1,0,0,1,16,21,9,203,8,7,117,1,17,18,2,5,7,5,2,6,1,6,0,0,0,1,0,11,6,2,0,0,3,0,0,0,15,7,60,75,0,8,63,0,4,99,36,13,5,0,2,0,1,5,3,31,0,3,0,55,4,6,23,0,4,12,1,2,2,1,0,0,0,0,0,43,4,2,12,0,0,0,1,0,0,4,8,0,0,0,12,3,3,4,2,2,0
"M23  1",7871,7296,3,1,0,0,0,0,0,1,0,15,13,7,205,2,5,154,19,7,6,0,0,5,2,1,4,0,0,0,0,0,0,0,5,1,0,2,0,2,0,0,0,5,15,38,27,0,4,22,1,0,121,40,10,17,0,3,8,0,2,5,22,11,3,0,76,6,16,19,0,0,1,6,3,21,4,0,0,0,0,0,42,1,0,7,0,1,7,2,3,0,1,11,0,0,3,6,0,0,2,1,0,1
"M23  2",5640,5331,0,1,1,0,0,0,0,0,0,10,12,5,112,6,4,69,9,2,6,4,2,0,3,5,1,1,0,0,0,0,0,0,2,2,0,0,0,0,0,0,0,3,2,28,8,0,0,7,1,0,82,14,2,3,1,4,2,1,5,11,32,4,0,3,26,4,4,9,0,0,0,0,0,6,3,0,0,0,0,0,15,0,0,1,0,0,1,0,0,0,1,0,0,4,1,7,1,1,2,0,0,2
"M23  9",7575,7137,4,1,0,0,0,0,0,1,0,13,8,10,160,13,15,103,10,5,0,5,0,1,1,5,1,0,1,0,0,0,0,0,8,4,1,2,0,1,0,0,0,3,13,25,31,0,1,25,1,4,88,30,4,6,0,9,7,4,3,5,14,3,0,3,59,4,20,25,2,1,1,3,0,3,0,2,0,0,0,0,10,0,0,0,0,1,2,0,0,0,0,4,0,0,3,0,1,1,2,2,0,0
"M24  1",10812,10532,0,0,0,0,0,0,0,0,0,7,16,3,95,3,1,65,10,1,1,6,0,0,0,4,2,0,1,0,0,0,1,0,3,0,3,0,0,0,1,1,0,1,8,10,9,0,0,9,0,0,44,15,0,13,7,2,4,0,0,0,3,0,0,0,68,1,28,25,0,0,5,4,0,3,2,0,0,0,0,0,6,0,0,0,0,0,1,1,0,0,1,0,0,0,1,2,2,2,7,7,0,0
"M24  2",12598,12383,1,0,0,0,0,0,0,0,0,5,4,6,97,4,3,66,1,3,7,10,1,0,0,0,1,0,0,0,0,0,1,0,9,1,5,3,0,0,0,0,0,1,4,2,3,0,1,1,0,1,34,11,2,8,5,5,2,0,0,0,1,0,0,0,38,4,3,16,0,0,2,3,0,9,1,0,0,0,0,0,11,0,0,1,0,0,0,0,0,0,0,5,0,0,0,5,0,0,0,0,0,0
"M24  4",8803,8440,2,3,0,0,0,0,0,3,0,7,10,7,203,5,5,127,9,11,2,19,10,4,0,5,5,0,0,0,0,0,1,0,3,0,0,3,0,0,0,0,0,4,1,10,12,0,4,8,0,0,31,10,0,4,4,5,3,0,0,2,1,0,0,2,33,5,6,6,0,0,4,11,0,1,0,0,0,0,0,0,34,0,0,3,0,0,0,2,10,0,2,11,0,1,1,4,0,0,3,3,0,0
"M24  5",7987,7760,0,0,0,0,0,0,0,0,0,6,19,2,80,0,1,50,6,7,2,5,5,2,0,1,1,0,0,0,0,0,0,0,2,0,1,0,0,1,0,0,0,3,1,8,8,0,5,2,1,0,26,13,0,10,0,1,0,0,2,0,0,0,0,0,54,2,12,32,1,0,4,1,0,1,1,0,0,0,0,0,16,1,0,0,0,2,4,1,0,0,2,3,0,2,0,1,1,1,1,1,0,0
"M24  6",4764,4508,0,1,0,0,0,0,0,1,0,8,15,0,156,6,3,130,3,2,2,5,1,3,0,0,0,1,0,0,0,0,0,0,4,2,1,0,1,0,0,0,0,2,0,0,4,0,4,0,0,0,13,4,0,6,0,2,1,0,0,0,0,0,0,0,31,2,13,11,0,0,2,2,0,1,0,0,0,0,0,0,19,0,0,1,0,0,4,1,5,0,1,1,0,2,0,4,1,1,2,2,0,0
"M25  0",8339,7571,0,0,0,0,0,0,0,0,0,13,7,11,265,11,8,187,4,15,0,11,3,1,0,5,13,0,7,0,0,0,0,0,18,0,0,16,1,1,5,0,5,9,2,23,38,8,2,20,6,2,320,140,0,112,6,14,16,0,0,0,1,0,0,31,44,4,12,15,0,0,2,3,0,7,1,0,0,0,0,0,11,0,3,0,0,0,1,1,1,0,0,0,0,1,0,4,0,0,2,0,0,2
"M25  1",7420,7020,3,3,2,0,0,0,0,1,0,10,11,10,145,6,10,77,13,20,1,9,2,4,1,0,0,0,1,0,0,0,1,0,7,3,0,4,0,0,0,0,0,6,6,16,48,7,2,33,0,6,84,37,1,14,1,0,16,0,0,0,3,0,9,3,28,4,4,14,0,0,0,4,0,2,0,0,0,0,0,0,15,3,4,0,0,0,0,0,0,0,0,1,0,0,0,7,7,7,1,0,1,0
"M25  2",3722,3528,1,0,0,0,0,0,0,0,0,2,3,4,58,6,4,33,0,0,6,4,1,0,1,2,0,0,1,0,0,0,0,0,12,7,4,1,0,0,0,0,0,0,1,16,21,0,3,10,6,2,52,27,0,14,0,0,7,0,4,0,0,0,0,0,20,0,0,5,0,0,0,0,0,15,0,0,0,0,0,0,2,0,0,0,0,0,0,1,0,0,0,0,1,0,0,0,1,1,1,0,1,0
"M25  3",3141,3013,0,0,0,0,0,0,0,0,0,4,2,2,60,3,1,40,2,4,0,0,1,1,3,1,0,2,0,2,0,0,0,0,2,0,0,1,0,1,0,0,0,2,1,6,13,0,2,6,4,1,21,11,1,0,0,1,8,0,0,0,0,0,0,0,7,2,1,4,0,0,0,0,0,0,0,0,0,0,0,0,0,0,0,0,0,0,0,0,0,0,0,0,0,0,0,0,0,0,8,7,1,0
"M25  9",7368,6886,2,0,0,0,0,0,0,0,0,12,2,7,199,10,2,140,9,9,2,1,1,7,11,1,2,0,3,1,0,0,0,0,7,3,2,1,0,1,0,0,0,14,1,10,62,0,1,49,7,5,94,55,6,17,0,6,4,0,0,0,0,0,6,0,48,5,16,9,2,2,0,4,1,5,4,0,0,0,0,0,19,2,0,0,0,0,0,3,0,1,0,9,0,0,0,4,1,1,4,3,0,1
"M26  1",9935,9690,2,2,0,0,0,1,0,1,0,7,2,2,87,3,7,41,0,6,1,3,9,3,3,5,4,0,0,0,0,0,2,0,1,0,0,1,0,0,0,0,0,2,2,6,19,2,1,14,0,2,60,11,1,11,0,7,17,0,0,4,0,4,1,4,37,3,11,4,0,3,3,9,1,3,0,0,0,0,0,0,12,0,1,0,0,0,3,1,1,0,0,0,0,0,0,6,1,1,3,3,0,0
"M26  2",5777,5493,0,0,0,0,0,0,0,0,0,8,4,6,91,2,1,69,0,5,3,1,0,1,4,2,1,1,0,0,0,0,0,1,5,1,1,2,0,1,0,0,0,4,2,8,44,0,7,7,30,0,65,25,3,20,0,6,1,0,2,6,2,0,0,0,37,3,8,17,0,0,0,5,0,4,0,0,0,0,0,0,6,0,0,0,0,0,0,0,1,0,2,3,0,0,0,0,0,0,4,4,0,0
"M26  3",9618,9402,0,1,0,0,0,0,0,1,0,5,0,1,39,3,3,24,0,0,0,0,1,2,4,1,0,0,0,0,0,0,0,1,4,1,0,2,0,1,0,0,0,8,0,7,20,2,2,10,6,0,71,17,4,31,0,1,16,0,0,0,0,2,0,0,45,0,7,28,0,1,0,0,0,6,3,0,0,0,0,0,9,0,0,1,0,0,3,1,1,0,0,0,0,0,0,3,1,1,5,2,1,2
"M26  4",7959,7825,1,1,0,0,0,1,0,0,0,7,1,8,28,1,0,17,0,3,0,0,1,2,1,1,0,0,0,0,0,0,2,0,1,0,0,1,0,0,0,0,0,0,1,1,14,1,12,1,0,0,41,13,2,16,0,2,8,0,0,0,0,0,0,0,27,0,10,9,0,0,0,1,0,7,0,0,0,0,0,0,0,0,0,0,0,0,0,0,0,0,0,0,0,0,0,0,0,0,3,3,0,0
"M27  0",6716,6570,0,0,0,0,0,0,0,0,0,12,1,9,42,6,4,19,6,1,0,0,0,0,2,3,0,0,1,0,0,0,0,0,0,0,0,0,0,0,1,0,1,0,1,4,3,1,1,1,0,0,24,4,1,3,0,9,2,0,2,1,0,0,0,2,35,0,8,24,1,0,0,1,0,1,0,0,0,0,0,0,12,0,0,0,0,0,3,0,0,0,0,4,0,0,2,3,1,1,1,0,1,0
"M27  4",5074,4941,1,0,0,0,0,0,0,0,0,1,9,2,59,11,4,31,0,3,0,0,0,3,4,1,0,1,0,0,0,0,1,0,0,0,0,0,0,0,0,0,0,0,0,3,3,0,0,1,2,0,16,5,0,1,0,7,0,0,0,0,3,0,0,0,38,2,6,14,2,0,5,3,0,6,0,0,0,0,0,0,0,0,0,0,0,0,0,0,0,0,0,0,0,0,0,0,1,1,0,0,0,0
"M27  5",8112,7872,2,0,0,0,0,0,0,0,0,13,7,9,82,7,4,46,7,3,1,4,1,2,1,2,2,0,0,2,0,0,0,0,4,0,2,2,0,0,0,0,0,5,0,12,8,0,1,7,0,0,35,3,5,1,0,1,8,0,6,4,2,5,0,0,40,0,11,21,1,0,0,4,1,2,0,0,0,0,0,0,20,1,0,0,0,4,1,0,1,0,0,9,0,0,0,4,2,2,1,1,0,0
"M27  6",5444,5242,2,0,0,0,0,0,0,0,0,10,2,6,70,3,3,38,7,3,0,0,0,9,3,1,2,1,0,0,0,0,0,0,0,0,0,0,0,0,0,0,0,2,0,4,7,0,2,5,0,0,60,8,3,0,0,37,0,1,0,0,11,0,0,0,27,3,11,9,0,0,1,2,0,1,0,0,0,0,0,0,8,0,2,0,0,0,0,0,0,0,0,4,0,0,0,2,3,3,1,1,0,0
"M27  8",9087,8628,3,1,0,0,0,0,0,1,0,14,11,6,200,11,4,134,15,5,1,4,1,0,16,2,4,0,0,0,1,1,1,0,7,6,0,0,0,1,0,0,0,17,2,15,31,1,8,22,0,0,63,30,2,2,1,6,3,0,0,0,5,0,10,4,59,8,12,23,0,0,1,13,0,2,0,0,0,0,0,0,24,1,2,0,0,0,2,1,1,0,2,1,0,1,2,11,1,1,5,3,2,0
"M27  9",5925,5692,0,2,0,0,0,2,0,0,0,14,2,1,87,2,4,65,9,1,1,0,4,1,0,0,0,0,0,0,0,0,0,0,2,2,0,0,0,0,1,0,1,0,1,4,7,0,1,6,0,0,64,16,0,3,0,15,9,0,2,3,8,0,8,0,34,4,4,13,1,0,5,2,0,1,4,0,0,0,0,0,11,0,1,0,0,0,1,0,0,0,1,0,0,0,3,5,0,0,3,3,0,0
"M28  0",5439,5245,1,0,0,0,0,0,0,0,0,8,5,2,98,2,0,80,1,2,1,0,1,7,2,1,1,0,0,0,0,0,0,0,0,0,0,0,0,0,0,0,0,4,1,0,13,0,0,13,0,0,24,14,2,1,0,0,1,0,0,2,0,4,0,0,15,1,2,10,0,0,0,1,0,0,1,0,0,0,0,0,16,1,0,0,0,0,6,4,0,1,0,3,0,1,0,0,0,0,7,6,1,0
"M28  1",9481,9297,1,0,0,0,0,0,0,0,0,4,4,20,33,3,5,18,1,0,0,0,0,1,0,2,1,1,1,0,0,0,0,0,4,2,0,1,0,1,4,0,4,4,2,11,5,0,0,5,0,0,36,8,2,1,0,3,9,4,0,3,0,0,2,4,54,2,16,26,0,0,0,4,0,0,6,0,0,0,0,0,1,0,0,0,0,0,0,0,0,0,0,0,0,0,0,1,1,1,0,0,0,0
"M28  2",5691,5574,2,1,0,0,0,1,0,0,0,2,2,15,35,2,3,13,0,4,1,1,0,0,1,4,2,0,0,2,1,0,0,1,5,1,0,0,0,4,0,0,0,1,0,7,3,0,0,3,0,0,23,2,6,0,0,0,6,1,6,0,0,1,0,1,17,2,6,3,0,0,0,3,1,0,2,0,0,0,0,0,0,0,0,0,0,0,0,0,0,0,0,0,0,0,0,0,2,2,2,1,0,1
"M28  3",10410,10110,1,0,0,0,0,0,0,0,0,18,9,5,107,1,3,72,1,4,5,2,3,5,3,3,3,0,0,1,0,0,1,0,7,4,2,0,0,1,2,0,2,2,4,18,10,3,2,5,0,0,50,7,1,3,0,4,21,0,3,2,1,0,2,6,40,2,9,22,2,0,0,3,0,2,0,0,0,0,0,0,19,1,0,1,0,0,2,0,1,0,0,3,0,1,1,9,0,0,8,6,1,1
"M28  7",6909,6768,1,0,0,0,0,0,0,0,0,2,6,2,34,5,0,20,0,0,1,3,0,0,0,3,1,0,0,0,0,0,0,1,0,0,0,0,0,0,0,0,0,4,3,5,0,0,0,0,0,0,46,0,3,3,0,2,10,2,2,7,3,0,0,14,33,1,8,23,0,0,1,0,0,0,0,0,0,0,0,0,1,0,0,0,0,0,0,0,1,0,0,0,0,0,0,0,1,1,3,2,1,0
"M29  7",13004,12827,2,0,0,0,0,0,0,0,0,9,3,3,50,3,3,27,0,0,4,3,7,0,1,0,0,1,1,0,0,0,0,0,1,1,0,0,0,0,0,0,0,9,3,10,11,0,2,8,0,1,20,2,2,0,0,6,3,0,1,5,0,1,0,0,40,4,6,16,0,0,0,6,0,5,3,0,0,0,0,0,12,0,0,0,0,0,0,0,0,0,1,3,0,0,0,8,0,0,4,1,3,0
"M29  8",9085,8910,0,0,0,0,0,0,0,0,0,8,3,3,60,3,1,29,1,7,4,9,2,2,0,0,0,0,1,0,1,0,0,0,2,2,0,0,0,0,0,0,0,8,3,22,5,0,2,3,0,0,13,8,0,2,0,0,1,0,0,2,0,0,0,0,25,3,5,14,0,0,0,2,0,1,0,0,0,0,0,0,19,0,0,0,0,0,0,0,3,0,6,7,2,0,0,1,1,1,3,2,1,0
"M3   1",725,624,3,1,0,0,0,0,1,0,0,6,5,6,27,2,0,13,1,1,0,2,1,0,0,5,2,0,0,0,0,0,0,0,0,0,0,0,0,0,0,0,0,5,1,12,6,0,0,6,0,0,1,1,0,0,0,0,0,0,0,0,0,0,0,0,25,1,6,12,5,0,0,0,0,0,1,0,0,0,0,0,3,0,0,2,0,0,0,0,0,0,0,0,0,0,0,1,0,0,0,0,0,0
"M3   2",140,123,0,0,0,0,0,0,0,0,0,1,0,4,6,1,0,0,0,0,0,1,0,0,0,1,1,1,1,0,0,0,0,0,0,0,0,0,0,0,0,0,0,1,0,4,0,0,0,0,0,0,0,0,0,0,0,0,0,0,0,0,0,0,0,0,1,0,0,0,1,0,0,0,0,0,0,0,0,0,0,0,0,0,0,0,0,0,0,0,0,0,0,0,0,0,0,0,0,0,0,0,0,0
"M3   3",535,440,0,0,0,0,0,0,0,0,0,1,2,2,18,2,1,4,0,0,0,0,0,2,0,6,0,2,0,0,1,0,0,0,2,0,2,0,0,0,0,0,0,2,3,44,9,4,1,4,0,0,1,1,0,0,0,0,0,0,0,0,0,0,0,0,11,1,2,6,0,1,0,0,1,0,0,0,0,0,0,0,0,0,0,0,0,0,0,0,0,0,0,0,0,0,0,0,0,0,0,0,0,0
"M3   4",2233,1827,1,3,3,0,0,0,0,0,0,12,5,27,95,9,9,11,0,1,0,1,1,4,1,39,7,5,1,1,0,0,2,3,11,0,1,0,0,10,0,0,0,14,5,66,14,2,0,9,1,2,17,10,2,0,0,1,2,2,0,0,0,0,0,0,130,8,10,84,10,9,0,0,6,2,1,0,0,0,0,0,4,0,3,1,0,0,0,0,0,0,0,0,0,0,0,0,2,2,0,0,0,0
"M3   5",1241,973,0,0,0,0,0,0,0,0,0,13,12,2,81,8,4,32,8,2,3,1,2,2,1,13,0,4,0,0,0,0,0,1,4,0,0,1,0,3,0,0,0,3,6,46,8,0,3,3,2,0,4,0,2,0,0,1,0,0,0,1,0,0,0,0,63,9,4,35,10,1,0,0,0,1,3,0,0,0,0,0,25,3,16,0,0,0,1,0,0,0,0,0,0,0,0,5,1,1,0,0,0,0
"M3   6",3683,2852,0,0,0,0,0,0,0,0,0,20,61,30,303,57,12,91,21,24,19,4,3,2,37,28,1,3,0,0,0,0,0,1,6,1,2,2,0,1,0,0,0,13,13,72,11,0,3,4,0,4,59,6,18,3,0,0,0,2,1,7,3,19,0,0,217,18,23,121,4,14,2,10,17,4,4,0,0,0,0,0,26,1,2,0,0,1,7,4,1,0,0,0,0,7,0,3,0,0,0,0,0,0
"M3   7",2939,2397,1,1,0,0,0,0,0,1,0,33,43,20,215,15,12,71,19,17,7,5,9,10,5,34,1,4,2,1,1,0,0,2,8,4,1,0,1,2,0,0,0,10,5,32,13,2,1,9,1,0,15,4,0,2,0,0,0,0,3,0,1,3,0,2,90,3,13,42,7,3,0,5,3,0,14,0,0,0,0,0,53,3,19,1,0,8,6,1,5,0,1,2,0,0,1,6,3,3,0,0,0,0
"M30  0",9601,8540,2,3,0,0,0,2,0,1,0,21,16,7,371,4,9,236,24,47,7,16,10,4,5,1,2,2,0,2,0,1,1,0,3,0,3,0,0,0,0,0,0,7,2,240,19,0,1,12,1,5,212,52,4,16,0,113,1,1,1,9,11,0,3,1,97,7,10,18,1,1,6,12,1,37,4,1,0,0,0,0,53,0,2,6,0,0,5,0,3,0,3,15,0,5,6,8,2,2,5,5,0,0
"M30  7",8378,7920,1,0,0,0,0,0,0,0,0,19,20,14,233,1,4,164,14,31,1,4,0,5,1,1,2,0,0,0,4,0,1,0,9,5,0,0,0,4,3,0,3,3,3,21,19,1,0,18,0,0,48,20,0,3,0,10,1,0,1,7,6,0,0,0,47,3,3,15,0,0,0,6,1,16,3,0,0,0,0,0,14,0,1,0,0,1,2,0,0,0,0,0,0,2,0,8,1,1,3,2,1,0
"M30  8",8706,8271,3,1,0,0,0,0,0,1,0,23,12,6,227,7,3,156,11,18,3,12,2,7,3,2,0,0,1,0,0,0,2,0,0,0,0,0,0,0,1,0,1,2,3,20,15,0,3,5,4,3,52,15,0,9,0,16,3,0,0,1,1,7,0,0,48,5,2,18,1,0,0,1,2,18,1,0,0,0,0,0,19,3,2,0,0,0,3,0,2,0,1,3,0,0,2,3,0,0,3,2,1,0
"M30  9",7709,7419,5,1,0,0,0,0,0,1,0,3,9,4,98,8,11,53,1,6,3,2,0,2,2,1,1,0,5,0,0,0,3,0,2,0,0,1,1,0,0,0,0,8,3,19,4,0,2,2,0,0,78,16,6,6,0,24,13,0,2,4,4,1,0,2,35,4,5,9,0,0,0,5,0,12,0,1,0,0,0,0,15,0,0,0,0,0,1,1,1,0,2,4,0,0,1,5,2,2,3,1,2,0
"M31  4",7916,7732,0,0,0,0,0,0,0,0,0,16,7,3,101,4,4,71,0,0,1,4,0,1,1,1,8,5,0,1,0,0,0,0,1,0,1,0,0,0,0,0,0,5,4,0,3,0,0,3,0,0,3,0,0,3,0,0,0,0,0,0,0,0,0,0,22,0,1,6,1,0,0,5,0,3,6,0,0,0,0,0,17,0,1,3,3,0,2,0,0,0,0,5,0,0,2,1,0,0,2,1,1,0
"M32  0",10029,9226,0,3,1,0,0,0,0,2,0,12,9,13,282,5,16,178,13,14,8,1,2,16,5,4,18,1,0,0,0,0,1,0,6,5,0,0,0,1,0,0,0,12,10,41,24,0,6,17,0,1,321,139,6,82,0,19,38,0,7,1,9,0,3,17,41,3,13,20,1,0,2,1,0,0,1,0,0,0,0,0,22,0,0,12,0,2,4,1,1,0,0,2,0,0,0,0,3,3,4,2,2,0
"M32  8",6640,6144,1,2,2,0,0,0,0,0,0,12,6,10,179,7,10,123,6,3,0,8,0,11,0,4,0,5,0,2,0,0,0,0,5,5,0,0,0,0,0,0,0,9,5,34,4,0,1,1,1,1,181,74,2,46,2,12,26,0,8,0,6,0,0,5,34,1,2,17,2,4,3,3,0,2,0,0,1,0,0,0,4,0,1,0,0,0,0,2,0,0,0,0,0,1,0,0,5,5,4,3,1,0
"M32  9",10710,10086,4,1,0,0,0,0,0,1,0,13,4,7,158,3,7,117,5,3,1,0,2,8,0,8,0,0,1,0,0,2,1,0,3,3,0,0,0,0,0,0,0,2,18,29,17,0,1,14,0,2,268,150,1,79,1,2,10,0,0,3,20,1,0,1,74,4,17,23,1,6,1,3,1,15,3,0,0,0,0,0,17,0,0,7,0,0,2,0,0,0,1,2,0,1,2,2,2,2,7,6,1,0
"M33  2",12378,11862,6,0,0,0,0,0,0,0,0,18,11,9,117,16,18,45,2,4,12,1,0,4,3,4,3,0,2,1,0,0,2,0,11,6,1,3,0,1,1,0,1,11,3,65,47,0,23,23,0,1,112,20,26,5,0,24,6,0,8,12,6,0,2,3,84,4,24,34,4,6,0,2,6,0,4,0,0,0,0,0,15,1,0,0,0,0,2,1,1,1,0,6,1,0,0,2,3,3,3,2,1,0
"M33  3",11797,11208,6,0,0,0,0,0,0,0,0,39,13,32,143,9,8,73,5,6,3,0,1,2,7,13,6,2,3,3,0,1,1,0,9,0,5,1,0,3,0,0,0,17,3,28,25,0,0,25,0,0,130,25,17,13,0,21,5,14,9,15,6,3,0,2,116,14,23,36,10,5,0,17,2,3,6,6,0,0,0,0,16,0,0,0,0,0,0,0,0,0,0,4,7,2,0,3,4,4,2,2,0,0
"M33  4",13707,13066,5,1,1,0,0,0,0,0,0,10,6,17,131,13,18,55,2,2,5,0,0,12,2,13,3,5,0,0,0,0,1,0,18,1,13,0,0,4,0,0,0,5,26,85,42,0,13,26,1,2,137,46,10,25,0,9,18,1,18,2,7,0,0,1,130,7,30,75,3,6,0,3,2,4,0,0,0,0,0,0,22,1,0,0,0,0,2,2,0,0,0,3,0,1,4,9,0,0,6,6,0,0
"M33  5",9489,9199,2,0,0,0,0,0,0,0,0,6,1,10,68,1,3,31,2,3,0,4,0,6,4,9,0,3,0,0,1,0,1,0,7,5,1,1,0,0,0,0,0,2,2,34,30,0,6,20,2,2,84,27,6,34,0,8,1,1,0,0,2,2,2,1,41,4,3,18,4,2,0,4,0,6,0,0,0,0,0,0,1,0,0,0,0,0,0,0,0,0,0,0,0,0,0,1,2,2,0,0,0,0
"M33  6",6605,6403,4,0,0,0,0,0,0,0,0,12,2,6,84,5,7,42,10,4,2,1,0,6,0,2,2,1,0,2,0,0,0,0,1,0,1,0,0,0,0,0,0,1,0,8,14,0,1,11,0,2,24,11,4,1,0,0,5,0,0,3,0,0,0,0,38,2,8,20,1,3,0,2,2,0,0,0,0,0,0,0,4,0,0,0,0,0,0,0,1,0,0,0,0,0,3,0,0,0,4,2,2,0
"M33  7",4233,3944,1,2,0,0,0,0,0,2,0,8,6,15,95,11,9,46,3,8,0,4,2,1,3,2,4,1,0,1,0,0,0,0,3,1,1,0,1,0,0,0,0,7,4,7,15,1,2,12,0,0,59,6,18,0,0,0,7,6,8,8,4,2,0,0,60,0,13,21,1,4,0,15,3,0,3,0,0,0,0,0,3,0,0,0,0,0,0,0,0,0,0,0,1,1,0,1,2,2,2,1,1,0
"M34  2",9918,9796,0,0,0,0,0,0,0,0,0,2,7,1,34,7,7,17,0,0,0,0,0,0,0,0,1,2,0,0,0,0,0,0,3,2,1,0,0,0,0,0,0,0,2,0,3,0,0,3,0,0,31,4,0,14,0,1,12,0,0,0,0,0,0,0,31,1,4,16,0,0,5,5,0,0,0,0,0,0,0,0,4,0,0,0,0,0,2,1,1,0,0,0,0,0,0,0,1,1,3,3,0,0
"M34  3",8595,8406,1,0,0,0,0,0,0,0,0,3,10,4,49,18,0,18,0,1,3,0,0,2,2,2,2,0,0,0,0,0,1,0,3,2,0,0,0,1,0,0,0,0,0,7,18,0,4,9,4,1,47,16,0,8,0,8,14,0,0,0,0,0,0,1,37,0,8,24,0,0,2,0,0,3,0,0,0,0,0,0,8,1,0,0,0,0,4,0,0,0,0,0,0,0,0,3,0,0,2,1,0,1
"M34  5",11339,11039,0,1,0,0,0,1,0,0,0,7,3,1,78,10,5,47,1,6,1,6,0,0,0,1,0,1,0,0,0,0,0,0,1,0,0,1,0,0,0,0,0,6,1,7,2,0,0,1,1,0,118,54,0,26,0,15,20,0,0,0,0,0,2,1,51,2,8,30,0,0,3,4,1,0,3,0,0,0,0,0,15,0,1,0,0,2,1,1,2,0,0,0,0,1,4,3,3,3,6,6,0,0
"M34  6",6688,6588,0,0,0,0,0,0,0,0,0,1,0,0,32,0,2,27,0,2,0,0,0,0,0,0,0,1,0,0,0,0,0,0,0,0,0,0,0,0,0,0,0,0,1,0,8,0,0,6,1,1,27,5,0,1,0,11,7,0,0,0,0,0,2,1,20,2,1,6,0,0,1,5,1,4,0,0,0,0,0,0,11,1,1,0,0,3,2,1,0,0,0,0,0,0,0,3,0,0,0,0,0,0
"M34  7",8081,7942,1,6,0,0,0,0,0,6,0,4,3,9,54,2,1,38,3,3,0,0,0,0,0,1,1,0,0,1,0,0,4,0,0,0,0,0,0,0,0,0,0,4,0,2,2,0,0,1,1,0,21,1,0,3,0,3,11,0,0,3,0,0,0,0,26,1,7,11,0,0,1,2,0,1,3,0,0,0,0,0,6,0,0,0,0,0,0,0,0,0,0,2,0,0,0,4,0,0,1,0,0,1
"M35  0",10897,10693,0,4,1,0,0,0,0,3,0,15,16,5,72,10,6,37,1,5,2,0,5,2,0,2,0,0,0,0,1,0,0,1,0,0,0,0,0,0,0,0,0,9,3,8,8,0,3,5,0,0,27,15,0,6,2,4,0,0,0,0,0,0,0,0,27,2,2,14,1,0,3,3,0,2,0,0,0,0,0,0,6,2,0,0,0,0,1,0,0,0,0,1,1,0,0,1,2,2,2,0,2,0
"M35  9",9075,8934,0,0,0,0,0,0,0,0,0,5,1,5,20,2,0,10,0,2,0,0,1,1,2,0,1,0,0,0,0,1,0,0,3,0,0,2,0,1,0,0,0,0,0,2,10,0,7,2,1,0,61,28,3,10,0,7,7,0,0,5,1,0,0,0,27,8,7,9,0,0,2,1,0,0,0,0,0,0,0,0,6,0,0,1,0,0,1,0,0,0,0,3,0,0,0,1,0,0,1,1,0,0
"M38  0",2438,2292,3,1,0,0,0,0,0,1,0,6,9,1,64,0,3,55,0,1,0,0,0,0,3,0,1,1,0,0,0,0,0,0,1,0,0,1,0,0,1,0,1,8,3,6,4,1,0,0,0,3,7,4,0,1,0,2,0,0,0,0,0,0,0,0,13,4,1,4,0,0,2,0,0,2,0,0,0,0,0,0,17,0,0,0,0,0,7,0,0,0,0,5,0,1,0,4,1,1,1,1,0,0
"M38  9",9794,9511,2,2,0,0,0,0,0,2,0,19,25,2,123,2,4,86,7,7,1,9,0,0,3,2,0,1,0,1,0,0,0,0,5,1,2,0,1,1,2,0,2,2,6,6,9,0,0,3,4,2,27,6,2,0,0,4,5,0,0,7,3,0,0,0,31,2,3,22,0,0,0,1,0,1,2,0,0,0,0,0,18,0,0,0,0,1,3,4,1,0,0,3,0,4,0,2,1,1,3,2,1,0
"M4   1",1663,1374,3,0,0,0,0,0,0,0,0,16,10,25,87,17,8,10,0,4,0,5,3,4,2,24,4,3,1,2,0,0,0,0,3,2,0,0,0,1,0,0,0,8,2,35,17,0,2,5,0,10,11,8,1,0,0,0,0,0,0,1,0,0,0,1,67,2,6,47,2,0,3,4,1,0,2,1,0,0,0,0,2,0,0,0,0,0,0,0,0,0,0,0,0,1,0,1,2,2,0,0,0,0
"M4   4",3309,2676,6,0,0,0,0,0,0,0,0,18,28,33,222,11,15,88,17,8,7,8,3,5,5,34,2,7,0,4,3,2,0,3,7,3,1,0,0,3,0,0,0,16,2,57,32,1,3,17,0,11,54,15,17,3,0,2,1,1,4,5,2,0,0,4,152,9,11,87,2,6,1,6,4,1,25,0,0,0,0,0,5,0,0,0,0,0,0,2,1,0,0,1,0,0,1,0,1,1,0,0,0,0
"M4   5",1597,1355,1,1,0,1,0,0,0,0,0,4,3,20,50,7,6,9,0,0,2,3,3,3,1,8,5,1,0,1,0,1,0,0,0,0,0,0,0,0,0,0,0,4,2,43,17,4,4,6,2,1,8,4,1,0,0,0,3,0,0,0,0,0,0,0,77,6,14,51,0,0,5,0,0,0,1,0,0,0,0,0,5,0,1,1,0,0,0,0,1,1,0,1,0,0,0,0,2,2,5,4,1,0
"M4   6",1296,1175,0,0,0,0,0,0,0,0,0,10,6,12,29,6,4,4,0,0,0,0,0,2,0,5,4,3,1,0,0,0,0,0,1,0,0,0,0,1,0,0,0,4,0,10,6,0,0,6,0,0,3,2,0,1,0,0,0,0,0,0,0,0,0,0,39,5,1,30,1,0,2,0,0,0,0,0,0,0,0,0,1,0,0,0,0,0,0,0,0,0,0,0,0,0,0,1,0,0,0,0,0,0
"M4   7",2687,2333,1,1,1,0,0,0,0,0,0,26,17,23,105,12,7,42,5,6,4,2,0,7,4,13,2,1,0,0,0,0,0,0,3,1,1,0,0,1,0,0,0,6,0,31,19,0,1,16,0,2,10,2,1,1,0,0,0,0,2,2,0,0,2,0,89,7,19,52,0,5,0,3,0,3,0,0,0,0,0,0,20,0,1,10,0,0,0,0,2,0,2,0,0,1,2,2,1,1,2,2,0,0
"M40  0",4039,3828,0,0,0,0,0,0,0,0,0,24,10,3,55,1,2,23,2,6,0,10,3,3,0,0,1,3,0,0,0,0,1,0,3,3,0,0,0,0,0,0,0,0,2,3,12,0,11,0,0,1,21,12,2,3,0,0,3,0,0,1,0,0,0,0,32,2,7,17,0,0,1,1,1,3,0,0,0,0,0,0,39,1,8,9,0,1,5,8,0,1,0,2,0,1,1,2,0,0,7,7,0,0
"M40  1",5332,5036,0,3,2,0,0,0,0,1,0,12,8,8,65,4,2,45,3,1,3,2,4,0,0,1,0,0,0,0,0,0,0,0,4,0,0,1,0,3,0,0,0,2,6,24,17,0,6,10,1,0,63,32,2,4,0,0,3,0,0,4,10,7,0,1,57,0,12,18,1,0,12,1,3,6,4,0,0,0,0,0,27,1,4,7,0,0,1,0,1,0,0,6,3,0,0,4,0,0,0,0,0,0
"M40  2",5459,5071,0,1,0,0,0,0,0,1,0,30,23,1,89,2,11,43,1,10,1,10,4,0,2,0,1,0,3,0,1,0,0,0,3,0,0,3,0,0,0,0,0,15,10,18,40,0,11,25,4,0,16,8,0,4,2,0,0,0,0,2,0,0,0,0,68,7,20,23,0,0,7,4,0,7,0,0,0,0,0,0,68,1,7,16,0,3,8,0,3,1,4,8,1,2,1,13,1,1,5,2,1,2
"M40  3",7194,6957,0,2,0,0,0,2,0,0,0,19,7,5,42,3,3,22,0,3,2,2,1,0,0,2,1,3,0,0,0,0,0,0,6,0,4,2,0,0,0,0,0,0,2,13,13,0,1,12,0,0,53,28,2,3,0,6,11,1,0,1,0,0,0,1,50,3,20,21,0,0,1,4,0,1,0,0,0,0,0,0,20,0,3,0,1,1,3,1,3,0,3,0,1,0,0,4,1,1,4,1,3,0
"M40  5",3954,3756,0,0,0,0,0,0,0,0,0,16,11,3,36,1,1,17,2,3,1,2,3,4,2,0,0,0,0,0,0,0,0,0,1,1,0,0,0,0,0,0,0,1,3,12,13,0,2,10,0,1,20,11,0,5,0,0,3,0,0,0,0,0,0,1,34,4,2,16,1,0,1,0,2,8,0,0,0,0,0,0,47,2,13,0,0,6,3,3,0,1,0,6,1,2,4,6,1,1,0,0,0,0
"M40  7",4972,4349,4,3,0,0,0,0,0,3,0,60,19,15,93,7,2,44,6,8,7,9,3,2,0,1,2,0,0,1,0,0,1,0,3,3,0,0,0,0,0,0,0,10,2,23,81,0,20,49,7,5,19,10,3,2,0,1,0,0,0,2,0,0,1,0,197,10,52,110,1,1,20,0,0,0,3,0,0,0,0,0,89,7,13,18,0,8,3,2,7,6,9,3,0,1,4,8,3,3,2,1,1,0
"M40  8",3670,3103,0,2,1,0,0,0,0,1,0,38,20,8,174,1,1,55,32,28,2,40,3,9,0,2,1,0,0,0,0,0,0,0,1,0,0,1,0,0,0,0,0,5,9,15,44,0,11,23,10,0,48,26,0,15,0,4,0,0,3,0,0,0,0,0,89,12,21,38,0,0,7,2,3,4,2,0,0,0,0,0,108,4,14,16,0,8,8,1,10,3,6,11,0,7,11,9,3,3,3,1,2,0
"M40  9",4339,3967,1,0,0,0,0,0,0,0,0,25,17,8,105,2,8,33,3,4,4,17,11,11,0,1,11,0,0,0,0,0,0,0,1,1,0,0,0,0,0,0,0,5,2,8,18,0,8,6,3,1,35,12,0,9,0,3,0,0,0,1,2,1,5,2,64,18,6,32,1,0,6,1,0,0,0,0,0,0,0,0,80,8,4,3,1,2,22,2,2,2,5,8,0,7,2,12,2,2,1,0,0,1
"M41  0",5629,5511,0,0,0,0,0,0,0,0,0,6,4,6,32,2,0,15,4,0,0,0,0,5,0,0,1,1,0,2,0,0,1,1,2,0,2,0,0,0,0,0,0,2,3,4,4,0,0,0,4,0,21,5,1,3,0,0,4,0,4,0,2,2,0,0,28,2,8,10,0,2,1,4,0,0,1,0,0,0,0,0,1,0,1,0,0,0,0,0,0,0,0,0,0,0,0,0,0,0,5,2,1,2
"M41  5",6264,6080,1,0,0,0,0,0,0,0,0,2,0,4,49,1,6,11,2,8,0,1,0,7,3,3,5,0,2,0,0,0,0,0,3,2,1,0,0,0,0,0,0,2,0,8,1,0,0,1,0,0,59,24,2,10,0,5,3,3,0,0,12,0,0,0,48,0,5,31,1,2,2,1,1,5,0,0,0,0,0,0,2,0,0,0,0,0,0,0,0,0,0,0,0,0,1,1,0,0,5,5,0,0
"M41  6",7604,7507,0,3,3,0,0,0,0,0,0,3,0,1,30,5,4,14,1,0,0,0,0,0,0,0,4,0,0,1,0,0,0,1,0,0,0,0,0,0,0,0,0,2,2,7,1,0,0,1,0,0,15,6,1,0,0,1,0,0,0,2,4,1,0,0,22,0,4,4,2,1,0,11,0,0,0,0,0,0,0,0,5,0,0,3,0,0,0,0,0,0,0,0,0,0,2,0,0,0,6,5,0,1
"M41  7",5589,5506,2,0,0,0,0,0,0,0,0,2,0,1,19,3,0,1,2,6,0,0,0,1,0,2,2,1,0,0,0,0,1,0,1,0,0,1,0,0,0,0,0,1,0,3,6,2,0,4,0,0,15,4,1,0,0,2,2,4,0,0,2,0,0,0,28,2,7,7,0,0,0,0,0,12,0,0,0,0,0,0,2,0,0,1,0,0,0,0,0,0,0,0,0,0,0,1,0,0,3,3,0,0
"M41  8",6323,6229,0,0,0,0,0,0,0,0,0,1,4,0,30,4,3,10,1,0,0,0,0,3,6,1,0,2,0,0,0,0,0,0,0,0,0,0,0,0,0,0,0,2,3,2,2,1,0,0,0,1,27,5,0,2,0,0,1,0,6,0,13,0,0,0,12,0,2,6,0,0,0,1,0,2,1,0,0,0,0,0,8,0,0,0,0,0,0,0,0,0,0,0,0,0,0,8,0,0,3,2,1,0
"M41  9",8699,8527,3,0,0,0,0,0,0,0,0,7,0,1,55,1,1,28,2,1,6,0,0,7,0,2,0,1,2,0,1,0,3,0,3,1,2,0,0,0,0,0,0,0,2,6,8,0,0,6,0,2,46,17,3,6,1,4,3,0,4,0,6,0,0,2,31,0,6,11,2,5,0,2,0,5,0,0,0,0,0,0,4,0,0,0,0,0,2,0,0,0,0,0,2,0,0,0,0,0,6,5,0,1
"M43  6",9403,9157,0,0,0,0,0,0,0,0,0,16,1,6,44,5,1,19,1,5,4,0,4,1,2,1,1,0,0,0,0,0,0,0,1,1,0,0,0,0,0,0,0,2,1,10,6,0,1,2,1,2,57,22,9,6,1,12,7,0,0,0,0,0,0,0,68,3,26,21,1,0,7,7,0,3,0,0,0,0,0,0,32,0,3,2,0,2,0,1,9,1,0,5,0,1,8,0,1,1,1,1,0,0
"M43  7",12992,12749,0,1,1,0,0,0,0,0,0,5,8,7,53,6,3,36,0,1,1,2,0,1,2,0,1,0,0,0,0,0,0,0,3,1,1,1,0,0,0,0,0,3,2,4,6,0,0,5,1,0,53,21,0,7,0,4,21,0,0,0,0,0,0,0,67,7,22,30,0,0,1,4,1,2,0,0,0,0,0,0,23,0,4,0,0,6,1,0,4,0,0,7,0,0,0,1,2,2,6,4,2,0
"M44  5",7135,7019,1,0,0,0,0,0,0,0,0,4,6,4,39,0,4,20,8,0,1,0,0,2,0,3,1,0,0,0,0,0,0,0,0,0,0,0,0,0,1,0,1,0,3,8,0,0,0,0,0,0,26,3,4,0,0,7,4,2,0,2,3,0,0,1,14,0,1,7,0,0,3,3,0,0,0,0,0,0,0,0,6,0,0,0,0,0,0,1,0,0,0,5,0,0,0,0,3,3,1,1,0,0
"M44  6",11648,11332,1,1,0,0,0,0,0,1,0,7,9,4,159,2,10,109,11,6,2,0,0,6,7,2,4,0,0,0,0,0,0,0,2,2,0,0,0,0,0,0,0,4,5,3,6,0,0,6,0,0,33,6,7,5,0,4,7,0,0,0,2,0,0,2,62,4,7,41,0,0,3,4,0,3,0,0,0,0,0,0,18,0,0,0,0,1,2,6,0,0,0,5,0,0,0,4,0,0,2,2,0,0
"M45  6",5389,5042,0,1,0,0,0,0,0,1,0,14,4,6,121,7,3,75,6,1,0,12,2,9,2,2,1,1,0,0,0,0,0,0,7,3,0,3,0,1,0,0,0,2,1,19,41,2,1,20,11,7,70,31,2,14,0,7,8,0,0,0,4,3,0,1,41,0,9,28,3,0,0,1,0,0,0,0,0,0,0,0,20,1,0,0,0,0,4,2,1,0,0,5,0,1,0,6,0,0,0,0,0,0
"M45  7",9085,8674,8,0,0,0,0,0,0,0,0,4,8,16,93,11,11,40,10,2,0,2,5,6,0,5,1,0,0,0,0,0,0,0,7,2,3,0,0,2,1,0,1,6,2,14,59,10,4,38,2,5,135,31,22,27,1,20,17,0,0,8,8,0,1,0,49,1,14,16,1,0,3,6,1,7,0,0,0,0,0,0,8,0,0,0,0,0,0,2,0,0,0,6,0,0,0,0,1,1,0,0,0,0
"M45  8",7348,7080,1,0,0,0,0,0,0,0,0,2,4,3,98,9,3,44,0,7,0,11,6,4,7,1,2,3,1,0,0,0,0,0,7,2,2,3,0,0,0,0,0,2,3,9,15,0,4,9,1,1,56,24,2,13,0,2,8,0,0,2,3,0,0,2,30,0,10,14,1,0,0,4,0,1,0,0,0,0,0,0,24,0,0,7,1,0,0,2,0,0,0,7,0,0,1,6,10,10,4,3,0,1
"M46  0",9665,9504,2,0,0,0,0,0,0,0,0,4,10,1,47,0,4,27,0,1,0,3,0,7,0,2,2,1,0,0,0,0,0,0,2,0,0,0,0,2,0,0,0,1,3,5,5,0,1,4,0,0,31,11,1,3,0,0,8,0,0,5,0,0,0,3,35,3,6,15,0,0,0,9,0,1,1,0,0,0,0,0,13,0,0,0,0,0,0,0,0,0,0,10,0,0,0,3,1,1,1,1,0,0
"M46  9",11657,11474,1,0,0,0,0,0,0,0,0,16,4,0,62,3,1,42,3,0,1,6,0,3,1,0,0,1,0,1,0,0,0,0,4,4,0,0,0,0,0,0,0,2,4,8,18,0,10,4,0,4,19,2,2,2,0,0,11,0,0,2,0,0,0,0,20,0,4,5,0,0,4,6,0,1,0,0,0,0,0,0,21,0,1,0,0,0,1,0,1,0,0,12,0,0,1,5,1,1,3,3,0,0
"M5   3",4953,4347,1,2,1,0,0,0,0,1,0,48,51,19,234,15,7,142,9,10,4,5,9,6,6,9,4,3,3,1,1,0,0,0,8,0,0,0,2,6,4,0,4,14,3,26,20,0,2,18,0,0,52,26,1,2,0,2,0,5,0,11,0,2,0,3,79,9,9,45,2,0,1,6,2,4,1,0,0,0,0,0,44,0,12,3,0,0,0,3,8,0,2,6,0,2,0,8,1,1,0,0,0,0
"M5   4",5432,4579,2,0,0,0,0,0,0,0,0,45,57,25,386,19,9,202,21,11,27,5,13,19,37,16,1,3,1,0,1,0,1,0,7,3,0,0,0,4,0,0,0,19,15,39,47,0,7,31,4,5,56,11,14,3,1,0,7,0,1,8,0,8,0,3,105,10,17,57,2,1,1,5,4,2,6,0,0,0,0,0,47,1,6,5,0,3,1,2,0,1,0,7,1,4,1,15,0,0,3,3,0,0
"M5   5",4697,4281,2,1,1,0,0,0,0,0,0,17,36,9,200,5,1,136,11,8,2,8,5,5,11,0,2,1,0,2,1,0,2,0,4,4,0,0,0,0,0,0,0,5,1,14,15,0,0,13,2,0,39,7,1,2,0,1,4,0,2,5,15,2,0,0,49,4,5,3,1,0,2,1,3,26,4,0,0,0,0,0,23,1,2,1,0,0,6,2,0,0,1,2,2,1,0,5,0,0,1,1,0,0
"M50  1",902,657,0,0,0,0,0,0,0,0,0,10,10,4,150,6,2,83,19,12,8,7,0,8,5,0,0,0,0,0,0,0,0,0,4,1,0,0,0,3,0,0,0,1,2,9,3,0,0,1,2,0,19,6,1,5,0,0,2,0,0,0,0,5,0,0,20,1,1,3,1,0,1,1,2,9,1,0,0,0,0,0,13,0,0,0,0,0,6,1,1,0,0,1,2,0,0,2,0,0,0,0,0,0
"M50  2",255,223,0,0,0,0,0,0,0,0,0,4,2,2,16,1,1,4,3,2,0,0,0,0,0,3,1,0,0,0,0,0,1,0,2,0,0,0,0,2,0,0,0,0,2,2,0,0,0,0,0,0,0,0,0,0,0,0,0,0,0,0,0,0,0,0,2,1,0,1,0,0,0,0,0,0,0,0,0,0,0,0,0,0,0,0,0,0,0,0,0,0,0,0,0,0,0,0,0,0,0,0,0,0
"M50  3",2201,1813,3,0,0,0,0,0,0,0,0,11,23,25,113,9,13,21,7,4,2,1,0,5,5,19,11,2,10,0,1,2,1,0,9,0,4,1,0,4,0,0,0,8,0,44,22,0,0,22,0,0,43,6,15,1,0,1,3,5,5,2,2,0,0,3,81,3,9,60,1,4,0,0,3,1,0,0,0,0,0,0,4,0,0,1,0,0,0,0,0,0,2,0,0,0,0,1,2,2,0,0,0,0
"M6   5",8013,6997,1,3,2,0,0,0,0,1,0,94,69,12,262,13,14,125,16,9,21,11,7,4,25,6,1,6,0,1,0,1,1,1,13,11,1,0,0,1,1,0,1,24,15,90,43,0,9,33,0,1,74,24,8,10,0,1,2,1,0,16,0,7,4,1,183,17,8,133,1,0,4,5,7,6,2,0,0,0,0,0,123,12,35,13,0,4,3,3,5,0,4,13,0,3,12,16,4,4,5,5,0,0
"M6   6",5353,4625,1,4,0,0,0,4,0,0,0,46,61,14,251,3,15,92,7,18,21,4,16,17,31,11,6,5,2,0,1,2,0,0,1,1,0,0,0,0,0,0,0,18,3,84,16,0,2,11,0,3,63,27,8,0,0,0,3,2,0,8,4,10,1,0,87,10,4,43,2,0,4,8,7,4,5,0,0,0,0,0,76,5,24,2,0,0,5,2,1,3,2,4,0,3,2,23,1,1,2,2,0,0
"M6   7",8632,8193,0,1,0,0,0,1,0,0,0,33,22,4,161,8,6,111,7,1,3,5,3,5,4,4,0,2,0,0,0,0,1,1,3,3,0,0,0,0,2,0,2,6,2,20,5,0,2,2,1,0,88,33,7,17,1,3,4,0,0,10,6,0,3,4,54,3,13,14,0,0,9,3,2,9,1,0,0,0,0,0,31,6,14,2,0,1,3,0,0,0,0,4,1,0,0,0,1,1,6,6,0,0
"M6   8",8810,8311,0,4,4,0,0,0,0,0,0,18,6,7,155,7,6,76,21,5,1,2,0,3,17,11,0,5,0,0,0,0,0,1,3,0,1,2,0,0,1,0,1,8,2,24,19,1,4,11,0,3,101,12,7,10,0,1,4,0,2,3,55,6,0,1,107,3,14,26,0,0,0,1,0,57,6,0,0,0,0,0,35,3,6,3,0,0,5,2,0,0,1,2,0,0,0,13,2,2,7,5,2,0
"M60  7",466,324,0,0,0,0,0,0,0,0,0,3,0,7,31,6,2,0,0,0,14,0,0,0,0,8,0,0,0,0,0,0,1,0,2,0,0,0,0,2,0,0,0,4,1,9,8,2,0,5,0,1,6,5,0,0,0,1,0,0,0,0,0,0,0,0,71,3,2,57,6,1,0,0,2,0,0,0,0,0,0,0,0,0,0,0,0,0,0,0,0,0,0,0,0,0,0,0,0,0,0,0,0,0
"M60  9",969,899,0,0,0,0,0,0,0,0,0,3,4,3,26,2,2,11,1,3,4,0,1,0,0,0,1,1,0,0,0,0,0,0,0,0,0,0,0,0,0,0,0,3,0,1,8,0,3,3,1,1,14,9,0,4,0,1,0,0,0,0,0,0,0,0,3,0,1,1,0,0,1,0,0,0,0,0,0,0,0,0,1,0,0,0,0,0,1,0,0,0,0,0,0,0,0,0,3,3,1,0,1,0
"M7   1",3402,3023,0,2,2,0,0,0,0,0,0,15,31,4,133,1,2,111,1,6,1,0,5,1,2,2,0,0,0,0,0,1,0,0,11,10,0,0,0,1,2,0,2,8,1,15,27,1,9,15,0,2,30,5,7,10,0,1,1,0,1,0,3,2,0,0,60,7,6,39,2,0,3,1,0,1,1,0,0,0,0,0,38,1,7,2,0,1,4,4,1,0,3,4,0,4,2,5,0,0,2,2,0,0
"M7   2",5086,4076,0,1,1,0,0,0,0,0,0,44,54,22,385,7,5,280,27,18,7,17,7,13,1,0,1,2,0,0,0,0,0,0,8,5,0,0,0,3,71,0,71,12,3,22,117,41,26,35,11,4,96,48,0,25,1,0,8,0,0,7,2,5,0,0,39,4,3,16,0,0,1,0,1,11,3,0,0,0,0,0,127,6,36,20,0,3,7,3,6,6,17,6,0,7,4,6,1,1,8,5,3,0
"M7   3",5002,4475,1,0,0,0,0,0,0,0,0,32,37,8,249,7,6,178,14,2,3,12,4,9,2,2,1,1,2,0,0,0,0,6,2,1,0,0,1,0,2,0,2,5,3,5,47,5,8,28,0,6,54,23,1,5,3,6,0,0,0,2,0,14,0,0,38,3,12,19,0,0,0,3,0,0,1,0,0,0,0,0,41,1,17,0,0,1,0,5,1,0,3,9,0,0,2,2,3,3,0,0,0,0
"M7   4",12596,10404,0,0,0,0,0,0,0,0,0,160,58,16,683,17,33,428,39,39,16,27,24,13,2,23,17,1,4,0,0,0,0,0,36,5,5,8,6,12,365,0,365,47,5,108,187,70,47,38,30,2,251,97,6,63,5,10,15,0,6,3,36,4,0,6,75,5,6,28,3,0,13,3,1,9,7,0,0,0,0,0,186,6,57,34,0,6,13,5,7,0,7,20,0,7,8,16,10,10,5,1,4,0
"M8   0",9349,5557,1,2,0,0,0,1,0,0,1,60,21,19,257,30,10,115,12,38,6,16,10,3,1,2,11,1,0,0,0,0,1,1,37,22,3,11,1,0,0,0,0,17,4,327,317,1,65,142,94,15,2185,1291,29,556,43,16,41,2,105,9,4,0,0,89,301,7,48,56,0,0,40,4,139,6,1,0,0,1,1,0,225,15,13,81,0,1,12,3,29,1,7,11,0,22,8,22,13,13,5,4,1,0
"M8   4",7281,5893,0,0,0,0,0,0,0,0,0,36,18,11,292,4,16,206,13,12,1,10,11,8,0,5,3,0,2,1,0,0,0,0,32,21,2,8,0,1,0,0,0,18,3,114,112,6,47,48,5,6,630,335,6,200,16,5,12,0,0,4,16,0,0,36,87,0,20,14,1,0,4,1,5,35,7,0,1,0,0,0,29,1,2,3,0,0,0,1,1,0,1,12,0,1,0,7,4,4,1,1,0,0
"M8   5",5911,3768,0,1,1,0,0,0,0,0,0,37,9,21,316,3,11,224,8,19,17,4,9,8,1,1,7,1,1,1,1,0,0,0,35,23,8,3,0,1,0,0,0,26,3,247,168,2,55,80,23,8,1079,645,5,280,27,20,16,1,3,2,6,0,0,74,105,0,11,17,3,2,1,3,49,17,2,0,0,0,0,0,90,0,8,34,0,2,9,3,2,0,4,7,0,14,1,6,4,4,2,1,1,0
"M8   8",3283,2067,1,3,0,0,0,1,0,2,0,15,22,11,300,7,3,124,48,36,5,36,9,7,3,6,2,0,4,0,10,0,0,0,12,11,0,1,0,0,0,0,0,14,6,184,106,1,15,83,5,2,258,156,6,54,11,6,2,2,4,2,4,1,1,9,194,3,50,79,0,1,35,6,14,5,1,0,0,0,0,0,87,2,8,15,0,2,11,2,7,0,3,7,0,1,2,27,1,1,2,2,0,0
"M8   9",3287,1963,0,0,0,0,0,0,0,0,0,27,5,9,81,13,8,25,5,14,0,6,0,1,0,1,8,0,0,0,0,0,0,0,50,42,2,4,2,0,0,0,0,4,0,120,144,0,50,59,33,2,705,370,1,261,27,4,3,0,2,0,0,0,0,37,81,1,13,16,0,0,21,4,23,1,2,0,0,1,1,0,88,2,12,25,0,3,7,1,3,0,7,10,0,8,2,8,6,6,3,2,1,0
"M9   0",4270,4109,0,0,0,0,0,0,0,0,0,8,3,2,37,3,1,20,2,2,0,9,0,0,0,0,0,0,0,0,0,0,0,0,1,0,1,0,0,0,0,0,0,2,1,10,3,0,2,0,0,1,22,15,0,6,0,0,0,0,0,0,0,0,0,1,39,0,14,21,0,0,0,0,0,2,2,0,0,0,0,0,27,0,0,6,0,0,0,0,1,0,0,9,0,0,0,11,0,0,6,3,3,0
"M9   4",7577,6512,1,4,1,0,0,2,0,1,0,52,39,9,366,12,34,200,26,42,9,17,9,0,1,4,5,2,0,0,5,0,0,0,2,1,0,1,0,0,2,0,2,21,6,25,40,0,13,19,7,1,96,57,4,10,0,9,0,0,0,7,7,0,0,2,228,10,92,83,0,1,10,4,10,14,4,0,0,0,0,0,166,9,9,6,0,13,46,5,5,0,3,20,1,12,14,23,3,3,5,5,0,0
"M9   5",3558,2998,0,1,1,0,0,0,0,0,0,32,12,12,180,5,5,97,25,15,2,14,1,5,2,1,2,5,1,0,0,0,0,0,2,0,1,0,0,1,0,0,0,6,5,34,36,0,12,17,2,5,55,38,1,9,0,0,0,0,2,4,0,0,0,1,96,12,32,41,0,0,7,2,0,2,0,0,0,1,1,0,84,4,7,19,0,3,8,2,3,0,1,10,2,5,8,12,3,3,1,0,1,0
"M9   6",8671,7966,1,2,2,0,0,0,0,0,0,59,28,10,197,7,5,112,11,22,0,21,4,2,4,1,6,0,0,2,0,0,0,0,12,7,2,2,0,1,0,0,0,14,1,29,70,0,14,44,8,4,70,44,1,11,2,4,4,0,0,0,0,0,0,4,127,2,36,61,3,0,18,3,0,4,0,0,0,0,0,0,81,3,2,9,0,8,11,3,4,1,4,14,0,5,0,17,1,1,3,2,1,0
"M9   7",5809,5380,0,0,0,0,0,0,0,0,0,22,14,10,82,1,8,47,1,2,0,12,2,6,1,2,0,0,0,0,0,0,0,0,1,1,0,0,0,0,0,0,0,7,2,27,54,0,16,33,0,5,32,16,0,6,0,3,0,0,0,5,1,1,0,0,104,3,44,44,0,0,1,5,4,3,0,0,0,0,0,0,64,2,8,15,0,0,7,2,0,0,6,4,0,5,1,14,10,10,0,0,0,0
"M9   8",7605,6696,1,0,0,0,0,0,0,0,0,42,33,12,290,5,9,150,31,51,3,19,5,1,2,1,5,2,0,2,1,2,1,0,10,1,1,7,0,1,0,0,0,18,10,44,85,1,30,32,17,5,159,77,10,42,4,3,2,0,0,3,2,0,0,16,104,1,36,34,1,4,12,1,5,8,2,3,0,0,0,0,87,2,3,10,0,1,18,1,3,2,1,21,0,6,4,15,6,6,5,5,0,0
"ME1  1",5448,4970,3,0,0,0,0,0,0,0,0,17,13,13,191,14,6,75,21,5,6,3,6,15,6,11,6,6,2,5,3,1,0,0,4,1,2,0,0,1,0,0,0,22,28,9,20,0,2,13,0,5,80,6,14,11,0,17,6,0,2,15,2,2,1,4,70,18,8,25,6,5,0,6,0,2,0,0,0,0,0,0,8,0,0,0,0,1,2,0,0,0,0,0,1,0,0,4,0,0,0,0,0,0
"ME1  2",13954,13163,0,1,0,0,0,0,0,1,0,30,18,7,204,16,14,65,15,4,2,11,7,6,31,13,2,7,0,8,0,0,1,2,2,2,0,0,0,0,0,0,0,10,15,5,13,0,6,5,2,0,374,16,12,184,0,114,20,0,1,15,5,2,5,0,74,5,15,35,4,0,0,6,0,7,2,1,0,0,0,0,27,0,0,0,0,1,3,0,0,0,1,9,6,0,1,6,7,7,3,3,0,0
"ME1  3",10695,10365,0,0,0,0,0,0,0,0,0,20,9,8,121,10,11,36,11,7,7,5,9,2,7,5,4,4,0,2,0,0,0,1,6,2,3,1,0,0,0,0,0,8,8,12,21,0,7,9,5,0,57,6,2,23,0,13,2,0,0,3,3,1,4,0,33,0,5,3,0,0,2,9,0,13,1,0,0,1,0,1,19,0,0,2,0,7,3,0,1,0,0,0,4,0,0,2,2,2,5,2,0,3
"ME10 1",13100,12789,0,0,0,0,0,0,0,0,0,11,4,7,139,1,12,43,4,1,19,20,17,4,5,5,4,0,1,1,0,0,1,1,5,1,2,0,2,0,0,0,0,16,17,4,1,0,1,0,0,0,47,3,0,14,0,16,4,0,0,5,3,0,0,2,49,0,3,11,0,0,0,4,4,27,0,0,0,0,0,0,6,0,0,0,0,0,0,0,0,2,0,0,3,0,0,1,1,1,4,4,0,0
"ME10 2",13910,13397,0,1,0,0,0,0,0,1,0,8,9,6,313,3,5,148,14,0,8,58,62,3,2,0,8,1,0,0,0,0,1,0,4,1,1,1,0,1,0,0,0,21,2,7,9,0,0,4,5,0,56,6,7,4,0,1,26,0,4,3,0,0,0,5,23,1,6,6,0,0,0,4,0,5,1,0,0,0,0,0,41,0,1,0,0,0,4,0,0,1,0,16,8,0,3,8,5,5,8,8,0,0
"ME10 3",6991,6573,0,0,0,0,0,0,0,0,0,7,6,3,289,3,3,169,8,2,14,38,33,0,14,0,3,0,1,1,0,0,0,0,1,0,0,1,0,0,0,0,0,30,12,2,5,0,1,0,0,4,22,2,3,3,1,2,6,0,0,5,0,0,0,0,24,1,4,10,0,0,0,5,0,4,0,0,0,0,0,0,8,0,0,0,0,0,0,0,0,0,0,0,2,0,0,6,8,8,1,1,0,0
"ME10 4",9011,8769,1,2,1,0,0,0,0,0,1,6,3,4,145,0,7,69,8,1,16,17,19,0,4,0,3,0,0,0,0,0,1,0,2,1,0,0,0,1,0,0,0,11,10,2,9,0,0,9,0,0,24,2,4,7,0,4,3,0,0,3,1,0,0,0,14,5,0,6,0,0,0,2,0,1,0,0,0,0,0,0,3,0,0,0,0,0,0,0,0,0,0,2,1,0,0,0,3,3,3,2,0,1
"ME10 5",2572,2448,0,0,0,0,0,0,0,0,0,4,5,5,48,0,3,17,4,1,10,4,6,0,0,0,2,0,0,1,0,0,0,0,0,0,0,0,0,0,0,0,0,8,5,1,2,0,0,0,2,0,23,1,1,1,0,3,1,0,0,11,0,3,0,2,9,0,2,5,0,0,1,1,0,0,0,0,0,0,0,0,11,0,0,1,0,0,3,0,0,0,0,2,3,0,1,1,1,1,2,2,0,0
"ME11 5",3254,3202,0,0,0,0,0,0,0,0,0,2,7,0,25,1,3,6,0,0,1,2,11,0,0,0,0,0,0,0,0,0,1,0,0,0,0,0,0,0,0,0,0,1,1,1,0,0,0,0,0,0,3,0,0,1,0,2,0,0,0,0,0,0,0,0,9,0,5,0,0,0,0,4,0,0,0,0,0,0,0,0,2,0,0,0,0,0,0,0,0,0,0,0,2,0,0,0,0,0,1,1,0,0
"ME12 1",6365,6205,0,0,0,0,0,0,0,0,0,3,0,4,94,5,2,71,4,0,1,5,5,0,0,1,0,0,0,0,0,0,0,0,0,0,0,0,0,0,0,0,0,4,0,0,0,0,0,0,0,0,29,0,1,4,0,18,2,0,0,3,0,1,0,0,17,1,5,6,0,0,1,3,0,1,0,0,0,0,0,0,5,0,0,0,0,2,0,0,1,0,0,2,0,0,0,0,0,0,4,1,0,3
"ME12 2",12162,11826,0,1,0,0,0,0,0,1,0,2,2,5,248,9,10,113,10,4,3,82,11,0,2,1,2,0,0,0,0,0,1,0,3,1,0,2,0,0,0,0,0,15,12,0,3,0,1,0,2,0,27,7,4,3,0,7,2,0,0,4,0,0,0,0,13,1,3,3,0,0,0,5,0,0,1,0,0,0,0,0,0,0,0,0,0,0,0,0,0,0,0,0,0,0,0,0,0,0,5,5,0,0
"ME12 3",10645,10478,1,0,0,0,0,0,0,0,0,2,0,0,64,2,4,23,3,1,1,8,1,2,3,6,6,1,0,0,0,0,3,0,4,4,0,0,0,0,0,0,0,3,6,1,5,1,2,1,0,1,32,2,1,4,0,17,0,0,0,8,0,0,0,0,35,3,9,13,0,0,0,7,0,1,2,0,0,0,0,0,10,0,0,0,0,0,0,0,0,0,0,3,6,0,0,1,1,1,3,0,2,1
"ME12 4",6262,6125,0,3,0,0,0,0,0,2,1,6,4,4,55,1,8,19,1,2,11,2,2,1,2,2,4,0,0,0,0,0,0,0,6,6,0,0,0,0,0,0,0,2,7,1,4,0,1,1,1,1,27,4,2,7,0,5,3,0,0,5,0,1,0,0,4,0,0,0,2,0,2,0,0,0,0,1,0,0,0,0,8,0,0,2,0,0,2,3,0,0,0,0,0,0,0,1,5,5,0,0,0,0
"ME13 0",3426,3360,0,0,0,0,0,0,0,0,0,8,1,0,46,1,12,17,0,0,4,1,5,1,0,0,2,1,0,0,0,0,1,1,1,0,0,0,0,1,0,0,0,0,1,3,2,0,1,0,1,0,1,0,0,0,0,0,1,0,0,0,0,0,0,0,2,0,0,1,0,0,0,0,0,1,0,0,0,0,0,0,1,0,0,0,0,0,0,0,0,0,0,0,1,0,0,0,0,0,0,0,0,0
"ME13 7",8960,8798,0,0,0,0,0,0,0,0,0,12,2,5,92,4,11,32,6,1,10,12,6,5,2,1,2,0,0,0,0,0,0,0,0,0,0,0,0,0,0,0,0,14,8,0,2,0,0,2,0,0,8,0,0,2,0,1,1,0,0,2,1,0,1,0,16,2,8,1,0,0,1,0,0,4,0,0,0,0,0,0,1,0,0,0,0,0,0,0,0,0,0,0,1,0,0,0,0,0,2,1,0,1
"ME13 8",9547,9293,2,0,0,0,0,0,0,0,0,27,3,6,144,5,12,59,3,1,18,11,2,10,15,1,4,0,0,1,0,1,1,0,5,1,0,4,0,0,0,0,0,12,18,4,3,0,0,3,0,0,10,1,1,2,0,0,1,0,0,2,0,0,3,0,19,0,6,7,0,0,2,3,0,0,1,0,0,0,0,0,0,0,0,0,0,0,0,0,0,0,0,0,0,0,0,0,0,0,1,1,0,0
"ME13 9",4985,4817,0,0,0,0,0,0,0,0,0,7,1,5,124,2,5,53,3,1,13,6,21,4,12,0,2,0,0,0,0,0,1,1,1,0,1,0,0,0,1,1,0,9,2,1,1,0,0,0,0,1,8,1,0,0,0,3,0,1,0,0,0,1,0,2,6,0,0,0,2,0,2,0,0,2,0,0,0,0,0,0,2,0,0,0,0,0,0,0,0,0,0,1,1,0,0,0,0,0,0,0,0,0
"ME14 1",3115,2703,0,1,0,0,0,0,0,0,1,16,26,24,154,2,4,77,7,3,5,26,7,2,8,3,5,0,2,0,3,0,0,0,27,16,8,0,0,3,0,0,0,7,7,14,24,1,7,6,10,0,61,2,2,2,0,21,1,0,0,10,0,0,23,0,28,9,3,2,1,2,0,5,0,4,2,0,0,0,0,0,20,0,2,1,0,1,2,2,6,1,0,2,0,1,0,2,2,2,1,1,0,0
"ME14 2",10221,9028,2,2,0,0,0,1,0,1,0,27,16,15,372,9,17,182,33,9,15,35,32,18,7,4,4,4,0,2,0,0,1,0,17,8,0,1,6,2,0,0,0,35,8,7,20,2,7,6,5,0,629,6,6,7,0,14,4,0,0,5,12,0,570,5,28,0,3,16,0,2,0,3,1,3,0,1,0,0,0,0,9,1,0,0,0,1,0,0,0,0,0,5,1,0,0,1,3,3,2,0,2,0
"ME14 3",1904,1842,0,0,0,0,0,0,0,0,0,1,2,2,38,2,1,25,0,1,3,0,3,1,0,0,2,0,0,0,0,0,0,0,1,0,0,0,0,1,3,3,0,0,2,0,1,1,0,0,0,0,6,0,1,2,0,0,0,0,0,2,0,0,1,0,5,1,2,0,0,0,0,2,0,0,0,0,0,0,0,0,1,0,0,0,0,0,0,0,0,0,0,0,1,0,0,0,0,0,0,0,0,0
"ME14 4",6076,6005,0,1,0,0,0,1,0,0,0,11,2,1,25,1,3,5,0,2,3,0,0,1,0,3,4,2,0,1,0,0,0,0,2,0,0,0,0,2,0,0,0,0,5,1,1,0,0,1,0,0,7,3,0,1,0,0,3,0,0,0,0,0,0,0,11,0,2,5,0,0,0,3,0,1,0,0,0,0,0,0,3,0,0,0,0,0,0,0,0,0,0,2,0,0,0,1,0,0,1,0,0,1
"ME14 5",9261,8804,0,1,0,0,0,0,0,0,1,13,13,11,175,6,5,84,4,1,3,30,7,5,18,5,2,3,1,0,0,0,0,1,8,4,3,0,0,1,0,0,0,17,11,2,13,0,3,10,0,0,137,8,7,0,0,7,15,2,0,1,1,0,96,0,47,0,13,24,1,0,0,3,0,2,4,0,0,0,0,0,5,0,0,0,0,0,1,0,0,0,0,1,3,0,0,0,4,4,0,0,0,0
"ME15 0",3947,3905,0,0,0,0,0,0,0,0,0,1,2,2,24,2,0,6,0,2,1,6,1,2,1,0,3,0,0,0,0,0,0,0,0,0,0,0,0,0,0,0,0,1,1,2,0,0,0,0,0,0,5,0,0,0,0,5,0,0,0,0,0,0,0,0,2,0,0,0,2,0,0,0,0,0,0,0,0,0,0,0,1,0,0,0,0,0,0,0,0,0,0,0,0,0,1,0,0,0,1,0,1,0
"ME15 6",10050,9109,0,0,0,0,0,0,0,0,0,53,24,14,490,8,11,267,29,2,10,47,41,21,22,17,8,2,2,1,0,0,2,0,10,3,3,1,2,1,0,0,0,17,10,9,48,0,1,33,12,2,201,20,0,2,1,22,13,2,1,11,7,4,116,2,25,7,5,4,0,0,1,4,1,0,3,0,0,0,0,0,34,0,1,0,0,4,3,0,1,1,0,7,6,4,4,3,3,3,3,1,1,1
"ME15 7",10449,9715,0,1,1,0,0,0,0,0,0,8,9,11,356,12,9,180,16,14,13,43,21,23,10,4,6,0,4,1,0,0,0,0,16,13,0,1,0,2,0,0,0,12,16,8,36,1,8,19,7,1,209,10,8,4,0,18,1,0,0,5,4,0,158,1,37,2,0,6,0,1,1,6,0,20,1,0,0,0,0,0,11,0,0,0,0,0,0,1,0,0,0,0,0,7,0,3,2,2,2,1,1,0
"ME15 8",10665,10356,2,0,0,0,0,0,0,0,0,17,6,5,113,2,7,69,2,4,4,11,3,0,10,0,0,1,0,0,0,0,0,0,9,5,0,0,1,3,0,0,0,9,9,2,19,0,4,11,0,4,65,5,2,4,0,11,4,0,0,3,0,1,34,1,36,3,10,12,1,0,0,3,1,6,0,2,0,0,0,0,12,0,0,0,0,2,1,0,0,0,0,0,4,3,1,1,1,1,2,1,0,1
"ME15 9",10539,10195,1,0,0,0,0,0,0,0,0,6,26,13,135,2,10,68,5,2,2,13,3,13,15,0,1,0,1,0,0,0,0,0,20,18,0,0,0,2,0,0,0,8,9,2,21,0,4,16,1,0,57,1,0,4,0,10,1,0,0,11,0,0,29,1,36,2,2,15,1,0,2,5,1,7,1,0,0,0,0,0,5,0,0,0,0,0,1,0,0,0,0,2,0,2,0,0,0,0,5,4,1,0
"ME16 0",12808,12208,1,1,1,0,0,0,0,0,0,32,7,27,202,12,18,77,4,7,17,21,9,14,8,5,3,3,2,0,1,0,0,1,16,0,8,1,0,7,0,0,0,15,12,15,18,0,3,12,2,1,182,10,1,12,0,31,10,3,1,11,30,2,65,6,51,0,12,10,0,0,2,3,0,23,1,2,0,0,0,0,15,0,0,0,0,0,2,0,0,0,1,8,2,0,0,2,2,2,2,2,0,0
"ME16 8",10982,9857,2,1,0,0,0,0,0,0,1,50,56,31,513,15,17,261,11,5,22,69,42,19,17,13,5,9,2,2,0,0,0,4,15,5,4,3,0,3,0,0,0,50,23,9,39,0,8,21,9,1,215,18,6,6,0,16,4,2,0,19,59,4,79,2,93,1,2,11,0,1,0,2,1,74,1,0,0,0,0,0,23,1,0,0,0,2,0,2,0,0,0,6,5,0,0,7,4,4,1,0,0,1
"ME16 9",5112,4904,0,0,0,0,0,0,0,0,0,15,9,8,37,7,5,12,2,1,2,1,1,1,0,0,1,1,2,0,0,0,1,0,3,2,0,1,0,0,0,0,0,0,5,1,14,0,1,5,6,2,88,4,1,1,0,7,1,1,0,8,19,9,34,3,17,0,1,2,1,0,0,0,0,13,0,0,0,0,0,0,8,0,0,0,0,2,0,0,0,0,0,1,3,0,0,2,1,1,2,2,0,0
"ME17 1",4585,4517,1,0,0,0,0,0,0,0,0,6,1,6,28,1,3,4,2,0,3,1,1,4,0,1,4,0,2,1,1,0,0,0,0,0,0,0,0,0,0,0,0,1,4,3,3,1,2,0,0,0,7,0,0,0,0,5,0,0,0,0,0,2,0,0,5,0,1,0,0,0,0,1,0,3,0,0,0,0,0,0,1,0,0,0,0,0,0,0,0,0,0,0,1,0,0,0,0,0,2,0,0,2
"ME17 2",3859,3809,0,0,0,0,0,0,0,0,0,6,4,0,24,1,3,11,0,0,1,0,0,0,4,0,3,1,0,0,0,0,0,0,0,0,0,0,0,0,0,0,0,2,0,0,1,0,0,1,0,0,11,0,2,2,0,0,0,0,0,0,2,0,5,0,2,0,2,0,0,0,0,0,0,0,0,0,0,0,0,0,0,0,0,0,0,0,0,0,0,0,0,0,0,0,0,0,0,0,0,0,0,0
"ME17 3",5579,5440,0,0,0,0,0,0,0,0,0,14,3,7,69,0,6,21,4,4,7,1,7,4,7,1,4,1,2,0,0,0,0,0,1,0,0,1,0,0,0,0,0,4,0,2,8,0,2,0,4,2,5,0,0,0,0,0,1,0,0,0,0,0,4,0,22,0,5,15,0,1,1,0,0,0,0,0,0,0,0,0,4,0,0,0,0,0,0,0,0,0,0,0,4,0,0,0,0,0,0,0,0,0
"ME17 4",7668,7462,0,2,0,0,0,2,0,0,0,8,7,7,113,5,6,34,8,4,10,10,1,9,12,2,2,3,0,0,7,0,0,0,3,2,0,0,0,1,2,2,0,9,6,0,6,0,0,5,0,1,20,0,0,1,0,7,0,0,0,4,2,0,6,0,13,0,1,3,2,1,0,3,0,1,2,0,0,0,0,0,8,0,0,0,0,0,0,0,0,0,0,0,8,0,0,0,0,0,2,1,0,1
"ME18 5",4576,4500,3,0,0,0,0,0,0,0,0,5,3,1,38,5,2,15,1,2,0,1,3,4,0,1,0,0,2,2,0,0,0,0,2,0,0,0,1,1,0,0,0,4,1,2,0,0,0,0,0,0,4,0,0,0,0,0,0,0,0,0,0,0,0,4,9,1,0,4,1,0,0,1,0,2,0,0,0,0,0,0,4,0,0,0,0,0,0,0,0,0,0,0,3,0,0,1,0,0,0,0,0,0
"ME18 6",2054,2037,0,0,0,0,0,0,0,0,0,1,1,1,9,1,5,2,0,0,0,0,0,0,0,0,1,0,0,0,0,0,0,0,0,0,0,0,0,0,0,0,0,0,0,0,0,0,0,0,0,0,0,0,0,0,0,0,0,0,0,0,0,0,0,0,4,0,0,2,0,0,0,2,0,0,0,0,0,0,0,0,0,0,0,0,0,0,0,0,0,0,0,0,0,0,0,0,1,1,0,0,0,0
"ME19 4",7323,7104,0,2,2,0,0,0,0,0,0,22,3,5,68,5,6,13,4,2,0,4,4,4,1,5,10,5,1,3,0,0,0,1,2,0,0,1,0,1,0,0,0,11,5,8,3,0,0,3,0,0,30,10,3,1,0,4,0,0,0,0,2,0,8,2,34,0,2,16,2,0,1,11,0,2,0,0,0,0,0,0,26,0,0,0,0,0,0,0,0,0,0,0,24,1,0,1,0,0,0,0,0,0
"ME19 5",6194,6115,0,0,0,0,0,0,0,0,0,6,2,8,30,3,1,3,1,2,1,6,0,1,0,2,5,3,0,2,0,0,0,0,3,0,0,0,0,3,0,0,0,1,0,8,4,2,1,0,1,0,7,0,0,0,0,6,1,0,0,0,0,0,0,0,8,1,0,4,0,0,0,2,0,0,1,0,0,0,0,0,0,0,0,0,0,0,0,0,0,0,0,0,0,0,0,0,0,0,2,1,1,0
"ME19 6",7348,7201,0,2,0,0,0,0,0,2,0,7,11,5,63,2,3,36,2,3,2,2,0,2,1,0,4,6,0,0,0,0,0,0,3,2,0,0,1,0,0,0,0,1,4,6,0,0,0,0,0,0,21,0,0,4,0,9,4,0,0,0,2,2,0,0,19,1,1,3,1,0,0,4,0,9,0,0,0,0,0,0,2,0,0,0,0,0,1,0,0,0,0,0,1,0,0,0,3,3,0,0,0,0
"ME2  1",5249,5178,0,0,0,0,0,0,0,0,0,0,2,0,19,3,1,4,5,0,1,1,0,0,1,1,0,0,2,0,0,0,0,0,2,0,0,2,0,0,0,0,0,3,1,14,2,0,0,2,0,0,6,0,0,6,0,0,0,0,0,0,0,0,0,0,17,3,4,2,0,0,0,6,1,0,1,1,0,0,0,0,2,0,0,0,0,0,1,0,0,0,0,0,0,0,0,1,0,0,2,2,0,0
"ME2  2",13725,13312,0,1,0,0,0,0,0,1,0,10,22,14,157,3,16,66,4,5,7,12,15,5,19,3,2,0,0,0,0,0,0,0,3,3,0,0,0,0,1,1,0,19,15,15,7,0,2,4,1,0,90,4,8,53,0,8,2,0,0,14,1,0,0,0,22,2,2,2,0,0,0,9,0,5,2,0,0,0,0,0,33,0,0,0,0,10,13,2,0,0,0,3,0,1,2,2,1,1,3,3,0,0
"ME2  3",12277,11731,1,1,0,0,0,0,0,1,0,12,13,11,125,7,8,40,16,14,6,12,2,2,10,0,4,0,2,1,0,0,1,0,5,2,1,0,2,0,0,0,0,13,25,4,10,0,2,7,0,1,274,9,12,220,0,7,14,0,0,12,0,0,0,0,28,2,14,6,0,0,0,4,0,1,1,0,0,0,0,0,16,0,0,0,2,3,2,2,0,0,0,7,0,0,0,0,6,6,2,1,1,0
"ME2  4",6692,6460,0,1,0,0,0,0,0,1,0,9,6,3,44,4,6,13,1,5,3,0,3,2,0,0,2,3,0,2,0,0,0,0,1,1,0,0,0,0,0,0,0,7,14,7,8,0,4,4,0,0,88,3,1,58,0,7,4,0,5,2,7,0,0,1,29,1,11,11,4,0,0,2,0,0,0,1,0,0,0,0,11,0,0,0,0,0,3,0,2,0,0,1,1,1,0,3,0,0,3,3,0,0
"ME20 6",12917,12706,2,1,1,0,0,0,0,0,0,16,6,15,66,9,6,17,2,2,2,9,5,3,3,2,3,2,1,0,0,0,0,0,6,2,2,2,0,0,0,0,0,3,11,9,1,0,0,1,0,0,39,2,0,7,0,12,0,1,0,0,6,0,11,0,29,2,2,8,0,0,1,8,0,8,0,0,0,0,0,0,6,0,0,0,0,0,0,0,0,0,0,1,2,0,1,2,0,0,1,0,0,1
"ME20 7",6971,6832,0,1,1,0,0,0,0,0,0,7,3,8,47,1,8,10,2,0,12,2,1,5,0,0,5,0,0,0,0,0,0,1,1,1,0,0,0,0,0,0,0,5,7,1,0,0,0,0,0,0,41,0,2,5,0,10,2,0,0,1,0,0,21,0,10,0,1,2,0,0,1,0,1,5,0,0,0,0,0,0,3,0,0,0,0,0,0,0,0,0,0,0,0,0,0,3,3,3,2,2,0,0
"ME3  0",1585,1561,0,0,0,0,0,0,0,0,0,2,0,0,14,0,3,5,0,0,3,3,0,0,0,0,0,0,0,0,0,0,0,0,0,0,0,0,0,0,0,0,0,0,1,0,0,0,0,0,0,0,1,1,0,0,0,0,0,0,0,0,0,0,0,0,6,0,3,0,0,0,0,1,0,1,1,0,0,0,0,0,0,0,0,0,0,0,0,0,0,0,0,0,0,0,0,0,0,0,0,0,0,0
"ME3  7",6130,6026,0,0,0,0,0,0,0,0,0,6,0,3,50,2,1,17,14,0,1,0,0,3,6,0,6,0,0,0,0,0,0,0,1,0,0,1,0,0,0,0,0,1,5,0,0,0,0,0,0,0,21,0,0,9,0,9,0,0,0,3,0,0,0,0,10,0,0,0,1,0,0,7,0,1,1,0,0,0,0,0,5,0,0,0,0,0,2,1,0,0,0,1,0,0,0,1,0,0,2,2,0,0
"ME3  8",8173,8051,0,0,0,0,0,0,0,0,0,7,3,3,31,1,3,9,4,4,0,5,1,0,1,0,1,0,0,1,0,0,0,1,2,2,0,0,0,0,0,0,0,2,2,3,0,0,0,0,0,0,47,7,8,19,0,0,0,6,0,1,0,0,6,0,10,0,2,0,1,0,0,4,0,2,1,0,0,0,0,0,8,0,0,0,0,1,4,0,0,0,0,3,0,0,0,0,2,2,2,1,0,1
"ME3  9",9443,9306,1,0,0,0,0,0,0,0,0,7,1,6,56,2,8,13,11,1,0,11,0,1,5,2,1,0,0,1,0,0,0,0,5,3,0,0,0,2,0,0,0,2,7,1,0,0,0,0,0,0,29,7,0,6,0,14,0,0,2,0,0,0,0,0,8,0,0,0,2,1,1,3,0,1,0,0,0,0,0,0,13,0,0,0,2,0,4,1,0,0,0,0,0,0,0,6,0,0,1,0,1,0
"ME4  3",2713,2522,0,0,0,0,0,0,0,0,0,9,4,3,69,4,11,10,17,8,2,1,2,1,1,5,2,1,0,4,0,0,0,0,2,0,2,0,0,0,0,0,0,12,6,11,5,0,0,5,0,0,40,7,4,3,0,3,6,0,0,15,0,1,1,0,17,0,5,7,5,0,0,0,0,0,0,0,0,0,0,0,10,0,0,0,0,0,5,1,0,0,0,1,2,0,0,1,1,1,2,2,0,0
"ME4  4",3778,3255,0,0,0,0,0,0,0,0,0,5,10,13,167,4,4,44,12,3,12,20,13,16,7,18,2,4,0,3,2,0,2,1,6,5,0,0,1,0,0,0,0,28,20,23,15,0,6,8,0,1,153,3,15,14,0,18,7,6,18,10,0,3,58,1,48,3,5,21,2,2,0,4,0,9,2,2,0,0,0,0,30,2,1,0,0,5,1,0,1,0,0,8,5,2,5,0,2,2,1,0,1,0
"ME4  5",13083,11065,0,1,1,0,0,0,0,0,0,30,38,13,1226,10,16,391,314,149,23,131,80,22,78,4,3,0,2,2,0,0,0,1,25,23,0,2,0,0,0,0,0,149,33,13,35,0,6,24,3,2,270,28,6,104,0,50,18,1,8,16,25,0,12,2,91,1,5,42,2,1,3,6,1,19,11,0,0,0,0,0,76,0,2,0,0,3,27,1,1,0,0,20,3,0,0,19,12,12,6,4,1,1
"ME4  6",9207,7932,0,0,0,0,0,0,0,0,0,23,34,14,344,11,15,128,32,16,13,37,52,6,14,6,0,1,0,9,0,1,3,0,20,13,2,3,0,2,0,0,0,35,20,17,20,0,0,11,8,1,635,33,25,208,1,181,86,8,18,30,33,4,8,0,61,0,7,25,7,0,1,9,1,10,1,0,0,0,0,0,44,0,0,0,0,5,7,1,1,0,0,9,1,2,3,15,4,4,4,3,1,0
"ME5  0",11406,11156,0,0,0,0,0,0,0,0,0,2,17,8,89,1,3,43,8,10,0,5,2,3,7,4,0,1,1,1,0,0,0,0,2,1,0,0,0,1,0,0,0,12,16,3,4,0,1,3,0,0,66,10,2,26,1,13,12,0,0,0,2,0,0,0,14,0,4,1,0,0,1,5,0,3,0,0,0,0,0,0,13,0,0,0,0,0,3,1,2,0,0,4,0,0,0,3,0,0,4,4,0,0
"ME5  7",11972,11296,1,1,0,0,0,0,0,1,0,16,11,9,323,6,5,104,54,24,8,48,35,11,21,3,1,1,1,0,0,0,1,0,14,12,0,1,0,1,0,0,0,40,21,3,14,0,11,2,1,0,119,16,5,45,0,35,13,0,0,3,0,0,0,2,48,1,8,15,2,0,0,7,2,12,1,0,0,0,0,0,51,0,0,0,0,4,26,1,0,0,1,11,4,0,2,2,3,3,2,2,0,0
"ME5  8",14642,14387,1,1,1,0,0,0,0,0,0,8,6,4,93,2,9,39,9,2,2,5,13,0,5,3,4,0,0,0,0,0,0,0,4,3,0,0,0,1,1,1,0,5,5,9,7,0,1,3,3,0,56,12,3,26,0,5,9,0,0,0,1,0,0,0,34,5,11,8,1,0,0,6,0,3,0,0,0,0,0,0,13,0,0,0,0,0,4,0,0,0,0,0,2,0,4,3,4,4,4,4,0,0
"ME5  9",11303,11063,1,2,1,1,0,0,0,0,0,8,9,17,81,3,4,33,11,0,3,1,7,4,12,1,2,0,0,0,0,0,0,0,3,0,2,0,0,1,0,0,0,10,9,3,3,0,1,1,0,1,62,1,2,17,1,4,7,0,0,5,16,0,9,0,18,0,1,7,0,0,1,3,0,6,0,0,0,0,0,0,14,0,0,0,0,2,3,0,0,0,0,2,7,0,0,0,0,0,0,0,0,0
"ME6  5",9767,9583,0,1,0,0,0,1,0,0,0,9,6,7,105,18,2,34,10,0,10,8,6,7,3,2,3,1,1,0,0,0,0,0,2,0,1,1,0,0,0,0,0,12,7,2,1,0,0,1,0,0,5,0,0,1,0,3,0,0,0,1,0,0,0,0,20,0,0,11,0,0,0,6,0,3,0,0,0,0,0,0,3,0,0,0,0,0,1,0,0,0,0,0,2,0,0,0,3,3,1,1,0,0
"ME7  1",10986,9999,1,0,0,0,0,0,0,0,0,30,22,7,386,13,34,124,35,6,10,91,35,4,6,16,1,1,0,2,1,5,2,0,9,7,0,1,0,1,0,0,0,23,30,36,30,0,4,21,4,1,254,58,23,53,0,33,21,0,36,12,11,1,5,1,94,11,16,28,0,0,2,12,13,10,2,0,0,0,0,0,52,1,0,0,0,9,6,4,9,2,0,5,1,4,2,9,8,8,5,5,0,0
"ME7  2",12128,11627,0,0,0,0,0,0,0,0,0,13,13,7,186,19,12,65,25,6,28,18,1,0,3,3,1,2,0,0,0,0,3,0,11,8,0,1,0,2,0,0,0,14,41,17,13,0,1,8,3,1,125,26,0,41,0,24,19,0,0,6,2,1,5,1,29,0,2,10,0,0,0,1,0,16,0,0,0,0,0,0,18,0,0,1,1,0,6,1,1,0,0,0,3,2,0,3,8,8,6,6,0,0
"ME7  3",8353,8087,0,0,0,0,0,0,0,0,0,6,4,2,41,5,1,8,18,4,0,0,0,1,0,1,0,1,1,1,0,0,0,0,1,0,0,1,0,0,0,0,0,1,16,4,6,0,0,4,2,0,137,17,6,54,0,5,34,1,3,8,0,0,2,7,42,8,8,20,0,1,0,2,3,0,0,1,0,0,0,0,3,0,0,0,0,0,0,0,0,0,0,1,2,0,0,0,0,0,2,2,0,0
"ME7  4",9235,8386,0,0,0,0,0,0,0,0,0,13,8,2,336,22,5,114,43,13,3,53,53,4,10,3,3,2,1,0,4,0,1,2,11,6,3,0,0,2,0,0,0,36,28,7,22,0,4,12,6,0,278,42,18,81,0,33,18,1,27,6,34,3,11,4,65,4,6,9,0,0,1,4,2,38,1,0,0,0,0,0,31,0,0,0,1,0,6,6,0,0,0,2,1,6,0,9,7,7,5,5,0,0
"ME7  5",8746,7484,1,0,0,0,0,0,0,0,0,23,14,5,366,8,4,123,104,3,12,50,22,17,9,0,8,0,0,1,4,0,0,1,4,3,0,1,0,0,0,0,0,27,20,29,59,0,9,39,9,2,492,58,28,55,0,77,21,4,36,10,91,4,104,4,156,4,10,18,1,0,1,6,2,105,9,4,0,0,0,0,54,2,0,1,1,2,8,3,0,0,0,18,8,2,3,6,3,3,5,3,2,0
"ME8  0",9123,8935,0,0,0,0,0,0,0,0,0,4,6,4,30,6,5,13,0,0,1,0,0,0,0,0,2,0,2,1,0,0,0,0,1,0,0,1,0,0,0,0,0,7,9,4,11,1,0,9,1,0,78,15,5,39,0,9,6,0,0,4,0,0,0,0,27,1,2,17,4,0,1,1,0,1,0,0,0,0,0,0,2,0,0,0,0,0,2,0,0,0,0,0,0,0,0,0,1,1,4,4,0,0
"ME8  6",9696,9474,0,1,1,0,0,0,0,0,0,4,3,9,66,1,5,21,14,0,5,4,2,2,6,0,0,2,1,0,0,0,3,0,5,4,0,0,0,1,0,0,0,6,13,2,13,0,2,4,7,0,59,7,3,12,0,7,25,0,0,0,4,0,0,1,24,4,0,7,0,0,0,7,0,6,0,0,0,0,0,0,7,0,0,0,0,0,2,0,1,0,0,1,2,0,1,0,2,2,8,8,0,0
"ME8  7",7224,7059,0,0,0,0,0,0,0,0,0,5,1,9,38,6,7,10,0,5,0,6,0,2,0,2,0,0,0,0,0,0,0,0,1,1,0,0,0,0,0,0,0,3,14,3,1,0,1,0,0,0,67,8,4,26,0,7,6,6,4,5,0,0,0,1,17,2,2,2,2,0,6,1,0,0,2,0,0,0,0,0,4,0,0,0,0,0,2,0,0,0,0,2,0,0,0,0,2,2,0,0,0,0
"ME8  8",9374,9220,0,0,0,0,0,0,0,0,0,11,1,9,36,10,3,9,0,0,2,1,1,2,2,2,1,0,0,0,1,0,2,0,4,1,0,3,0,0,0,0,0,4,15,3,4,1,0,3,0,0,42,3,1,15,0,4,10,0,0,6,0,3,0,0,13,1,2,3,3,0,0,2,0,0,2,0,0,0,0,0,10,0,0,0,0,0,1,1,0,0,0,7,1,0,0,0,0,0,2,2,0,0
"ME8  9",12221,12010,2,1,0,0,0,0,0,1,0,5,1,1,37,6,4,11,5,2,1,0,0,0,3,0,0,1,0,0,0,0,4,0,1,0,0,0,0,1,0,0,0,6,13,2,3,0,0,2,1,0,99,16,8,36,0,9,6,2,2,16,0,0,0,4,32,2,7,13,1,0,1,3,1,4,0,0,0,0,0,0,4,0,0,0,0,0,0,0,0,0,0,0,3,1,0,0,3,3,1,0,0,1
"ME9  0",2660,2619,0,0,0,0,0,0,0,0,0,3,1,0,28,1,4,9,0,0,8,3,0,1,1,0,0,1,0,0,0,0,0,0,0,0,0,0,0,0,0,0,0,1,0,0,0,0,0,0,0,0,2,0,0,0,0,0,2,0,0,0,0,0,0,0,5,0,1,1,1,0,0,0,1,1,0,0,0,0,0,0,0,0,0,0,0,0,0,0,0,0,0,0,0,0,0,0,0,0,1,0,0,1
"ME9  7",6637,6571,0,0,0,0,0,0,0,0,0,2,7,2,24,1,2,8,4,0,1,1,0,2,4,0,1,0,0,0,0,0,0,0,0,0,0,0,0,0,0,0,0,1,4,0,2,0,0,0,2,0,7,1,0,3,0,0,1,0,2,0,0,0,0,0,11,1,0,2,1,0,0,3,0,4,0,0,0,0,0,0,2,0,0,0,0,0,1,0,0,0,0,0,0,0,1,0,1,1,3,0,3,0
"ME9  8",5892,5807,0,0,0,0,0,0,0,0,0,6,3,3,32,0,2,18,3,1,0,0,3,1,0,1,2,0,0,1,0,0,0,0,6,0,4,2,0,0,0,0,0,4,2,1,2,0,0,1,1,0,11,0,2,3,0,3,0,0,0,1,2,0,0,0,2,1,0,0,0,0,0,0,0,0,1,0,0,0,0,0,11,0,0,1,0,2,0,0,0,0,0,4,3,1,0,0,1,1,1,1,0,0
"ME9  9",4727,4675,0,0,0,0,0,0,0,0,0,6,0,5,28,0,2,19,0,0,2,1,1,0,0,0,2,0,0,1,0,0,0,0,0,0,0,0,0,0,0,0,0,0,2,0,0,0,0,0,0,0,6,0,0,0,0,2,0,0,0,4,0,0,0,0,3,1,0,0,0,0,0,2,0,0,0,0,0,0,0,0,0,0,0,0,0,0,0,0,0,0,0,0,0,0,0,0,0,0,2,1,0,1
"MK1  1",565,489,0,0,0,0,0,0,0,0,0,4,2,2,31,5,1,18,3,0,0,0,0,0,0,0,4,0,0,0,0,0,0,0,0,0,0,0,0,0,0,0,0,0,0,0,12,0,0,11,1,0,1,0,0,0,0,1,0,0,0,0,0,0,0,0,8,1,6,0,0,0,0,0,1,0,0,0,0,0,0,0,16,0,0,4,0,3,0,0,5,0,0,0,2,0,0,2,0,0,0,0,0,0
"MK10 7",2257,1984,0,0,0,0,0,0,0,0,0,10,7,8,77,1,9,45,1,1,6,9,0,1,0,0,3,1,0,0,0,0,0,0,1,1,0,0,0,0,0,0,0,8,2,1,1,0,0,1,0,0,98,27,6,13,1,4,14,1,14,14,0,0,3,1,26,3,8,9,3,2,0,1,0,0,0,0,0,0,0,0,30,0,0,4,0,5,1,0,9,0,0,2,2,5,2,0,0,0,4,4,0,0
"MK10 9",10624,9348,0,1,0,0,0,0,0,1,0,36,29,63,541,24,46,328,34,8,11,10,0,20,11,15,16,1,8,1,4,0,0,4,5,2,2,0,0,1,0,0,0,18,3,24,25,1,2,21,0,1,203,47,18,21,0,17,32,3,6,41,2,5,0,11,149,11,16,57,33,9,0,10,7,4,2,0,0,0,0,0,172,0,0,32,2,40,5,3,25,2,0,36,6,2,10,9,3,3,4,2,0,2
"MK11 1",5680,5477,0,0,0,0,0,0,0,0,0,18,6,5,42,5,7,11,3,2,0,0,0,5,0,1,2,4,1,0,0,0,1,0,1,0,0,0,0,1,0,0,0,1,1,4,6,0,0,2,4,0,72,19,0,24,1,0,18,0,0,7,0,0,0,3,35,0,2,12,6,7,2,6,0,0,0,0,0,0,0,0,11,0,0,5,0,2,0,0,0,0,0,1,2,0,1,0,1,1,0,0,0,0
"MK11 2",1724,1585,0,0,0,0,0,0,0,0,0,12,7,0,26,1,4,12,0,0,2,4,0,1,0,1,1,0,0,0,0,0,0,0,1,0,0,0,0,1,0,0,0,0,0,2,6,0,0,5,1,0,45,13,0,7,0,14,5,0,0,6,0,0,0,0,11,0,3,0,2,0,0,0,0,3,3,0,0,0,0,0,29,0,0,2,0,5,1,0,11,0,4,4,0,1,1,0,0,0,0,0,0,0
"MK12 5",7353,6541,1,2,1,0,0,0,0,1,0,18,11,8,158,12,12,90,6,0,9,14,0,3,0,2,1,0,8,0,1,0,0,0,4,2,1,1,0,0,0,0,0,6,1,4,16,0,0,16,0,0,456,273,8,86,9,38,6,0,0,16,0,0,0,20,70,4,1,12,22,6,1,9,0,15,0,0,0,0,0,0,54,0,0,15,0,11,1,1,3,0,0,10,3,1,3,6,1,1,2,1,0,1
"MK12 6",4437,3974,0,1,0,0,0,0,0,1,0,26,4,2,103,5,7,71,2,0,3,10,0,2,1,1,0,0,1,0,0,0,0,0,0,0,0,0,0,0,0,0,0,4,0,3,19,0,9,10,0,0,214,109,6,30,4,38,9,0,0,13,0,0,0,5,32,0,2,6,8,10,1,4,0,0,1,0,0,0,0,0,53,0,0,9,0,6,1,0,24,0,0,9,2,0,0,2,0,0,2,2,0,0
"MK13 0",4257,3984,2,0,0,0,0,0,0,0,0,5,7,10,117,2,11,56,5,3,8,21,4,1,0,0,1,3,2,0,0,0,0,0,4,4,0,0,0,0,0,0,0,3,3,5,6,0,0,4,0,2,50,12,0,10,0,2,2,0,0,16,1,2,0,5,10,1,0,0,2,2,0,1,0,4,0,0,0,0,0,0,49,0,0,3,0,5,10,4,7,0,5,6,2,0,4,3,1,1,1,0,0,1
"MK13 7",7523,6782,1,0,0,0,0,0,0,0,0,49,18,6,205,4,11,111,5,5,19,31,0,4,4,1,6,2,1,1,0,0,0,0,6,0,1,4,0,1,0,0,0,13,2,11,24,0,3,21,0,0,279,50,0,40,0,13,38,0,4,123,0,4,6,1,38,3,3,10,0,0,1,8,0,12,1,0,0,0,0,0,87,0,0,24,0,23,3,1,13,0,1,7,7,0,0,8,0,0,2,1,1,0
"MK13 8",3300,2727,0,0,0,0,0,0,0,0,0,44,4,11,210,2,12,136,8,11,10,11,1,2,9,3,4,1,0,0,0,0,0,0,3,0,2,0,0,1,0,0,0,12,7,0,3,0,0,2,1,0,184,27,7,9,0,11,29,4,3,73,2,13,3,3,63,3,20,17,3,0,3,6,1,8,2,0,0,0,0,0,31,0,0,12,0,7,1,1,3,0,3,0,0,0,1,3,1,1,0,0,0,0
"MK13 9",2877,2694,1,0,0,0,0,0,0,0,0,9,5,2,48,0,4,18,0,6,3,16,0,0,0,0,0,0,1,0,0,0,0,0,3,2,1,0,0,0,0,0,0,2,2,2,6,0,0,6,0,0,75,0,0,7,0,7,5,3,0,46,3,4,0,0,8,2,2,2,0,0,0,1,0,1,0,0,0,0,0,0,18,0,0,0,0,0,5,0,0,0,4,6,3,0,0,0,0,0,2,2,0,0
"MK14 5",6534,6262,2,0,0,0,0,0,0,0,0,17,9,8,105,5,5,59,2,3,5,11,1,4,4,0,2,0,3,0,0,0,1,0,1,0,0,1,0,0,0,0,0,6,2,3,0,0,0,0,0,0,47,5,6,9,0,10,10,0,0,4,0,0,2,1,43,1,5,8,9,0,3,3,4,10,0,0,1,0,0,0,23,0,0,3,0,2,1,0,3,0,0,10,2,0,1,1,4,4,1,1,0,0
"MK14 6",5717,5021,0,0,0,0,0,0,0,0,0,25,19,10,196,7,19,94,12,5,5,32,2,5,5,3,5,0,0,2,0,0,0,0,3,1,0,0,0,2,0,0,0,9,0,5,2,0,0,2,0,0,275,38,7,23,0,20,40,2,4,114,8,5,6,8,49,3,8,17,2,1,0,4,0,1,13,0,1,0,0,0,99,1,0,11,0,21,1,2,11,0,3,22,10,2,6,9,2,2,1,0,1,0
"MK14 7",5552,4402,1,0,0,0,0,0,0,0,0,43,17,7,403,19,16,227,9,5,13,70,5,8,9,3,8,7,3,0,0,0,1,0,11,2,3,1,0,5,0,0,0,16,4,12,18,2,1,15,0,0,323,38,7,12,0,20,41,0,3,165,7,2,26,2,54,1,11,16,5,0,4,7,3,2,5,0,0,3,3,0,230,0,0,103,0,44,19,6,27,0,2,18,2,0,8,1,4,4,4,3,0,1
"MK15 0",1144,1055,0,0,0,0,0,0,0,0,0,2,1,4,60,1,5,41,1,0,1,0,0,0,0,2,2,3,1,1,0,0,2,0,0,0,0,0,0,0,0,0,0,1,0,1,2,0,0,2,0,0,12,0,7,0,0,2,1,0,0,2,0,0,0,0,5,1,1,0,1,0,0,2,0,0,0,0,0,0,0,0,1,0,0,0,0,1,0,0,0,0,0,0,0,0,0,0,0,0,0,0,0,0
"MK15 8",1807,1632,0,0,0,0,0,0,0,0,0,2,4,2,49,1,10,15,3,0,3,6,0,2,5,0,2,0,0,2,0,0,0,0,2,1,0,0,1,0,0,0,0,1,0,0,4,1,0,3,0,0,64,15,2,3,0,0,8,0,0,29,0,0,0,7,36,4,13,11,0,1,2,1,0,4,0,0,0,0,0,0,10,0,0,0,0,1,5,0,2,0,0,1,0,0,0,1,0,0,1,1,0,0
"MK15 9",4039,3704,0,1,0,0,0,0,0,1,0,2,14,8,107,2,7,47,9,5,6,21,1,5,0,2,1,1,0,0,0,0,0,0,0,0,0,0,0,0,0,0,0,12,3,1,2,0,1,1,0,0,101,26,4,12,0,2,36,2,0,7,4,0,0,8,63,5,15,28,12,0,0,2,1,0,0,0,0,0,0,0,19,0,0,2,0,4,2,0,2,0,0,5,2,0,0,2,0,0,2,2,0,0
"MK16 0",5294,5138,1,0,0,0,0,0,0,0,0,6,19,3,68,3,5,39,1,2,1,4,0,2,4,3,2,0,0,2,0,0,0,0,3,1,0,1,0,1,0,0,0,4,3,2,1,0,0,0,0,1,29,0,0,3,0,1,4,2,0,11,5,3,0,0,14,1,0,6,2,0,1,1,0,3,0,0,0,0,0,0,3,0,0,1,0,0,0,0,1,0,0,1,0,0,0,0,0,0,0,0,0,0
"MK16 8",7844,7625,0,0,0,0,0,0,0,0,0,7,31,9,86,11,12,14,8,9,11,7,4,5,0,1,0,4,0,0,0,0,0,0,4,2,0,1,0,1,1,1,0,9,5,1,3,1,0,0,2,0,21,7,1,5,0,1,5,0,0,0,2,0,0,0,34,0,4,12,11,0,0,2,0,0,5,0,0,0,0,0,4,0,0,1,0,0,0,0,0,0,0,1,1,0,0,1,1,1,3,1,2,0
"MK16 9",4735,4621,1,1,0,0,0,0,0,1,0,1,9,2,51,3,14,9,4,7,3,2,0,1,1,6,0,0,0,0,1,0,0,0,1,0,0,0,1,0,0,0,0,1,2,5,3,0,0,0,2,1,9,2,0,0,0,1,0,0,0,1,3,2,0,0,20,0,0,5,0,0,0,5,0,2,8,0,0,0,0,0,6,0,0,0,0,0,2,0,1,1,0,0,2,0,0,0,0,0,2,2,0,0
"MK17 0",5984,5911,5,1,0,0,0,1,0,0,0,7,1,2,21,0,3,4,4,0,1,0,0,0,2,0,1,0,6,0,0,0,0,0,1,0,0,0,0,1,0,0,0,4,0,9,1,0,0,0,1,0,4,0,1,0,0,0,0,0,0,0,0,1,2,0,13,0,5,2,1,0,0,4,1,0,0,0,0,0,0,0,3,0,0,0,0,0,0,0,0,0,0,0,2,0,0,1,0,0,1,0,0,1
"MK17 8",6472,6325,1,0,0,0,0,0,0,0,0,9,2,15,68,12,5,19,0,2,8,1,0,2,1,5,8,2,2,0,0,0,0,1,4,1,1,0,0,2,0,0,0,2,0,5,3,0,0,1,2,0,15,1,0,0,0,2,9,0,0,0,0,3,0,0,14,0,4,5,2,1,0,2,0,0,0,0,0,0,0,0,8,0,0,0,0,1,0,0,0,0,0,3,4,0,0,0,0,0,1,0,0,1
"MK17 9",4280,4192,0,0,0,0,0,0,0,0,0,8,6,2,41,5,2,17,3,1,1,0,0,6,0,0,2,0,1,0,3,0,0,0,2,0,1,0,0,1,0,0,0,0,2,0,0,0,0,0,0,0,15,3,0,0,0,0,3,0,0,0,9,0,0,0,9,1,0,3,0,0,0,0,0,2,3,0,0,0,0,0,2,0,0,0,0,0,0,0,0,0,0,0,2,0,0,0,0,0,1,0,0,1
"MK18 1",9029,8555,1,0,0,0,0,0,0,0,0,25,15,18,144,6,31,46,9,5,13,4,2,3,2,12,3,3,0,1,4,0,0,0,1,0,0,0,0,1,1,1,0,14,11,29,20,1,3,2,0,14,71,22,7,3,0,8,2,0,4,6,14,2,0,3,96,6,8,26,14,15,8,11,3,4,1,0,0,0,0,0,21,0,0,1,0,0,3,0,1,1,0,1,5,6,1,2,4,4,3,3,0,0
"MK18 2",5811,5750,0,0,0,0,0,0,0,0,0,3,1,2,30,5,7,7,0,0,0,1,0,1,0,1,3,1,2,2,0,0,0,0,1,1,0,0,0,0,0,0,0,0,1,4,2,0,0,0,0,2,2,0,0,0,0,2,0,0,0,0,0,0,0,0,14,5,0,1,3,0,0,4,0,1,0,0,0,0,0,0,1,0,0,0,0,0,0,0,0,0,0,0,1,0,0,0,0,0,0,0,0,0
"MK18 3",5767,5711,2,1,1,0,0,0,0,0,0,7,1,4,24,4,7,7,0,2,1,0,0,0,0,0,1,1,1,0,0,0,0,0,1,1,0,0,0,0,0,0,0,0,0,3,0,0,0,0,0,0,2,0,0,0,0,2,0,0,0,0,0,0,0,0,10,1,0,3,3,0,0,2,0,1,0,0,0,0,0,0,1,0,0,0,0,0,0,0,0,0,0,0,1,0,0,0,0,0,0,0,0,0
"MK18 4",3454,3392,2,0,0,0,0,0,0,0,0,4,3,3,25,3,5,9,0,3,1,0,0,0,0,0,1,3,0,0,0,0,0,0,0,0,0,0,0,0,0,0,0,1,0,2,2,0,0,1,0,1,11,6,0,4,0,0,1,0,0,0,0,0,0,0,5,1,0,1,0,0,0,3,0,0,0,0,0,0,0,0,2,0,0,0,0,0,0,0,0,0,0,0,2,0,0,0,0,0,2,1,0,1
"MK18 5",2237,2161,0,0,0,0,0,0,0,0,0,7,1,3,27,2,5,3,0,0,4,0,2,0,4,6,0,1,0,0,0,0,0,0,7,0,3,2,0,2,0,0,0,14,2,1,0,0,0,0,0,0,1,0,0,0,0,0,0,0,0,0,0,1,0,0,12,0,0,7,1,2,0,2,0,0,0,0,0,0,0,0,0,0,0,0,0,0,0,0,0,0,0,0,0,0,0,0,0,0,1,0,0,1
"MK18 7",3440,3327,0,0,0,0,0,0,0,0,0,13,4,2,50,2,7,30,3,4,0,0,0,1,0,0,1,1,0,0,0,0,0,1,0,0,0,0,0,0,0,0,0,0,1,11,0,0,0,0,0,0,15,6,0,3,0,0,1,0,0,0,3,1,0,1,16,0,0,4,3,0,0,4,0,5,0,0,0,0,0,0,0,0,0,0,0,0,0,0,0,0,0,0,0,0,0,0,1,1,0,0,0,0
"MK19 6",6237,6122,0,1,1,0,0,0,0,0,0,10,1,6,43,6,1,23,0,0,3,1,0,1,3,0,1,2,1,0,0,1,0,0,1,0,0,0,1,0,0,0,0,7,2,2,2,0,0,1,0,1,31,5,2,0,0,1,22,0,0,1,0,0,0,0,3,0,0,1,0,0,0,1,0,1,0,0,1,0,0,0,5,0,0,0,0,1,0,0,2,0,0,1,0,0,1,0,0,0,0,0,0,0
"MK19 7",4603,4532,0,0,0,0,0,0,0,0,0,1,1,0,40,8,11,7,0,0,7,0,0,3,0,0,1,0,2,1,0,0,0,0,2,0,2,0,0,0,0,0,0,0,0,0,2,0,0,1,1,0,4,1,0,0,0,0,3,0,0,0,0,0,0,0,6,0,1,1,3,0,0,1,0,0,0,0,0,0,0,0,15,0,0,2,0,12,0,0,0,0,0,0,1,0,0,0,0,0,0,0,0,0
"MK2  2",6195,5285,0,0,0,0,0,0,0,0,0,9,21,28,302,131,6,118,5,4,3,13,7,4,2,0,6,1,1,0,0,0,1,0,3,3,0,0,0,0,0,0,0,7,0,5,6,0,0,4,2,0,428,11,4,22,0,347,7,0,2,26,2,1,0,6,42,2,3,12,6,0,0,4,1,12,2,0,0,0,0,0,56,1,0,4,0,2,3,2,20,0,0,1,3,2,11,7,0,0,3,3,0,0
"MK2  3",7329,6665,1,0,0,0,0,0,0,0,0,19,19,25,137,39,2,58,2,2,9,12,1,3,0,0,6,0,0,0,2,1,0,0,4,3,0,0,0,1,0,0,0,3,1,7,9,0,0,9,0,0,294,24,0,10,0,213,5,0,2,33,4,0,0,3,46,0,12,18,1,1,0,2,3,9,0,0,0,0,0,0,94,0,0,10,0,19,11,0,21,0,4,15,1,3,4,6,4,4,1,0,1,0
"MK3  5",6224,5932,1,2,0,0,0,0,0,2,0,2,9,9,139,33,12,80,1,1,4,1,0,2,0,1,1,2,0,1,0,0,0,0,4,0,3,0,1,0,0,0,0,2,0,8,8,0,1,2,5,0,56,5,0,7,0,23,11,0,0,9,0,0,0,1,24,3,8,5,3,0,2,1,1,0,1,0,0,0,0,0,25,0,0,6,0,3,0,0,4,0,0,5,0,1,0,6,0,0,3,3,0,0
"MK3  6",5361,5069,1,0,0,0,0,0,0,0,0,15,11,5,100,20,4,34,3,0,20,8,6,0,0,1,1,2,0,1,0,0,0,0,6,1,4,0,0,1,0,0,0,4,0,4,8,0,0,8,0,0,58,6,2,4,0,10,11,0,0,20,0,0,2,3,32,1,6,13,0,0,4,4,0,4,0,1,0,0,0,0,43,0,0,27,1,1,1,4,5,0,0,3,0,0,0,1,1,1,3,1,1,1
"MK3  7",10086,9593,0,0,0,0,0,0,0,0,0,26,12,18,113,21,9,64,0,0,5,5,1,0,2,1,0,0,2,0,0,0,3,0,0,0,0,0,0,0,0,0,0,9,5,7,10,0,0,10,0,0,165,13,1,18,0,51,52,0,0,27,0,0,0,3,61,6,6,30,1,2,0,8,0,5,3,0,1,0,0,0,64,3,0,19,1,10,2,0,6,0,1,9,4,3,3,3,2,2,0,0,0,0
"MK4  1",5467,4972,3,1,0,0,0,0,0,1,0,9,8,10,136,5,6,92,0,3,2,11,1,5,5,2,3,0,0,0,0,0,0,1,2,1,0,0,0,1,0,0,0,3,4,12,14,0,0,6,4,4,142,21,5,30,0,17,35,2,2,20,5,0,0,5,108,4,41,32,16,1,0,3,0,9,2,0,0,0,0,0,42,0,0,2,0,13,3,2,7,0,3,1,5,2,1,3,0,0,1,1,0,0
"MK4  2",5011,4490,0,0,0,0,0,0,0,0,0,26,7,23,170,2,11,102,1,1,4,2,2,1,14,3,24,1,2,0,0,0,0,0,6,2,3,0,0,1,0,0,0,5,0,4,9,0,0,9,0,0,130,21,16,15,0,3,27,1,12,19,14,2,0,0,106,9,27,51,9,1,2,2,1,3,1,0,0,0,0,0,30,0,0,3,0,5,3,0,2,0,0,6,0,3,1,7,2,2,3,3,0,0
"MK4  3",3334,3117,0,0,0,0,0,0,0,0,0,10,2,18,56,3,2,18,2,1,0,4,0,1,7,2,12,3,0,0,0,0,1,0,0,0,0,0,0,0,0,0,0,1,0,6,4,0,0,4,0,0,49,4,5,14,0,2,10,6,2,4,2,0,0,0,47,3,9,23,7,0,0,2,1,2,0,0,0,0,0,0,24,0,0,0,0,2,3,0,7,0,0,6,3,0,0,3,0,0,0,0,0,0
"MK4  4",6882,6311,1,3,2,0,0,0,0,1,0,15,8,34,142,8,8,56,3,5,12,5,4,11,5,6,14,2,2,0,0,0,0,1,6,5,1,0,0,0,0,0,0,8,9,7,7,0,0,3,4,0,191,47,16,26,1,4,23,6,15,31,7,5,0,10,83,11,16,27,19,4,0,3,2,0,1,0,0,0,0,0,54,0,0,7,0,6,9,0,3,0,1,15,6,4,1,2,0,0,3,2,1,0
"MK40 1",3453,2184,0,0,0,0,0,0,0,0,0,22,32,11,539,60,6,361,6,15,5,38,19,8,9,3,2,0,0,0,6,0,1,0,21,6,12,1,0,2,0,0,0,26,0,20,54,0,12,33,6,3,413,21,8,53,1,295,6,0,2,11,3,9,0,4,72,1,2,21,0,0,2,2,2,34,8,0,0,0,0,0,50,0,0,1,0,6,1,2,9,0,0,11,0,0,6,14,8,8,1,1,0,0
"MK40 2",7069,5740,0,2,1,0,0,0,0,1,0,31,15,21,627,88,51,369,11,6,6,52,16,5,12,4,0,0,5,1,0,0,1,0,30,12,14,2,0,2,0,0,0,49,7,21,31,0,4,14,11,2,220,17,11,44,0,98,4,9,3,12,19,2,0,1,203,11,52,99,3,12,4,3,6,12,1,0,0,0,0,0,58,0,3,0,0,2,0,6,16,0,0,21,5,0,0,5,7,7,7,0,0,7
"MK40 3",8056,7303,2,0,0,0,0,0,0,0,0,25,15,27,440,125,18,202,5,3,10,29,10,5,0,12,11,0,2,1,1,5,1,0,21,10,9,2,0,0,0,0,0,16,10,12,14,0,0,8,2,4,96,26,2,30,0,20,9,1,0,4,2,0,0,2,35,1,3,19,2,0,1,1,1,4,3,0,0,0,0,0,36,1,0,0,0,4,0,1,4,0,0,12,4,1,1,8,2,2,2,2,0,0
"MK40 4",11063,7946,0,2,2,0,0,0,0,0,0,29,23,20,902,257,12,489,3,10,24,46,42,5,2,5,6,1,0,0,0,0,0,0,28,3,15,4,0,6,0,0,0,22,8,40,277,0,5,116,154,2,1624,548,14,496,22,475,13,1,2,20,10,1,1,21,58,9,18,8,2,2,0,3,8,7,1,1,0,0,0,0,70,2,1,1,0,1,5,0,23,1,2,14,2,3,1,14,6,6,7,4,1,2
"MK41 0",9064,8363,1,0,0,0,0,0,0,0,0,17,22,16,316,41,8,210,2,5,4,22,5,8,5,2,2,1,1,0,0,0,0,0,20,2,18,0,0,0,0,0,0,14,13,17,29,2,0,27,0,0,129,15,13,62,0,22,3,2,0,5,3,0,0,4,26,2,5,14,0,0,0,0,1,4,0,0,0,0,0,0,73,2,0,1,0,9,2,1,21,0,4,17,0,6,3,7,3,3,5,3,1,1
"MK41 6",4379,4092,1,2,1,0,0,0,0,0,1,6,8,3,114,16,2,66,3,3,5,6,5,0,2,0,3,0,1,0,0,0,2,0,7,3,2,1,1,0,0,0,0,10,1,8,4,0,1,3,0,0,60,6,6,29,0,3,5,0,2,2,4,1,0,2,25,0,5,17,0,1,1,0,0,1,0,0,0,0,0,0,32,1,2,1,0,5,6,0,2,5,0,4,0,0,1,5,2,2,4,3,0,1
"MK41 7",11689,10688,1,3,3,0,0,0,0,0,0,36,27,21,440,106,7,223,7,9,4,51,11,6,6,4,1,1,1,1,0,0,0,2,26,8,15,1,1,1,0,0,0,10,2,13,18,1,3,7,6,1,282,17,7,135,0,77,10,11,2,4,10,1,1,7,77,3,6,35,2,1,1,4,3,15,7,0,0,0,0,0,39,0,0,0,0,2,2,1,8,0,0,10,6,0,2,8,1,1,5,4,1,0
"MK41 8",7759,7372,2,0,0,0,0,0,0,0,0,7,12,16,156,52,6,62,1,2,4,17,0,3,0,2,4,0,1,1,1,0,0,0,12,3,7,1,1,0,0,0,0,0,5,11,3,0,3,0,0,0,121,9,3,60,0,7,13,8,6,4,3,0,0,8,22,0,4,16,0,0,0,0,0,1,1,0,0,0,0,0,16,1,0,0,0,1,0,0,3,0,2,4,2,0,0,3,3,3,1,1,0,0
"MK41 9",8085,7475,0,1,1,0,0,0,0,0,0,27,15,14,299,126,10,108,2,2,0,25,10,6,2,2,0,2,2,2,0,0,0,0,21,7,12,0,0,2,0,0,0,2,8,29,24,1,2,20,0,1,104,8,11,42,0,16,6,0,5,14,1,0,0,1,41,0,3,19,1,0,0,4,3,10,1,0,0,0,0,0,22,0,0,1,0,0,0,0,2,0,8,7,0,2,0,2,1,1,2,2,0,0
"MK42 0",11509,9611,1,1,0,0,0,0,0,1,0,22,31,20,951,126,2,598,7,14,33,131,15,5,6,3,6,0,0,1,2,0,1,1,47,6,36,4,1,0,0,0,0,28,5,24,60,0,18,32,10,0,587,39,4,177,1,308,13,0,0,10,10,5,0,20,51,4,1,19,0,0,1,4,1,18,3,0,0,0,0,0,64,1,0,6,0,5,3,0,9,1,7,21,1,0,8,2,3,3,3,2,1,0
"MK42 6",885,846,0,0,0,0,0,0,0,0,0,0,0,0,17,0,3,10,2,0,0,0,0,0,2,0,0,0,0,0,0,0,0,0,7,5,2,0,0,0,0,0,0,1,0,0,4,0,0,4,0,0,6,0,0,3,0,2,0,0,0,1,0,0,0,0,1,0,0,1,0,0,0,0,0,0,0,0,0,0,0,0,3,0,0,0,0,0,2,0,0,0,0,1,0,0,0,0,0,0,0,0,0,0
"MK42 7",8107,7354,0,0,0,0,0,0,0,0,0,23,11,8,256,48,7,140,10,7,2,18,8,2,0,0,2,0,2,4,1,5,0,0,29,4,22,2,1,0,0,0,0,9,5,8,33,0,1,21,10,1,315,22,8,213,0,20,12,0,0,6,31,0,0,3,21,3,2,6,0,0,6,0,0,4,0,0,0,0,0,0,29,0,0,0,0,2,0,1,6,0,1,11,0,2,1,5,2,2,4,3,0,1
"MK42 8",10015,8911,0,0,0,0,0,0,0,0,0,14,7,11,384,82,12,185,8,1,13,60,3,4,4,0,0,1,1,1,2,5,2,0,30,3,25,1,1,0,0,0,0,1,5,13,32,0,8,9,15,0,539,18,12,398,0,40,21,2,0,22,15,0,0,11,36,4,4,18,0,0,3,3,0,4,0,0,0,0,0,0,21,0,0,0,0,0,1,0,7,0,0,9,2,0,0,2,4,4,7,5,1,1
"MK42 9",11820,8954,1,0,0,0,0,0,0,0,0,15,22,22,1311,283,6,731,15,10,82,116,46,4,0,13,2,1,0,1,0,1,0,0,68,16,48,1,1,2,0,0,0,26,13,8,43,0,3,28,4,8,1167,82,40,636,0,303,17,2,12,26,28,16,0,5,76,4,8,6,0,4,5,6,2,40,1,0,0,6,6,0,82,0,0,0,0,2,10,13,8,0,1,26,6,7,4,5,3,3,3,1,2,0
"MK43 0",11783,10630,3,0,0,0,0,0,0,0,0,89,18,114,254,58,18,49,5,8,7,7,10,25,7,33,8,5,3,3,0,1,0,7,10,5,3,1,0,1,0,0,0,20,6,119,18,0,3,14,1,0,147,22,43,18,0,5,9,3,3,28,6,3,0,7,285,9,10,149,3,11,1,15,68,18,1,0,0,0,0,0,63,0,0,0,0,0,4,3,5,0,0,2,2,42,1,4,0,0,7,2,4,1
"MK43 7",7191,7078,3,0,0,0,0,0,0,0,0,5,4,1,49,8,7,9,1,3,0,5,0,1,0,1,6,3,3,1,1,0,0,0,0,0,0,0,0,0,0,0,0,6,2,1,3,1,2,0,0,0,16,0,0,8,0,0,0,0,0,5,0,0,3,0,13,0,1,8,0,0,2,0,0,2,0,0,0,0,0,0,9,0,0,0,0,0,0,1,0,0,0,1,6,0,0,1,1,1,0,0,0,0
"MK43 8",6985,6889,0,0,0,0,0,0,0,0,0,5,1,3,56,10,5,21,5,2,4,1,0,0,3,0,3,1,1,0,0,0,0,0,2,1,1,0,0,0,0,0,0,0,1,1,0,0,0,0,0,0,14,0,0,10,0,0,1,0,0,0,3,0,0,0,10,0,0,3,2,1,0,1,0,0,3,0,0,0,0,0,1,0,0,0,0,0,0,0,1,0,0,0,0,0,0,0,0,0,2,1,0,1
"MK43 9",6065,5944,5,0,0,0,0,0,0,0,0,3,4,0,35,10,1,9,3,2,0,4,2,0,0,2,1,0,1,0,0,0,0,0,2,0,0,1,0,1,0,0,0,2,6,0,5,0,0,0,0,5,32,1,0,29,0,0,0,0,0,0,0,2,0,0,16,0,1,7,0,3,0,4,0,1,0,0,0,0,0,0,7,0,0,0,0,0,0,0,5,0,0,1,0,1,0,0,0,0,4,4,0,0
"MK44 1",5107,5038,0,2,0,0,0,0,1,1,0,2,0,5,27,9,5,0,2,0,0,1,0,1,0,0,8,1,0,0,0,0,0,0,2,0,1,1,0,0,0,0,0,2,0,3,1,0,0,0,0,1,17,1,3,5,0,5,0,0,0,0,0,0,3,0,8,0,0,4,1,0,0,2,0,1,0,0,0,0,0,0,0,0,0,0,0,0,0,0,0,0,0,0,0,0,0,0,0,0,0,0,0,0
"MK44 2",3387,3349,1,0,0,0,0,0,0,0,0,1,0,3,17,7,4,1,2,1,0,0,0,0,0,0,1,1,0,0,0,0,0,0,0,0,0,0,0,0,0,0,0,0,2,0,0,0,0,0,0,0,7,2,0,4,0,0,1,0,0,0,0,0,0,0,5,1,0,3,0,0,0,1,0,0,0,0,0,0,0,0,2,0,0,0,0,0,0,0,0,0,0,0,2,0,0,0,0,0,0,0,0,0
"MK44 3",6415,6315,1,0,0,0,0,0,0,0,0,1,7,5,39,11,2,17,0,0,0,3,0,1,0,0,4,0,0,0,0,0,0,1,6,3,2,1,0,0,0,0,0,3,0,1,0,0,0,0,0,0,11,0,0,3,0,0,2,0,0,4,0,2,0,0,19,0,0,16,1,0,0,0,0,2,0,0,0,0,0,0,4,0,1,0,0,0,0,0,0,0,0,0,3,0,0,0,1,1,2,1,0,1
"MK45 1",12205,11944,1,0,0,0,0,0,0,0,0,35,2,19,84,9,10,36,1,1,4,8,0,2,3,0,2,1,5,1,0,0,1,0,5,2,2,0,0,1,0,0,0,6,5,7,0,0,0,0,0,0,24,3,1,2,0,1,5,0,0,11,1,0,0,0,57,2,6,20,2,1,1,7,0,12,6,0,0,0,0,0,9,0,0,0,0,0,1,0,1,0,0,4,3,0,0,0,2,2,5,3,0,2
"MK45 2",10003,9853,0,0,0,0,0,0,0,0,0,12,7,7,65,10,6,18,3,3,0,6,0,4,10,0,3,1,1,0,0,0,0,0,1,0,1,0,0,0,0,0,0,2,6,0,1,0,0,1,0,0,22,11,3,1,0,0,2,0,0,2,0,3,0,0,21,0,3,3,7,0,0,0,0,8,0,0,0,0,0,0,5,0,0,0,0,0,0,0,1,0,0,0,4,0,0,0,0,0,1,1,0,0
"MK45 3",5656,5528,2,1,0,0,0,0,0,1,0,1,1,7,51,9,3,31,1,5,0,0,0,0,1,0,0,0,1,0,0,0,0,0,1,0,0,1,0,0,0,0,0,7,0,1,0,0,0,0,0,0,32,3,3,12,0,0,11,0,3,0,0,0,0,0,20,2,0,12,0,0,0,4,0,1,1,0,0,0,0,0,3,0,0,0,0,0,0,0,0,0,0,0,0,0,0,3,1,1,0,0,0,0
"MK45 4",8857,8735,0,0,0,0,0,0,0,0,0,12,1,7,36,11,3,12,1,0,1,1,0,1,0,0,3,1,1,1,0,0,0,0,1,0,1,0,0,0,0,0,0,0,2,2,1,0,0,1,0,0,39,6,0,11,0,2,14,0,0,1,1,0,4,0,16,1,1,7,3,0,0,0,0,3,1,0,0,0,0,0,1,0,0,0,0,0,0,0,0,0,0,0,1,0,0,0,0,0,4,2,0,2
"MK45 5",4946,4882,1,0,0,0,0,0,0,0,0,10,3,9,17,6,4,4,1,0,0,0,1,0,0,0,1,0,0,0,0,0,0,0,1,0,0,0,0,1,0,0,0,0,1,2,0,0,0,0,0,0,11,0,0,4,0,4,3,0,0,0,0,0,0,0,2,0,0,0,0,0,0,1,1,0,0,0,0,0,0,0,2,0,0,0,0,0,0,0,1,0,0,1,0,0,0,0,1,1,4,1,2,1
"MK46 4",2960,2902,1,2,2,0,0,0,0,0,0,7,2,3,15,1,2,1,0,0,0,3,0,5,0,0,2,0,1,0,0,0,0,0,1,0,0,0,0,1,0,0,0,0,0,2,2,0,0,2,0,0,2,0,0,1,0,1,0,0,0,0,0,0,0,0,9,0,0,3,1,0,0,1,0,0,4,0,0,0,0,0,12,0,0,2,0,0,8,0,0,0,0,0,2,0,0,0,0,0,0,0,0,0
"MK46 5",5815,5731,0,0,0,0,0,0,0,0,0,6,4,1,48,4,8,15,3,3,4,0,0,7,0,1,1,0,0,2,0,0,0,0,0,0,0,0,0,0,0,0,0,0,0,2,3,0,0,3,0,0,6,2,0,0,0,2,0,0,0,0,0,0,0,2,7,0,0,2,0,0,0,1,0,2,2,0,0,0,0,0,2,0,0,0,0,0,0,0,0,0,0,0,0,0,0,2,3,3,2,1,0,1
"MK5  6",5008,4458,0,0,0,0,0,0,0,0,0,9,3,51,130,13,10,67,1,6,7,7,0,7,2,4,5,1,0,0,0,0,0,0,3,2,0,0,1,0,0,0,0,4,7,31,4,0,0,4,0,0,202,31,36,20,0,1,15,19,11,44,17,0,0,8,65,5,6,23,12,4,0,1,0,11,3,0,0,0,0,0,40,0,0,4,0,8,6,4,2,0,0,3,4,1,7,1,1,1,0,0,0,0
"MK5  7",6563,5922,1,0,0,0,0,0,0,0,0,19,18,74,105,3,5,70,0,0,4,3,0,5,3,4,4,0,1,1,2,0,0,0,7,0,6,0,0,1,0,0,0,5,4,3,12,0,0,10,1,1,234,31,28,25,0,17,49,4,20,49,1,2,1,7,103,13,13,40,21,0,0,4,3,9,0,0,0,0,0,0,53,0,0,7,0,12,3,4,13,0,6,4,2,0,1,1,1,1,2,2,0,0
"MK5  8",3150,2868,0,1,0,0,0,0,0,1,0,5,10,16,56,10,14,18,0,2,2,0,0,0,2,1,2,2,3,0,0,0,0,0,2,1,0,0,0,1,0,0,0,13,0,6,3,0,0,3,0,0,105,24,7,18,0,7,12,5,10,12,2,1,3,4,54,5,2,14,14,2,1,3,0,11,2,0,0,0,0,0,11,0,0,0,0,3,0,0,1,0,0,3,0,0,2,2,0,0,0,0,0,0
"MK6  2",10183,7398,0,1,0,0,0,0,0,1,0,90,50,29,758,40,34,440,24,10,17,77,29,16,3,5,42,11,0,2,8,0,0,0,15,8,0,1,0,6,0,0,0,41,15,17,25,0,0,25,0,0,1006,144,67,31,3,84,48,26,28,481,10,9,57,18,256,5,43,119,9,1,0,7,8,63,1,0,0,1,1,0,460,2,0,155,0,108,29,6,78,1,12,20,4,7,19,19,9,9,12,11,1,0
"MK6  3",5323,4533,0,0,0,0,0,0,0,0,0,18,5,7,294,14,10,157,11,4,8,50,5,12,1,5,9,3,0,2,3,0,0,0,3,1,1,1,0,0,0,0,0,15,4,15,12,0,0,10,1,1,274,27,16,16,2,10,48,0,9,140,0,3,0,3,43,5,0,10,10,0,0,1,0,12,5,0,0,0,0,0,95,0,0,23,0,28,3,1,28,0,0,4,2,1,2,3,2,2,3,2,0,1
"MK6  4",5713,5053,0,1,1,0,0,0,0,0,0,30,6,6,191,8,9,97,5,5,4,31,3,4,5,1,17,1,0,0,0,0,1,0,5,2,3,0,0,0,0,0,0,10,2,15,13,0,0,12,1,0,109,22,4,6,0,19,10,0,1,27,8,3,1,8,16,0,2,3,1,1,0,1,0,6,2,0,0,0,0,0,250,1,0,69,1,68,9,4,78,0,4,7,0,1,6,2,4,4,2,2,0,0
"MK6  5",5206,4437,0,0,0,0,0,0,0,0,0,15,10,7,178,11,9,94,0,1,16,23,6,5,1,1,7,2,1,0,0,0,1,0,1,1,0,0,0,0,0,0,0,34,0,7,17,0,0,16,1,0,233,55,0,18,3,12,23,2,13,90,8,5,2,2,142,5,6,8,1,0,2,2,1,114,3,0,0,0,0,0,119,0,0,23,0,31,1,3,19,0,1,19,0,2,7,13,2,2,4,2,2,0
"MK7  6",2482,2193,0,0,0,0,0,0,0,0,0,7,8,13,111,4,9,76,5,1,2,11,0,2,0,0,1,0,0,0,0,0,0,0,3,1,2,0,0,0,0,0,0,3,0,13,5,0,0,4,0,1,43,18,6,2,0,0,12,0,0,3,0,1,0,1,59,8,29,15,2,4,0,0,1,0,0,0,1,0,0,0,21,0,0,6,0,4,3,1,3,0,0,2,0,1,1,0,0,0,2,1,1,0
"MK7  7",6560,5968,0,0,0,0,0,0,0,0,0,8,13,14,278,7,21,182,6,3,12,25,1,6,0,4,4,2,5,0,0,0,0,0,7,3,0,1,0,3,0,0,0,18,4,12,13,0,0,9,0,4,85,15,6,8,0,8,16,3,2,17,0,2,6,2,84,2,18,36,17,0,1,2,1,7,0,0,0,0,0,0,53,0,0,7,0,11,4,0,5,0,0,13,4,0,0,9,1,1,2,2,0,0
"MK7  8",4769,4428,1,1,0,0,0,0,0,1,0,8,5,10,121,7,10,85,0,3,0,5,0,3,1,4,1,1,0,0,0,0,0,1,2,0,0,0,0,2,0,0,0,4,2,6,7,0,0,6,0,1,58,8,7,4,0,4,24,0,2,6,0,1,0,2,82,0,19,22,30,2,0,3,0,4,2,0,1,0,0,0,32,1,0,4,0,6,1,1,5,0,0,9,0,1,0,4,0,0,1,1,0,0
"MK8  0",4499,4122,1,1,1,0,0,0,0,0,0,18,13,32,86,4,19,33,8,1,0,7,0,8,1,0,2,3,0,0,0,0,0,0,0,0,0,0,0,0,0,0,0,3,8,14,9,0,0,8,0,1,94,14,5,14,0,5,15,5,5,22,6,0,0,3,46,2,8,11,12,2,0,1,0,10,0,0,0,0,0,0,47,0,0,4,0,8,2,0,10,0,2,6,4,0,10,1,1,1,4,3,0,1
"MK8  8",4031,3625,2,0,0,0,0,0,0,0,0,11,7,8,133,3,13,77,7,1,6,13,2,3,0,2,2,0,1,0,0,3,0,0,1,0,0,0,0,1,0,0,0,3,4,4,6,0,0,4,0,2,176,31,13,20,0,11,19,4,15,44,4,0,0,15,43,2,13,15,3,2,0,4,0,4,0,0,1,0,0,0,4,0,0,1,0,1,0,0,1,0,0,0,0,0,1,0,3,3,0,0,0,0
"MK8  9",2963,2698,0,0,0,0,0,0,0,0,0,17,3,14,70,7,10,29,2,0,9,4,1,2,1,2,2,0,0,0,0,0,0,1,1,0,0,0,0,1,0,0,0,2,1,6,5,0,0,5,0,0,95,5,10,8,0,3,16,7,10,24,1,2,0,9,37,1,10,11,5,0,0,3,3,4,0,0,2,0,0,0,10,0,0,7,0,0,0,0,1,0,0,2,0,0,0,0,1,1,1,1,0,0
"MK9  2",1367,1020,0,0,0,0,0,0,0,0,0,9,12,50,115,9,26,37,4,1,2,4,3,8,0,14,2,3,0,0,0,0,0,2,0,0,0,0,0,0,0,0,0,12,3,2,8,0,0,8,0,0,76,5,14,1,0,7,21,7,7,6,5,0,1,2,37,6,0,16,11,1,0,1,0,1,1,0,0,0,0,0,22,2,0,4,0,4,0,0,6,0,1,1,0,2,1,1,1,1,0,0,0,0
"MK9  3",1481,1051,0,0,0,0,0,0,0,0,0,28,21,21,143,11,7,66,3,1,5,18,14,7,2,3,1,4,1,0,0,0,0,0,1,0,1,0,0,0,0,0,0,15,2,2,13,0,0,12,1,0,100,9,24,1,0,18,8,5,12,13,4,0,3,3,43,2,0,20,7,3,4,6,0,0,1,0,0,0,0,0,38,2,2,10,0,5,0,0,12,0,0,2,3,0,2,0,3,3,0,0,0,0
"MK9  4",385,314,0,0,0,0,0,0,0,0,0,0,0,2,35,1,0,22,0,1,0,4,1,2,0,0,0,0,0,0,4,0,0,0,0,0,0,0,0,0,0,0,0,0,0,1,1,0,0,1,0,0,19,2,7,0,0,0,2,4,0,4,0,0,0,0,4,0,0,2,0,0,0,1,0,1,0,0,0,0,0,0,9,0,0,1,0,2,0,0,3,0,2,1,0,0,0,0,0,0,0,0,0,0
"N1   0",10267,8088,1,3,3,0,0,0,0,0,0,196,77,176,436,99,80,55,1,6,9,8,0,28,6,94,20,16,3,3,3,1,2,2,82,62,4,4,2,10,0,0,0,33,256,80,73,4,34,21,0,14,253,15,3,2,0,224,6,0,0,1,1,0,0,1,306,22,64,120,25,18,24,17,3,11,2,0,0,0,0,0,191,17,32,103,0,7,4,2,1,0,3,0,6,1,4,11,10,10,6,5,1,0
"N1   1",8527,7387,6,2,2,0,0,0,0,0,0,167,39,114,348,95,60,31,9,6,7,4,3,15,6,45,13,34,7,7,1,0,1,4,43,24,6,0,1,12,2,0,2,17,53,31,58,8,17,24,3,6,56,8,1,4,0,27,9,0,0,0,0,1,0,6,107,10,25,25,17,4,10,10,1,5,0,1,0,0,0,0,90,11,16,40,0,8,1,0,1,0,5,1,2,0,1,4,2,2,4,4,0,0
"N1   2",11101,9310,2,3,0,0,0,2,0,1,0,169,67,178,429,142,78,57,6,5,9,10,4,4,5,42,29,23,7,2,1,0,1,4,55,31,12,0,0,12,0,0,0,22,264,59,75,5,43,22,1,4,140,10,3,8,0,105,3,1,1,2,0,2,0,5,147,9,33,38,21,6,8,9,4,16,3,0,0,0,0,0,162,13,18,78,0,11,16,1,4,3,3,0,3,1,0,11,8,8,11,9,2,0
"N1   3",7773,6603,4,1,1,0,0,0,0,0,0,83,44,117,334,120,76,33,5,3,7,7,0,2,5,27,14,23,5,3,0,0,1,3,58,43,6,1,0,8,0,0,0,21,138,43,35,3,17,10,0,5,86,2,3,2,0,66,6,0,0,7,0,0,0,0,89,11,9,21,17,4,1,7,2,15,2,1,0,0,0,0,106,22,13,38,1,7,4,2,0,1,6,0,5,0,0,7,5,5,5,5,0,0
"N1   4",8424,6976,4,3,3,0,0,0,0,0,0,92,83,119,402,88,76,60,6,5,5,16,1,8,12,48,15,29,17,9,0,2,3,2,46,36,4,0,1,5,0,0,0,19,213,38,32,6,10,10,0,6,130,6,1,12,0,86,12,0,0,7,0,1,0,5,122,4,8,40,26,6,10,12,3,9,4,0,0,0,0,0,130,17,17,52,0,14,11,2,4,0,4,0,2,1,2,4,4,4,11,9,2,0
"N1   5",8904,6758,0,2,2,0,0,0,0,0,0,117,123,129,332,73,76,47,6,12,7,12,2,7,8,21,11,34,3,3,5,0,4,1,49,24,12,1,0,12,1,0,1,19,585,67,132,12,82,10,15,13,139,2,4,28,0,81,13,1,1,6,0,0,0,3,206,11,41,35,24,5,55,11,0,21,3,0,0,0,0,0,234,20,19,42,1,33,40,17,18,2,3,3,4,7,14,11,9,9,2,0,1,1
"N1   6",8202,5897,2,0,0,0,0,0,0,0,0,219,96,169,429,107,68,58,4,4,10,17,5,10,15,41,25,30,16,3,4,2,1,9,50,21,14,3,1,11,8,0,8,69,417,48,75,7,18,30,4,16,111,8,4,2,0,57,28,0,0,6,3,0,1,2,366,33,23,141,43,28,59,17,2,18,2,0,0,0,0,0,237,25,14,27,4,59,33,16,6,1,7,4,4,8,25,4,8,8,1,0,1,0
"N1   7",10784,8154,0,1,0,1,0,0,0,0,0,272,116,194,518,117,110,66,11,15,9,7,7,14,15,54,21,37,15,6,5,2,5,2,50,28,5,2,3,12,0,0,0,46,494,86,93,7,40,28,9,9,242,5,7,23,0,168,26,0,0,2,0,0,5,6,244,13,27,53,29,20,44,12,2,38,6,0,0,0,0,0,265,16,34,57,5,35,36,20,17,2,14,4,1,1,11,12,8,8,1,1,0,0
"N1   8",7442,6167,2,0,0,0,0,0,0,0,0,128,51,101,376,73,67,45,8,4,7,6,1,6,11,61,34,31,11,5,1,0,1,4,36,18,7,1,1,9,0,0,0,25,112,52,41,7,9,23,0,2,73,0,2,0,0,61,4,3,0,1,0,0,1,1,132,12,12,48,19,6,12,5,0,18,0,0,0,0,0,0,136,19,20,66,0,6,3,5,7,0,3,0,2,2,0,3,7,7,3,3,0,0
"N1   9",6387,4761,0,0,0,0,0,0,0,0,0,153,53,136,412,96,68,32,3,13,13,10,0,9,14,99,10,27,7,4,0,1,1,5,45,18,8,3,4,12,0,0,0,53,106,63,45,3,6,14,8,14,202,17,19,0,0,159,5,0,0,0,0,0,0,2,235,19,34,89,28,24,8,9,8,13,3,0,0,0,0,0,113,20,11,52,0,6,5,0,1,0,3,2,3,2,0,8,5,5,5,5,0,0
"N10  1",8291,6902,2,1,0,0,0,0,0,1,0,75,63,59,540,53,46,182,25,15,12,14,1,24,41,75,7,27,3,5,5,2,0,3,60,39,17,0,2,2,0,0,0,27,151,47,122,14,13,63,14,18,100,11,7,5,0,13,41,2,4,4,0,7,3,3,66,10,6,13,22,4,2,4,0,4,1,0,1,0,0,0,70,1,0,36,0,8,5,2,12,1,2,0,2,0,0,1,3,3,2,2,0,0
"N10  2",9399,8041,0,0,0,0,0,0,0,0,0,73,59,77,579,63,46,218,24,7,19,1,6,44,11,89,13,17,12,3,2,0,2,2,45,22,10,1,1,11,0,0,0,25,93,33,111,7,16,62,18,8,89,12,5,9,0,11,36,0,0,8,0,2,1,5,84,6,7,13,34,4,2,3,1,12,2,0,0,0,0,0,83,4,5,34,0,10,2,0,4,6,1,1,6,3,2,5,5,5,2,2,0,0
"N10  3",9115,8105,5,0,0,0,0,0,0,0,0,93,31,81,447,71,67,73,25,12,8,12,2,42,26,53,13,23,8,8,0,0,0,4,28,10,7,2,0,9,0,0,0,43,82,15,32,5,9,11,0,7,24,7,2,1,0,8,5,0,0,0,0,0,0,1,68,5,3,11,36,6,1,5,1,0,0,0,0,0,0,0,58,2,2,20,0,4,3,0,2,5,0,4,4,2,3,7,3,3,0,0,0,0
"N11  1",9317,6904,1,1,1,0,0,0,0,0,0,48,75,55,815,96,8,275,5,13,106,47,15,24,82,128,5,6,0,0,1,1,2,1,90,67,10,7,3,3,1,1,0,38,257,51,239,2,48,122,45,22,486,29,8,9,0,57,279,1,1,38,4,49,7,4,107,4,17,36,9,3,1,9,2,24,2,0,0,0,0,0,132,5,3,39,6,16,5,2,18,4,4,3,4,2,5,16,14,14,3,3,0,0
"N11  2",10313,7296,2,2,1,0,0,1,0,0,0,109,87,119,1298,124,39,549,38,20,88,41,3,73,89,209,8,4,6,2,2,1,2,0,74,50,17,0,6,1,0,0,0,38,312,55,127,7,29,59,15,17,483,26,23,9,0,104,241,4,5,42,3,15,0,11,157,10,23,54,23,2,10,2,1,30,2,1,1,0,0,0,127,4,1,37,0,26,5,12,5,7,2,4,9,0,5,10,19,19,6,6,0,0
"N11  3",9017,6917,0,0,0,0,0,0,0,0,0,63,78,69,583,55,38,200,26,10,43,32,1,38,37,82,6,5,0,7,2,0,0,1,108,79,20,6,1,2,0,0,0,54,91,47,278,7,19,212,28,12,435,32,19,34,0,31,230,0,9,35,5,11,12,17,164,13,33,50,30,6,1,5,2,21,3,0,0,0,0,0,107,2,0,48,1,6,4,4,8,0,4,1,3,12,4,10,18,18,5,3,0,2
"N12  0",8114,5813,0,3,0,0,0,2,0,1,0,34,82,51,636,83,21,211,29,12,99,14,3,37,24,83,7,4,2,3,1,0,0,3,80,63,9,4,3,1,1,1,0,21,50,75,321,17,14,235,51,4,659,35,18,11,0,40,518,3,3,7,1,2,8,13,197,8,6,38,75,9,2,3,8,31,17,0,2,0,0,0,76,0,1,39,0,4,4,10,7,0,0,0,2,1,2,6,9,9,4,4,0,0
"N12  7",5507,4272,0,0,0,0,0,0,0,0,0,15,20,15,202,38,11,51,9,6,4,1,0,19,21,30,1,3,1,6,0,1,0,0,16,10,3,0,0,3,0,0,0,10,18,10,105,17,4,74,8,2,284,15,24,25,0,7,199,0,0,7,2,0,0,5,515,23,5,49,423,9,0,2,3,1,0,0,4,0,0,0,13,0,0,3,0,0,2,0,0,0,0,5,1,1,0,1,6,6,2,2,0,0
"N12  8",7410,5218,2,0,0,0,0,0,0,0,0,58,59,70,551,54,28,192,33,17,42,38,4,41,54,31,5,7,1,1,1,0,1,1,77,44,20,3,6,4,0,0,0,46,54,105,305,37,17,217,17,17,440,23,29,22,0,25,293,4,1,8,11,6,15,3,356,26,15,66,148,16,3,8,18,54,2,0,2,0,0,0,60,6,1,12,1,0,5,5,6,2,0,3,7,0,2,10,7,7,0,0,0,0
"N12  9",6718,5114,2,0,0,0,0,0,0,0,0,57,65,53,577,56,27,183,53,14,48,15,1,32,43,88,9,5,2,0,1,0,0,0,55,39,12,0,1,3,0,0,0,28,51,31,201,11,4,155,25,6,292,10,8,21,0,24,192,0,1,19,9,1,0,7,144,11,8,31,43,4,0,6,1,37,3,0,2,0,0,0,39,0,1,15,0,1,1,5,4,0,0,0,2,6,1,3,5,5,2,1,0,1
"N13  4",12258,9390,4,1,1,0,0,0,0,0,0,57,56,65,1365,92,34,462,42,21,69,35,7,74,194,302,13,8,5,2,4,0,0,1,89,69,6,8,0,6,2,2,0,56,392,48,144,4,43,66,19,12,416,51,17,25,0,63,203,0,2,20,12,8,5,10,74,8,5,19,5,2,6,2,3,20,4,0,0,0,0,0,65,1,0,29,0,1,2,4,8,2,3,1,2,1,3,8,25,25,9,3,5,1
"N13  5",12454,9103,2,1,0,0,1,0,0,0,0,62,67,53,1399,109,19,276,24,16,117,45,2,20,165,588,6,6,4,2,0,0,0,0,95,77,18,0,0,0,0,0,0,29,731,49,161,1,72,62,13,13,459,58,9,18,0,74,231,3,4,34,8,18,0,2,52,5,7,13,6,1,6,5,0,7,2,0,1,0,0,0,141,3,3,81,0,10,2,6,9,2,3,1,8,0,6,7,41,41,8,5,3,0
"N13  6",5747,3588,2,1,0,0,0,1,0,0,0,27,38,45,831,37,13,286,11,15,49,24,1,37,95,259,0,2,0,2,0,0,0,0,80,59,11,8,2,0,0,0,0,19,433,25,144,1,68,42,19,14,332,35,1,7,0,79,163,0,0,28,0,17,0,2,56,2,17,20,1,2,0,2,1,7,4,0,0,0,0,0,100,2,7,39,0,8,1,3,9,1,10,2,0,0,2,16,22,22,4,3,0,1
"N14  4",10386,8305,3,4,4,0,0,0,0,0,0,47,39,35,796,55,21,192,12,10,63,20,1,22,106,284,5,2,2,0,1,0,0,0,86,76,3,2,1,4,0,0,0,24,360,23,163,5,36,98,13,11,324,33,12,8,0,53,144,3,5,32,3,21,1,9,101,3,25,34,9,4,6,2,1,9,8,0,1,0,0,0,66,6,9,15,0,10,4,2,1,0,2,4,0,1,1,11,7,7,2,2,0,0
"N14  5",6026,4804,0,0,0,0,0,0,0,0,0,23,11,30,493,55,23,83,8,2,37,11,3,8,36,222,0,0,1,2,0,0,2,0,23,20,2,0,0,1,2,1,1,11,146,30,77,2,17,45,10,3,250,20,12,14,0,29,116,5,2,49,0,2,0,1,101,5,15,52,13,1,2,2,1,10,0,0,0,0,0,0,18,0,0,4,0,1,1,2,0,0,0,0,2,1,6,1,3,3,4,2,1,1
"N14  6",6746,5395,1,3,2,0,0,1,0,0,0,32,26,34,492,53,11,107,3,11,17,37,3,11,61,161,2,2,0,1,0,1,6,5,37,27,5,2,1,2,3,3,0,30,171,17,80,4,14,43,14,5,236,26,15,21,0,41,84,6,11,25,4,2,0,1,139,13,15,70,16,0,0,2,0,11,12,0,1,0,0,0,39,0,0,14,0,5,1,7,0,0,0,1,0,0,5,6,6,6,4,3,0,1
"N14  7",5719,4850,2,0,0,0,0,0,0,0,0,25,13,19,356,44,8,43,2,5,21,18,0,15,36,153,5,2,0,1,0,0,1,2,14,10,3,1,0,0,0,0,0,6,101,17,44,2,8,28,1,5,198,20,7,1,0,27,114,0,0,13,0,6,0,10,43,2,12,9,13,0,0,1,3,2,1,0,0,0,0,0,27,0,0,13,0,0,1,0,3,0,1,0,5,0,0,4,1,1,3,2,1,0
"N15  3",10156,6072,1,3,0,0,0,1,2,0,0,158,223,333,1620,197,34,579,29,18,110,53,7,189,177,185,9,11,0,9,8,3,0,2,82,64,6,4,3,5,1,0,1,39,504,93,130,0,86,21,15,8,401,48,10,37,1,197,90,0,3,8,3,2,2,0,213,10,40,66,14,0,19,5,3,46,10,0,0,2,2,0,242,10,21,107,0,25,7,9,7,8,19,4,1,2,7,15,34,34,5,2,3,0
"N15  4",9856,6159,3,11,4,1,0,1,0,0,5,146,193,246,1288,95,36,645,13,7,152,56,8,44,101,79,11,10,5,12,9,2,1,2,44,31,6,4,1,2,5,0,5,34,676,64,125,2,84,18,15,6,216,29,16,13,0,113,20,0,3,2,7,4,1,8,201,19,16,60,11,2,54,2,4,27,6,0,0,0,0,0,420,38,31,159,2,62,27,8,18,12,25,3,1,1,15,18,19,19,6,6,0,0
"N15  5",9343,5555,0,2,0,0,0,2,0,0,0,103,243,245,1256,79,26,485,16,16,277,46,5,50,118,111,5,7,0,7,6,0,0,2,71,55,6,5,2,3,2,0,2,32,648,66,139,5,76,26,8,24,246,23,7,15,0,146,23,0,3,6,5,3,5,10,252,16,15,67,13,1,40,9,3,80,8,0,0,1,1,0,449,31,30,173,1,40,11,20,13,12,21,2,2,22,18,53,26,26,7,5,2,0
"N15  6",12225,8033,0,7,3,0,0,1,2,0,1,119,391,247,1264,102,35,831,8,5,80,16,12,34,40,73,7,9,1,6,1,0,0,4,90,60,10,8,1,11,376,1,375,26,632,100,256,152,82,5,9,8,186,16,2,17,0,78,49,1,0,14,0,2,1,6,147,12,15,50,13,4,21,6,1,17,8,0,0,0,0,0,317,26,19,133,3,55,7,9,11,8,23,1,0,8,10,4,29,29,5,2,3,0
"N16  0",8243,6916,1,1,0,0,0,0,0,1,0,62,58,101,298,54,43,95,1,3,7,4,5,14,5,26,7,15,13,3,0,0,0,3,32,2,9,2,3,16,129,0,129,7,246,32,63,30,17,10,0,6,130,11,1,14,0,56,39,0,0,3,3,0,2,1,83,5,7,12,31,7,12,5,0,2,2,0,0,0,0,0,67,0,14,15,0,11,3,1,8,0,6,1,0,3,4,1,10,10,7,5,1,1
"N16  5",14621,10782,1,10,9,0,0,1,0,0,0,115,175,239,735,77,63,413,4,3,23,12,3,46,4,35,15,20,6,8,1,0,0,2,53,20,7,11,2,13,1064,1,1063,10,466,68,256,197,40,8,2,9,241,32,2,48,0,75,70,0,0,11,0,0,1,2,151,21,10,20,21,5,44,2,0,11,17,1,0,0,0,0,225,21,26,58,2,26,22,9,26,1,12,4,2,4,5,7,14,14,15,12,1,2
"N16  6",14016,9727,6,7,5,0,0,0,0,0,2,105,207,171,887,69,63,561,22,4,47,11,3,31,16,17,11,15,2,10,0,2,1,2,57,28,3,7,0,19,1184,1,1183,20,468,66,284,190,42,27,8,17,505,80,6,29,0,121,254,2,1,4,1,0,1,6,88,8,5,32,17,1,19,1,0,2,3,0,1,0,0,0,186,12,12,33,5,35,29,15,8,1,7,3,4,6,9,7,44,44,3,1,2,0
"N16  7",10686,8308,4,1,1,0,0,0,0,0,0,107,130,192,555,104,87,211,2,8,7,18,2,10,13,31,7,33,11,4,0,0,2,5,41,14,5,0,1,21,61,0,61,15,383,35,89,18,53,7,4,7,504,78,7,44,0,128,239,0,0,4,0,0,0,4,89,5,3,30,29,6,9,3,0,2,2,0,0,2,2,0,154,9,9,28,0,25,21,11,3,1,26,2,3,4,5,7,12,12,4,3,1,0
"N16  8",10945,8504,3,5,3,0,0,0,0,1,1,115,94,145,485,89,62,167,5,4,16,20,1,18,10,30,12,27,8,3,2,0,5,6,36,20,6,1,0,9,2,0,2,17,696,47,116,10,69,19,13,5,274,23,5,38,0,131,64,0,0,7,0,1,0,5,119,3,13,37,27,3,21,8,0,5,2,0,0,2,2,0,266,18,24,89,3,18,28,17,1,10,16,7,1,6,14,14,10,10,9,8,0,1
"N16  9",5818,4821,2,1,0,0,0,0,0,1,0,67,46,88,255,67,48,75,4,2,3,4,1,2,6,13,7,13,5,3,0,0,1,1,24,12,6,0,0,6,0,0,0,7,242,23,36,6,10,12,1,7,118,13,5,12,0,52,31,0,0,5,0,0,0,0,44,2,3,10,12,1,8,4,2,2,0,0,0,1,1,0,36,5,2,8,1,7,2,2,2,2,0,1,1,0,1,2,5,5,2,2,0,0
"N17  0",10377,6528,0,8,3,0,0,2,3,0,0,154,161,111,980,56,16,464,15,11,163,40,7,26,94,60,6,4,14,3,0,0,0,1,98,89,6,1,2,0,3,1,2,19,1002,58,191,1,163,12,9,6,168,19,3,14,0,85,25,0,0,11,1,5,0,5,139,18,7,32,2,1,44,4,0,28,3,0,0,2,2,0,728,30,47,325,7,135,25,38,21,11,25,6,2,11,22,23,14,14,13,11,2,0
"N17  6",19788,12254,1,8,3,0,0,3,1,1,0,303,355,313,2321,164,44,1189,19,29,230,80,6,145,218,147,25,8,8,3,0,2,1,3,203,162,18,16,0,7,12,0,12,89,1483,144,313,8,174,53,49,29,546,94,10,39,0,248,95,0,0,26,4,2,17,11,361,35,45,130,18,1,64,23,3,26,16,3,0,1,1,0,1009,40,58,427,2,217,24,43,30,22,40,7,9,17,24,49,59,59,10,7,1,2
"N17  7",9816,6642,0,0,0,0,0,0,0,0,0,106,108,103,802,45,22,274,15,10,79,37,14,26,165,104,1,1,5,1,0,0,0,3,117,97,13,4,2,1,0,0,0,17,903,81,191,3,159,25,2,2,294,44,2,22,0,159,30,0,3,11,0,4,17,2,137,22,7,26,1,0,33,1,1,39,7,0,0,0,0,0,291,7,15,119,0,51,9,13,15,7,17,1,3,3,15,16,14,14,10,6,3,1
"N17  8",7545,4671,0,1,1,0,0,0,0,0,0,92,106,76,737,30,10,328,13,13,118,27,3,30,108,37,14,0,2,2,0,0,0,2,39,34,4,1,0,0,5,2,3,48,788,64,161,2,139,12,4,4,128,12,0,7,0,64,29,0,0,2,3,4,0,7,93,13,6,14,3,0,26,0,0,27,4,0,0,0,0,0,512,17,18,236,0,93,17,10,23,32,29,5,0,15,13,4,14,14,10,7,3,0
"N17  9",12957,7807,0,1,0,0,0,0,0,1,0,179,140,169,1839,82,37,933,71,27,181,55,4,119,157,124,23,12,7,1,0,4,1,1,117,103,6,5,0,3,10,0,10,74,1025,136,125,5,73,27,8,12,334,81,52,17,0,127,26,0,3,14,1,11,2,0,325,29,25,111,30,0,65,4,5,52,4,2,0,1,0,1,634,21,25,263,1,138,28,31,32,13,29,3,2,8,23,17,31,31,8,5,2,1
"N18  1",14881,9621,0,1,0,0,0,0,0,1,0,164,113,60,1328,77,7,478,11,31,165,43,1,28,156,318,8,0,5,0,0,0,0,0,186,153,21,11,1,0,1,0,1,37,1506,119,317,0,192,91,12,22,606,56,13,31,0,155,183,0,9,102,25,13,6,13,136,12,10,37,3,0,9,0,0,61,4,0,1,2,2,0,628,5,12,338,2,67,23,47,17,10,28,12,0,13,12,42,47,47,8,7,1,0
"N18  2",15069,9635,0,4,1,0,0,1,2,0,0,244,125,91,1031,41,17,395,17,30,174,65,3,17,149,100,14,2,2,2,2,0,0,1,143,131,12,0,0,0,2,2,0,14,1771,78,346,0,212,83,13,38,503,35,6,26,2,180,85,0,2,112,21,11,11,12,135,12,9,26,1,0,30,4,2,51,0,1,0,1,1,0,869,41,16,441,6,139,28,48,10,19,36,9,0,12,20,44,67,67,9,7,2,0
"N19  3",12191,10020,2,2,2,0,0,0,0,0,0,128,92,152,564,116,60,125,21,11,12,12,3,11,17,113,10,30,12,6,0,0,0,5,85,58,8,5,0,14,0,0,0,26,293,88,119,7,46,46,11,9,230,10,9,7,0,141,33,1,1,10,0,3,12,3,126,6,9,26,32,18,2,8,0,17,8,0,0,3,3,0,239,20,39,117,0,16,9,6,3,1,13,1,5,1,1,7,15,15,7,6,1,0
"N19  4",10063,8035,3,5,3,0,0,2,0,0,0,118,97,194,572,120,57,132,7,7,7,14,1,35,10,117,13,21,9,5,7,3,1,6,55,34,6,4,0,11,0,0,0,24,213,68,72,4,34,17,4,13,233,10,10,5,0,177,21,0,0,1,2,1,2,4,114,7,7,33,21,7,12,5,1,21,0,0,0,0,0,0,255,30,30,134,2,11,10,6,1,3,7,2,1,2,5,11,2,2,3,3,0,0
"N19  5",10008,8255,2,4,2,0,0,2,0,0,0,107,83,154,453,110,56,73,15,9,4,6,7,14,15,89,9,25,7,6,0,3,1,4,52,31,14,2,0,5,0,0,0,18,184,81,88,8,17,47,7,9,136,10,1,3,0,78,15,0,0,13,0,3,10,3,201,6,19,55,44,13,8,14,3,37,2,0,0,0,0,0,168,21,29,61,0,4,10,6,4,0,16,2,3,2,5,5,10,10,12,9,1,2
"N2   0",9763,8229,1,1,1,0,0,0,0,0,0,74,37,69,431,48,35,106,26,24,41,19,2,52,16,44,5,4,6,1,0,0,0,2,27,14,5,3,3,2,0,0,0,67,33,57,247,92,13,127,6,9,192,29,27,7,0,17,74,4,1,9,2,3,11,8,218,10,10,30,78,8,5,5,7,46,19,0,0,0,0,0,70,1,1,23,2,2,0,2,6,0,1,0,3,2,2,25,6,6,4,2,0,2
"N2   8",5839,4475,0,0,0,0,0,0,0,0,0,51,82,68,427,36,23,154,35,22,36,16,2,24,20,35,8,9,3,0,1,1,0,2,67,50,9,2,0,6,0,0,0,18,44,43,117,13,1,75,16,12,237,14,5,4,0,25,168,4,0,3,1,2,9,2,110,0,10,34,28,7,2,9,5,11,4,0,0,0,0,0,94,2,2,53,1,1,1,1,19,0,2,0,0,2,1,9,2,2,4,4,0,0
"N2   9",7362,6232,2,1,0,0,0,1,0,0,0,66,25,40,460,63,32,114,18,8,17,13,0,38,17,116,3,15,5,1,0,0,0,0,27,14,11,0,0,2,1,0,1,35,50,31,81,21,6,19,25,10,126,17,7,5,0,25,55,3,0,1,3,1,6,3,106,10,10,22,36,2,3,9,1,11,2,0,0,0,0,0,72,0,1,41,0,2,4,1,7,2,2,1,6,0,1,4,4,4,3,3,0,0
"N20  0",10293,8267,0,2,0,1,0,0,0,1,0,32,79,47,671,53,16,242,34,11,50,22,1,57,41,126,6,3,4,1,0,1,3,0,96,79,11,4,1,1,2,2,0,29,101,37,254,5,22,191,21,15,384,20,19,15,0,29,226,3,0,38,10,13,5,6,181,8,13,49,57,3,0,13,3,30,5,1,0,0,0,0,99,1,4,50,1,7,6,3,2,3,1,1,6,1,0,13,5,5,6,5,1,0
"N20  8",4094,3540,0,0,0,0,0,0,0,0,0,12,10,8,125,18,6,14,1,1,12,0,0,12,1,42,2,1,6,7,1,1,0,0,8,5,2,0,0,1,0,0,0,29,12,14,77,15,0,55,7,0,72,5,5,5,0,5,44,0,0,3,0,0,3,2,177,5,8,28,109,1,0,1,1,14,10,0,0,0,0,0,9,1,0,3,0,0,2,0,3,0,0,0,0,0,0,0,1,1,0,0,0,0
"N20  9",3856,3286,4,0,0,0,0,0,0,0,0,15,14,18,171,27,12,48,9,3,12,1,1,9,1,37,2,4,1,1,0,0,1,2,12,9,3,0,0,0,0,0,0,8,15,13,84,2,1,56,13,12,114,9,6,2,0,9,64,0,3,6,0,14,0,1,93,2,3,30,36,4,0,6,1,10,1,0,0,0,0,0,8,0,0,2,0,0,0,5,0,0,0,0,1,0,0,0,0,0,1,1,0,0
"N21  1",8402,7415,1,1,1,0,0,0,0,0,0,41,23,20,380,42,16,85,1,2,30,5,0,4,31,148,5,7,2,2,0,0,0,0,37,23,7,0,1,6,0,0,0,18,136,25,77,2,9,61,2,3,144,14,7,16,0,15,49,0,4,22,9,8,0,0,59,5,18,14,4,3,0,2,2,10,1,0,0,0,0,0,20,0,0,4,0,5,0,1,1,0,1,0,6,1,1,0,2,2,3,3,0,0
"N21  2",6744,5927,0,0,0,0,0,0,0,0,0,24,9,9,328,47,7,78,5,4,12,10,1,2,12,142,0,0,4,1,1,0,2,0,20,15,2,1,0,2,0,0,0,10,148,6,45,2,16,23,2,2,145,23,0,14,0,13,63,1,0,11,3,16,0,1,35,4,2,17,1,1,2,3,0,5,0,0,0,0,0,0,21,0,0,3,0,2,2,2,0,0,0,5,1,0,1,5,10,10,7,7,0,0
"N21  3",7541,6488,0,2,1,0,0,0,0,0,1,52,19,23,457,33,12,113,16,3,21,13,3,24,18,194,1,4,0,1,0,0,1,0,28,18,5,1,2,2,0,0,0,16,177,5,70,1,11,46,0,12,118,9,7,13,0,23,52,0,3,3,0,8,0,0,36,2,8,14,6,0,3,3,0,0,0,0,1,0,0,0,27,2,1,5,0,4,1,7,0,0,2,0,1,1,0,3,21,21,1,0,0,1
"N22  5",13290,7641,2,3,2,0,0,0,1,0,0,147,150,233,2492,177,43,1151,35,17,188,60,28,178,308,259,12,15,5,8,2,1,1,4,149,122,9,4,1,13,2,1,1,64,807,103,235,2,118,61,35,19,503,43,21,19,1,196,146,1,2,41,7,6,8,12,334,37,39,123,14,14,32,15,7,43,10,0,1,0,0,0,373,9,25,196,0,65,11,8,4,12,11,2,1,2,7,20,41,41,10,8,1,1
"N22  6",12065,7559,5,1,0,0,0,0,1,0,0,149,162,173,1748,149,56,639,28,16,102,52,9,107,265,265,10,21,6,8,8,0,4,3,99,80,4,10,2,3,2,0,2,36,745,104,206,3,107,51,18,27,423,56,23,11,0,158,113,5,0,10,9,13,19,6,295,32,50,120,10,10,11,9,0,41,12,0,0,0,0,0,326,22,27,166,0,39,6,3,13,11,6,0,5,5,9,14,21,21,11,11,0,0
"N22  7",6824,5643,6,2,1,0,0,0,0,1,0,68,38,62,512,63,44,158,8,10,30,16,4,10,48,99,4,7,5,2,1,0,1,2,37,25,6,3,0,3,1,0,1,17,111,28,48,5,10,22,1,10,85,6,7,4,0,27,33,1,0,3,0,2,0,2,99,1,4,26,30,5,1,1,1,30,0,0,2,0,0,0,59,7,0,12,1,2,0,1,7,1,6,2,7,1,1,11,3,3,3,3,0,0
"N22  8",8804,5640,1,1,1,0,0,0,0,0,0,96,80,124,1481,87,25,680,47,27,71,58,13,96,164,183,13,0,5,6,1,1,0,4,131,110,9,5,1,6,3,0,3,25,411,77,127,3,59,57,0,8,251,28,13,8,0,105,67,1,8,10,2,3,0,6,105,6,8,35,14,5,5,6,0,21,5,1,0,0,0,0,228,12,19,86,0,35,2,15,3,8,14,3,4,5,6,16,17,17,5,3,1,1
"N3   1",8862,6484,4,2,1,0,0,0,0,1,0,76,75,64,688,70,31,244,65,9,24,17,11,74,47,59,17,4,5,3,7,0,1,0,49,17,14,2,8,8,2,2,0,43,57,56,307,71,10,191,16,19,392,37,33,24,0,21,216,6,0,17,1,8,15,14,515,29,30,84,317,7,0,9,9,23,7,0,2,0,0,0,39,1,1,11,1,0,3,2,1,2,1,0,5,4,1,6,5,5,2,2,0,0
"N3   2",8883,6353,1,1,0,0,0,0,0,0,1,63,53,89,854,73,35,384,58,30,61,42,4,69,13,54,9,14,1,2,0,0,2,3,76,37,27,6,4,2,0,0,0,42,43,69,246,46,17,146,28,9,645,24,34,18,0,45,452,4,7,13,0,7,32,9,294,16,17,64,137,16,0,1,3,39,1,0,1,0,0,0,38,0,0,5,0,3,2,1,12,1,0,2,5,3,0,4,11,11,4,3,0,1
"N3   3",7650,5907,0,0,0,0,0,0,0,0,0,42,48,60,440,44,30,134,33,17,38,15,11,47,17,34,6,6,6,1,0,0,1,0,39,19,11,2,2,5,0,0,0,43,34,51,387,92,7,252,25,11,259,41,17,8,0,23,133,5,0,10,5,2,9,6,246,9,11,52,93,8,0,0,30,32,11,0,0,0,0,0,87,0,0,28,0,6,2,8,21,0,0,2,0,4,0,16,3,3,4,2,1,1
"N4   1",12176,7784,3,4,3,0,0,0,0,1,0,214,199,423,1787,303,82,547,25,22,68,75,14,159,114,288,16,21,8,14,2,11,1,17,92,63,16,4,5,4,1,0,1,41,540,94,136,5,56,37,18,20,286,33,4,14,0,159,49,0,0,11,4,8,2,2,253,27,12,89,24,15,17,14,1,35,19,1,1,0,0,0,293,21,30,117,0,32,6,13,17,3,19,2,2,2,10,19,20,20,4,3,1,0
"N4   2",15357,11360,4,4,2,0,0,0,0,1,1,256,181,297,996,214,132,301,15,12,32,30,14,39,36,78,17,32,4,12,6,2,8,12,60,32,13,7,3,5,19,0,19,29,788,128,163,18,65,40,19,21,344,27,7,34,0,221,42,0,0,4,3,0,6,0,346,26,48,91,51,15,48,14,22,23,8,0,2,1,1,0,345,39,39,92,5,36,33,10,15,5,16,4,5,3,17,26,26,26,8,5,2,1
"N4   3",11048,8628,3,4,2,0,0,1,0,1,0,157,134,187,659,148,90,140,15,13,18,12,2,32,24,91,13,30,7,10,2,2,0,10,74,53,6,1,2,12,0,0,0,21,292,85,80,5,29,22,8,16,184,20,14,5,0,101,26,0,0,8,0,2,4,4,153,9,30,19,44,2,5,12,10,16,6,0,0,0,0,0,371,27,39,204,0,12,16,12,13,1,18,2,0,0,7,20,11,11,5,5,0,0
"N4   4",6829,5729,2,0,0,0,0,0,0,0,0,81,49,99,336,59,66,59,6,7,10,10,4,14,14,47,13,8,6,8,0,0,0,5,27,19,3,0,0,5,0,0,0,25,167,23,41,3,24,9,0,5,36,1,1,1,0,23,4,0,0,0,0,4,0,2,56,4,5,9,22,0,1,7,5,0,3,0,0,0,0,0,153,14,13,79,0,8,3,15,2,3,6,2,5,1,0,2,3,3,2,2,0,0
"N5   1",11542,9837,3,4,1,0,0,2,0,1,0,166,93,142,515,142,94,43,8,9,15,4,4,14,13,82,19,31,10,11,2,3,1,10,54,31,8,1,0,14,0,0,0,29,140,54,49,8,12,20,5,4,158,4,0,5,0,125,13,4,1,2,0,0,2,2,156,4,25,32,33,11,6,5,11,26,3,0,0,0,0,0,128,17,10,62,0,1,5,4,6,0,7,2,0,3,1,10,3,3,11,10,0,1
"N5   2",11743,9808,4,4,1,1,0,2,0,0,0,128,66,208,535,134,122,84,6,13,14,3,1,13,10,48,25,25,13,13,2,1,1,7,66,38,9,2,2,15,2,0,2,27,290,76,57,5,24,13,9,6,137,5,0,11,0,100,10,0,0,7,0,2,0,2,93,0,11,20,25,2,5,6,1,18,5,0,0,0,0,0,217,20,24,113,2,6,9,7,2,2,4,5,5,0,5,13,9,9,16,14,0,2
"N6   4",4964,4294,2,2,0,0,0,0,2,0,0,41,15,36,247,47,39,34,7,10,8,1,0,5,5,36,7,24,22,1,0,0,1,0,28,5,11,3,4,5,1,0,1,45,47,18,56,12,11,22,0,11,34,7,5,4,0,8,6,0,0,2,0,1,0,1,75,3,2,10,23,3,1,2,4,15,12,0,0,0,0,0,22,2,0,11,0,1,0,1,5,0,0,0,2,0,0,0,1,1,0,0,0,0
"N6   5",10561,9027,4,2,2,0,0,0,0,0,0,99,68,140,679,147,127,118,14,29,15,13,3,27,11,83,16,47,8,16,0,2,1,2,46,21,6,6,2,11,0,0,0,87,68,27,66,13,11,33,0,9,71,8,11,6,0,5,23,0,0,12,0,2,3,1,137,8,7,32,70,3,2,12,0,1,2,1,0,0,0,0,33,2,2,1,0,8,0,0,1,0,2,2,11,0,0,4,6,6,0,0,0,0
"N6   6",3233,2955,0,1,0,0,0,1,0,0,0,39,13,13,115,7,22,21,3,2,8,2,1,4,0,14,6,7,7,7,0,0,0,4,7,1,2,0,0,4,0,0,0,19,6,2,8,5,0,3,0,0,5,0,1,0,0,2,1,1,0,0,0,0,0,0,34,2,3,3,8,0,0,0,1,14,3,0,0,0,0,0,13,1,1,5,0,2,0,0,0,0,0,0,0,0,0,4,2,2,1,0,1,0
"N7   0",12717,9941,5,5,4,0,0,0,1,0,0,178,130,241,971,145,133,158,19,12,31,15,3,27,24,272,18,71,11,13,4,2,5,8,69,33,9,6,0,21,0,0,0,41,222,70,119,17,26,52,9,15,201,18,11,5,0,103,23,1,0,4,5,1,26,4,235,12,29,81,39,18,10,20,6,19,1,0,1,0,0,0,265,38,38,114,4,10,10,11,1,0,11,2,3,1,3,19,17,17,6,4,0,2
"N7   6",6549,4904,1,2,1,1,0,0,0,0,0,124,80,182,502,128,70,89,9,6,15,7,5,13,12,96,11,20,12,3,0,2,3,1,42,16,10,1,1,14,0,0,0,26,162,43,77,4,30,34,7,2,118,7,6,1,0,89,4,1,0,5,0,0,2,3,152,13,22,51,25,3,6,5,5,16,6,0,1,0,0,0,122,14,15,72,0,1,2,2,2,1,4,1,2,0,0,6,9,9,2,0,2,0
"N7   7",6842,4952,0,2,0,0,0,1,0,1,0,101,89,136,377,76,36,69,3,4,5,5,5,28,19,88,9,14,6,2,2,0,3,3,57,49,0,1,2,5,0,0,0,14,250,65,89,0,52,27,1,9,171,12,2,6,0,130,9,0,0,9,0,1,1,1,132,7,33,40,13,1,13,1,8,14,2,1,0,0,0,0,389,29,43,227,0,15,13,14,5,1,11,1,4,3,10,13,9,9,8,8,0,0
"N7   8",11163,8839,1,4,3,0,0,1,0,0,0,152,79,169,536,114,72,83,13,9,21,11,7,25,17,83,33,23,7,9,0,2,1,6,61,37,12,0,2,10,1,0,1,36,253,124,93,4,33,34,13,9,229,23,1,5,0,164,5,0,1,16,4,0,1,9,253,21,43,60,27,8,15,12,1,58,8,0,0,0,0,0,319,15,40,193,0,8,14,9,2,2,5,2,2,2,3,22,9,9,5,4,1,0
"N7   9",9266,7067,1,6,2,0,0,4,0,0,0,159,64,241,546,159,61,72,10,6,16,8,2,21,6,130,24,17,4,7,1,0,0,2,65,36,13,2,2,12,1,0,1,19,216,89,94,4,31,49,2,8,191,7,11,3,0,130,27,0,0,3,0,1,2,7,270,10,28,113,27,13,20,28,3,25,3,0,0,1,1,0,217,22,44,92,0,7,11,3,5,2,6,5,0,1,3,16,10,10,9,7,1,1
"N8   0",10744,6729,7,3,0,0,0,0,1,0,2,156,133,251,1629,158,55,587,19,24,72,44,11,137,159,301,14,28,10,4,0,0,0,6,131,99,3,11,7,11,3,0,3,59,473,100,184,2,105,48,9,20,385,50,22,14,0,200,66,0,1,10,4,5,4,9,252,33,26,94,27,5,11,8,5,32,11,0,0,1,0,1,225,7,20,101,0,18,7,8,14,3,6,6,4,4,6,21,17,17,6,4,2,0
"N8   7",9473,7861,4,6,2,0,0,0,0,0,4,81,68,84,443,60,43,122,16,11,20,8,4,25,18,83,11,9,7,5,0,0,0,1,53,42,6,0,0,5,1,0,1,24,294,40,87,2,35,42,0,8,122,8,4,8,0,54,13,0,0,30,0,0,1,4,103,5,9,24,20,2,7,19,0,13,4,0,0,1,0,1,187,12,15,95,0,29,2,3,1,6,8,0,4,2,2,8,10,10,4,4,0,0
"N8   8",8287,7277,2,2,2,0,0,0,0,0,0,56,36,66,401,73,56,91,11,6,17,14,4,18,20,55,4,16,7,6,2,0,0,1,40,9,11,2,0,18,1,0,1,19,74,26,57,5,25,17,8,2,57,4,1,11,0,14,21,0,0,1,0,0,0,5,100,4,4,13,30,5,24,6,2,9,3,0,0,0,0,0,69,10,14,19,0,4,2,1,1,3,0,2,0,2,0,11,3,3,1,1,0,0
"N8   9",9877,8582,7,5,4,0,0,1,0,0,0,105,51,104,445,81,54,85,11,10,10,10,1,36,10,74,10,24,11,10,2,2,0,4,38,18,11,2,0,7,1,0,1,18,161,44,60,6,27,24,0,3,55,8,1,3,0,28,10,0,0,3,0,0,2,0,82,3,6,17,26,1,1,7,5,14,2,0,0,0,0,0,103,5,4,66,0,9,1,1,3,2,2,2,3,1,1,3,11,11,5,3,1,1
"N9   0",11393,7757,0,0,0,0,0,0,0,0,0,146,90,27,577,17,11,234,6,21,77,36,1,20,29,111,12,2,0,0,0,0,0,0,82,76,4,0,0,2,0,0,0,18,1215,75,252,0,204,44,2,2,404,36,13,9,0,175,55,0,2,95,9,1,1,8,80,6,7,23,2,0,9,3,0,29,1,0,0,1,0,1,635,18,24,299,0,108,8,38,18,19,35,9,0,22,15,22,31,31,3,2,1,0
"N9   7",9647,6904,0,6,0,0,0,1,0,0,5,115,52,25,545,49,7,185,18,25,71,22,3,6,28,103,14,3,10,1,0,0,0,0,80,77,2,1,0,0,0,0,0,13,820,59,153,0,98,36,5,14,346,23,1,16,0,95,80,0,0,103,6,15,0,7,48,1,5,19,0,0,1,0,0,22,0,1,1,0,0,0,441,10,1,245,0,74,5,22,17,6,24,4,0,1,16,16,31,31,7,6,1,0
"N9   8",11949,8352,0,6,1,0,0,0,0,0,5,143,44,45,615,71,11,214,15,22,51,21,7,5,47,132,16,2,0,1,0,0,0,0,97,91,1,3,2,0,1,1,0,22,1250,74,206,0,140,48,16,2,394,34,2,17,0,135,61,0,0,132,4,3,0,6,66,2,0,21,1,0,10,3,0,29,0,0,0,4,1,3,589,13,7,281,0,104,14,37,7,27,37,12,0,12,9,29,30,30,11,6,1,4
"N9   9",16369,11762,0,2,2,0,0,0,0,0,0,171,77,35,985,36,24,329,25,30,95,40,3,18,101,249,12,11,5,5,0,0,0,2,148,128,10,3,4,3,0,0,0,15,1365,103,282,2,138,104,18,20,637,50,8,22,0,218,156,1,2,124,6,27,1,22,106,13,4,21,3,0,29,8,0,25,3,0,1,0,0,0,629,24,5,328,5,92,21,27,12,11,37,18,1,10,18,20,46,46,5,4,0,1
"NE1  2",3029,2424,0,0,0,0,0,0,0,0,0,3,7,14,94,8,11,14,2,4,0,3,4,5,3,29,3,3,2,0,0,2,0,1,4,0,2,0,0,2,0,0,0,10,8,85,51,0,3,37,4,7,22,2,3,2,0,1,1,0,5,4,0,4,0,0,296,20,20,213,9,4,6,23,0,0,1,0,0,0,0,0,11,1,2,0,0,0,0,1,0,2,0,0,0,0,1,4,0,0,0,0,0,0
"NE1  3",611,422,0,0,0,0,0,0,0,0,0,3,3,5,22,4,2,3,0,0,0,0,0,1,3,8,1,0,0,0,0,0,0,0,0,0,0,0,0,0,0,0,0,1,1,56,8,0,1,7,0,0,7,1,0,0,0,1,0,0,1,2,0,2,0,0,81,6,2,49,1,3,12,5,0,1,2,0,0,0,0,0,2,0,2,0,0,0,0,0,0,0,0,0,0,0,0,0,0,0,0,0,0,0
"NE1  4",1946,1190,0,0,0,0,0,0,0,0,0,13,7,16,91,10,6,14,6,0,9,0,2,0,2,31,1,5,0,1,0,0,0,4,7,1,2,2,1,1,0,0,0,7,5,97,20,0,0,15,0,5,37,7,11,1,0,1,0,1,1,5,0,8,1,1,446,27,52,304,13,1,13,25,7,3,1,0,0,0,0,0,9,0,1,0,0,0,0,2,1,0,0,0,0,2,1,2,1,1,0,0,0,0
"NE1  5",1044,607,0,0,0,0,0,0,0,0,0,8,7,8,108,6,4,13,0,0,3,13,0,3,1,59,2,1,3,0,0,0,0,0,6,0,2,0,0,4,0,0,0,4,0,45,8,0,0,7,0,1,18,3,1,0,0,3,2,1,7,0,1,0,0,0,220,13,18,117,9,9,16,22,2,4,10,0,0,0,0,0,5,0,0,0,0,0,0,0,0,0,0,1,0,2,0,2,0,0,0,0,0,0
"NE1  6",1329,985,0,0,0,0,0,0,0,0,0,10,3,4,47,6,4,3,0,1,2,0,0,1,0,26,3,0,0,0,0,1,0,0,5,0,2,0,0,3,0,0,0,4,0,78,13,0,0,12,0,1,2,0,0,0,0,0,0,0,0,1,1,0,0,0,171,11,12,105,1,5,10,17,8,0,2,0,0,0,0,0,6,0,2,0,0,0,1,2,0,0,0,0,0,0,1,0,0,0,1,1,0,0
"NE1  8",990,650,0,0,0,0,0,0,0,0,0,3,0,3,15,1,2,2,0,0,1,2,0,0,1,5,0,0,1,0,0,0,0,0,2,0,0,1,0,1,0,0,0,1,2,20,14,0,0,13,0,1,23,2,5,0,2,1,1,0,0,2,1,7,1,1,254,20,14,168,0,5,19,10,17,0,1,0,0,0,0,0,2,0,0,0,0,1,0,0,0,1,0,0,0,0,0,0,0,0,1,1,0,0
"NE10 0",8527,8246,1,1,1,0,0,0,0,0,0,7,5,10,92,5,6,57,1,9,0,8,3,1,0,0,1,0,0,0,0,0,0,1,7,5,0,1,0,1,0,0,0,12,1,13,21,0,12,8,0,1,25,8,0,0,0,5,0,0,0,11,1,0,0,0,72,2,4,26,1,0,0,1,2,36,0,0,0,0,0,0,14,1,3,0,0,0,0,0,3,0,0,1,0,0,0,6,0,0,0,0,0,0
"NE10 8",17200,16986,0,3,1,0,0,0,0,2,0,7,2,0,49,2,4,30,0,4,0,0,0,0,0,3,3,1,0,1,0,0,1,0,1,0,1,0,0,0,0,0,0,3,11,10,17,0,4,13,0,0,45,13,4,14,0,3,0,2,0,2,6,0,0,1,55,1,8,3,0,1,0,5,0,37,0,0,0,0,0,0,7,2,2,0,0,0,0,0,0,0,0,1,0,0,0,2,0,0,4,4,0,0
"NE10 9",9129,8937,0,2,0,0,0,1,0,1,0,6,5,4,67,4,2,44,8,0,3,0,0,0,2,2,1,0,0,0,0,0,1,0,5,1,4,0,0,0,0,0,0,3,8,5,15,0,12,3,0,0,37,1,0,9,0,5,0,5,0,6,10,0,1,0,26,3,3,8,0,0,2,1,0,9,0,0,0,0,0,0,2,1,1,0,0,0,0,0,0,0,0,0,0,0,0,0,1,1,6,5,0,1
"NE11 0",4068,4003,0,0,0,0,0,0,0,0,0,3,1,0,23,3,8,8,0,0,0,2,0,0,2,0,0,0,0,0,0,0,0,0,2,2,0,0,0,0,0,0,0,3,2,1,4,0,2,2,0,0,10,1,0,0,0,7,0,0,0,2,0,0,0,0,11,0,4,4,1,0,0,0,2,0,0,0,0,0,0,0,2,0,0,0,0,0,0,0,0,0,0,2,0,0,0,0,0,0,3,1,0,2
"NE11 9",11849,11625,0,0,0,0,0,0,0,0,0,8,7,1,64,8,3,30,1,5,2,1,0,3,2,4,5,0,0,0,0,0,0,0,1,0,0,0,0,1,0,0,0,3,4,7,21,0,9,12,0,0,31,6,2,8,0,7,0,2,0,2,2,0,0,2,55,5,10,32,0,0,1,3,1,2,1,0,0,0,0,0,19,1,3,0,0,0,0,0,0,0,0,7,2,0,0,6,0,0,3,3,0,0
"NE12 5",1824,1815,0,0,0,0,0,0,0,0,0,0,0,1,1,0,0,0,0,0,0,0,0,0,0,1,0,0,0,0,0,0,0,0,2,0,2,0,0,0,0,0,0,1,0,0,0,0,0,0,0,0,3,0,1,2,0,0,0,0,0,0,0,0,0,0,1,0,1,0,0,0,0,0,0,0,0,0,0,0,0,0,0,0,0,0,0,0,0,0,0,0,0,0,0,0,0,0,0,0,0,0,0,0
"NE12 6",8380,8287,0,0,0,0,0,0,0,0,0,1,1,2,35,5,2,14,0,3,3,0,1,1,0,3,2,0,1,0,0,0,0,0,0,0,0,0,0,0,0,0,0,3,1,4,6,0,0,6,0,0,9,0,2,2,0,3,0,0,0,0,2,0,0,0,27,0,4,12,0,0,0,5,1,4,1,0,0,0,0,0,3,0,0,0,0,1,0,0,0,0,0,0,0,0,0,2,0,0,1,1,0,0
"NE12 7",4838,4767,2,1,0,0,0,0,0,1,0,3,0,8,19,6,2,2,0,0,3,1,0,0,0,3,1,1,0,0,0,0,0,0,0,0,0,0,0,0,1,1,0,0,2,0,5,0,0,5,0,0,19,4,0,3,0,4,1,0,0,0,3,0,0,4,9,0,0,5,0,0,0,1,1,2,0,0,0,0,0,0,0,0,0,0,0,0,0,0,0,0,0,0,0,0,0,0,0,0,2,0,1,1
"NE12 8",9597,9316,2,0,0,0,0,0,0,0,0,16,4,10,53,10,9,10,1,6,2,5,0,0,0,3,5,0,0,1,0,0,1,0,11,4,6,1,0,0,0,0,0,10,2,7,16,0,3,10,3,0,67,7,10,3,0,9,0,0,2,7,29,0,0,0,63,4,16,14,0,6,0,2,1,20,0,0,0,0,0,0,13,0,0,0,0,0,0,3,4,0,0,4,0,0,0,2,0,0,7,6,1,0
"NE12 9",9167,8994,0,0,0,0,0,0,0,0,0,12,3,5,48,5,4,17,6,1,1,6,1,3,0,0,0,1,2,1,0,0,0,0,4,4,0,0,0,0,0,0,0,1,0,7,8,0,4,3,1,0,36,11,4,9,0,5,0,0,5,0,0,0,2,0,42,3,13,12,0,1,1,6,1,4,1,0,0,0,0,0,2,0,0,0,0,0,0,0,1,0,0,1,0,0,0,0,1,1,4,4,0,0
"NE13 6",5394,5353,0,0,0,0,0,0,0,0,0,4,1,0,8,0,2,4,0,0,0,0,0,0,0,0,1,0,0,1,0,0,0,0,1,0,1,0,0,0,0,0,0,2,1,0,3,0,0,3,0,0,10,3,2,0,0,0,0,2,0,0,0,2,0,1,4,0,0,2,1,0,0,0,0,1,0,0,0,0,0,0,6,0,0,0,0,0,0,2,1,0,0,1,1,0,0,1,0,0,1,1,0,0
"NE13 7",5134,5066,1,1,1,0,0,0,0,0,0,1,0,1,10,0,4,6,0,0,0,0,0,0,0,0,0,0,0,0,0,0,0,0,3,0,3,0,0,0,0,0,0,0,1,10,12,0,0,12,0,0,11,0,0,10,0,0,1,0,0,0,0,0,0,0,7,0,0,5,0,0,0,2,0,0,0,0,0,0,0,0,5,0,0,0,0,1,0,0,1,0,0,3,0,0,0,0,0,0,5,5,0,0
"NE13 8",1035,976,0,0,0,0,0,0,0,0,0,4,0,0,3,0,0,2,0,0,1,0,0,0,0,0,0,0,0,0,0,0,0,0,1,0,0,0,0,1,0,0,0,2,1,10,2,0,0,2,0,0,32,3,0,17,0,4,0,0,2,0,3,0,0,3,2,0,1,0,0,0,0,0,0,1,0,0,0,0,0,0,1,0,0,0,0,0,0,0,0,0,0,0,0,0,0,1,0,0,1,1,0,0
"NE13 9",878,836,0,0,0,0,0,0,0,0,0,0,0,1,6,0,0,4,1,0,0,0,0,0,0,0,0,1,0,0,0,0,0,0,0,0,0,0,0,0,0,0,0,0,0,10,0,0,0,0,0,0,15,2,2,0,0,2,0,0,2,0,3,0,0,4,10,2,1,6,0,0,0,1,0,0,0,0,0,0,0,0,0,0,0,0,0,0,0,0,0,0,0,0,0,0,0,0,0,0,0,0,0,0
"NE15 0",2278,2254,1,0,0,0,0,0,0,0,0,1,3,4,5,1,3,0,0,0,0,0,0,0,0,1,0,0,0,0,0,0,0,0,0,0,0,0,0,0,0,0,0,0,0,0,0,0,0,0,0,0,3,1,0,2,0,0,0,0,0,0,0,0,0,0,0,0,0,0,0,0,0,0,0,0,0,1,0,0,0,0,1,0,0,0,0,0,0,0,0,0,0,0,0,0,0,1,0,0,5,2,1,2
"NE15 6",5632,5165,0,0,0,0,0,0,0,0,0,5,18,4,175,2,1,69,38,31,3,18,7,2,0,1,2,0,1,0,0,0,0,0,4,2,2,0,0,0,0,0,0,4,5,4,26,0,14,10,2,0,137,16,4,16,6,49,0,0,4,12,18,11,0,1,54,3,3,15,0,1,0,0,3,25,4,0,0,0,0,0,30,4,1,0,0,0,1,0,5,0,1,12,0,0,1,5,0,0,1,1,0,0
"NE15 7",9034,8778,0,0,0,0,0,0,0,0,0,8,0,11,109,2,9,29,11,33,1,17,0,3,0,2,0,0,1,0,0,0,0,1,1,0,1,0,0,0,0,0,0,1,3,11,10,0,2,5,1,2,65,6,4,22,0,25,0,0,3,2,0,2,0,1,20,0,2,10,0,0,0,1,1,6,0,0,0,0,0,0,7,0,0,0,0,0,4,0,0,0,0,1,1,0,0,1,4,4,6,3,1,2
"NE15 8",8425,8291,0,1,0,0,0,0,0,1,0,6,14,1,44,4,5,23,1,5,1,0,0,0,0,2,1,0,0,0,0,0,1,1,1,0,0,0,0,1,0,0,0,0,5,5,15,2,6,6,0,1,13,0,2,7,0,4,0,0,0,0,0,0,0,0,18,2,3,8,3,0,0,1,0,0,1,0,0,0,0,0,2,0,0,0,0,0,0,0,0,0,0,0,1,0,0,1,0,0,9,8,1,0
"NE15 9",6010,5929,0,0,0,0,0,0,0,0,0,1,2,1,31,1,3,21,2,1,0,0,0,0,1,0,1,1,0,0,0,0,0,0,1,1,0,0,0,0,0,0,0,3,4,3,3,0,2,0,0,1,11,1,2,3,0,4,0,0,0,0,0,1,0,0,9,0,2,2,2,0,0,1,0,2,0,0,0,0,0,0,2,0,0,0,0,2,0,0,0,0,0,0,0,0,0,0,0,0,10,8,2,0
"NE16 3",3175,3084,1,0,0,0,0,0,0,0,0,2,0,3,35,4,0,25,0,0,1,0,0,0,4,0,1,0,0,0,0,0,0,0,0,0,0,0,0,0,0,0,0,0,0,5,1,0,0,1,0,0,21,1,4,9,0,0,1,0,1,5,0,0,0,0,23,0,2,12,0,0,0,3,0,5,1,0,0,0,0,0,0,0,0,0,0,0,0,0,0,0,0,0,0,0,0,0,0,0,0,0,0,0
"NE16 4",6205,6147,0,0,0,0,0,0,0,0,0,5,2,2,22,7,5,8,0,0,0,0,0,1,1,0,0,0,0,0,0,0,0,0,1,0,0,0,0,1,0,0,0,2,1,4,4,0,0,3,0,1,7,1,1,1,0,2,1,0,0,1,0,0,0,0,6,2,0,3,0,0,0,0,0,1,0,0,0,0,0,0,0,0,0,0,0,0,0,0,0,0,0,0,0,0,0,0,0,0,2,2,0,0
"NE16 5",10621,10540,1,0,0,0,0,0,0,0,0,6,0,0,24,3,3,4,0,8,0,0,0,0,2,1,2,0,1,0,0,0,0,0,0,0,0,0,0,0,0,0,0,4,0,3,9,0,1,7,0,1,6,0,1,1,0,2,2,0,0,0,0,0,0,0,21,2,5,8,0,0,0,1,0,4,1,0,0,0,0,0,1,0,0,0,0,0,0,0,0,0,0,0,0,0,0,1,1,1,5,3,0,2
"NE16 6",4834,4784,0,0,0,0,0,0,0,0,0,3,0,6,14,1,1,5,2,0,2,0,0,0,0,1,1,1,0,0,0,0,0,0,0,0,0,0,0,0,0,0,0,3,1,3,0,0,0,0,0,0,3,0,0,0,0,0,0,0,0,2,0,1,0,0,13,0,1,10,0,0,0,2,0,0,0,0,0,0,0,0,1,0,0,0,0,0,0,0,0,0,0,0,1,0,0,0,1,1,2,2,0,0
"NE17 7",4489,4456,0,0,0,0,0,0,0,0,0,0,0,2,13,0,2,5,0,0,6,0,0,0,0,0,0,0,0,0,0,0,0,0,1,0,0,0,0,1,0,0,0,1,3,0,0,0,0,0,0,0,7,0,0,1,3,1,0,0,0,0,2,0,0,0,6,1,2,2,0,0,0,0,0,1,0,0,0,0,0,0,0,0,0,0,0,0,0,0,0,0,0,0,0,0,0,0,0,0,0,0,0,0
"NE18 0",911,907,0,0,0,0,0,0,0,0,0,1,0,1,2,0,2,0,0,0,0,0,0,0,0,0,0,0,0,0,0,0,0,0,0,0,0,0,0,0,0,0,0,0,0,0,0,0,0,0,0,0,0,0,0,0,0,0,0,0,0,0,0,0,0,0,0,0,0,0,0,0,0,0,0,0,0,0,0,0,0,0,0,0,0,0,0,0,0,0,0,0,0,0,0,0,0,0,0,0,0,0,0,0
"NE19 1",1206,1187,0,0,0,0,0,0,0,0,0,2,1,0,13,0,0,8,0,0,2,0,0,0,2,0,0,0,0,0,0,0,0,1,0,0,0,0,0,0,0,0,0,0,0,0,0,0,0,0,0,0,0,0,0,0,0,0,0,0,0,0,0,0,0,0,3,0,0,3,0,0,0,0,0,0,0,0,0,0,0,0,0,0,0,0,0,0,0,0,0,0,0,0,0,0,0,0,0,0,0,0,0,0
"NE19 2",1007,1000,1,0,0,0,0,0,0,0,0,0,0,0,5,0,1,3,0,0,0,0,0,0,1,0,0,0,0,0,0,0,0,0,0,0,0,0,0,0,0,0,0,0,0,0,0,0,0,0,0,0,0,0,0,0,0,0,0,0,0,0,0,0,0,0,1,0,0,0,0,0,0,1,0,0,0,0,0,0,0,0,0,0,0,0,0,0,0,0,0,0,0,0,0,0,0,0,0,0,0,0,0,0
"NE2  1",9765,8484,0,0,0,0,0,0,0,0,0,38,35,28,194,16,42,29,6,3,11,7,0,6,6,47,4,10,2,0,2,0,0,3,16,4,2,0,1,9,0,0,0,31,22,41,83,1,9,69,0,4,64,16,6,6,0,12,4,1,1,6,1,1,5,5,707,46,93,448,11,10,37,36,23,2,1,0,0,0,0,0,16,3,1,0,0,1,1,1,3,0,0,0,0,5,0,1,5,5,1,1,0,0
"NE2  2",7231,6853,1,3,0,0,1,0,0,2,0,22,8,21,132,14,30,13,1,1,3,4,2,1,14,27,12,4,2,0,0,2,2,0,9,0,4,0,2,3,0,0,0,17,1,21,15,0,0,10,0,5,51,14,5,14,0,12,0,0,2,4,0,0,0,0,74,3,3,50,9,4,3,0,0,0,2,0,0,0,0,0,2,0,0,0,0,0,0,0,0,0,0,0,2,0,0,0,1,1,0,0,0,0
"NE2  3",7108,6739,3,3,1,0,0,0,0,2,0,15,9,24,106,10,17,13,0,2,5,5,1,5,5,25,1,4,3,5,1,0,2,2,5,1,1,1,0,2,0,0,0,6,2,12,13,0,0,12,0,1,28,5,3,3,0,0,0,0,0,8,1,2,4,2,131,9,6,95,10,2,2,2,2,2,1,0,0,0,0,0,5,0,0,0,0,0,0,0,0,0,0,2,3,0,0,0,2,2,5,5,0,0
"NE2  4",5089,4337,4,1,1,0,0,0,0,0,0,14,7,15,136,12,6,20,0,2,5,12,3,1,9,46,2,8,2,3,0,1,1,3,12,0,3,3,0,6,0,0,0,25,10,53,34,0,2,23,2,7,44,4,10,3,2,2,1,2,3,3,0,8,3,3,376,13,33,254,4,5,12,19,29,2,5,0,0,0,0,0,13,2,2,0,0,0,0,2,1,1,0,0,0,2,0,3,6,6,2,2,0,0
"NE20 0",1398,1383,0,0,0,0,0,0,0,0,0,2,1,0,10,0,2,2,2,1,0,0,0,1,0,0,2,0,0,0,0,0,0,0,0,0,0,0,0,0,0,0,0,0,0,0,0,0,0,0,0,0,0,0,0,0,0,0,0,0,0,0,0,0,0,0,2,0,0,2,0,0,0,0,0,0,0,0,0,0,0,0,0,0,0,0,0,0,0,0,0,0,0,0,0,0,0,0,0,0,0,0,0,0
"NE20 9",10238,10001,1,1,0,0,0,0,0,1,0,4,0,10,49,4,7,14,0,0,0,3,0,2,1,0,3,6,5,4,0,0,0,0,4,0,0,0,0,4,0,0,0,3,8,10,1,0,0,1,0,0,105,12,6,47,0,25,0,0,2,2,8,0,0,3,35,2,6,13,1,0,1,4,0,8,0,0,0,0,0,0,4,0,0,0,0,0,0,0,0,0,0,0,4,0,0,0,0,0,2,0,0,2
"NE21 4",5404,5350,1,0,0,0,0,0,0,0,0,0,2,1,13,6,0,6,0,0,0,0,0,0,0,0,1,0,0,0,0,0,0,0,0,0,0,0,0,0,0,0,0,4,0,4,1,0,0,1,0,0,6,0,0,4,0,0,0,0,0,2,0,0,0,0,18,0,9,7,0,0,0,2,0,0,0,0,0,0,0,0,0,0,0,0,0,0,0,0,0,0,0,0,0,0,0,0,0,0,4,4,0,0
"NE21 5",5083,4992,1,0,0,0,0,0,0,0,0,1,3,3,37,1,1,27,2,0,2,0,0,1,1,1,1,0,0,0,0,0,0,0,4,1,2,0,0,1,0,0,0,5,0,3,5,1,3,1,0,0,11,2,0,5,0,0,0,0,0,2,2,0,0,0,11,0,2,0,1,1,0,2,0,4,1,0,0,0,0,0,2,0,1,0,0,0,0,0,0,0,0,0,0,0,0,1,0,0,5,5,0,0
"NE21 6",6124,6074,0,0,0,0,0,0,0,0,0,1,1,1,18,0,1,11,3,1,0,0,0,0,0,2,0,0,0,0,0,0,0,0,2,0,0,0,0,2,0,0,0,1,2,3,4,0,0,4,0,0,5,0,0,0,0,0,0,0,0,2,2,0,1,0,7,0,6,0,0,0,0,1,0,0,0,1,0,0,0,0,4,0,0,0,0,0,0,0,2,0,0,0,1,0,1,0,0,0,0,0,0,0
"NE22 5",8611,8565,0,0,0,0,0,0,0,0,0,1,0,3,20,0,1,12,0,0,1,0,0,2,0,0,1,0,2,0,0,0,1,0,1,0,0,0,0,1,0,0,0,0,0,2,2,0,1,1,0,0,6,1,1,2,0,0,0,0,2,0,0,0,0,0,9,0,0,3,0,0,0,3,0,3,0,0,0,0,0,0,1,0,0,0,0,0,0,0,0,0,0,0,0,0,1,0,0,0,1,1,0,0
"NE22 6",5461,5420,0,1,0,0,0,0,0,1,0,0,0,3,14,1,1,6,0,0,5,0,0,0,1,0,0,0,0,0,0,0,0,0,1,0,0,1,0,0,0,0,0,0,2,1,1,0,1,0,0,0,8,0,0,3,0,5,0,0,0,0,0,0,0,0,8,0,0,2,0,4,0,1,1,0,0,0,0,0,0,0,0,0,0,0,0,0,0,0,0,0,0,0,0,0,0,0,0,0,2,2,0,0
"NE22 7",3182,3164,1,0,0,0,0,0,0,0,0,0,0,2,1,0,0,1,0,0,0,0,0,0,0,0,0,0,0,0,0,0,0,0,0,0,0,0,0,0,0,0,0,0,0,0,0,0,0,0,0,0,5,0,0,5,0,0,0,0,0,0,0,0,0,0,2,0,0,0,0,0,1,1,0,0,0,0,0,0,0,0,0,0,0,0,0,0,0,0,0,0,0,0,0,0,0,0,1,1,6,5,0,1
"NE23 1",3620,3599,0,0,0,0,0,0,0,0,0,0,0,2,6,0,0,6,0,0,0,0,0,0,0,0,0,0,0,0,0,0,0,0,0,0,0,0,0,0,0,0,0,5,0,0,0,0,0,0,0,0,3,0,0,2,0,1,0,0,0,0,0,0,0,0,4,0,0,3,0,0,0,1,0,0,0,0,0,0,0,0,0,0,0,0,0,0,0,0,0,0,0,0,0,0,0,0,0,0,1,0,0,1
"NE23 2",5603,5541,0,0,0,0,0,0,0,0,0,0,4,2,27,1,3,17,0,0,0,0,4,0,0,0,1,0,1,0,0,0,0,0,1,0,0,0,1,0,0,0,0,4,1,1,1,0,1,0,0,0,9,0,1,0,0,6,0,0,1,0,0,0,1,0,9,0,0,2,2,0,0,0,0,5,0,0,0,0,0,0,0,0,0,0,0,0,0,0,0,0,0,0,0,0,0,0,0,0,3,3,0,0
"NE23 3",5517,5485,0,0,0,0,0,0,0,0,0,2,1,2,14,1,3,7,1,0,2,0,0,0,0,0,0,0,0,0,0,0,0,0,1,0,0,0,0,1,0,0,0,0,2,2,0,0,0,0,0,0,3,0,1,2,0,0,0,0,0,0,0,0,0,0,3,0,2,0,0,0,0,0,0,1,0,0,0,0,0,0,0,0,0,0,0,0,0,0,0,0,0,0,0,0,0,0,0,0,2,2,0,0
"NE23 6",10472,10399,1,0,0,0,0,0,0,0,0,3,2,6,29,2,2,18,1,0,1,1,0,0,2,1,0,0,0,0,0,0,1,0,1,0,0,0,0,1,0,0,0,2,7,2,0,0,0,0,0,0,2,0,0,0,0,2,0,0,0,0,0,0,0,0,12,1,0,5,0,0,0,1,0,5,0,0,0,0,0,0,3,0,0,0,0,0,0,0,0,0,0,0,3,0,0,0,0,0,3,2,1,0
"NE23 7",10241,10142,0,0,0,0,0,0,0,0,0,2,2,2,20,3,5,1,0,6,1,1,0,0,0,0,1,0,1,0,0,0,1,0,1,1,0,0,0,0,0,0,0,4,3,2,0,0,0,0,0,0,20,0,3,6,0,7,0,0,0,0,0,0,0,4,27,0,5,4,0,0,0,3,0,15,0,0,0,0,0,0,2,0,0,0,0,0,0,1,0,0,0,0,1,0,0,0,4,4,10,10,0,0
"NE23 8",2513,2489,0,1,0,0,0,0,0,1,0,2,0,1,6,0,1,3,0,0,0,0,0,0,0,1,1,0,0,0,0,0,0,0,1,0,0,0,0,1,0,0,0,0,1,1,0,0,0,0,0,0,2,0,0,0,0,0,0,0,0,0,2,0,0,0,8,0,0,5,0,0,0,1,1,1,0,0,0,0,0,0,0,0,0,0,0,0,0,0,0,0,0,0,0,0,0,0,0,0,1,1,0,0
"NE24 1",3412,3336,0,0,0,0,0,0,0,0,0,1,1,1,36,0,1,11,0,0,0,17,1,0,4,0,1,0,0,0,0,0,1,0,0,0,0,0,0,0,0,0,0,1,1,1,2,0,0,2,0,0,16,0,0,5,0,5,0,0,0,0,6,0,0,0,15,1,2,1,1,0,0,0,0,9,1,0,0,0,0,0,0,0,0,0,0,0,0,0,0,0,0,0,0,0,0,0,0,0,1,0,1,0
"NE24 2",6004,5940,1,0,0,0,0,0,0,0,0,3,2,1,21,0,0,13,0,0,0,2,0,1,3,0,2,0,0,0,0,0,0,0,0,0,0,0,0,0,0,0,0,1,2,0,1,0,0,1,0,0,15,1,0,2,0,2,0,0,6,0,4,0,0,0,16,2,7,1,0,0,0,1,0,4,1,0,0,0,0,0,0,0,0,0,0,0,0,0,0,0,0,0,0,0,0,0,0,0,1,1,0,0
"NE24 3",10717,10656,2,0,0,0,0,0,0,0,0,0,1,2,23,0,4,11,1,0,2,2,0,0,0,1,1,1,0,0,0,0,0,0,0,0,0,0,0,0,0,0,0,1,3,2,1,0,0,0,0,1,14,1,0,8,0,3,0,0,0,0,2,0,0,0,7,0,1,1,0,0,0,2,0,3,0,0,0,0,0,0,1,0,0,0,0,0,0,0,0,0,0,0,1,0,0,0,1,1,3,1,0,2
"NE24 4",7420,7333,0,0,0,0,0,0,0,0,0,0,0,2,13,0,1,9,0,0,0,2,0,0,0,0,0,0,1,0,0,0,0,0,1,0,0,0,0,1,0,0,0,0,0,5,2,0,1,1,0,0,47,3,0,11,0,27,0,0,0,0,6,0,0,0,14,0,3,4,0,0,0,1,0,6,0,0,0,0,0,0,1,0,0,0,0,0,0,0,0,0,0,0,1,0,0,0,0,0,2,1,0,1
"NE24 5",9113,9049,1,0,0,0,0,0,0,0,0,1,2,0,35,1,2,11,0,0,0,13,0,0,0,0,1,2,1,0,3,0,1,0,2,1,0,0,0,1,0,0,0,2,1,0,1,0,0,0,0,1,6,2,0,1,0,0,0,0,0,0,3,0,0,0,9,2,1,2,0,0,0,0,1,3,0,0,0,0,0,0,0,0,0,0,0,0,0,0,0,0,0,0,0,0,0,0,2,2,2,0,1,1
"NE25 0",9089,9036,0,0,0,0,0,0,0,0,0,4,0,2,18,2,8,6,0,0,0,1,0,0,0,0,0,1,0,0,0,0,0,0,2,0,0,0,0,2,0,0,0,2,0,3,1,0,0,0,0,1,11,1,2,0,0,6,0,0,0,0,2,0,0,0,5,0,1,4,0,0,0,0,0,0,0,0,0,0,0,0,5,0,0,0,0,0,1,0,0,0,0,0,3,1,0,0,0,0,0,0,0,0
"NE25 8",8871,8710,1,1,0,0,0,0,0,1,0,4,2,0,29,4,3,8,0,0,0,2,2,0,0,0,3,0,2,4,0,0,1,0,3,0,2,0,0,1,0,0,0,6,0,1,7,0,1,6,0,0,91,0,3,8,0,76,0,0,0,0,1,0,0,3,12,1,0,2,0,0,1,1,2,5,0,0,0,0,0,0,2,0,0,0,0,0,0,0,0,0,0,0,0,0,1,1,0,0,2,2,0,0
"NE25 9",11008,10889,0,2,0,0,0,0,0,2,0,2,4,5,27,7,4,6,0,0,0,0,0,0,0,2,2,2,3,1,0,0,0,0,4,0,3,0,0,1,0,0,0,1,3,10,6,0,0,5,1,0,21,1,4,4,0,9,0,0,2,0,0,0,0,1,26,1,6,8,2,0,0,3,0,6,0,0,0,0,0,0,2,0,0,0,0,0,0,0,0,1,0,0,1,0,0,0,1,1,5,3,0,2
"NE26 1",5067,4966,0,1,0,0,0,0,0,1,0,6,0,4,13,4,6,0,0,1,1,0,0,0,0,1,0,0,0,0,0,0,0,0,0,0,0,0,0,0,0,0,0,2,0,5,3,0,0,3,0,0,50,8,1,0,0,36,0,0,0,0,4,0,0,1,11,0,0,1,2,0,0,0,0,7,1,0,0,0,0,0,2,0,0,0,0,0,0,0,1,0,0,0,1,0,0,0,0,0,4,4,0,0
"NE26 2",4372,4233,0,0,0,0,0,0,0,0,0,5,0,6,45,5,13,17,0,0,0,1,0,3,2,1,1,2,0,0,0,0,0,0,3,0,1,0,0,2,0,0,0,3,1,7,9,0,0,7,0,2,33,1,0,0,0,30,0,0,0,2,0,0,0,0,24,5,5,8,4,1,0,1,0,0,0,0,0,0,0,0,1,0,0,0,0,0,0,0,0,0,0,1,0,0,0,0,1,1,1,1,0,0
"NE26 3",5126,5074,0,0,0,0,0,0,0,0,0,4,0,1,15,2,9,1,0,0,0,0,0,0,0,1,2,0,0,0,0,0,0,0,2,0,0,0,0,2,0,0,0,1,1,3,3,0,0,3,0,0,15,0,1,6,0,6,0,2,0,0,0,0,0,0,6,0,2,2,0,0,0,0,0,2,0,0,0,0,0,0,0,0,0,0,0,0,0,0,0,0,0,0,0,0,0,0,0,0,1,1,0,0
"NE26 4",4166,4148,0,0,0,0,0,0,0,0,0,0,2,4,3,0,0,1,0,0,0,0,0,0,1,0,0,0,0,0,0,0,1,0,0,0,0,0,0,0,0,0,0,0,0,1,0,0,0,0,0,0,1,1,0,0,0,0,0,0,0,0,0,0,0,0,5,0,2,0,2,0,0,0,0,1,0,0,0,0,0,0,0,0,0,0,0,0,0,0,0,0,0,0,0,0,0,0,0,0,2,2,0,0
"NE27 0",11436,11177,2,0,0,0,0,0,0,0,0,5,6,10,65,1,9,26,1,1,2,1,1,10,0,2,5,4,1,1,0,0,0,0,2,0,0,0,0,2,0,0,0,7,2,12,18,0,0,15,1,2,73,10,4,11,0,25,0,0,7,4,11,0,0,1,51,2,11,20,0,0,0,4,0,11,3,0,0,0,0,0,4,0,0,0,0,0,1,0,0,0,0,3,0,0,0,0,0,0,2,1,0,1
"NE28 0",8347,8160,0,0,0,0,0,0,0,0,0,8,9,2,49,0,2,34,0,0,8,0,1,4,0,0,0,0,0,0,0,0,0,0,5,4,1,0,0,0,0,0,0,9,6,1,20,0,0,14,0,6,27,8,5,3,0,4,0,0,2,0,5,0,0,0,23,0,0,10,0,0,0,3,0,10,0,0,0,0,0,0,14,0,0,0,0,0,0,1,1,0,1,6,0,0,0,5,1,1,13,12,0,1
"NE28 6",4957,4730,0,3,0,0,0,0,0,3,0,6,7,3,99,2,2,64,2,7,15,4,0,0,1,0,1,0,0,0,0,0,1,0,3,3,0,0,0,0,0,0,0,7,3,2,18,0,6,11,1,0,23,0,0,13,0,10,0,0,0,0,0,0,0,0,41,0,8,17,0,0,0,4,0,12,0,0,0,0,0,0,9,0,0,0,0,0,2,0,1,0,0,0,0,2,1,3,0,0,3,2,0,1
"NE28 7",7676,7473,0,0,0,0,0,0,0,0,0,1,9,2,89,4,5,61,2,0,13,0,0,3,0,0,1,0,0,0,0,0,0,0,1,1,0,0,0,0,0,0,0,12,4,1,7,1,2,4,0,0,40,4,1,12,0,12,2,2,0,0,0,0,7,0,28,1,7,7,2,1,1,2,0,4,3,0,0,0,0,0,7,0,0,0,2,0,2,0,2,0,0,0,0,0,0,1,0,0,2,2,0,0
"NE28 8",9332,9076,0,2,0,0,0,0,0,2,0,6,1,5,44,3,4,19,1,1,1,0,0,3,6,4,0,0,0,1,0,1,0,0,1,0,0,0,0,1,0,0,0,4,3,3,10,0,2,7,0,1,33,4,4,5,0,11,0,0,0,3,2,3,0,1,130,0,75,47,1,1,3,0,0,3,0,0,0,0,0,0,7,0,0,0,0,0,0,1,0,0,0,0,0,0,3,3,0,0,7,4,0,3
"NE28 9",12780,12647,0,1,0,0,0,0,0,1,0,5,1,3,27,0,0,12,0,4,0,2,0,3,0,5,0,0,0,0,0,0,1,0,6,3,0,0,0,3,0,0,0,8,3,2,5,0,2,1,0,2,29,0,4,2,0,13,3,0,1,0,6,0,0,0,25,0,6,11,1,0,0,5,0,2,0,0,0,0,0,0,9,0,0,0,0,0,1,0,0,0,0,5,3,0,0,0,1,1,8,5,1,2
"NE29 0",6361,6250,0,0,0,0,0,0,0,0,0,5,1,5,25,0,3,14,0,0,2,0,0,0,0,1,5,0,0,0,0,0,0,0,4,1,3,0,0,0,0,0,0,3,5,9,7,0,0,7,0,0,18,1,2,1,0,3,0,0,0,0,11,0,0,0,24,0,3,9,0,0,0,3,0,9,0,0,0,0,0,0,0,0,0,0,0,0,0,0,0,0,0,0,0,0,0,0,0,0,5,3,0,2
"NE29 6",7402,7170,1,3,2,0,0,0,0,1,0,15,10,11,78,7,4,45,0,2,1,5,3,0,3,1,6,0,0,1,0,0,0,0,14,7,5,0,0,2,0,0,0,9,4,6,11,0,1,10,0,0,19,5,1,5,0,5,0,0,0,0,0,0,0,3,38,2,7,6,0,0,0,3,0,20,0,0,0,0,0,0,3,0,0,0,0,0,0,0,0,0,0,0,0,0,0,3,2,2,8,5,3,0
"NE29 7",7949,7773,1,1,1,0,0,0,0,0,0,2,6,1,67,0,1,39,2,2,2,14,0,4,0,1,0,0,0,2,0,0,0,0,2,0,2,0,0,0,0,0,0,9,2,3,6,0,0,6,0,0,29,6,0,3,0,18,0,0,2,0,0,0,0,0,35,1,4,4,0,0,0,2,3,19,2,0,0,0,0,0,11,0,0,0,0,0,0,0,0,0,0,4,0,0,3,4,1,1,0,0,0,0
"NE29 8",8474,8250,0,2,2,0,0,0,0,0,0,2,3,1,19,4,6,1,0,0,0,4,0,0,0,0,2,0,0,0,0,0,1,1,4,0,3,0,0,1,0,0,0,1,3,15,17,0,0,12,5,0,65,3,1,12,0,25,0,1,4,2,15,2,0,0,82,1,16,13,0,0,0,1,0,50,1,0,0,0,0,0,3,1,0,0,0,0,0,0,0,0,0,2,0,0,0,0,2,2,5,3,2,0
"NE29 9",4037,3964,0,0,0,0,0,0,0,0,0,6,0,0,17,3,2,7,0,2,0,0,0,0,2,0,0,1,0,0,0,0,0,0,0,0,0,0,0,0,0,0,0,2,1,4,4,0,0,3,0,1,30,2,5,1,0,11,0,0,2,0,5,0,0,4,9,0,0,2,0,0,0,3,0,4,0,0,0,0,0,0,0,0,0,0,0,0,0,0,0,0,0,0,0,0,0,0,0,0,0,0,0,0
"NE3  1",8759,8145,1,0,0,0,0,0,0,0,0,31,4,24,117,14,20,27,7,0,1,3,0,5,5,18,4,1,7,2,0,1,0,2,9,1,2,0,0,6,0,0,0,13,4,90,37,0,1,28,2,6,111,17,10,11,0,35,0,3,8,8,5,3,2,9,148,7,8,67,21,17,1,4,15,7,1,0,0,0,0,0,19,0,3,0,0,0,0,3,0,0,0,0,1,6,6,0,3,3,3,3,0,0
"NE3  2",13294,12318,0,0,0,0,0,0,0,0,0,31,6,21,121,7,28,35,6,11,5,5,0,2,7,2,6,3,0,0,2,0,1,1,10,0,4,1,0,5,0,0,0,18,25,363,80,1,15,54,2,8,147,18,12,22,0,72,4,0,6,0,0,0,0,13,121,18,23,35,9,3,0,6,9,13,5,0,0,0,0,0,21,0,0,0,0,0,3,3,1,0,4,6,0,3,1,0,6,6,6,5,0,1
"NE3  3",11051,10470,1,1,0,0,0,0,0,1,0,18,10,7,105,3,11,51,7,2,1,1,2,3,10,11,1,1,0,1,0,0,0,0,9,6,0,3,0,0,0,0,0,13,13,65,55,1,3,40,6,5,108,18,21,17,0,32,3,0,5,4,0,1,1,6,133,8,33,48,5,3,1,8,6,15,6,0,0,0,0,0,37,2,2,1,0,0,3,2,3,0,2,7,0,8,0,7,0,0,6,6,0,0
"NE3  4",10168,9581,0,1,1,0,0,0,0,0,0,12,15,14,104,19,23,25,1,0,5,0,2,0,3,10,4,3,2,2,0,0,0,5,11,0,9,0,0,2,0,0,0,12,6,70,24,0,6,16,0,2,187,44,30,58,0,32,0,1,4,6,4,3,2,3,110,8,35,41,13,1,0,3,1,8,0,2,0,0,0,0,12,0,0,4,0,0,0,0,1,0,0,0,0,0,1,6,5,5,2,0,2,0
"NE3  5",7663,7333,1,0,0,0,0,0,0,0,0,13,12,16,39,1,14,4,1,1,2,0,2,4,1,2,4,2,1,0,0,0,0,0,4,0,1,1,0,2,0,0,0,4,2,37,22,0,4,16,0,2,117,35,10,32,0,20,0,0,2,0,17,1,0,0,57,3,14,28,0,8,0,0,3,1,0,0,0,0,0,0,3,0,0,0,0,0,0,0,0,0,0,0,3,0,0,0,0,0,3,3,0,0
"NE30 1",1296,1277,0,0,0,0,0,0,0,0,0,0,1,1,12,0,5,2,0,0,0,0,0,0,0,2,2,0,0,1,0,0,0,0,2,0,0,0,0,2,0,0,0,0,0,0,2,0,0,1,0,1,1,0,0,0,0,0,1,0,0,0,0,0,0,0,0,0,0,0,0,0,0,0,0,0,0,0,0,0,0,0,0,0,0,0,0,0,0,0,0,0,0,0,0,0,0,0,0,0,0,0,0,0
"NE30 2",7509,7429,0,1,0,0,0,0,0,1,0,3,5,6,21,0,10,2,0,1,0,0,0,0,0,2,0,2,0,1,3,0,0,0,3,1,0,0,0,2,0,0,0,1,3,1,2,0,0,2,0,0,17,1,0,10,0,6,0,0,0,0,0,0,0,0,9,0,3,4,0,0,0,1,0,1,0,0,0,0,0,0,2,0,0,0,0,0,0,0,1,0,0,0,1,0,0,0,0,0,6,5,0,1
"NE30 3",8101,8016,0,0,0,0,0,0,0,0,0,6,1,6,22,3,3,2,2,1,0,0,0,0,1,0,7,2,1,0,0,0,0,0,0,0,0,0,0,0,0,0,0,0,0,3,0,0,0,0,0,0,34,4,0,3,0,21,3,0,0,0,3,0,0,0,10,1,1,3,1,0,0,2,1,1,0,0,0,0,0,0,1,0,0,0,0,0,0,0,0,0,0,0,0,1,0,0,0,0,2,1,0,1
"NE30 4",4809,4714,1,0,0,0,0,0,0,0,0,10,6,8,33,4,16,3,0,0,0,0,0,0,0,1,1,3,3,2,0,0,0,0,2,0,0,0,0,2,0,0,0,2,2,1,5,0,1,4,0,0,7,0,0,2,0,2,2,0,0,0,0,0,0,1,12,0,0,1,2,0,0,3,0,6,0,0,0,0,0,0,4,0,0,0,0,0,0,0,1,0,0,0,2,0,0,1,0,0,2,2,0,0
"NE31 1",9869,9778,0,0,0,0,0,0,0,0,0,5,1,2,23,1,2,14,0,0,0,3,0,2,0,0,0,0,0,1,0,0,0,0,1,0,0,0,0,1,0,0,0,2,3,5,6,0,0,6,0,0,19,0,1,4,0,11,0,0,0,0,3,0,0,0,13,1,2,4,0,0,0,3,1,2,0,0,0,0,0,0,8,0,0,0,0,0,0,6,1,0,0,0,1,0,0,0,1,1,2,1,1,0
"NE31 2",9523,9460,0,1,0,0,0,1,0,0,0,0,0,5,20,1,5,10,0,0,0,2,0,0,0,1,1,0,0,0,0,0,0,0,1,0,0,0,0,1,0,0,0,0,1,1,0,0,0,0,0,0,17,3,0,2,0,12,0,0,0,0,0,0,0,0,3,2,0,1,0,0,0,0,0,0,0,0,0,0,0,0,11,0,0,0,0,0,0,0,0,0,0,0,1,0,0,10,0,0,3,2,0,1
"NE32 3",5096,5014,0,0,0,0,0,0,0,0,0,0,1,2,14,2,3,5,0,1,0,0,0,0,0,0,1,0,1,0,0,0,1,0,0,0,0,0,0,0,0,0,0,0,4,2,2,0,0,2,0,0,35,4,0,4,0,20,0,0,0,0,0,0,7,0,14,4,4,3,0,1,0,2,0,0,0,0,0,0,0,0,6,0,0,0,0,0,0,0,0,0,4,2,0,0,0,0,0,0,2,2,0,0
"NE32 4",10074,9996,0,0,0,0,0,0,0,0,0,2,2,7,13,2,2,5,0,0,0,0,0,2,0,2,0,0,0,0,0,0,0,0,3,0,1,2,0,0,0,0,0,5,1,5,0,0,0,0,0,0,15,4,0,3,0,7,0,0,0,1,0,0,0,0,13,0,4,4,0,0,0,1,0,4,0,0,0,0,0,0,1,0,0,0,0,0,0,0,0,0,0,0,1,0,0,0,2,2,9,9,0,0
"NE32 5",9378,9299,0,0,0,0,0,0,0,0,0,0,3,0,15,2,2,6,0,0,1,2,0,0,0,0,0,0,0,0,0,0,2,0,0,0,0,0,0,0,0,0,0,2,2,14,7,0,5,2,0,0,20,2,5,5,0,3,0,0,0,0,2,0,3,0,3,0,1,0,0,1,0,1,0,0,0,0,0,0,0,0,4,0,0,0,0,0,0,0,0,0,3,0,1,0,0,0,0,0,9,8,0,1
"NE33 1",1267,1234,0,0,0,0,0,0,0,0,0,0,0,2,10,0,2,3,0,0,1,0,0,0,0,0,1,0,0,1,1,0,1,0,0,0,0,0,0,0,0,0,0,1,0,5,0,0,0,0,0,0,12,0,0,0,0,8,0,0,0,4,0,0,0,0,1,0,0,1,0,0,0,0,0,0,0,0,0,0,0,0,1,0,0,0,0,0,0,0,0,0,0,0,0,1,0,0,0,0,1,0,0,1
"NE33 2",6002,5325,0,0,0,0,0,0,0,0,0,12,10,6,58,2,12,11,4,1,8,1,13,2,0,0,1,0,2,1,0,0,0,0,1,0,0,0,0,1,0,0,0,0,0,51,36,0,7,24,5,0,456,27,5,16,0,401,0,0,0,2,0,0,0,5,32,0,7,13,0,3,0,9,0,0,0,0,0,0,0,0,9,0,0,6,0,0,0,0,0,0,1,0,0,0,1,1,1,1,5,4,1,0
"NE33 3",7614,7459,0,0,0,0,0,0,0,0,0,0,0,2,25,0,6,7,0,0,7,1,0,1,1,0,1,0,1,0,0,0,0,0,2,0,1,0,0,1,0,0,0,4,4,6,16,0,2,14,0,0,73,12,7,10,0,28,1,0,0,4,9,2,0,0,16,1,1,2,0,0,0,4,2,5,1,0,0,0,0,0,7,0,0,0,0,0,2,0,0,0,0,5,0,0,0,0,0,0,0,0,0,0
"NE33 4",7098,6763,3,2,1,0,0,1,0,0,0,7,5,4,39,1,4,11,0,0,6,6,6,4,0,0,0,0,0,0,0,0,0,1,2,0,0,0,0,2,0,0,0,9,3,31,37,0,20,17,0,0,165,72,6,11,0,64,1,1,0,1,3,4,0,2,16,1,1,2,0,2,0,2,0,5,3,0,0,0,0,0,10,0,2,0,0,0,0,2,0,0,0,3,0,1,0,2,1,1,1,0,1,0
"NE33 5",4145,3820,1,0,0,0,0,0,0,0,0,1,5,0,32,1,1,9,3,0,0,12,1,0,0,0,2,0,1,2,0,0,0,0,0,0,0,0,0,0,0,0,0,5,1,82,26,0,15,11,0,0,139,27,6,15,0,81,0,0,0,7,0,2,0,1,20,1,1,14,0,0,0,1,0,1,2,0,0,0,0,0,13,0,0,2,0,0,0,0,0,0,0,3,0,8,0,0,0,0,0,0,0,0
"NE34 0",10277,10096,1,1,0,0,0,0,0,1,0,3,0,2,51,3,5,21,0,1,7,8,0,0,0,2,2,2,0,0,0,0,0,0,0,0,0,0,0,0,0,0,0,2,17,14,16,0,0,13,2,1,54,13,4,13,0,14,2,0,0,2,6,0,0,0,7,0,0,0,0,0,0,3,0,4,0,0,0,0,0,0,8,0,0,0,0,0,1,0,0,0,4,0,1,2,0,0,2,2,3,3,0,0
"NE34 6",9018,8940,0,0,0,0,0,0,0,0,0,2,1,2,16,2,5,4,1,0,0,0,0,0,2,2,0,0,0,0,0,0,0,0,0,0,0,0,0,0,0,0,0,0,1,5,4,0,0,3,0,1,26,3,0,5,0,13,0,0,3,0,1,0,0,1,15,0,8,1,0,0,1,2,0,3,0,0,0,0,0,0,0,0,0,0,0,0,0,0,0,0,0,0,0,0,0,0,0,0,6,6,0,0
"NE34 7",11251,11138,0,0,0,0,0,0,0,0,0,1,1,3,28,1,4,18,0,0,0,0,0,0,3,0,1,1,0,0,0,0,0,0,3,0,1,2,0,0,0,0,0,2,4,2,4,0,0,4,0,0,32,4,2,6,0,16,0,0,1,3,0,0,0,0,18,0,2,8,1,0,0,6,0,1,0,0,0,0,0,0,3,0,0,0,0,0,0,0,0,0,0,0,1,2,0,0,4,4,8,7,0,1
"NE34 8",9829,9762,0,0,0,0,0,0,0,0,0,1,1,1,12,0,0,9,0,0,2,0,0,0,1,0,0,0,0,0,0,0,0,0,0,0,0,0,0,0,0,0,0,2,0,3,4,0,0,3,0,1,25,9,4,3,0,6,0,0,0,1,0,1,0,1,8,0,0,0,0,0,0,5,0,3,0,0,0,0,0,0,3,1,0,0,0,0,0,0,0,0,0,0,2,0,0,0,0,0,7,5,1,1
"NE34 9",10355,10263,0,4,0,0,0,0,0,4,0,3,3,3,24,1,4,8,0,0,3,0,0,1,0,1,1,0,1,1,1,0,2,0,3,0,3,0,0,0,0,0,0,0,3,7,4,0,0,4,0,0,16,0,0,1,0,9,0,0,3,0,3,0,0,0,6,0,2,1,0,0,0,2,0,0,1,0,0,0,0,0,6,0,0,0,0,0,1,2,0,0,0,3,0,0,0,0,0,0,10,9,1,0
"NE35 9",6180,6087,0,0,0,0,0,0,0,0,0,0,4,0,18,0,2,13,0,1,0,0,0,0,0,1,0,0,0,1,0,0,0,0,1,1,0,0,0,0,0,0,0,4,0,3,2,0,1,1,0,0,39,6,0,15,0,14,4,0,0,0,0,0,0,0,18,0,5,11,0,0,0,1,0,1,0,0,0,0,0,0,2,0,0,0,0,0,0,0,0,0,0,2,0,0,0,0,0,0,2,2,0,0
"NE36 0",6667,6622,0,0,0,0,0,0,0,0,0,0,0,3,10,0,0,6,0,1,1,0,0,0,0,1,0,1,0,0,0,0,0,0,2,0,2,0,0,0,0,0,0,0,0,0,1,0,0,1,0,0,18,3,0,1,0,12,0,2,0,0,0,0,0,0,9,1,3,1,0,0,0,1,0,3,0,0,0,0,0,0,1,0,0,0,0,0,0,0,0,0,0,0,0,0,0,1,0,0,1,1,0,0
"NE37 1",9434,9299,1,0,0,0,0,0,0,0,0,2,1,0,45,0,0,16,0,1,0,15,9,0,0,3,0,1,0,0,0,0,0,0,1,0,0,0,0,1,0,0,0,0,2,2,8,0,2,6,0,0,45,1,0,13,0,30,0,0,0,0,1,0,0,0,13,0,4,4,2,0,0,3,0,0,0,0,0,0,0,0,2,0,0,0,0,0,0,0,0,0,0,0,0,0,0,2,0,0,13,11,1,1
"NE37 2",6915,6854,0,0,0,0,0,0,0,0,0,1,1,2,35,0,0,13,2,0,0,10,2,1,0,0,1,0,1,0,0,4,1,0,0,0,0,0,0,0,0,0,0,0,2,2,2,0,1,1,0,0,6,2,0,3,0,0,1,0,0,0,0,0,0,0,2,0,0,1,1,0,0,0,0,0,0,0,0,0,0,0,5,0,0,0,0,0,0,0,2,1,0,2,0,0,0,0,1,1,2,2,0,0
"NE37 3",3931,3843,0,0,0,0,0,0,0,0,0,2,0,0,52,2,0,34,3,0,0,12,1,0,0,0,0,0,0,0,0,0,0,0,1,0,0,0,0,1,0,0,0,3,1,0,4,0,1,3,0,0,14,3,0,6,0,5,0,0,0,0,0,0,0,0,9,2,1,4,1,0,0,1,0,0,0,0,0,0,0,0,1,0,0,0,0,0,0,0,0,0,0,0,0,0,0,1,0,0,1,0,0,1
"NE38 0",8837,8737,0,0,0,0,0,0,0,0,0,5,0,1,30,1,3,22,0,0,2,0,0,0,0,1,0,0,1,0,0,0,0,0,1,0,0,0,0,1,0,0,0,6,2,3,11,0,4,6,0,1,14,1,0,6,0,7,0,0,0,0,0,0,0,0,20,0,1,7,5,0,0,5,0,0,2,0,0,0,0,0,3,0,0,0,0,0,1,0,0,0,0,0,0,0,0,2,0,0,4,4,0,0
"NE38 7",8728,8660,0,0,0,0,0,0,0,0,0,2,1,2,29,2,2,16,0,0,0,0,6,0,0,0,1,1,0,0,0,0,1,0,3,1,1,0,0,1,0,0,0,0,3,2,2,0,0,0,0,2,13,0,4,2,0,6,0,0,0,0,1,0,0,0,11,0,2,7,0,0,0,0,0,1,1,0,0,0,0,0,0,0,0,0,0,0,0,0,0,0,0,0,0,0,0,0,0,0,0,0,0,0
"NE38 8",7565,7426,2,2,0,0,0,0,0,1,1,1,8,2,25,1,5,14,0,0,2,2,0,0,1,0,0,0,0,0,0,0,0,0,1,0,0,0,1,0,0,0,0,0,1,4,0,0,0,0,0,0,43,1,0,16,0,18,0,4,0,0,4,0,0,0,43,8,7,9,11,0,0,0,0,5,3,0,0,0,0,0,5,0,0,0,0,0,0,0,0,0,0,5,0,0,0,0,1,1,1,1,0,0
"NE38 9",4967,4872,0,0,0,0,0,0,0,0,0,3,0,0,13,4,1,4,0,0,0,1,0,0,0,2,1,0,0,0,0,0,0,0,0,0,0,0,0,0,0,0,0,0,1,6,0,0,0,0,0,0,54,0,0,20,0,23,2,2,2,2,2,0,0,1,16,0,6,3,2,0,0,4,0,0,1,0,0,0,0,0,1,0,0,0,0,0,0,0,0,0,0,0,0,0,0,1,0,0,1,1,0,0
"NE39 1",3883,3859,0,0,0,0,0,0,0,0,0,3,0,1,10,1,0,2,0,0,0,4,0,0,0,0,1,0,1,1,0,0,0,0,4,3,0,0,0,1,0,0,0,1,0,0,1,0,0,1,0,0,0,0,0,0,0,0,0,0,0,0,0,0,0,0,4,0,1,0,0,0,0,3,0,0,0,0,0,0,0,0,0,0,0,0,0,0,0,0,0,0,0,0,0,0,0,0,0,0,0,0,0,0
"NE39 2",4447,4416,0,0,0,0,0,0,0,0,0,0,3,1,11,1,3,6,0,0,0,0,0,0,0,1,0,0,0,0,0,0,0,0,0,0,0,0,0,0,0,0,0,0,0,0,2,0,0,2,0,0,6,0,0,2,0,0,0,0,0,0,2,2,0,0,5,0,0,2,1,1,0,1,0,0,0,0,0,0,0,0,1,0,0,0,0,0,0,0,0,0,0,0,1,0,0,0,0,0,2,1,0,1
"NE4  5",7543,4720,2,0,0,0,0,0,0,0,0,60,23,26,277,9,12,58,55,37,20,37,1,10,8,12,4,6,3,3,1,0,1,0,85,9,68,1,1,6,0,0,0,33,29,310,213,0,70,90,47,6,1074,249,74,83,38,318,10,6,113,59,36,36,42,10,562,33,27,248,7,5,4,17,176,36,9,0,0,0,0,0,116,5,15,3,0,0,7,3,12,2,5,12,1,28,6,17,11,11,2,2,0,0
"NE4  6",6913,4782,0,2,0,0,0,0,0,1,1,45,22,21,190,13,13,61,16,19,15,10,6,5,3,20,4,0,3,0,1,1,0,0,23,2,17,0,1,3,0,0,0,17,26,115,236,0,89,110,35,2,951,108,15,62,8,654,7,0,16,15,10,24,19,13,344,21,61,120,2,3,19,11,35,67,5,0,0,0,0,0,126,11,26,11,0,0,0,2,21,0,9,14,1,9,2,20,10,10,3,2,1,0
"NE4  7",2352,2040,0,0,0,0,0,0,0,0,0,21,19,3,76,0,0,60,6,4,1,1,1,1,0,1,0,0,0,0,1,0,0,0,2,2,0,0,0,0,0,0,0,9,6,24,58,0,9,35,13,1,33,1,0,1,0,21,0,0,0,7,0,0,0,3,33,4,8,11,0,0,1,1,0,8,0,0,0,0,0,0,27,1,7,2,1,0,0,0,2,0,6,4,0,1,0,3,0,0,1,1,0,0
"NE4  8",7216,4689,0,2,0,0,0,0,0,0,2,56,42,8,546,9,3,150,140,186,32,10,11,1,0,0,1,0,0,1,1,0,0,1,1,0,1,0,0,0,1,1,0,10,15,155,183,1,81,59,34,8,1107,203,40,77,28,567,28,0,49,25,36,26,15,13,284,23,13,70,1,10,0,4,53,99,11,0,0,0,0,0,98,8,4,8,2,0,6,3,8,0,2,9,0,21,5,22,16,16,3,3,0,0
"NE4  9",11488,9063,1,2,0,0,0,1,0,1,0,19,15,15,246,12,16,49,41,23,40,21,1,1,15,9,6,5,0,2,1,1,2,1,22,5,15,0,0,2,0,0,0,11,7,266,98,0,7,44,45,2,1372,447,44,280,35,350,26,11,43,43,33,22,15,23,302,7,28,133,3,2,9,11,70,34,5,0,0,0,0,0,35,3,6,0,0,0,2,5,0,0,0,1,0,7,1,10,6,6,8,4,1,3
"NE40 3",7377,7311,0,1,0,0,0,0,0,1,0,6,0,3,24,10,4,7,0,0,0,1,0,0,0,1,1,0,0,0,0,0,0,0,5,4,1,0,0,0,0,0,0,0,0,3,2,0,0,2,0,0,7,0,0,1,0,2,0,0,0,4,0,0,0,0,10,1,0,3,1,0,0,1,0,2,2,0,0,0,0,0,2,0,0,0,0,0,0,0,0,0,0,0,1,0,0,1,0,0,3,2,1,0
"NE40 4",7721,7680,0,0,0,0,0,0,0,0,0,3,0,2,16,1,1,9,1,0,0,0,0,3,0,0,0,0,0,0,0,0,1,0,0,0,0,0,0,0,0,0,0,0,4,0,10,0,0,10,0,0,0,0,0,0,0,0,0,0,0,0,0,0,0,0,4,0,3,0,0,0,0,1,0,0,0,0,0,0,0,0,0,0,0,0,0,0,0,0,0,0,0,0,0,0,0,0,0,0,2,1,1,0
"NE41 8",2138,2122,0,0,0,0,0,0,0,0,0,0,0,0,7,0,1,4,0,0,0,0,0,0,0,0,2,0,0,0,0,0,0,0,0,0,0,0,0,0,0,0,0,1,1,1,0,0,0,0,0,0,1,0,0,1,0,0,0,0,0,0,0,0,0,0,3,0,0,0,0,0,0,3,0,0,0,0,0,0,0,0,2,0,0,0,0,0,0,0,0,0,0,0,2,0,0,0,0,0,0,0,0,0
"NE42 5",6742,6665,0,0,0,0,0,0,0,0,0,7,0,2,30,2,6,11,2,1,0,0,0,1,0,1,4,1,0,1,0,0,0,0,3,0,0,3,0,0,0,0,0,3,1,0,0,0,0,0,0,0,5,0,1,0,0,2,0,0,0,0,2,0,0,0,25,1,1,4,1,0,0,6,0,12,0,0,0,0,0,0,0,0,0,0,0,0,0,0,0,0,0,0,0,0,0,0,0,0,1,1,0,0
"NE42 6",5477,5425,0,0,0,0,0,0,0,0,0,1,0,2,26,2,3,5,0,0,6,0,5,2,0,0,3,0,0,0,0,0,0,0,0,0,0,0,0,0,0,0,0,0,1,0,3,0,2,1,0,0,4,4,0,0,0,0,0,0,0,0,0,0,0,0,14,0,0,4,0,0,0,4,0,6,0,0,0,0,0,0,0,0,0,0,0,0,0,0,0,0,0,0,0,0,0,0,0,0,1,0,0,1
"NE43 7",4412,4368,0,0,0,0,0,0,0,0,0,8,0,4,15,0,0,1,0,2,0,0,0,2,0,1,5,1,2,1,0,0,0,0,0,0,0,0,0,0,0,0,0,1,0,1,0,0,0,0,0,0,6,4,0,0,0,0,0,0,0,0,2,0,0,0,8,0,2,0,0,0,0,2,0,4,0,0,0,0,0,0,0,0,0,0,0,0,0,0,0,0,0,0,0,0,0,0,1,1,0,0,0,0
"NE44 6",946,927,1,0,0,0,0,0,0,0,0,1,0,3,9,0,1,0,0,0,5,0,0,0,0,1,0,2,0,0,0,0,0,0,0,0,0,0,0,0,0,0,0,0,0,0,2,0,0,2,0,0,1,0,1,0,0,0,0,0,0,0,0,0,0,0,2,0,0,2,0,0,0,0,0,0,0,0,0,0,0,0,0,0,0,0,0,0,0,0,0,0,0,0,0,0,0,0,0,0,0,0,0,0
"NE45 5",3578,3564,0,0,0,0,0,0,0,0,0,1,0,1,2,0,1,0,0,0,0,0,0,0,0,0,1,0,0,0,0,0,0,0,1,0,0,0,0,1,0,0,0,0,0,2,1,1,0,0,0,0,0,0,0,0,0,0,0,0,0,0,0,0,0,0,6,0,0,3,0,0,0,3,0,0,0,0,0,0,0,0,0,0,0,0,0,0,0,0,0,0,0,0,0,0,0,0,0,0,0,0,0,0
"NE46 1",4092,4036,2,0,0,0,0,0,0,0,0,1,1,2,31,0,2,21,0,0,4,0,1,0,0,0,1,0,2,0,0,0,0,0,0,0,0,0,0,0,0,0,0,2,0,1,0,0,0,0,0,0,8,0,0,1,0,2,0,0,0,3,2,0,0,0,8,0,0,0,4,0,0,1,0,3,0,0,0,0,0,0,0,0,0,0,0,0,0,0,0,0,0,0,0,0,0,0,0,0,0,0,0,0
"NE46 2",4351,4307,0,0,0,0,0,0,0,0,0,0,4,0,27,3,6,8,0,1,0,5,0,0,0,0,1,3,0,0,0,0,0,0,1,0,1,0,0,0,0,0,0,0,0,2,1,0,0,1,0,0,2,0,0,0,0,0,0,0,1,1,0,0,0,0,6,0,3,1,0,0,0,0,0,2,0,0,0,0,0,0,0,0,0,0,0,0,0,0,0,0,0,0,0,0,0,0,1,1,0,0,0,0
"NE46 3",3408,3357,0,1,0,0,0,1,0,0,0,0,1,2,22,0,7,10,2,0,0,1,0,0,0,0,0,1,1,0,0,0,0,0,5,0,0,4,0,1,0,0,0,4,1,0,0,0,0,0,0,0,5,1,0,0,0,2,0,0,0,0,2,0,0,0,10,0,0,0,0,0,0,5,0,5,0,0,0,0,0,0,0,0,0,0,0,0,0,0,0,0,0,0,0,0,0,0,0,0,0,0,0,0
"NE46 4",3282,3261,0,0,0,0,0,0,0,0,0,0,0,3,7,0,0,2,0,0,0,0,1,2,0,2,0,0,0,0,0,0,0,0,0,0,0,0,0,0,0,0,0,0,1,1,0,0,0,0,0,0,0,0,0,0,0,0,0,0,0,0,0,0,0,0,8,0,0,2,0,0,0,0,0,4,2,0,0,0,0,0,0,0,0,0,0,0,0,0,0,0,0,0,0,0,0,0,1,1,0,0,0,0
"NE47 0",1047,1026,0,0,0,0,0,0,0,0,0,0,0,0,20,0,1,15,0,0,3,0,0,0,0,0,1,0,0,0,0,0,0,0,0,0,0,0,0,0,0,0,0,0,0,0,0,0,0,0,0,0,1,0,0,0,0,1,0,0,0,0,0,0,0,0,0,0,0,0,0,0,0,0,0,0,0,0,0,0,0,0,0,0,0,0,0,0,0,0,0,0,0,0,0,0,0,0,0,0,0,0,0,0
"NE47 5",891,886,0,0,0,0,0,0,0,0,0,0,1,1,0,0,0,0,0,0,0,0,0,0,0,0,0,0,0,0,0,0,0,0,1,0,0,0,0,1,0,0,0,0,0,0,0,0,0,0,0,0,2,0,0,1,0,1,0,0,0,0,0,0,0,0,0,0,0,0,0,0,0,0,0,0,0,0,0,0,0,0,0,0,0,0,0,0,0,0,0,0,0,0,0,0,0,0,0,0,0,0,0,0
"NE47 6",2118,2112,0,0,0,0,0,0,0,0,0,0,0,1,1,0,0,0,0,0,0,0,0,0,0,1,0,0,0,0,0,0,0,0,0,0,0,0,0,0,0,0,0,1,0,0,0,0,0,0,0,0,0,0,0,0,0,0,0,0,0,0,0,0,0,0,0,0,0,0,0,0,0,0,0,0,0,0,0,0,0,0,1,1,0,0,0,0,0,0,0,0,0,0,0,0,0,0,2,2,0,0,0,0
"NE47 7",1188,1180,0,0,0,0,0,0,0,0,0,0,0,0,5,0,0,3,2,0,0,0,0,0,0,0,0,0,0,0,0,0,0,0,0,0,0,0,0,0,0,0,0,1,0,1,0,0,0,0,0,0,0,0,0,0,0,0,0,0,0,0,0,0,0,0,1,0,0,0,0,0,0,0,0,1,0,0,0,0,0,0,0,0,0,0,0,0,0,0,0,0,0,0,0,0,0,0,0,0,0,0,0,0
"NE47 8",512,507,0,0,0,0,0,0,0,0,0,0,0,0,4,0,1,0,0,0,0,0,0,1,0,0,2,0,0,0,0,0,0,0,0,0,0,0,0,0,0,0,0,0,0,0,0,0,0,0,0,0,0,0,0,0,0,0,0,0,0,0,0,0,0,0,1,0,0,0,0,0,0,1,0,0,0,0,0,0,0,0,0,0,0,0,0,0,0,0,0,0,0,0,0,0,0,0,0,0,0,0,0,0
"NE47 9",1986,1979,0,0,0,0,0,0,0,0,0,0,0,0,3,1,0,0,0,0,1,0,0,0,0,0,1,0,0,0,0,0,0,0,1,0,0,1,0,0,0,0,0,1,0,0,0,0,0,0,0,0,0,0,0,0,0,0,0,0,0,0,0,0,0,0,2,0,0,0,0,0,0,1,0,1,0,0,0,0,0,0,0,0,0,0,0,0,0,0,0,0,0,0,0,0,0,0,0,0,0,0,0,0
"NE48 1",747,738,0,3,0,0,0,0,0,3,0,0,0,0,5,0,2,2,0,0,0,0,0,0,0,0,0,0,0,1,0,0,0,0,1,0,0,0,0,1,0,0,0,0,0,0,0,0,0,0,0,0,0,0,0,0,0,0,0,0,0,0,0,0,0,0,0,0,0,0,0,0,0,0,0,0,0,0,0,0,0,0,0,0,0,0,0,0,0,0,0,0,0,0,0,0,0,0,0,0,0,0,0,0
"NE48 2",1798,1789,0,0,0,0,0,0,0,0,0,2,1,0,3,0,0,0,0,0,0,0,0,0,0,0,3,0,0,0,0,0,0,0,0,0,0,0,0,0,0,0,0,0,0,0,0,0,0,0,0,0,0,0,0,0,0,0,0,0,0,0,0,0,0,0,1,0,0,0,0,0,0,0,0,1,0,0,0,0,0,0,2,1,0,0,0,0,0,0,0,0,0,0,0,0,0,1,0,0,0,0,0,0
"NE48 3",1078,1072,0,1,0,0,0,1,0,0,0,0,0,0,4,2,0,0,0,0,2,0,0,0,0,0,0,0,0,0,0,0,0,0,0,0,0,0,0,0,0,0,0,0,0,0,0,0,0,0,0,0,1,0,0,0,0,1,0,0,0,0,0,0,0,0,0,0,0,0,0,0,0,0,0,0,0,0,0,0,0,0,0,0,0,0,0,0,0,0,0,0,0,0,0,0,0,0,0,0,0,0,0,0
"NE48 4",559,558,0,0,0,0,0,0,0,0,0,1,0,0,0,0,0,0,0,0,0,0,0,0,0,0,0,0,0,0,0,0,0,0,0,0,0,0,0,0,0,0,0,0,0,0,0,0,0,0,0,0,0,0,0,0,0,0,0,0,0,0,0,0,0,0,0,0,0,0,0,0,0,0,0,0,0,0,0,0,0,0,0,0,0,0,0,0,0,0,0,0,0,0,0,0,0,0,0,0,0,0,0,0
"NE49 0",1062,1057,0,0,0,0,0,0,0,0,0,0,0,0,1,0,0,0,0,0,0,0,0,0,0,0,1,0,0,0,0,0,0,0,2,0,0,0,0,2,0,0,0,1,0,0,0,0,0,0,0,0,0,0,0,0,0,0,0,0,0,0,0,0,0,0,1,0,0,0,0,0,0,1,0,0,0,0,0,0,0,0,0,0,0,0,0,0,0,0,0,0,0,0,0,0,0,0,0,0,0,0,0,0
"NE49 9",3155,3147,0,0,0,0,0,0,0,0,0,1,0,1,4,0,0,1,0,0,0,0,2,0,0,0,0,0,1,0,0,0,0,0,0,0,0,0,0,0,0,0,0,0,0,0,0,0,0,0,0,0,0,0,0,0,0,0,0,0,0,0,0,0,0,0,0,0,0,0,0,0,0,0,0,0,0,0,0,0,0,0,2,0,0,0,0,0,0,0,0,0,0,0,0,0,0,2,0,0,0,0,0,0
"NE5  1",8516,8439,0,0,0,0,0,0,0,0,0,4,0,2,7,0,2,2,0,0,1,0,0,0,0,0,1,1,0,0,0,0,0,0,1,0,1,0,0,0,0,0,0,0,1,1,4,0,0,4,0,0,27,8,3,4,0,4,6,0,0,2,0,0,0,0,30,0,12,12,1,0,2,3,0,0,0,0,0,0,0,0,0,0,0,0,0,0,0,0,0,0,0,0,0,0,0,0,0,0,0,0,0,0
"NE5  2",13626,13138,0,2,0,0,0,1,0,1,0,9,6,12,98,5,6,48,3,16,4,3,3,0,0,3,3,1,0,1,0,0,1,1,5,2,2,0,0,1,0,0,0,5,5,44,39,0,8,26,5,0,167,52,3,23,0,37,3,0,0,9,38,2,0,0,85,8,26,44,1,1,0,1,0,1,3,0,0,0,0,0,9,2,0,1,0,0,0,0,1,0,0,3,0,0,0,2,1,1,1,1,0,0
"NE5  3",9706,9018,0,0,0,0,0,0,0,0,0,49,14,3,115,6,3,63,3,11,1,6,8,2,0,8,3,1,0,0,0,0,0,0,2,2,0,0,0,0,0,0,0,11,9,66,44,0,8,24,1,11,140,26,3,19,1,28,0,2,0,18,35,4,1,3,157,5,19,45,0,0,0,2,1,78,7,0,0,0,0,0,70,7,0,0,0,1,2,2,6,0,4,33,0,2,1,12,3,3,5,4,0,1
"NE5  4",8415,8170,0,0,0,0,0,0,0,0,0,3,1,2,69,5,0,47,1,5,0,0,1,8,0,2,0,0,0,0,0,0,0,0,0,0,0,0,0,0,0,0,0,6,2,43,13,0,2,9,2,0,15,7,0,4,0,0,1,0,0,3,0,0,0,0,74,0,14,38,0,0,0,3,1,14,4,0,0,0,0,0,13,0,0,0,0,0,0,0,0,0,0,0,0,1,2,10,1,1,3,3,0,0
"NE5  5",6872,6794,0,0,0,0,0,0,0,0,0,4,3,0,17,1,1,3,2,0,0,5,0,2,0,2,0,1,0,0,0,0,0,0,0,0,0,0,0,0,0,0,0,2,1,15,6,0,0,6,0,0,10,0,1,3,0,4,2,0,0,0,0,0,0,0,15,0,3,7,1,0,0,4,0,0,0,0,0,0,0,0,3,0,0,0,0,0,0,0,0,0,0,2,0,1,0,0,1,1,1,1,0,0
"NE6  1",3126,2806,1,1,0,1,0,0,0,0,0,20,18,4,110,5,2,48,4,20,0,7,5,2,6,4,0,2,1,3,1,0,0,0,8,2,6,0,0,0,0,0,0,10,1,14,27,0,5,16,5,1,39,6,1,9,0,5,1,0,0,0,0,8,8,1,44,11,0,22,0,0,0,1,1,1,8,0,0,0,0,0,15,0,2,0,0,0,0,0,2,0,3,1,0,1,0,6,3,3,5,5,0,0
"NE6  2",10991,10187,1,2,0,0,0,0,0,2,0,53,97,16,242,11,9,121,32,30,8,18,4,0,0,3,5,0,1,0,0,0,0,0,10,3,6,0,0,1,0,0,0,16,14,24,76,1,19,50,1,5,50,9,3,14,0,4,0,0,0,9,8,1,0,2,124,14,14,28,2,4,4,3,0,49,6,0,0,1,1,0,71,11,8,4,0,0,5,1,11,0,10,7,0,0,6,8,2,2,5,2,1,2
"NE6  3",7966,7479,0,1,0,0,0,0,0,1,0,50,33,9,124,2,7,70,8,29,0,2,1,1,0,0,2,0,1,1,0,0,0,0,8,1,7,0,0,0,0,0,0,2,4,25,97,0,34,56,7,0,36,5,0,7,0,3,0,0,0,10,4,0,7,0,48,11,5,13,0,0,0,2,0,15,2,0,0,0,0,0,48,7,9,2,0,0,0,0,2,0,7,6,0,4,0,11,1,1,1,1,0,0
"NE6  4",11548,11142,0,0,0,0,0,0,0,0,0,27,25,4,103,3,4,60,13,4,0,6,0,2,0,2,3,1,1,2,0,0,1,1,4,0,1,1,0,2,0,0,0,15,11,15,57,0,19,36,2,0,44,9,1,17,0,4,0,0,2,5,0,2,4,0,65,6,21,19,1,1,0,4,1,5,7,0,0,0,0,0,31,4,4,3,0,2,1,0,2,0,4,8,0,0,1,2,2,2,3,2,0,1
"NE6  5",15600,14436,3,4,3,0,0,0,0,1,0,47,25,39,311,38,49,77,6,15,16,20,3,3,25,25,11,9,2,6,2,1,2,1,18,4,9,0,0,5,2,2,0,37,9,28,50,1,12,28,6,3,247,46,32,39,0,53,10,0,8,25,4,1,29,0,296,16,19,200,6,7,24,18,4,1,1,0,0,0,0,0,41,3,2,1,0,0,0,4,10,0,0,1,0,7,2,11,3,3,4,4,0,0
"NE61 1",4044,3975,0,1,0,0,0,1,0,0,0,2,1,5,16,2,5,1,0,0,1,2,0,0,0,0,5,0,0,0,0,0,0,0,1,0,0,0,0,1,0,0,0,1,1,0,4,1,2,1,0,0,19,2,0,1,0,12,0,0,1,3,0,0,0,0,9,1,1,2,0,0,0,4,0,1,0,0,0,0,0,0,4,0,0,0,0,0,0,0,2,0,1,0,0,0,0,1,1,1,4,3,0,1
"NE61 2",8696,8612,0,0,0,0,0,0,0,0,0,1,3,2,40,3,3,12,0,1,6,5,0,1,1,1,5,0,2,0,0,0,0,0,0,0,0,0,0,0,0,0,0,2,6,1,1,0,0,1,0,0,21,0,0,2,0,15,0,2,0,0,0,1,1,0,6,0,1,0,0,0,0,3,0,2,0,0,0,0,0,0,0,0,0,0,0,0,0,0,0,0,0,0,0,0,0,0,0,0,1,0,0,1
"NE61 3",3786,3740,0,0,0,0,0,0,0,0,0,4,0,1,16,0,8,1,1,0,0,0,0,0,0,0,1,2,3,0,0,0,0,0,0,0,0,0,0,0,0,0,0,0,0,2,1,0,1,0,0,0,13,0,0,5,0,7,1,0,0,0,0,0,0,0,6,0,0,5,0,0,0,0,1,0,0,0,0,0,0,0,3,0,0,0,0,0,0,0,0,0,0,0,3,0,0,0,0,0,0,0,0,0
"NE61 4",1238,1235,0,0,0,0,0,0,0,0,0,0,0,0,2,1,0,0,0,0,1,0,0,0,0,0,0,0,0,0,0,0,0,0,0,0,0,0,0,0,0,0,0,0,0,0,0,0,0,0,0,0,0,0,0,0,0,0,0,0,0,0,0,0,0,0,0,0,0,0,0,0,0,0,0,0,0,0,0,0,0,0,1,0,0,0,0,0,0,0,0,0,0,0,1,0,0,0,0,0,0,0,0,0
"NE61 5",7830,7771,0,2,0,0,0,2,0,0,0,3,1,0,32,2,6,10,0,0,3,4,4,0,0,1,1,0,0,0,0,0,1,0,3,0,0,2,1,0,0,0,0,0,0,1,0,0,0,0,0,0,6,1,0,5,0,0,0,0,0,0,0,0,0,0,9,0,1,4,0,0,0,4,0,0,0,0,0,0,0,0,0,0,0,0,0,0,0,0,0,0,0,0,0,0,0,0,0,0,2,0,1,1
"NE61 6",4820,4787,0,0,0,0,0,0,0,0,0,2,0,0,18,3,6,8,0,0,1,0,0,0,0,0,0,0,0,0,0,0,0,0,0,0,0,0,0,0,0,0,0,0,1,1,2,0,0,2,0,0,1,0,0,0,0,1,0,0,0,0,0,0,0,0,6,0,0,4,0,0,0,0,0,2,0,0,0,0,0,0,1,0,0,0,0,0,0,0,0,0,0,0,0,0,0,1,0,0,1,0,0,1
"NE62 5",9325,9269,1,2,0,0,0,0,0,2,0,3,0,2,21,1,1,9,0,0,0,8,0,0,0,0,2,0,0,0,0,0,0,0,2,0,0,0,0,2,0,0,0,3,0,0,0,0,0,0,0,0,7,4,0,3,0,0,0,0,0,0,0,0,0,0,11,1,1,4,0,0,0,2,0,2,1,0,0,0,0,0,1,0,0,0,0,0,0,0,1,0,0,0,0,0,0,0,0,0,3,0,0,3
"NE63 0",7832,7781,0,1,0,0,0,0,0,1,0,0,1,3,12,1,0,10,0,0,0,0,0,0,0,0,0,0,0,0,0,0,1,0,1,1,0,0,0,0,0,0,0,0,2,0,1,0,0,1,0,0,8,0,0,5,0,3,0,0,0,0,0,0,0,0,17,1,3,4,1,0,0,1,0,7,0,0,0,0,0,0,0,0,0,0,0,0,0,0,0,0,0,0,0,0,0,0,0,0,5,1,1,3
"NE63 8",8267,8215,0,0,0,0,0,0,0,0,0,0,0,0,10,1,0,6,0,0,0,0,0,0,0,1,0,1,0,0,0,0,1,0,0,0,0,0,0,0,0,0,0,2,2,1,1,0,0,1,0,0,21,0,0,9,0,5,0,0,1,2,3,0,0,1,11,0,0,9,1,0,0,0,0,1,0,0,0,0,0,0,0,0,0,0,0,0,0,0,0,0,0,0,0,0,0,0,1,1,3,2,0,1
"NE63 9",10684,10517,0,0,0,0,0,0,0,0,0,2,3,4,36,0,1,27,0,0,2,3,0,0,0,1,0,1,0,0,0,0,1,0,0,0,0,0,0,0,0,0,0,2,6,1,2,0,0,1,1,0,52,14,2,18,0,8,0,1,2,3,0,0,4,0,55,1,3,8,0,2,0,6,0,31,4,0,0,0,0,0,0,0,0,0,0,0,0,0,0,0,0,0,0,0,0,0,0,0,4,3,1,0
"NE64 6",6071,6025,2,0,0,0,0,0,0,0,0,0,2,0,21,0,1,14,0,2,0,0,0,1,0,0,0,0,1,0,1,0,1,0,1,0,1,0,0,0,0,0,0,1,3,2,0,0,0,0,0,0,5,0,0,4,0,0,1,0,0,0,0,0,0,0,5,0,0,3,0,0,0,1,1,0,0,0,0,0,0,0,1,1,0,0,0,0,0,0,0,0,0,0,0,0,0,0,1,1,2,1,0,1
"NE65 0",7656,7620,0,0,0,0,0,0,0,0,0,2,1,1,17,0,4,6,1,0,0,0,0,0,0,0,3,1,1,1,0,0,0,0,0,0,0,0,0,0,0,0,0,0,0,1,1,0,1,0,0,0,5,0,0,2,0,0,0,0,0,0,3,0,0,0,7,0,0,4,3,0,0,0,0,0,0,0,0,1,1,0,0,0,0,0,0,0,0,0,0,0,0,0,0,0,0,0,0,0,0,0,0,0
"NE65 7",3781,3759,0,1,0,0,0,0,0,1,0,1,0,0,2,0,1,1,0,0,0,0,0,0,0,0,0,0,0,0,0,0,0,0,1,0,0,0,0,1,0,0,0,0,1,0,3,0,0,3,0,0,1,0,0,1,0,0,0,0,0,0,0,0,0,0,7,1,2,2,0,0,0,0,0,2,0,0,0,0,0,0,0,0,0,0,0,0,0,0,0,0,0,0,0,0,0,0,0,0,5,5,0,0
"NE65 8",2095,2084,0,0,0,0,0,0,0,0,0,0,0,0,6,0,2,0,0,0,0,1,2,1,0,0,0,0,0,0,0,0,0,0,0,0,0,0,0,0,0,0,0,0,0,0,0,0,0,0,0,0,3,0,0,3,0,0,0,0,0,0,0,0,0,0,1,0,0,0,1,0,0,0,0,0,0,0,0,0,0,0,0,0,0,0,0,0,0,0,0,0,0,0,0,0,0,0,0,0,1,0,0,1
"NE65 9",6696,6585,1,0,0,0,0,0,0,0,0,7,3,2,29,1,1,11,0,2,2,9,3,0,0,0,0,0,0,0,0,0,0,0,1,1,0,0,0,0,0,0,0,4,1,5,7,0,2,3,2,0,24,10,0,6,0,3,3,0,0,2,0,0,0,0,13,0,2,4,0,0,5,2,0,0,0,0,0,0,0,0,12,0,2,4,1,0,1,0,0,0,0,0,1,1,1,1,1,1,1,0,0,1
"NE66 1",6583,6459,0,1,0,0,0,1,0,0,0,2,4,5,80,0,4,55,1,1,1,3,4,0,0,0,7,2,0,0,0,0,1,1,4,0,3,0,0,1,0,0,0,2,3,1,1,0,1,0,0,0,12,0,2,3,0,7,0,0,0,0,0,0,0,0,8,0,2,2,0,0,0,2,1,1,0,0,0,0,0,0,0,0,0,0,0,0,0,0,0,0,0,0,0,0,0,0,0,0,1,1,0,0
"NE66 2",4133,4113,0,0,0,0,0,0,0,0,0,1,0,4,8,0,1,6,0,0,0,0,0,0,0,0,0,0,1,0,0,0,0,0,1,0,0,0,0,1,0,0,0,0,1,0,0,0,0,0,0,0,0,0,0,0,0,0,0,0,0,0,0,0,0,0,4,0,4,0,0,0,0,0,0,0,0,0,0,0,0,0,0,0,0,0,0,0,0,0,0,0,0,0,0,0,0,0,0,0,1,0,0,1
"NE66 3",4586,4553,1,1,0,0,0,1,0,0,0,3,1,1,15,1,2,6,1,0,0,0,1,0,0,0,3,0,0,1,0,0,0,0,2,0,0,0,0,2,0,0,0,0,0,0,1,0,1,0,0,0,4,1,2,0,0,1,0,0,0,0,0,0,0,0,2,0,0,0,0,0,0,2,0,0,0,0,0,0,0,0,2,0,0,0,0,0,0,0,0,0,0,0,1,0,0,1,0,0,0,0,0,0
"NE66 4",1469,1449,0,0,0,0,0,0,0,0,0,0,0,0,18,0,0,5,0,0,0,10,1,1,0,0,1,0,0,0,0,0,0,0,0,0,0,0,0,0,0,0,0,0,0,0,0,0,0,0,0,0,0,0,0,0,0,0,0,0,0,0,0,0,0,0,2,0,0,0,0,0,0,0,0,2,0,0,0,0,0,0,0,0,0,0,0,0,0,0,0,0,0,0,0,0,0,0,0,0,0,0,0,0
"NE66 5",327,326,0,0,0,0,0,0,0,0,0,0,0,0,0,0,0,0,0,0,0,0,0,0,0,0,0,0,0,0,0,0,0,0,0,0,0,0,0,0,0,0,0,1,0,0,0,0,0,0,0,0,0,0,0,0,0,0,0,0,0,0,0,0,0,0,0,0,0,0,0,0,0,0,0,0,0,0,0,0,0,0,0,0,0,0,0,0,0,0,0,0,0,0,0,0,0,0,0,0,0,0,0,0
"NE67 5",820,815,0,0,0,0,0,0,0,0,0,0,0,0,2,0,0,1,0,0,0,0,0,0,0,0,0,0,1,0,0,0,0,0,0,0,0,0,0,0,0,0,0,0,3,0,0,0,0,0,0,0,0,0,0,0,0,0,0,0,0,0,0,0,0,0,0,0,0,0,0,0,0,0,0,0,0,0,0,0,0,0,0,0,0,0,0,0,0,0,0,0,0,0,0,0,0,0,0,0,0,0,0,0
"NE68 7",1911,1885,0,1,0,0,0,0,0,1,0,0,1,0,20,0,1,19,0,0,0,0,0,0,0,0,0,0,0,0,0,0,0,0,0,0,0,0,0,0,0,0,0,0,0,0,0,0,0,0,0,0,0,0,0,0,0,0,0,0,0,0,0,0,0,0,4,0,0,1,0,0,0,0,0,3,0,0,0,0,0,0,0,0,0,0,0,0,0,0,0,0,0,0,0,0,0,0,0,0,0,0,0,0
"NE69 7",411,405,0,0,0,0,0,0,0,0,0,0,0,0,2,1,0,0,0,0,0,0,0,0,0,0,0,0,1,0,0,0,0,0,0,0,0,0,0,0,0,0,0,0,0,0,0,0,0,0,0,0,2,0,0,2,0,0,0,0,0,0,0,0,0,0,0,0,0,0,0,0,0,0,0,0,0,0,0,0,0,0,0,0,0,0,0,0,0,0,0,0,0,0,0,0,0,0,0,0,2,2,0,0
"NE7  7",14943,14010,0,2,0,0,0,0,0,2,0,22,5,21,144,23,19,39,0,1,9,5,0,9,0,16,11,1,2,0,2,1,0,6,18,1,10,3,0,4,0,0,0,15,9,44,50,0,1,43,2,4,356,71,34,69,1,113,3,5,8,11,8,16,12,5,211,3,68,111,11,3,4,2,6,3,0,0,0,0,0,0,17,0,2,0,0,2,0,1,0,0,4,4,0,0,1,3,2,2,17,15,0,2
"NE70 7",1712,1697,0,0,0,0,0,0,0,0,0,0,1,0,12,0,0,6,0,0,1,4,0,0,0,0,1,0,0,0,0,0,0,0,0,0,0,0,0,0,0,0,0,0,0,0,0,0,0,0,0,0,0,0,0,0,0,0,0,0,0,0,0,0,0,0,2,0,0,1,0,0,0,0,0,1,0,0,0,0,0,0,0,0,0,0,0,0,0,0,0,0,0,0,0,0,0,0,0,0,0,0,0,0
"NE71 6",2889,2864,1,2,0,0,0,0,0,2,0,1,0,4,11,0,1,9,0,0,0,0,0,0,0,0,0,0,0,1,0,0,0,0,0,0,0,0,0,0,0,0,0,2,1,0,0,0,0,0,0,0,1,0,0,1,0,0,0,0,0,0,0,0,0,0,1,0,0,0,1,0,0,0,0,0,0,0,0,0,0,0,0,0,0,0,0,0,0,0,0,0,0,0,0,0,0,0,0,0,1,0,0,1
"NE8  1",5531,4992,0,2,1,0,0,0,0,1,0,48,8,9,176,6,20,87,0,18,9,6,0,12,3,1,9,0,2,1,2,0,0,0,13,11,1,0,0,1,0,0,0,3,7,12,96,25,48,22,1,0,52,11,5,8,0,12,0,0,0,11,5,0,0,0,87,9,14,47,1,2,0,0,1,10,3,0,0,0,0,0,19,3,5,0,0,0,0,0,1,0,2,6,0,0,0,2,3,3,4,2,0,2
"NE8  2",6907,6296,2,0,0,0,0,0,0,0,0,24,21,7,161,6,13,98,1,6,4,2,5,12,3,3,3,3,0,1,1,0,0,0,17,8,4,0,1,4,0,0,0,16,5,30,118,1,54,55,4,4,47,5,10,3,0,12,0,4,0,1,2,2,0,8,120,7,22,71,5,1,0,4,1,7,2,0,0,1,1,0,36,2,14,2,0,0,2,0,4,0,3,3,0,1,2,3,1,1,5,5,0,0
"NE8  3",7943,7123,0,1,0,0,0,0,0,1,0,26,21,12,181,5,8,114,4,4,5,15,0,7,2,7,5,3,0,1,1,0,0,0,8,4,3,0,1,0,0,0,0,21,8,82,145,0,75,70,0,0,51,10,7,5,0,15,0,3,0,3,2,6,0,0,193,7,13,125,6,0,1,6,5,26,4,0,0,0,0,0,59,10,10,2,0,0,2,12,3,0,4,4,0,1,6,5,4,4,8,8,0,0
"NE8  4",11490,10344,0,2,0,0,0,1,0,1,0,39,16,21,602,18,27,340,21,41,51,21,10,7,50,5,3,1,4,1,0,0,0,2,16,5,6,1,0,4,2,1,1,12,10,39,125,2,86,30,5,2,147,45,18,29,0,36,0,0,4,9,2,0,4,0,80,5,13,37,5,0,0,2,6,11,1,0,0,0,0,0,30,2,4,0,0,0,0,2,0,1,3,6,0,1,1,10,2,2,3,3,0,0
"NE9  5",9886,9703,2,1,1,0,0,0,0,0,0,13,0,6,52,6,2,28,0,1,1,2,5,0,5,2,0,0,0,0,0,0,0,0,14,9,5,0,0,0,0,0,0,2,12,2,21,0,10,7,4,0,36,8,2,8,0,15,0,0,0,1,0,0,2,0,12,2,1,2,0,0,0,4,0,1,2,0,0,0,0,0,1,0,0,0,0,0,0,0,0,0,0,0,1,0,0,0,5,5,4,4,0,0
"NE9  6",15252,15016,2,0,0,0,0,0,0,0,0,11,10,3,43,5,1,28,0,1,0,0,1,0,0,2,3,1,1,0,0,0,0,0,2,0,0,0,0,2,0,0,0,11,5,13,36,0,6,25,3,2,37,7,2,9,0,7,0,0,0,7,4,1,0,0,42,1,18,17,1,0,0,3,0,2,0,0,0,0,0,0,9,0,2,2,0,0,0,0,1,0,0,1,0,0,0,3,2,2,10,8,2,0
"NE9  7",11174,10957,0,2,0,0,0,0,0,2,0,4,10,1,92,12,1,57,6,0,0,5,4,0,1,5,0,0,1,0,0,0,0,0,4,1,2,0,0,1,0,0,0,16,10,13,18,0,13,4,1,0,14,7,0,5,0,1,1,0,0,0,0,0,0,0,15,0,0,1,2,2,0,0,0,10,0,0,0,0,0,0,10,0,4,0,0,0,0,0,1,0,0,2,0,0,1,2,0,0,8,8,0,0
"NG1  1",3742,2587,0,0,0,0,0,0,0,0,0,27,28,45,252,19,21,51,13,1,9,3,2,5,6,96,7,11,1,4,1,0,0,2,13,3,6,0,0,4,0,0,0,18,42,167,50,0,24,20,1,5,49,8,12,8,0,4,7,0,2,3,0,0,3,2,444,25,36,326,13,12,10,19,2,1,0,0,0,1,1,0,19,3,1,0,0,0,3,0,4,0,2,3,0,1,0,2,0,0,0,0,0,0
"NG1  3",2594,1869,0,0,0,0,0,0,0,0,0,19,11,9,117,13,2,26,6,2,3,2,0,3,0,52,3,2,0,1,0,0,0,2,7,3,3,0,0,1,0,0,0,3,16,133,37,0,7,13,1,16,29,6,1,2,0,5,2,0,7,0,0,0,5,1,329,19,9,269,5,6,10,8,2,0,1,0,0,0,0,0,12,0,4,2,0,0,3,0,2,0,0,0,0,0,0,1,3,3,0,0,0,0
"NG1  4",3897,3208,1,0,0,0,0,0,0,0,0,7,19,14,149,7,2,54,2,4,3,4,1,0,6,62,2,2,0,0,0,0,0,0,19,1,16,1,0,1,0,0,0,1,16,28,55,2,32,8,1,12,42,17,3,6,1,3,4,0,2,3,1,0,2,0,328,17,61,210,0,16,17,2,4,0,1,0,0,0,0,0,10,0,0,0,0,1,3,0,2,0,0,3,1,0,0,0,0,0,0,0,0,0
"NG1  5",1789,1313,0,0,0,0,0,0,0,0,0,6,5,5,101,6,7,6,2,2,3,3,0,5,6,55,0,3,1,2,0,0,0,0,1,1,0,0,0,0,0,0,0,8,5,43,14,0,5,2,2,5,20,9,0,1,0,0,3,0,4,0,1,0,1,1,263,19,18,189,4,9,8,2,10,1,3,0,0,0,0,0,4,0,0,0,0,0,0,2,0,0,0,0,0,1,1,0,1,1,0,0,0,0
"NG1  6",280,233,0,0,0,0,0,0,0,0,0,5,1,3,15,4,0,3,0,2,0,0,0,0,0,4,0,1,0,0,0,0,0,1,0,0,0,0,0,0,0,0,0,0,1,9,2,0,0,0,0,2,3,0,0,1,0,0,2,0,0,0,0,0,0,0,8,1,1,3,1,0,0,1,1,0,0,0,0,0,0,0,0,0,0,0,0,0,0,0,0,0,0,0,0,0,0,0,0,0,0,0,0,0
"NG1  7",488,370,0,0,0,0,0,0,0,0,0,2,3,4,22,2,2,5,1,2,0,0,1,0,1,6,1,0,1,0,0,0,0,0,1,0,0,0,0,1,0,0,0,2,3,17,4,0,3,1,0,0,5,0,2,0,0,0,0,0,1,0,2,0,0,0,52,0,5,37,0,1,4,1,3,1,0,0,0,0,0,0,3,0,0,0,0,0,0,0,0,0,0,2,0,0,0,1,0,0,0,0,0,0
"NG10 1",7602,7395,0,2,1,0,0,0,0,1,0,4,0,1,122,2,5,101,0,0,0,5,3,3,0,0,1,1,0,0,1,0,0,0,1,0,0,0,0,1,0,0,0,8,4,10,0,0,0,0,0,0,25,3,4,9,0,0,1,0,1,0,4,3,0,0,23,1,2,5,1,0,9,4,0,1,0,0,0,0,0,0,4,0,0,0,0,0,0,0,0,0,0,0,2,1,1,0,1,1,2,2,0,0
"NG10 2",4441,4380,1,2,1,0,0,0,0,1,0,3,0,2,30,1,7,16,0,0,0,2,0,0,1,1,1,0,0,0,0,0,1,0,1,0,1,0,0,0,0,0,0,5,4,1,0,0,0,0,0,0,3,1,0,2,0,0,0,0,0,0,0,0,0,0,8,1,1,1,0,0,4,1,0,0,0,0,0,0,0,0,0,0,0,0,0,0,0,0,0,0,0,0,0,0,0,0,0,0,1,0,0,1
"NG10 3",13890,13658,0,0,0,0,0,0,0,0,0,6,3,5,84,2,8,50,1,3,2,0,2,12,2,1,0,0,0,0,0,1,0,0,4,1,0,0,0,3,0,0,0,0,5,1,1,0,0,0,1,0,65,3,1,39,0,0,14,0,0,0,5,0,3,0,42,3,9,19,3,0,2,3,0,3,0,0,0,0,0,0,9,0,0,0,0,0,0,0,0,0,0,7,1,0,0,1,0,0,7,2,1,4
"NG10 4",10417,10199,0,0,0,0,0,0,0,0,0,6,3,12,110,1,6,65,12,5,0,6,4,6,0,2,2,1,0,0,0,0,0,0,3,1,0,1,0,1,0,0,0,4,0,1,1,0,0,1,0,0,42,3,3,27,0,0,2,0,0,3,2,2,0,0,27,1,4,8,0,2,0,2,3,7,0,0,0,0,0,0,3,0,0,0,0,0,0,0,0,0,0,2,0,1,0,0,1,1,5,3,0,2
"NG10 5",8589,8467,0,0,0,0,0,0,0,0,0,8,2,0,41,5,4,21,4,3,0,0,0,0,0,1,0,1,0,0,0,2,0,0,3,0,3,0,0,0,0,0,0,6,5,0,2,0,0,2,0,0,26,0,0,6,0,5,8,0,0,0,7,0,0,0,24,1,2,12,2,0,0,1,0,5,1,0,0,0,0,0,2,0,0,0,0,0,0,0,0,0,0,0,1,0,0,1,2,2,1,0,0,1
"NG11 0",2371,2353,1,0,0,0,0,0,0,0,0,0,0,3,9,0,4,2,0,1,0,0,0,0,0,0,1,0,1,0,0,0,0,0,0,0,0,0,0,0,0,0,0,0,0,0,0,0,0,0,0,0,0,0,0,0,0,0,0,0,0,0,0,0,0,0,4,0,1,2,0,1,0,0,0,0,0,0,0,0,0,0,1,0,0,0,0,0,0,0,0,0,0,0,1,0,0,0,0,0,0,0,0,0
"NG11 6",7908,7775,3,0,0,0,0,0,0,0,0,4,0,7,58,5,7,17,6,2,0,0,3,0,0,11,7,0,0,0,0,0,0,0,1,0,0,0,0,1,0,0,0,1,1,0,8,1,0,7,0,0,18,1,3,7,1,1,4,0,0,1,0,0,0,0,26,0,3,7,1,0,0,1,0,14,0,0,0,0,0,0,2,0,0,0,0,0,0,0,0,0,0,0,0,0,0,2,2,2,2,2,0,0
"NG11 7",4280,4128,1,0,0,0,0,0,0,0,0,3,0,5,43,4,5,24,2,0,2,0,1,0,1,0,2,0,1,0,0,0,1,0,2,1,0,1,0,0,0,0,0,3,0,3,4,0,0,4,0,0,60,26,1,13,1,6,11,0,0,0,2,0,0,0,11,0,3,4,0,0,2,1,0,1,0,0,0,0,0,0,14,1,0,0,1,1,0,0,1,0,0,8,0,0,0,2,1,1,2,1,0,1
"NG11 8",12878,12343,0,0,0,0,0,0,0,0,0,11,15,12,149,5,10,97,5,0,0,8,1,7,4,6,1,0,1,1,0,2,0,1,4,3,0,1,0,0,0,0,0,8,9,17,26,0,7,18,0,1,150,26,13,11,3,4,6,1,0,0,58,0,22,6,101,4,12,26,1,0,3,9,9,37,0,0,0,0,0,0,27,0,0,0,0,2,0,0,4,0,0,12,1,5,0,3,0,0,6,5,0,1
"NG11 9",8657,8331,0,0,0,0,0,0,0,0,0,15,2,4,120,5,7,87,3,3,0,8,0,4,2,1,0,0,0,0,0,0,0,0,8,2,0,4,0,2,0,0,0,8,6,6,7,0,0,3,0,4,66,2,3,6,0,1,8,2,0,4,21,2,11,6,63,0,2,13,0,2,0,3,0,34,9,0,0,0,0,0,11,1,0,0,0,0,0,2,4,0,2,1,0,0,1,0,3,3,7,7,0,0
"NG12 1",2450,2417,1,0,0,0,0,0,0,0,0,0,0,0,9,0,2,2,0,0,1,0,0,0,2,0,1,0,1,0,0,0,0,0,0,0,0,0,0,0,0,0,0,0,3,3,8,0,0,8,0,0,4,0,0,0,0,0,0,0,0,0,4,0,0,0,2,0,0,1,1,0,0,0,0,0,0,0,0,0,0,0,1,0,0,0,0,0,0,0,0,0,0,0,0,0,0,1,0,0,2,2,0,0
"NG12 2",6320,6227,0,0,0,0,0,0,0,0,0,5,0,9,35,1,6,4,2,4,0,0,1,2,2,0,8,4,0,0,0,0,0,1,2,0,0,1,0,1,0,0,0,0,2,1,5,0,0,5,0,0,19,0,3,4,0,2,5,0,0,0,5,0,0,0,12,0,6,2,1,0,0,2,1,0,0,0,0,0,0,0,3,0,0,0,0,0,0,0,0,0,0,1,2,0,0,0,0,0,0,0,0,0
"NG12 3",10456,10368,3,1,0,0,0,0,0,1,0,6,1,10,29,2,1,17,0,0,4,0,1,2,0,0,2,0,0,0,0,0,0,0,4,1,1,1,0,1,0,0,0,3,0,1,0,0,0,0,0,0,20,1,2,2,0,0,2,0,0,2,6,0,0,5,10,1,0,4,1,0,0,2,0,1,1,0,0,0,0,0,0,0,0,0,0,0,0,0,0,0,0,0,0,0,0,0,0,0,0,0,0,0
"NG12 4",4725,4593,0,1,0,0,0,0,0,1,0,6,4,1,13,2,1,3,0,0,0,0,2,0,1,0,2,2,0,0,0,0,0,0,0,0,0,0,0,0,0,0,0,2,3,2,9,0,0,9,0,0,73,17,3,22,8,3,16,0,4,0,0,0,0,0,18,5,2,7,0,0,0,2,0,0,2,0,0,0,0,0,0,0,0,0,0,0,0,0,0,0,0,0,0,0,0,0,0,0,0,0,0,0
"NG12 5",8187,8088,2,0,0,0,0,0,0,0,0,11,2,15,44,7,6,20,0,2,0,0,0,0,1,3,4,0,1,0,0,0,0,0,1,0,0,0,0,1,0,0,0,1,0,5,6,1,0,3,0,2,2,1,0,1,0,0,0,0,0,0,0,0,0,0,8,0,3,3,1,0,0,1,0,0,0,0,0,0,0,0,1,0,0,0,0,0,0,0,0,0,0,0,0,0,0,1,0,0,1,1,0,0
"NG13 0",4351,4316,1,1,0,0,0,1,0,0,0,4,4,3,16,1,2,7,1,0,1,0,2,0,0,0,0,1,0,1,0,0,0,0,0,0,0,0,0,0,0,0,0,0,0,0,0,0,0,0,0,0,0,0,0,0,0,0,0,0,0,0,0,0,0,0,3,0,1,0,0,0,0,0,0,1,1,0,0,0,0,0,2,0,0,0,0,0,0,0,0,0,0,1,1,0,0,0,0,0,1,0,0,1
"NG13 8",11283,11117,2,0,0,0,0,0,0,0,0,10,3,8,67,2,13,32,1,2,0,1,0,1,0,4,7,2,2,0,0,0,0,0,1,0,0,0,0,1,0,0,0,4,2,0,5,0,0,4,0,1,16,3,0,3,0,0,1,1,0,0,8,0,0,0,34,0,10,18,1,0,0,3,1,1,0,0,0,0,0,0,6,0,0,0,0,0,0,0,1,0,0,0,2,0,2,1,2,2,6,2,2,2
"NG13 9",5069,4998,2,0,0,0,0,0,0,0,0,1,1,2,20,1,2,7,3,2,0,1,0,0,0,1,1,2,0,0,0,0,0,0,0,0,0,0,0,0,0,0,0,0,3,3,4,0,2,0,2,0,18,9,2,2,0,0,1,0,0,1,3,0,0,0,8,0,0,2,3,1,0,2,0,0,0,0,0,0,0,0,6,1,0,5,0,0,0,0,0,0,0,0,0,0,0,0,0,0,3,1,2,0
"NG14 5",3817,3799,0,0,0,0,0,0,0,0,0,2,1,1,5,0,1,1,0,0,0,0,0,0,1,0,0,0,2,0,0,0,0,0,0,0,0,0,0,0,0,0,0,0,0,0,0,0,0,0,0,0,5,0,2,3,0,0,0,0,0,0,0,0,0,0,3,0,0,2,0,0,0,0,1,0,0,0,0,0,0,0,1,0,0,0,0,0,0,0,0,0,0,0,1,0,0,0,0,0,0,0,0,0
"NG14 6",9282,9212,1,2,2,0,0,0,0,0,0,2,7,4,28,4,3,18,0,0,0,0,0,0,0,2,0,1,0,0,0,0,0,0,2,2,0,0,0,0,0,0,0,0,2,1,1,0,0,0,1,0,9,2,2,2,0,0,0,0,0,3,0,0,0,0,8,2,1,1,0,0,0,4,0,0,0,0,0,0,0,0,0,0,0,0,0,0,0,0,0,0,0,0,0,0,0,0,2,2,1,0,1,0
"NG14 7",5856,5728,1,2,0,0,0,0,0,1,1,12,4,6,35,1,2,17,1,0,5,0,0,0,1,1,4,0,0,0,2,0,1,0,4,3,1,0,0,0,0,0,0,5,7,2,9,0,2,5,2,0,17,5,0,7,0,1,2,0,0,2,0,0,0,0,18,4,0,5,1,0,1,5,1,1,0,1,0,0,0,0,3,0,0,0,0,0,0,1,0,0,0,0,1,0,0,1,2,2,0,0,0,0
"NG15 0",1997,1966,0,0,0,0,0,0,0,0,0,0,1,0,14,1,0,13,0,0,0,0,0,0,0,0,0,0,0,0,0,0,0,0,0,0,0,0,0,0,0,0,0,0,1,0,0,0,0,0,0,0,12,0,4,2,0,0,0,0,0,2,0,0,0,4,3,0,0,3,0,0,0,0,0,0,0,0,0,0,0,0,0,0,0,0,0,0,0,0,0,0,0,0,0,0,0,0,0,0,0,0,0,0
"NG15 6",14272,14131,0,2,1,0,0,0,0,1,0,4,2,1,68,3,2,48,4,2,2,5,0,0,0,0,0,1,0,1,0,0,0,0,3,1,0,0,2,0,0,0,0,5,5,2,0,0,0,0,0,0,19,4,0,0,0,0,0,0,0,3,9,3,0,0,19,1,2,4,0,0,0,2,0,8,2,0,0,0,0,0,5,0,0,0,0,0,0,0,0,0,0,5,0,0,0,0,0,0,6,6,0,0
"NG15 7",12233,12032,0,1,1,0,0,0,0,0,0,8,0,5,90,5,9,56,2,2,2,2,2,2,0,3,2,2,1,0,0,0,0,0,2,1,0,1,0,0,0,0,0,3,3,1,1,0,0,1,0,0,37,7,5,5,0,0,7,0,0,5,3,2,3,0,29,1,9,8,1,0,1,6,0,3,0,0,0,0,0,0,16,0,0,0,0,0,0,0,3,0,0,7,2,0,1,3,1,1,4,4,0,0
"NG15 8",5097,5052,0,10,10,0,0,0,0,0,0,3,0,0,11,0,1,6,0,0,0,0,0,0,1,2,0,0,1,0,0,0,0,0,0,0,0,0,0,0,0,0,0,0,0,1,1,0,0,1,0,0,7,0,0,4,0,1,0,0,0,2,0,0,0,0,4,0,3,1,0,0,0,0,0,0,0,0,0,0,0,0,4,0,0,0,0,0,0,0,0,0,0,2,0,0,0,2,0,0,4,3,1,0
"NG15 9",5632,5520,0,0,0,0,0,0,0,0,0,4,1,1,33,3,4,20,1,1,0,0,0,1,0,2,1,0,0,0,0,0,0,0,5,3,1,0,0,1,0,0,0,1,3,1,0,0,0,0,0,0,46,13,6,19,0,0,0,0,0,0,1,1,0,6,12,2,1,4,0,0,0,2,3,0,0,0,0,0,0,0,0,0,0,0,0,0,0,0,0,0,0,0,0,0,0,0,2,2,3,3,0,0
"NG16 1",9055,8754,3,0,0,0,0,0,0,0,0,2,4,7,36,2,9,10,2,0,0,2,0,0,0,5,5,0,0,0,0,0,0,1,1,0,0,0,0,1,0,0,0,1,1,8,15,0,5,10,0,0,164,32,5,80,0,3,32,0,1,7,1,0,0,3,50,6,18,9,3,0,0,5,2,7,0,0,0,0,0,0,7,0,0,0,0,1,0,2,0,0,0,4,0,0,0,0,0,0,2,2,0,0
"NG16 2",16006,15882,1,1,0,0,0,0,0,1,0,3,0,3,45,4,6,18,1,4,1,0,0,2,1,5,2,1,0,0,0,0,0,0,3,1,0,0,1,1,0,0,0,4,5,0,3,0,1,2,0,0,7,4,0,3,0,0,0,0,0,0,0,0,0,0,40,2,12,15,1,0,1,6,0,2,1,1,0,0,0,0,2,0,0,0,0,0,0,0,2,0,0,0,0,0,0,0,0,0,6,4,0,2
"NG16 3",10432,10327,1,0,0,0,0,0,0,0,0,0,1,4,65,4,4,48,0,0,0,0,0,1,3,2,0,1,1,0,0,0,0,1,1,0,1,0,0,0,0,0,0,3,0,1,1,0,1,0,0,0,11,0,1,5,0,0,2,0,0,0,0,0,3,0,11,0,2,2,1,0,0,3,0,3,0,0,0,0,0,0,0,0,0,0,0,0,0,0,0,0,0,0,0,0,0,0,3,3,3,1,0,2
"NG16 4",5181,5115,0,0,0,0,0,0,0,0,0,2,0,1,39,1,1,24,1,5,0,1,0,0,0,3,2,0,0,0,0,0,1,0,1,1,0,0,0,0,0,0,0,1,0,0,1,0,0,1,0,0,10,0,0,4,0,0,2,0,0,4,0,0,0,0,6,1,0,2,1,0,0,2,0,0,0,0,0,0,0,0,4,0,0,0,0,0,0,0,0,0,0,3,1,0,0,0,1,1,0,0,0,0
"NG16 5",9739,9647,0,2,2,0,0,0,0,0,0,2,2,2,44,1,5,19,0,3,3,11,0,0,0,0,2,0,0,0,0,0,0,0,1,1,0,0,0,0,0,0,0,0,1,15,1,0,1,0,0,0,12,0,0,5,0,4,0,0,0,0,0,0,3,0,8,0,1,1,0,0,0,0,0,6,0,0,0,0,0,0,1,0,0,0,0,0,0,0,0,0,0,1,0,0,0,0,0,0,1,1,0,0
"NG16 6",11140,11044,0,0,0,0,0,0,0,0,0,0,2,0,57,0,2,20,4,1,4,12,4,0,3,1,4,0,1,1,0,0,0,0,0,0,0,0,0,0,0,0,0,5,1,0,1,0,0,0,0,1,8,5,0,0,0,0,2,0,0,1,0,0,0,0,11,0,2,1,0,0,0,3,0,5,0,0,0,0,0,0,4,0,0,0,0,0,1,0,0,0,0,2,0,0,1,0,1,1,6,3,1,2
"NG17 1",6197,6095,0,0,0,0,0,0,0,0,0,2,2,1,60,0,0,36,6,0,2,2,5,3,1,1,0,0,2,0,0,2,0,0,2,0,0,1,0,1,0,0,0,2,2,0,0,0,0,0,0,0,12,0,1,4,0,1,0,0,0,4,2,0,0,0,12,0,1,9,0,0,0,1,0,1,0,0,0,0,0,0,5,0,0,0,0,0,1,0,0,0,0,2,0,0,2,0,1,1,1,0,1,0
"NG17 2",14007,13799,0,2,0,1,0,1,0,0,0,3,0,4,142,0,5,97,0,0,1,7,19,3,5,4,1,0,0,0,0,0,0,0,1,0,0,0,0,1,0,0,0,6,3,1,3,0,3,0,0,0,24,0,2,10,0,2,0,0,0,2,7,0,1,0,14,1,2,5,0,0,0,4,0,2,0,0,0,0,0,0,2,0,0,0,0,0,0,0,0,0,0,0,0,1,1,0,1,1,2,0,0,2
"NG17 3",8610,8480,0,0,0,0,0,0,0,0,0,3,2,1,55,0,9,30,4,0,3,1,4,2,0,0,1,0,0,0,0,0,1,0,1,0,1,0,0,0,0,0,0,1,13,3,0,0,0,0,0,0,33,3,2,5,0,5,0,0,0,13,3,2,0,0,11,1,4,4,0,0,0,1,0,1,0,0,0,0,0,0,4,0,0,0,0,0,0,0,0,0,0,0,3,0,0,1,1,1,2,2,0,0
"NG17 4",9306,8935,1,0,0,0,0,0,0,0,0,0,3,2,277,1,2,196,34,0,3,9,24,3,0,2,3,0,0,0,0,0,0,0,3,2,0,0,1,0,0,0,0,1,6,5,4,0,2,2,0,0,29,2,2,4,0,6,0,0,0,4,8,0,2,1,31,4,5,11,0,0,0,3,0,8,0,0,0,0,0,0,6,0,0,0,0,0,0,0,0,0,0,2,0,0,3,1,0,0,3,3,0,0
"NG17 5",6225,6120,0,0,0,0,0,0,0,0,0,1,0,2,63,0,0,52,0,1,2,0,3,1,0,4,0,0,0,0,0,0,0,0,1,0,0,1,0,0,0,0,0,4,6,1,2,0,1,1,0,0,12,2,0,5,0,1,0,0,0,0,3,1,0,0,8,1,1,3,1,0,0,2,0,0,0,0,0,0,0,0,3,0,0,0,0,0,0,0,0,0,0,0,3,0,0,0,0,0,2,0,0,2
"NG17 7",8829,8721,1,1,0,0,0,1,0,0,0,2,2,1,48,1,1,21,0,0,2,2,5,8,3,2,1,1,0,1,0,0,0,0,0,0,0,0,0,0,0,0,0,3,8,0,1,0,0,1,0,0,24,2,0,3,0,0,0,0,0,16,1,0,2,0,8,0,6,0,0,0,0,1,0,1,0,0,0,0,0,0,3,0,0,0,0,0,0,0,0,0,0,2,1,0,0,0,0,0,6,3,3,0
"NG17 8",10780,10626,2,0,0,0,0,0,0,0,0,8,1,2,90,1,4,67,1,1,0,2,4,1,2,2,3,1,0,0,1,0,0,0,0,0,0,0,0,0,0,0,0,3,1,3,0,0,0,0,0,0,22,5,0,7,0,2,0,0,0,8,0,0,0,0,19,0,4,10,0,0,0,1,3,0,1,0,0,0,0,0,2,0,0,0,0,0,1,0,0,0,0,1,0,0,0,0,0,0,1,1,0,0
"NG17 9",5986,5914,1,0,0,0,0,0,0,0,0,2,0,1,37,0,2,19,0,0,1,4,3,0,5,0,3,0,0,0,0,0,0,0,1,1,0,0,0,0,0,0,0,1,1,0,2,0,2,0,0,0,10,0,1,0,0,1,0,0,0,0,5,3,0,0,3,0,0,1,0,0,0,2,0,0,0,0,0,0,0,0,2,0,0,0,0,0,1,0,0,0,0,0,0,0,0,1,1,1,10,4,0,6
"NG18 1",1366,1118,1,0,0,0,0,0,0,0,0,1,0,2,219,0,3,157,5,5,2,9,35,2,0,1,0,0,0,0,0,0,0,0,1,0,0,1,0,0,0,0,0,0,5,1,4,0,0,0,4,0,9,0,0,4,0,0,0,0,0,0,5,0,0,0,2,0,0,1,0,0,0,1,0,0,0,0,0,0,0,0,1,0,0,0,0,0,0,0,0,0,0,0,0,0,1,0,1,1,1,1,0,0
"NG18 2",7560,6860,0,4,1,0,0,0,0,3,0,4,2,6,561,0,2,405,4,1,10,13,116,2,4,0,0,4,0,0,0,0,0,0,4,2,0,0,1,1,0,0,0,19,15,3,8,0,5,0,1,2,40,0,1,5,0,22,2,0,0,10,0,0,0,0,15,1,3,2,1,0,1,4,1,2,0,0,0,0,0,0,0,0,0,0,0,0,0,0,0,0,0,0,0,0,0,0,3,3,16,13,3,0
"NG18 3",11212,10916,2,0,0,0,0,0,0,0,0,3,1,3,223,0,2,160,6,0,0,10,37,1,0,7,0,0,0,0,0,0,0,0,3,0,2,0,0,1,0,0,0,11,1,6,1,0,1,0,0,0,22,3,0,5,0,5,0,0,2,6,0,1,0,0,16,0,5,2,2,0,0,3,2,1,1,0,0,0,0,0,1,0,0,0,0,0,0,0,0,0,0,0,0,0,1,0,1,1,2,1,0,1
"NG18 4",12169,11764,2,3,0,0,0,0,0,3,0,3,3,5,261,4,4,172,14,5,0,10,43,5,2,0,2,0,0,0,0,0,0,0,7,2,2,2,1,0,0,0,0,5,6,9,4,0,2,2,0,0,60,11,2,13,0,7,10,1,2,6,0,3,2,3,27,1,10,6,0,2,0,4,0,2,2,0,0,0,0,0,5,0,0,0,0,0,0,0,0,0,0,2,0,0,0,3,3,3,2,2,0,0
"NG18 5",7533,6855,0,0,0,0,0,0,0,0,0,3,0,1,501,2,2,340,8,9,0,32,102,0,1,1,0,3,0,0,0,1,0,0,7,3,1,3,0,0,0,0,0,45,9,1,11,0,8,1,2,0,64,1,4,15,0,19,8,0,1,3,8,4,0,1,24,1,7,9,0,0,1,5,0,1,0,0,0,0,0,0,2,0,0,0,0,0,0,0,0,0,0,1,0,0,0,1,3,3,7,6,1,0
"NG19 0",10917,10786,1,0,0,0,0,0,0,0,0,1,0,2,67,1,1,47,0,0,1,0,13,0,1,2,1,0,0,0,0,0,0,0,1,0,0,1,0,0,0,0,0,2,2,2,2,0,0,2,0,0,19,1,0,7,0,0,3,0,3,0,0,5,0,0,24,0,4,8,0,0,0,8,0,4,0,0,0,0,0,0,3,0,0,0,0,0,0,0,0,0,0,2,1,0,0,0,2,2,3,3,0,0
"NG19 6",11335,10751,2,1,0,0,0,0,0,1,0,1,3,3,394,1,1,322,7,5,1,2,49,0,0,2,0,3,0,0,0,0,1,0,8,2,5,1,0,0,0,0,0,28,9,2,7,4,3,0,0,0,86,15,2,5,0,34,3,0,2,2,22,0,0,1,16,1,8,1,0,0,0,0,0,5,1,0,0,0,0,0,11,0,0,1,0,0,5,2,0,0,0,0,0,0,3,0,5,5,8,5,2,1
"NG19 7",8817,8532,0,1,1,0,0,0,0,0,0,2,4,3,233,1,2,184,5,3,1,2,26,1,0,5,2,0,0,0,0,1,0,0,0,0,0,0,0,0,0,0,0,5,0,0,1,0,1,0,0,0,13,0,0,2,0,2,4,0,0,4,0,1,0,0,14,1,3,6,1,0,0,1,1,1,0,0,0,0,0,0,3,0,0,0,0,0,0,0,0,0,0,2,0,0,1,0,1,1,5,4,1,0
"NG19 8",9847,9681,0,0,0,0,0,0,0,0,0,3,1,1,121,1,2,85,0,0,0,4,28,0,0,1,0,0,0,0,0,0,0,0,1,0,0,0,0,1,0,0,0,6,7,1,2,0,2,0,0,0,9,0,0,0,0,0,9,0,0,0,0,0,0,0,12,0,4,4,0,0,0,2,0,1,1,0,0,0,0,0,0,0,0,0,0,0,0,0,0,0,0,0,0,0,0,0,0,0,2,2,0,0
"NG19 9",9477,9326,2,1,0,0,0,0,0,1,0,2,0,1,102,0,2,66,0,0,0,0,29,1,0,2,2,0,0,0,0,0,0,0,0,0,0,0,0,0,0,0,0,4,1,0,0,0,0,0,0,0,12,0,0,2,0,0,8,0,0,0,1,1,0,0,19,0,5,9,0,0,0,0,1,4,0,0,0,0,0,0,4,0,0,0,0,0,0,0,0,0,0,0,4,0,0,0,0,0,3,2,0,1
"NG2  1",2127,1765,0,0,0,0,0,0,0,0,0,19,2,4,132,4,5,97,6,2,0,10,4,2,0,1,1,0,0,0,0,0,0,0,1,1,0,0,0,0,0,0,0,9,9,16,55,0,26,23,6,0,77,35,6,12,3,10,3,0,2,1,0,0,0,5,8,1,2,1,1,0,2,1,0,0,0,0,0,0,0,0,28,0,4,0,0,0,0,1,0,0,0,14,0,0,0,9,1,1,1,0,0,1
"NG2  2",5873,4673,0,0,0,0,0,0,0,0,0,20,48,19,341,4,21,194,5,6,9,28,9,11,6,36,4,0,1,2,1,0,2,2,10,7,2,0,0,1,1,1,0,11,8,47,100,0,34,42,23,1,439,188,15,105,37,11,24,0,18,14,12,4,0,11,79,12,18,38,2,0,1,6,2,0,0,0,0,0,0,0,69,0,7,6,0,9,3,2,13,0,5,5,0,0,5,14,6,6,2,2,0,0
"NG2  3",1723,1405,0,2,2,0,0,0,0,0,0,12,6,10,68,6,3,30,3,0,2,2,4,8,0,7,1,0,0,1,0,0,0,1,2,0,2,0,0,0,0,0,0,1,2,43,31,0,11,16,3,1,74,17,10,5,8,5,2,0,7,11,2,0,0,7,49,2,2,44,0,0,0,0,0,1,0,0,0,0,0,0,18,0,8,2,0,0,0,0,4,0,0,1,0,0,1,2,0,0,0,0,0,0
"NG2  4",9698,7489,0,2,1,0,0,0,0,1,0,56,59,22,783,54,15,458,14,110,12,37,21,27,5,8,10,4,2,0,4,0,0,2,40,19,11,10,0,0,0,0,0,15,25,59,132,0,56,48,14,14,759,404,13,185,54,36,6,0,0,26,7,1,17,10,79,7,7,48,4,2,1,2,2,4,2,0,0,0,0,0,170,3,24,2,0,10,8,2,9,0,1,32,0,10,37,32,3,3,5,4,1,0
"NG2  5",8765,8496,3,1,0,0,0,0,0,1,0,6,5,10,89,17,17,28,0,2,5,4,0,0,0,8,6,1,0,1,0,0,0,0,11,4,0,7,0,0,0,0,0,8,1,6,5,1,0,2,0,2,75,28,2,34,3,0,2,0,1,1,0,0,1,3,43,4,15,10,3,2,0,5,3,1,0,0,0,0,0,0,5,0,0,0,0,1,0,0,0,0,0,4,0,0,0,0,0,0,1,0,1,0
"NG2  6",11931,11467,4,0,0,0,0,0,0,0,0,11,8,17,113,10,19,39,2,3,1,4,1,5,1,12,5,4,4,0,1,0,0,2,2,0,2,0,0,0,0,0,0,14,2,13,24,0,0,20,3,1,181,29,19,61,10,7,17,1,12,16,6,0,2,1,61,2,9,32,5,0,3,1,2,6,1,1,0,0,0,0,11,0,1,2,0,0,0,2,0,0,0,2,1,2,0,1,1,1,1,0,0,1
"NG2  7",16014,15061,9,0,0,0,0,0,0,0,0,32,12,27,235,17,33,100,5,2,1,10,5,6,12,19,10,7,2,1,2,2,1,0,20,0,8,8,0,4,0,0,0,3,6,39,52,0,5,41,4,2,381,91,37,119,3,9,46,7,12,28,11,2,0,16,115,9,19,30,14,0,1,10,0,26,6,0,0,0,0,0,12,0,0,0,0,0,0,1,0,0,0,2,1,2,4,2,2,2,8,6,2,0
"NG20 0",8945,8885,2,0,0,0,0,0,0,0,0,0,0,0,36,0,3,20,1,0,2,5,3,0,0,2,0,0,0,0,0,0,0,0,2,2,0,0,0,0,0,0,0,1,1,1,0,0,0,0,0,0,4,1,0,3,0,0,0,0,0,0,0,0,0,0,7,0,2,0,1,0,0,3,0,0,1,0,0,0,0,0,4,0,0,0,0,0,0,0,0,0,0,3,0,1,0,0,0,0,2,2,0,0
"NG20 8",9645,9262,0,2,2,0,0,0,0,0,0,2,0,2,351,0,2,318,11,0,0,5,1,1,0,7,4,1,1,0,0,0,0,0,0,0,0,0,0,0,0,0,0,0,4,0,1,0,0,0,1,0,5,0,0,4,0,0,0,0,1,0,0,0,0,0,9,0,5,2,2,0,0,0,0,0,0,0,0,1,1,0,4,0,0,0,0,0,0,0,0,0,0,0,0,0,0,4,2,2,0,0,0,0
"NG20 9",6715,6644,0,0,0,0,0,0,0,0,0,2,2,0,53,0,1,48,2,0,1,1,0,0,0,0,0,0,0,0,0,0,0,0,1,0,0,1,0,0,0,0,0,2,0,0,0,0,0,0,0,0,0,0,0,0,0,0,0,0,0,0,0,0,0,0,6,0,2,0,0,0,2,2,0,0,0,0,0,0,0,0,0,0,0,0,0,0,0,0,0,0,0,0,0,0,0,0,1,1,4,4,0,0
"NG21 0",11722,11574,2,0,0,0,0,0,0,0,0,2,0,7,78,0,3,51,2,0,0,11,5,0,1,2,0,2,0,0,0,0,0,1,3,0,1,1,0,1,0,0,0,3,2,2,3,0,0,2,0,1,19,2,0,7,0,0,4,0,0,4,0,0,0,2,22,1,1,7,3,0,0,6,1,2,1,0,0,0,0,0,0,0,0,0,0,0,0,0,0,0,0,0,0,0,0,0,0,0,5,3,1,1
"NG21 9",9685,9619,1,1,0,0,0,0,0,1,0,2,4,3,30,0,2,7,0,0,2,7,0,2,1,2,3,1,1,2,0,0,0,0,0,0,0,0,0,0,0,0,0,6,0,2,0,0,0,0,0,0,10,5,0,3,0,0,2,0,0,0,0,0,0,0,2,2,0,0,0,0,0,0,0,0,0,0,0,0,0,0,2,0,0,0,0,0,0,0,1,0,0,0,0,0,0,1,0,0,3,3,0,0
"NG22 0",6637,6579,0,0,0,0,0,0,0,0,0,0,0,1,47,2,1,36,0,0,4,2,0,0,0,1,0,0,1,0,0,0,0,0,1,0,0,0,0,1,0,0,0,1,0,1,2,0,2,0,0,0,1,1,0,0,0,0,0,0,0,0,0,0,0,0,4,0,0,2,1,0,0,0,0,1,0,0,0,0,0,0,0,0,0,0,0,0,0,0,0,0,0,0,0,0,0,0,0,0,0,0,0,0
"NG22 8",7394,7326,1,0,0,0,0,0,0,0,0,3,1,3,31,1,1,17,2,4,1,2,0,0,0,1,0,0,0,2,0,0,0,0,0,0,0,0,0,0,0,0,0,1,4,1,2,0,0,0,0,2,4,0,0,4,0,0,0,0,0,0,0,0,0,0,9,0,3,6,0,0,0,0,0,0,0,0,0,0,0,0,0,0,0,0,0,0,0,0,0,0,0,0,0,0,0,0,1,1,7,4,1,2
"NG22 9",11468,11365,1,1,0,0,0,0,0,1,0,2,1,3,61,0,1,38,3,3,1,3,0,6,0,0,2,3,0,0,0,0,1,0,1,0,1,0,0,0,0,0,0,9,1,2,3,0,2,0,1,0,3,0,0,3,0,0,0,0,0,0,0,0,0,0,11,0,2,3,0,0,0,3,0,3,0,0,0,0,0,0,2,0,0,0,0,0,0,0,1,0,0,0,0,0,0,1,0,0,2,2,0,0
"NG23 5",6987,6938,1,0,0,0,0,0,0,0,0,0,0,2,26,1,5,17,0,0,1,0,0,0,0,0,0,1,0,1,0,0,0,0,0,0,0,0,0,0,0,0,0,1,0,0,1,0,0,0,0,1,5,0,0,1,0,0,3,0,0,1,0,0,0,0,7,1,3,1,0,0,1,1,0,0,0,0,0,0,0,0,0,0,0,0,0,0,0,0,0,0,0,0,0,0,0,0,1,1,5,0,5,0
"NG23 6",5227,5171,0,0,0,0,0,0,0,0,0,1,0,4,35,3,1,24,2,0,0,1,0,1,0,0,3,0,0,0,0,0,0,0,0,0,0,0,0,0,0,0,0,2,0,1,0,0,0,0,0,0,3,0,0,2,0,0,0,0,0,1,0,0,0,0,8,2,4,1,0,0,0,1,0,0,0,0,0,0,0,0,2,0,0,0,0,0,0,0,0,0,0,0,2,0,0,0,0,0,0,0,0,0
"NG23 7",4636,4600,0,0,0,0,0,0,0,0,0,2,0,0,23,0,2,14,2,0,0,1,0,0,0,0,1,3,0,0,0,0,0,0,0,0,0,0,0,0,0,0,0,1,0,0,0,0,0,0,0,0,4,0,0,0,0,0,0,0,0,0,4,0,0,0,5,0,0,0,1,0,0,2,0,2,0,0,0,0,0,0,0,0,0,0,0,0,0,0,0,0,0,0,0,0,0,0,0,0,1,0,1,0
"NG24 1",6492,5841,0,0,0,0,0,0,0,0,0,28,13,8,515,4,8,297,8,6,7,149,11,18,0,1,2,0,2,1,1,0,0,0,1,0,0,0,0,1,0,0,0,14,0,2,3,0,0,3,0,0,35,1,2,4,0,14,3,1,0,3,4,2,0,1,23,2,7,7,1,2,2,0,0,2,0,0,0,0,0,0,3,0,0,0,0,0,0,0,0,0,0,0,1,0,1,1,3,3,3,1,0,2
"NG24 2",9950,9374,1,1,0,0,0,0,0,1,0,5,9,14,449,2,6,322,0,5,11,83,8,10,0,1,1,0,0,0,0,0,0,0,6,6,0,0,0,0,0,0,0,23,5,4,1,0,0,1,0,0,22,0,1,4,0,3,0,1,0,4,4,0,5,0,29,1,4,4,9,0,0,6,0,3,2,0,0,0,0,0,4,0,0,0,0,0,0,0,0,0,0,0,4,0,0,0,1,1,2,1,1,0
"NG24 3",13148,12918,2,1,0,0,0,0,0,0,1,4,0,1,149,4,7,80,1,5,5,35,2,8,0,1,0,0,1,0,0,0,0,0,3,0,0,0,0,3,0,0,0,13,3,4,1,0,0,0,1,0,27,11,0,5,0,5,1,0,0,1,4,0,0,0,15,0,2,2,4,0,0,2,0,2,3,0,0,0,0,0,0,0,0,0,0,0,0,0,0,0,0,0,0,0,0,0,1,1,6,3,1,2
"NG24 4",13475,12883,0,4,1,0,0,1,0,2,0,30,12,7,407,8,9,256,2,7,7,101,5,6,0,0,2,1,1,1,1,0,0,0,3,0,0,3,0,0,0,0,0,37,4,0,5,2,1,1,0,1,32,6,0,2,0,4,2,0,0,1,12,0,1,4,42,2,6,22,5,0,1,3,1,2,0,0,0,0,0,0,4,0,0,0,0,0,0,0,0,0,0,1,2,0,0,1,0,0,5,0,1,4
"NG25 0",8731,8624,3,1,0,0,0,0,0,1,0,6,2,7,46,1,12,15,0,2,0,7,0,0,0,2,2,2,2,1,0,0,0,0,1,0,1,0,0,0,0,0,0,5,0,10,1,0,0,1,0,0,8,2,0,0,0,2,4,0,0,0,0,0,0,0,14,3,2,2,1,0,0,2,0,2,2,0,0,0,0,0,0,0,0,0,0,0,0,0,0,0,0,0,0,0,0,0,2,2,1,0,0,1
"NG3  1",4558,3705,1,1,0,0,0,0,0,1,0,24,25,16,159,6,9,85,2,5,6,8,2,2,5,26,3,0,0,0,0,0,0,0,3,2,0,1,0,0,0,0,0,7,25,37,116,0,65,46,2,3,64,24,9,10,0,6,6,0,0,1,1,1,5,1,291,27,27,197,4,7,21,4,2,2,0,0,0,0,0,0,81,4,23,11,0,3,1,4,8,0,2,7,0,1,7,10,1,1,2,1,1,0
"NG3  2",4511,3952,0,0,0,0,0,0,0,0,0,19,8,14,210,6,3,148,10,13,3,7,5,1,6,1,5,0,0,1,0,1,0,0,11,4,7,0,0,0,0,0,0,5,16,27,44,0,28,10,4,2,108,56,9,18,2,11,4,0,0,1,2,0,2,3,43,4,14,8,0,0,11,1,0,5,0,2,0,0,0,0,46,2,1,7,0,1,1,2,8,0,2,4,0,0,3,15,2,2,4,2,0,2
"NG3  3",6666,5632,0,2,2,0,0,0,0,0,0,53,27,16,415,19,12,324,6,12,5,12,5,16,2,2,0,0,0,0,0,0,0,0,17,11,1,4,0,1,0,0,0,5,24,33,79,0,45,29,1,4,95,41,0,18,7,3,9,0,0,1,0,2,13,1,106,4,8,39,2,0,41,5,1,5,1,0,0,3,3,0,145,6,27,26,0,6,6,4,12,0,3,26,0,0,7,22,7,7,7,3,3,1
"NG3  4",3942,3088,0,1,0,0,0,1,0,0,0,32,24,21,321,8,10,191,8,17,15,13,8,17,11,14,6,0,0,0,1,1,1,0,20,15,2,3,0,0,0,0,0,9,31,24,53,0,30,22,1,0,89,41,9,6,7,6,1,0,2,2,0,3,9,3,110,17,7,53,0,4,5,14,3,1,6,0,0,0,0,0,113,15,34,18,0,4,5,2,7,0,3,16,0,1,0,8,3,3,3,2,1,0
"NG3  5",9038,8281,2,0,0,0,0,0,0,0,0,24,11,16,322,23,17,179,10,10,9,6,6,26,2,18,6,0,5,4,0,0,1,0,13,5,2,3,1,2,0,0,0,12,5,23,59,1,35,14,9,0,159,54,12,39,10,11,8,2,0,5,3,3,3,9,59,5,4,25,4,2,5,4,2,8,0,0,0,0,0,0,47,4,1,10,0,2,0,4,5,0,1,5,0,0,1,14,3,3,2,1,1,0
"NG3  6",10518,10035,1,0,0,0,0,0,0,0,0,7,10,15,262,37,7,171,2,2,8,8,3,7,3,7,4,0,3,0,0,0,0,0,12,3,0,8,0,1,0,0,0,5,3,11,7,0,1,6,0,0,98,30,2,41,4,4,2,0,0,5,3,0,7,0,35,1,3,22,1,0,3,4,1,0,0,0,0,0,0,0,13,0,1,1,0,0,0,0,0,0,0,1,1,1,2,6,2,2,2,1,1,0
"NG3  7",6975,6217,0,0,0,0,0,0,0,0,0,9,20,8,204,73,3,104,2,5,2,8,2,0,0,5,0,0,0,0,0,0,0,0,3,0,0,3,0,0,0,0,0,6,3,34,47,0,29,15,1,2,379,196,13,92,40,10,3,0,1,2,1,5,5,11,23,0,4,11,0,0,3,2,0,3,0,0,0,0,0,0,16,0,0,1,0,0,0,0,1,0,0,3,0,1,1,9,0,0,6,3,2,1
"NG31 6",3367,2783,1,0,0,0,0,0,0,0,0,1,53,5,424,7,7,206,13,8,4,75,55,44,1,2,0,0,0,0,0,1,1,0,6,0,0,6,0,0,0,0,0,20,8,2,1,0,1,0,0,0,11,1,0,0,0,3,2,0,0,3,0,0,1,1,40,1,1,19,0,0,0,1,0,13,5,0,0,0,0,0,3,0,0,0,0,2,0,0,0,0,0,0,1,0,0,0,4,4,5,4,0,1
"NG31 7",13025,11947,0,1,0,0,0,0,0,1,0,4,131,4,749,3,10,431,21,0,16,156,42,50,1,17,1,1,0,0,0,0,0,0,20,0,6,14,0,0,0,0,0,49,9,1,4,0,1,3,0,0,30,1,0,1,0,3,1,0,2,4,5,2,10,1,57,0,7,12,1,2,0,7,0,28,0,0,0,0,0,0,16,1,0,0,0,2,7,0,1,0,0,1,0,0,0,4,1,1,2,1,0,1
"NG31 8",13501,12990,1,1,0,0,0,0,0,1,0,7,29,5,240,5,8,98,16,0,18,37,22,26,2,3,1,0,1,0,1,1,1,0,2,0,0,0,0,2,0,0,0,14,4,9,6,0,3,3,0,0,88,15,2,1,0,0,7,15,3,24,15,0,3,3,96,1,42,27,0,4,0,4,0,15,3,0,0,0,0,0,4,0,0,0,0,0,0,1,0,0,0,0,3,0,0,0,4,4,1,1,0,0
"NG31 9",12763,12303,3,1,0,0,0,0,0,1,0,6,47,7,266,5,7,135,19,2,5,47,14,24,2,4,1,0,0,0,0,0,0,1,11,1,0,10,0,0,0,0,0,12,1,4,3,0,1,0,0,2,43,7,4,0,0,3,1,0,0,6,2,2,16,2,44,2,8,12,0,9,0,2,0,11,0,1,0,0,0,0,6,0,0,0,0,0,0,0,1,2,0,1,2,0,0,0,1,1,4,3,1,0
"NG32 1",4115,4066,1,0,0,0,0,0,0,0,0,9,2,0,29,0,4,12,0,2,0,1,9,0,0,1,0,0,0,0,0,0,0,0,0,0,0,0,0,0,0,0,0,0,0,0,0,0,0,0,0,0,2,0,0,0,0,0,2,0,0,0,0,0,0,0,6,0,0,1,2,1,0,0,0,2,0,0,0,0,0,0,0,0,0,0,0,0,0,0,0,0,0,0,0,0,0,0,0,0,0,0,0,0
"NG32 2",3449,3404,0,1,1,0,0,0,0,0,0,2,2,0,31,3,3,17,1,0,0,1,4,1,0,0,1,0,0,0,0,0,0,0,0,0,0,0,0,0,0,0,0,3,0,0,0,0,0,0,0,0,0,0,0,0,0,0,0,0,0,0,0,0,0,0,5,0,0,4,0,0,0,1,0,0,0,0,0,0,0,0,0,0,0,0,0,0,0,0,0,0,0,0,0,0,0,0,1,1,0,0,0,0
"NG32 3",4581,4549,1,0,0,0,0,0,0,0,0,1,6,7,7,0,2,1,0,1,0,0,0,2,0,0,1,0,0,0,0,0,0,0,0,0,0,0,0,0,0,0,0,3,0,0,0,0,0,0,0,0,4,0,0,0,0,0,3,0,0,1,0,0,0,0,2,0,0,0,1,0,0,1,0,0,0,0,0,0,0,0,1,0,0,0,0,0,1,0,0,0,0,0,0,0,0,0,0,0,0,0,0,0
"NG33 4",4668,4628,1,0,0,0,0,0,0,0,0,4,1,1,25,1,1,9,0,0,0,3,0,3,1,0,3,0,4,0,0,0,0,0,1,0,0,0,0,1,0,0,0,2,0,0,0,0,0,0,0,0,1,0,0,1,0,0,0,0,0,0,0,0,0,0,1,0,0,1,0,0,0,0,0,0,0,0,0,0,0,0,0,0,0,0,0,0,0,0,0,0,0,0,0,0,0,0,0,0,3,1,0,2
"NG33 5",4894,4850,1,0,0,0,0,0,0,0,0,0,8,2,18,0,0,14,0,1,0,0,0,1,0,0,1,0,0,1,0,0,0,0,0,0,0,0,0,0,0,0,0,0,0,0,1,0,0,1,0,0,4,0,0,4,0,0,0,0,0,0,0,0,0,0,9,4,0,0,1,0,0,2,0,1,1,0,0,0,0,0,0,0,0,0,0,0,0,0,0,0,0,0,0,0,0,0,1,1,0,0,0,0
"NG34 0",5781,5730,0,0,0,0,0,0,0,0,0,3,3,3,31,1,3,19,1,0,0,2,0,2,1,0,1,1,0,0,0,0,0,0,1,0,1,0,0,0,0,0,0,0,0,1,1,0,1,0,0,0,1,0,0,0,0,0,0,0,0,1,0,0,0,0,4,0,0,0,1,0,0,0,0,1,2,0,0,0,0,0,2,0,0,0,0,0,0,0,0,0,0,0,0,0,0,2,0,0,1,0,1,0
"NG34 7",12495,12071,0,0,0,0,0,0,0,0,0,7,20,0,291,5,11,178,1,1,15,44,26,4,1,1,4,0,0,0,0,0,0,0,0,0,0,0,0,0,0,0,0,15,3,11,4,0,1,1,2,0,32,3,0,0,0,14,7,0,2,3,3,0,0,0,30,0,6,14,0,0,0,8,0,0,2,0,0,0,0,0,7,0,0,0,0,0,0,0,0,0,0,5,2,0,0,0,1,1,3,2,0,1
"NG34 8",10780,10563,4,2,0,0,0,0,0,2,0,3,3,3,133,1,11,51,0,2,0,38,24,1,1,0,3,0,1,0,0,0,0,0,1,0,0,0,0,1,0,0,0,17,3,2,1,0,0,0,0,1,20,1,2,2,0,7,2,0,2,2,0,0,0,2,22,0,4,14,1,0,0,1,0,2,0,0,0,0,0,0,3,0,0,0,0,0,0,0,1,0,0,0,1,0,0,1,0,0,0,0,0,0
"NG34 9",10910,10771,0,3,0,0,0,0,0,3,0,3,6,3,86,4,11,24,0,1,0,27,17,0,0,1,1,0,0,0,0,0,0,0,2,0,0,1,0,1,0,0,0,2,3,1,2,0,0,2,0,0,11,3,0,3,0,0,3,0,1,0,0,0,0,1,7,0,0,3,0,0,0,3,0,1,0,0,0,0,0,0,3,0,0,0,0,0,0,0,1,0,0,1,0,0,0,1,0,0,7,1,0,6
"NG4  1",12416,11980,0,0,0,0,0,0,0,0,0,5,6,1,167,30,4,98,0,0,5,6,3,9,2,3,3,1,2,0,0,0,1,0,14,3,5,4,0,2,0,0,0,9,11,6,17,0,0,4,13,0,138,53,11,47,1,3,10,0,0,3,8,0,0,2,47,3,17,11,1,0,2,12,0,0,1,0,0,0,0,0,10,1,0,0,0,0,0,0,2,0,0,4,0,0,1,2,2,2,3,3,0,0
"NG4  2",8222,8027,1,1,0,0,0,0,0,1,0,4,10,5,93,6,5,65,2,1,1,4,0,2,4,1,1,0,0,0,1,0,0,0,2,1,0,0,0,1,0,0,0,0,4,2,8,0,0,6,1,1,32,6,0,13,0,5,3,0,0,3,2,0,0,0,24,0,4,6,1,1,1,9,0,1,1,0,0,0,0,0,4,0,0,0,0,0,0,0,0,0,0,2,1,0,0,1,0,0,5,5,0,0
"NG4  3",10142,9963,0,1,0,0,0,1,0,0,0,5,3,9,64,14,5,34,5,2,1,1,1,1,0,0,0,0,0,0,0,0,0,0,7,2,3,1,0,1,0,0,0,6,1,9,3,0,0,3,0,0,37,15,1,8,3,0,4,0,0,0,3,0,0,3,24,2,2,7,2,0,0,4,0,5,2,0,0,0,0,0,6,0,0,0,0,0,1,0,0,0,0,0,3,0,0,2,0,0,4,3,1,0
"NG4  4",8528,8421,0,1,1,0,0,0,0,0,0,4,0,7,42,5,2,23,0,0,2,4,1,1,1,0,0,2,1,0,0,0,0,0,2,2,0,0,0,0,0,0,0,2,1,10,6,0,0,6,0,0,15,1,0,14,0,0,0,0,0,0,0,0,0,0,6,0,3,0,0,0,0,0,0,3,0,0,0,1,1,0,3,0,0,0,0,0,0,0,0,0,0,0,1,0,1,1,1,1,6,0,0,6
"NG5  1",8815,7757,1,2,0,0,0,0,0,2,0,23,9,12,362,13,16,282,13,2,11,5,6,4,2,5,2,0,1,0,0,0,0,0,13,0,2,10,1,0,0,0,0,4,18,37,51,1,21,16,12,1,421,190,12,126,24,15,11,3,6,5,22,2,1,4,62,6,6,20,2,2,5,0,0,19,2,1,0,4,4,0,34,1,1,3,0,2,2,6,0,0,0,7,1,1,0,10,2,2,2,2,0,0
"NG5  2",5703,5198,0,0,0,0,0,0,0,0,0,16,14,18,241,7,13,182,1,2,6,6,4,5,6,6,1,0,1,1,0,0,0,0,14,1,0,13,0,0,0,0,0,6,7,16,9,0,3,6,0,0,101,34,7,34,9,4,4,0,1,0,4,0,1,3,33,1,2,16,4,2,1,1,1,5,0,0,0,0,0,0,23,1,2,0,0,1,1,1,2,1,0,7,0,0,1,6,5,5,2,2,0,0
"NG5  3",5430,4939,3,1,0,0,0,1,0,0,0,8,4,9,132,7,8,58,8,4,9,9,5,4,3,9,3,0,0,0,0,4,1,0,15,4,0,11,0,0,0,0,0,2,5,26,33,1,16,11,3,2,183,68,8,27,4,5,8,2,11,13,25,11,0,1,34,6,7,8,0,1,0,2,0,9,1,0,0,0,0,0,29,0,0,0,0,2,0,0,0,0,0,8,0,4,1,14,0,0,7,6,1,0
"NG5  4",9254,8940,1,1,1,0,0,0,0,0,0,16,5,7,102,5,7,64,2,2,0,3,3,4,0,8,0,1,2,1,0,0,0,0,4,1,0,3,0,0,0,0,0,1,16,5,11,0,4,7,0,0,92,18,8,38,9,1,7,0,2,1,6,1,0,1,41,2,9,16,3,5,3,2,1,0,0,0,0,0,0,0,9,0,0,0,0,0,0,1,0,0,0,5,1,0,1,1,0,0,3,3,0,0
"NG5  5",16012,15034,0,1,0,0,0,0,0,1,0,36,32,15,357,8,5,276,7,4,6,13,10,11,9,3,2,1,1,0,0,0,1,0,9,7,1,0,0,1,0,0,0,8,13,29,42,0,19,20,3,0,192,33,13,72,2,8,18,1,6,2,23,3,3,8,112,3,27,35,1,0,4,3,0,37,2,0,0,1,1,0,118,1,3,1,0,4,0,5,16,0,1,49,6,1,2,29,8,8,5,3,0,2
"NG5  6",11640,11219,1,0,0,0,0,0,0,0,0,10,5,5,129,4,5,87,7,0,1,4,4,5,6,3,1,1,1,0,0,0,0,0,7,3,1,3,0,0,0,0,0,6,6,9,11,0,2,7,1,1,106,6,3,40,0,5,14,3,3,8,17,4,2,1,89,2,26,29,0,0,0,4,1,26,1,0,2,0,0,0,20,1,0,0,0,0,0,0,1,0,0,3,0,0,2,13,6,6,9,6,2,1
"NG5  7",6992,6835,0,0,0,0,0,0,0,0,0,5,4,3,54,5,1,35,0,0,4,2,0,2,0,1,2,1,0,1,0,0,0,0,4,2,0,2,0,0,0,0,0,0,3,1,11,0,3,6,0,2,29,6,3,13,0,0,4,0,0,0,2,0,0,1,30,2,0,4,0,0,0,6,0,18,0,0,0,0,0,0,12,0,0,0,0,0,0,1,0,0,0,10,0,0,1,0,0,0,1,0,0,1
"NG5  8",11440,11219,0,0,0,0,0,0,0,0,0,12,2,7,65,3,3,39,0,1,0,10,3,0,0,4,1,0,0,1,0,0,0,0,3,1,0,1,0,1,0,0,0,3,4,6,11,1,1,8,0,1,63,5,6,35,0,3,3,0,0,7,1,0,0,3,30,0,14,11,1,0,0,2,0,1,1,0,0,0,0,0,4,0,0,0,0,0,0,0,0,0,0,1,2,0,1,0,0,0,11,7,0,4
"NG5  9",8876,8528,0,0,0,0,0,0,0,0,0,9,1,4,112,2,2,88,2,6,0,4,0,3,0,3,0,2,0,0,0,0,0,0,6,0,5,1,0,0,0,0,0,6,0,16,23,0,6,14,3,0,66,20,1,18,0,9,3,0,0,4,4,2,5,0,40,3,4,15,1,0,2,4,1,10,0,0,0,0,0,0,53,0,0,0,0,3,1,3,5,0,0,18,2,1,3,17,4,4,8,7,0,1
"NG6  0",8505,7876,2,1,0,0,0,0,0,1,0,22,7,7,246,1,3,194,3,6,3,4,8,0,5,6,3,6,0,0,4,0,0,0,9,2,1,6,0,0,0,0,0,3,13,9,15,0,8,5,2,0,200,59,6,70,9,5,22,0,4,4,12,0,0,9,49,3,16,20,0,0,4,2,1,3,0,0,0,0,0,0,37,0,2,0,0,5,6,0,3,0,0,11,0,0,3,7,3,3,6,6,0,0
"NG6  7",4413,4294,0,0,0,0,0,0,0,0,0,5,6,0,46,2,0,30,1,1,0,5,5,0,0,1,1,0,0,0,0,0,0,0,1,1,0,0,0,0,0,0,0,1,2,1,7,0,1,5,0,1,33,9,0,9,0,5,7,0,0,0,2,0,0,1,4,0,1,3,0,0,0,0,0,0,0,0,0,0,0,0,11,1,0,0,0,2,0,0,1,0,0,6,0,0,0,1,1,1,1,1,0,0
"NG6  8",14746,14150,1,3,1,0,0,0,0,1,1,27,29,7,270,14,5,215,4,0,7,2,1,2,4,4,4,1,0,3,0,0,4,0,6,1,1,2,0,2,0,0,0,7,7,15,29,0,16,6,5,2,88,11,1,36,1,9,9,0,3,10,2,4,2,0,41,0,2,21,0,0,2,5,1,8,2,0,0,0,0,0,57,1,3,1,0,2,0,0,6,1,1,7,0,0,6,29,1,1,8,6,2,0
"NG6  9",8062,7805,1,0,0,0,0,0,0,0,0,5,12,2,125,3,1,98,0,1,2,2,0,10,1,0,3,2,1,0,1,0,0,0,7,2,0,2,2,1,0,0,0,4,6,4,3,0,0,1,0,2,41,8,0,17,0,1,1,0,0,3,5,1,5,0,14,0,2,3,0,0,3,2,0,1,3,0,0,0,0,0,28,0,5,0,0,5,1,1,2,0,2,6,1,1,0,4,0,0,5,4,0,1
"NG7  1",11626,10387,4,1,0,0,1,0,0,0,0,65,38,52,343,40,42,115,13,6,13,19,8,17,8,28,12,8,6,4,1,0,1,2,16,7,6,0,0,3,1,0,1,12,10,80,67,0,30,32,2,3,340,138,29,82,29,9,19,3,14,7,10,0,0,0,162,18,20,95,6,6,3,7,4,2,1,0,0,0,0,0,46,3,18,6,0,4,1,3,3,0,0,0,0,1,2,5,2,2,0,0,0,0
"NG7  2",13335,11060,4,5,0,0,2,0,0,3,0,54,34,48,375,27,43,114,15,5,34,23,2,2,34,36,16,13,3,3,0,0,3,2,16,2,5,0,0,9,0,0,0,10,24,225,100,1,38,49,6,6,291,61,41,47,6,25,21,12,9,18,8,10,6,27,1012,118,62,434,14,20,42,66,238,14,4,0,0,0,0,0,76,4,11,3,0,2,7,6,2,4,0,6,2,8,3,18,0,0,1,1,0,0
"NG7  3",6690,4998,0,1,1,0,0,0,0,0,0,34,47,10,466,8,20,287,10,6,9,21,5,7,13,58,5,11,0,0,1,1,2,2,8,4,2,0,0,2,0,0,0,12,10,146,166,0,85,49,27,5,291,108,24,74,16,16,16,1,8,13,4,1,5,5,379,11,53,203,1,2,4,37,56,9,3,0,0,2,2,0,118,5,30,15,2,1,9,2,4,2,4,19,0,3,4,18,2,2,0,0,0,0
"NG7  4",4935,4394,3,0,0,0,0,0,0,0,0,17,18,10,135,3,11,73,1,3,4,10,6,1,0,14,2,1,0,1,2,2,1,0,8,0,5,2,0,1,0,0,0,3,3,24,56,2,31,18,4,1,105,42,13,21,0,16,3,0,0,1,1,4,1,3,132,5,37,59,4,3,7,3,3,7,4,0,0,0,0,0,22,2,2,1,0,2,1,0,0,0,2,8,0,0,2,2,4,4,1,1,0,0
"NG7  5",7402,4891,1,3,0,0,0,1,0,2,0,25,41,10,669,4,7,543,22,5,12,47,10,7,2,4,3,0,0,1,1,0,1,0,10,5,3,1,0,1,0,0,0,8,30,250,175,0,42,80,53,0,965,522,20,194,85,63,32,3,7,11,5,3,9,11,115,10,8,28,0,1,3,5,40,9,11,0,0,3,3,0,189,0,14,64,1,2,21,14,9,0,0,27,1,10,9,17,15,15,2,2,0,0
"NG7  6",8426,5638,3,1,0,0,0,0,0,1,0,29,28,13,724,8,13,583,25,7,35,17,12,7,5,4,4,2,0,1,1,0,0,0,12,2,2,6,0,2,0,0,0,8,17,106,100,1,53,28,15,3,1438,689,46,331,152,73,18,0,25,18,8,1,48,29,151,6,6,25,2,3,3,2,81,11,12,0,0,0,0,0,136,5,11,41,0,3,3,3,7,0,2,22,0,10,6,23,13,13,9,4,4,1
"NG7  7",3874,3318,1,0,0,0,0,0,0,0,0,10,12,3,243,13,2,201,12,1,1,1,2,3,1,2,4,0,0,0,0,0,0,0,9,4,3,2,0,0,0,0,0,5,8,35,14,1,6,7,0,0,160,69,9,47,10,2,0,0,5,8,8,0,0,2,16,3,2,7,1,1,1,1,0,0,0,0,0,0,0,0,36,0,1,0,0,5,3,0,5,0,1,5,0,2,5,9,1,1,3,2,0,1
"NG8  1",9409,7936,2,0,0,0,0,0,0,0,0,33,9,13,221,32,29,73,4,3,6,22,1,2,10,28,7,2,0,1,0,0,0,1,10,3,5,0,0,2,0,0,0,18,27,111,79,3,19,53,0,4,492,184,22,166,41,15,38,6,0,9,4,3,2,2,425,27,22,324,2,10,13,17,5,1,4,0,0,0,0,0,22,0,1,7,0,0,0,1,5,0,0,6,1,0,1,0,1,1,10,9,0,1
"NG8  2",10771,9837,4,2,0,0,0,0,0,0,2,13,12,23,124,20,10,47,4,2,4,4,3,2,1,14,7,3,2,0,0,0,0,1,10,4,0,4,0,2,0,0,0,6,1,142,58,1,13,38,6,0,425,136,19,155,13,9,65,2,1,10,10,2,0,3,95,6,15,39,2,4,3,12,5,4,5,0,0,0,0,0,12,0,1,0,0,4,1,0,1,0,0,0,2,1,0,2,1,1,6,6,0,0
"NG8  3",9452,8374,0,2,1,0,0,0,0,1,0,8,14,6,227,4,9,168,1,4,1,15,7,0,0,2,9,5,0,2,0,0,0,0,8,4,1,3,0,0,0,0,0,7,11,109,32,0,5,24,0,3,537,240,4,163,65,24,21,0,0,6,2,6,0,6,70,7,11,20,0,0,6,0,3,22,1,0,0,0,0,0,35,1,0,0,0,5,8,0,3,0,0,8,0,6,2,2,2,2,10,9,1,0
"NG8  4",7841,7392,0,0,0,0,0,0,0,0,0,9,3,9,130,12,10,65,5,5,3,16,2,3,0,2,4,0,1,0,0,0,2,0,1,0,0,0,0,1,0,0,0,7,6,11,19,0,9,8,1,1,153,55,10,46,3,4,15,0,3,1,4,0,6,6,49,1,17,13,0,0,0,2,5,11,0,0,0,1,1,0,47,0,5,0,0,1,1,1,2,1,0,3,1,1,15,16,1,1,3,1,0,2
"NG8  5",12503,11040,0,3,1,0,0,1,0,1,0,16,55,8,410,22,13,307,4,14,6,22,4,1,3,6,5,2,0,0,1,0,0,0,13,4,0,9,0,0,0,0,0,2,18,72,90,0,8,78,3,1,496,219,16,147,40,29,7,0,0,17,2,5,1,13,139,3,8,35,0,0,8,1,5,69,10,0,0,0,0,0,131,1,11,3,0,8,8,3,10,0,2,39,0,4,6,36,7,7,3,2,0,1
"NG8  6",11055,10271,0,3,0,0,0,0,0,3,0,16,59,5,349,16,11,265,2,6,10,23,6,5,3,1,0,0,0,0,0,0,1,0,6,3,0,3,0,0,0,0,0,6,15,16,18,0,9,7,2,0,67,23,3,16,5,4,9,0,0,7,0,0,0,0,81,3,9,28,0,0,1,2,2,35,1,0,0,0,0,0,132,6,0,0,0,13,6,2,11,0,1,42,0,1,4,46,7,7,4,4,0,0
"NG9  1",9673,8986,3,0,0,0,0,0,0,0,0,13,11,21,268,25,29,60,40,6,12,14,8,48,7,12,3,1,2,0,0,0,0,1,13,2,4,4,0,3,0,0,0,22,8,99,8,0,0,5,2,1,64,12,2,28,3,2,3,2,0,5,2,2,0,3,141,11,14,82,5,11,2,9,3,3,1,0,0,0,0,0,15,0,0,0,0,6,3,0,1,0,0,1,1,0,0,3,0,0,1,1,0,0
"NG9  2",12956,10539,7,0,0,0,0,0,0,0,0,60,27,67,740,59,62,142,84,14,25,40,19,160,22,72,17,12,1,6,2,0,2,1,16,5,7,1,0,3,0,0,0,41,47,163,87,4,28,41,6,8,308,100,47,45,9,10,17,7,4,13,18,10,9,19,795,72,66,483,12,19,26,74,36,1,6,3,0,0,0,0,47,0,0,0,0,2,3,1,10,0,0,3,2,19,2,5,4,4,5,3,0,2
"NG9  3",10823,10305,1,0,0,0,0,0,0,0,0,13,7,21,142,18,17,31,4,0,8,12,0,16,14,15,4,2,1,0,0,0,0,0,6,0,2,2,0,2,0,0,0,7,5,50,14,0,0,11,0,3,173,36,12,67,5,8,26,0,3,10,0,0,5,1,65,5,5,29,4,2,0,2,5,10,3,0,0,0,0,0,5,3,0,0,0,0,0,0,0,0,0,0,1,0,1,0,3,3,6,5,0,1
"NG9  4",5562,5356,0,0,0,0,0,0,0,0,0,3,4,8,82,5,12,28,6,1,0,5,6,7,4,2,1,1,0,2,0,0,2,0,1,0,0,1,0,0,0,0,0,0,2,9,8,1,1,5,0,1,42,8,2,11,0,0,3,3,4,2,4,0,3,2,41,5,13,15,1,2,0,5,0,0,0,0,0,0,0,0,2,0,0,0,0,0,0,0,0,0,0,0,0,0,0,2,0,0,4,3,0,1
"NG9  5",7894,7669,2,0,0,0,0,0,0,0,0,8,0,5,70,6,9,22,1,7,1,3,4,1,3,6,5,0,0,0,0,1,0,1,0,0,0,0,0,0,0,0,0,2,3,12,4,0,0,2,2,0,48,1,0,19,0,0,6,0,0,2,0,0,20,0,55,3,13,27,2,6,1,2,1,0,0,7,0,0,0,0,5,0,0,0,1,0,3,0,0,0,0,0,0,0,1,0,0,0,4,4,0,0
"NG9  6",9069,8869,0,0,0,0,0,0,0,0,0,9,1,3,46,2,5,20,0,1,8,0,0,3,1,2,1,1,1,1,0,0,0,0,4,1,0,0,0,3,0,0,0,4,2,23,7,0,0,6,0,1,39,4,5,19,0,4,3,0,0,1,0,0,3,0,59,0,5,48,3,0,0,1,1,0,1,0,0,0,0,0,3,0,0,0,0,0,0,0,0,0,0,0,0,2,0,1,0,0,0,0,0,0
"NG9  7",5797,5669,2,1,0,0,0,0,0,1,0,5,0,2,38,5,4,5,0,0,1,6,0,3,9,2,2,0,0,1,0,0,0,0,2,1,0,0,0,1,0,0,0,6,0,2,0,0,0,0,0,0,35,0,0,11,0,3,6,0,0,8,0,7,0,0,26,1,5,8,0,0,2,7,0,3,0,0,0,0,0,0,5,0,0,0,0,0,2,0,0,0,0,1,2,0,0,0,0,0,4,1,2,1
"NG9  8",8830,8669,1,0,0,0,0,0,0,0,0,8,6,5,56,2,5,24,1,1,1,4,2,5,3,6,1,0,0,0,0,0,1,0,4,2,0,0,0,2,0,0,0,4,6,5,2,0,0,2,0,0,23,0,2,10,0,3,2,2,0,2,0,0,1,1,30,1,3,15,6,0,1,2,0,1,1,0,0,0,0,0,4,0,0,0,0,0,0,0,1,0,0,0,0,0,0,3,2,2,5,3,1,1
"NN1  1",1638,1344,0,0,0,0,0,0,0,0,0,8,4,8,173,4,6,103,12,2,5,13,15,6,2,0,4,1,0,0,0,0,0,0,12,7,1,2,0,2,0,0,0,13,2,3,11,0,0,5,6,0,16,2,3,3,0,2,0,1,0,4,0,0,0,1,23,1,1,16,0,0,5,0,0,0,0,0,0,0,0,0,20,0,0,12,0,1,0,1,0,0,0,2,0,2,0,2,0,0,1,1,0,0
"NN1  2",2943,2051,0,0,0,0,0,0,0,0,0,6,12,5,362,11,1,209,13,1,25,31,26,22,2,6,3,12,0,0,0,0,0,0,22,17,2,3,0,0,0,0,0,25,0,20,37,0,23,3,10,1,120,23,5,12,0,47,11,2,9,4,4,0,0,3,55,9,2,35,1,0,4,3,1,0,0,0,0,0,0,0,224,0,0,147,0,6,5,2,42,0,0,19,0,0,1,2,3,3,1,1,0,0
"NN1  3",5869,4111,0,1,0,0,0,0,0,0,1,17,20,25,861,18,13,506,9,5,60,122,79,27,11,3,5,0,0,2,1,0,0,0,23,17,1,3,2,0,2,2,0,85,9,7,53,0,11,27,15,0,502,28,19,11,0,293,10,2,2,20,82,0,21,14,64,8,12,28,1,1,4,3,0,5,2,0,0,0,0,0,81,0,0,42,0,2,5,0,14,0,0,8,2,2,1,5,5,5,3,3,0,0
"NN1  4",10075,8553,0,0,0,0,0,0,0,0,0,20,24,13,833,25,20,500,15,3,56,68,93,34,11,3,3,1,0,0,1,0,0,0,21,4,9,1,3,4,0,0,0,75,7,8,14,0,2,10,2,0,333,51,14,23,0,143,30,1,1,19,36,3,6,6,81,1,8,33,0,0,12,14,2,10,1,0,0,0,0,0,82,0,0,18,0,10,7,3,2,3,0,21,1,1,3,13,5,5,6,4,2,0
"NN1  5",7874,6614,0,2,0,0,0,2,0,0,0,14,30,9,614,21,4,417,13,10,32,51,40,10,4,3,0,5,0,2,1,0,0,1,19,10,5,3,0,1,0,0,0,53,14,41,18,0,3,15,0,0,294,41,13,15,0,70,28,4,3,26,85,0,3,6,61,1,7,14,8,2,2,0,0,25,2,2,0,2,1,1,76,0,3,16,0,8,2,2,7,0,0,14,2,2,2,18,8,8,3,3,0,0
"NN10 0",12903,12550,1,0,0,0,0,0,0,0,0,10,11,8,159,32,3,79,7,8,7,4,1,10,1,0,6,0,0,0,0,0,1,0,7,3,0,2,0,2,0,0,0,10,11,21,4,0,2,1,0,1,50,6,1,10,0,0,17,0,7,1,8,0,0,0,31,0,4,15,1,0,1,4,0,3,3,0,0,0,0,0,26,0,0,0,0,0,0,1,0,0,0,20,1,0,0,4,0,0,4,4,0,0
"NN10 6",5419,5329,3,0,0,0,0,0,0,0,0,0,2,10,31,2,1,22,1,0,0,4,0,0,0,0,1,0,0,0,0,0,0,0,0,0,0,0,0,0,0,0,0,2,7,0,0,0,0,0,0,0,12,0,0,3,0,0,1,0,0,0,8,0,0,0,10,0,2,4,1,0,0,2,0,0,1,0,0,0,0,0,8,0,0,0,0,0,0,0,0,0,0,5,3,0,0,0,1,1,4,3,0,1
"NN10 8",7764,7638,1,0,0,0,0,0,0,0,0,9,2,6,42,8,2,11,5,2,1,3,1,4,1,2,2,0,0,0,0,0,0,0,1,0,0,1,0,0,0,0,0,3,3,3,2,0,0,0,1,1,19,0,0,4,0,4,7,0,3,0,0,0,0,1,16,0,5,3,0,0,0,0,0,8,0,0,0,0,0,0,18,0,0,0,0,0,0,0,0,0,0,14,2,0,0,2,0,0,1,1,0,0
"NN10 9",10621,10391,1,0,0,0,0,0,0,0,0,4,9,12,130,17,8,60,7,3,2,9,3,15,2,2,0,2,0,0,0,0,0,0,7,0,7,0,0,0,0,0,0,3,2,3,2,0,1,1,0,0,31,1,5,12,0,0,9,0,0,2,2,0,0,0,20,1,4,2,0,0,1,4,0,8,0,0,0,0,0,0,4,0,0,0,0,0,0,0,0,0,0,4,0,0,0,0,1,1,1,1,0,0
"NN11 0",5154,4987,0,0,0,0,0,0,0,0,0,1,10,2,104,2,3,66,8,7,1,0,0,9,0,0,5,0,3,0,0,0,0,0,5,1,0,3,0,1,0,0,0,0,1,0,0,0,0,0,0,0,24,4,7,6,0,2,2,0,0,0,3,0,0,0,17,0,7,4,1,0,0,2,1,2,0,0,0,0,0,0,2,1,0,0,0,0,0,1,0,0,0,0,0,0,0,0,0,0,1,0,0,1
"NN11 2",1286,1273,0,0,0,0,0,0,0,0,0,1,0,0,3,2,0,1,0,0,0,0,0,0,0,0,0,0,0,0,0,0,0,0,0,0,0,0,0,0,0,0,0,1,0,0,0,0,0,0,0,0,4,0,0,0,0,1,1,0,0,2,0,0,0,0,4,0,4,0,0,0,0,0,0,0,0,0,0,0,0,0,0,0,0,0,0,0,0,0,0,0,0,0,0,0,0,0,0,0,0,0,0,0
"NN11 3",6102,6022,2,0,0,0,0,0,0,0,0,5,4,0,38,2,1,21,0,0,2,0,1,5,0,1,0,4,0,0,0,1,0,0,0,0,0,0,0,0,0,0,0,0,2,0,3,1,1,1,0,0,11,0,0,2,0,2,6,0,0,0,0,1,0,0,12,0,0,5,0,0,0,1,0,5,1,0,0,0,0,0,0,0,0,0,0,0,0,0,0,0,0,0,0,0,0,0,0,0,3,1,1,1
"NN11 4",11106,10510,1,3,1,0,0,0,0,2,0,5,11,7,423,2,9,303,29,11,24,5,5,19,0,5,6,4,0,0,1,0,0,0,4,2,0,1,0,1,0,0,0,7,5,2,10,1,4,3,1,1,65,8,3,9,0,0,5,0,0,7,27,6,0,0,42,0,15,16,0,0,2,3,1,5,0,0,0,0,0,0,8,0,0,0,0,0,0,0,4,0,0,1,3,0,0,0,1,1,2,1,1,0
"NN11 6",2968,2930,0,0,0,0,0,0,0,0,0,4,2,3,19,0,8,4,2,2,1,0,0,0,0,0,2,0,0,0,0,0,0,0,0,0,0,0,0,0,0,0,0,0,0,0,0,0,0,0,0,0,5,1,0,0,0,0,0,0,0,0,4,0,0,0,4,0,0,1,1,0,0,1,0,1,0,0,0,0,0,0,0,0,0,0,0,0,0,0,0,0,0,0,0,0,0,0,0,0,1,1,0,0
"NN11 7",1702,1689,2,0,0,0,0,0,0,0,0,1,0,1,7,0,2,5,0,0,0,0,0,0,0,0,0,0,0,0,0,0,0,0,0,0,0,0,0,0,0,0,0,0,0,0,0,0,0,0,0,0,1,0,1,0,0,0,0,0,0,0,0,0,0,0,0,0,0,0,0,0,0,0,0,0,0,0,0,0,0,0,1,0,0,0,0,0,0,0,0,0,0,0,0,0,0,1,0,0,0,0,0,0
"NN11 8",1394,1309,0,0,0,0,0,0,0,0,0,7,1,2,60,2,3,31,15,0,2,1,0,5,1,0,0,0,0,0,0,0,0,0,1,1,0,0,0,0,0,0,0,5,0,0,0,0,0,0,0,0,6,0,0,4,0,0,2,0,0,0,0,0,0,0,2,0,0,0,0,0,0,2,0,0,0,0,0,0,0,0,1,0,0,0,0,0,0,0,0,0,0,1,0,0,0,0,0,0,0,0,0,0
"NN11 9",6274,5909,0,1,0,0,0,0,0,1,0,2,5,5,267,0,9,208,22,0,10,1,9,5,0,0,3,0,0,0,0,0,0,0,5,4,0,1,0,0,0,0,0,10,2,0,11,0,10,0,1,0,34,3,6,7,0,0,1,0,0,11,5,1,0,0,12,0,1,6,0,0,0,3,2,0,0,0,0,0,0,0,6,0,0,0,0,0,0,0,1,0,0,2,0,0,3,0,1,1,4,2,1,1
"NN12 6",7359,7218,2,1,1,0,0,0,0,0,0,10,6,6,69,4,3,23,9,4,2,0,1,8,13,0,2,0,0,0,0,0,0,0,6,6,0,0,0,0,0,0,0,3,1,0,0,0,0,0,0,0,16,1,0,2,0,3,1,0,0,5,0,3,0,1,19,2,2,6,2,0,0,6,0,1,0,0,0,0,0,0,2,0,0,0,0,0,0,0,0,0,0,0,0,1,0,1,0,0,0,0,0,0
"NN12 7",5967,5913,0,0,0,0,0,0,0,0,0,3,8,5,16,0,2,5,2,0,1,0,0,1,1,0,3,0,1,0,0,0,0,0,0,0,0,0,0,0,0,0,0,1,0,2,0,0,0,0,0,0,7,0,0,1,0,2,0,0,0,3,0,0,0,1,9,2,0,2,1,1,0,2,0,1,0,0,0,0,0,0,1,0,0,0,0,0,0,0,0,0,0,0,1,0,0,0,1,1,1,0,1,0
"NN12 8",8960,8866,0,0,0,0,0,0,0,0,0,13,2,6,46,3,6,16,1,2,0,2,0,1,0,4,2,1,7,0,0,0,1,0,1,0,0,0,0,1,0,0,0,3,0,1,0,0,0,0,0,0,7,0,0,5,0,0,1,0,0,0,0,1,0,0,8,1,0,1,2,1,0,2,0,1,0,0,0,0,0,0,2,0,0,0,0,0,0,0,0,0,0,0,0,0,0,2,0,0,5,1,2,2
"NN13 5",5365,5295,3,0,0,0,0,0,0,0,0,5,5,2,25,1,6,4,2,3,2,0,1,1,0,0,2,0,2,1,0,0,0,0,0,0,0,0,0,0,0,0,0,0,0,2,4,0,0,4,0,0,5,1,2,2,0,0,0,0,0,0,0,0,0,0,15,3,0,3,1,0,0,2,0,3,3,0,0,0,0,0,3,0,0,0,0,0,0,0,0,0,0,1,0,2,0,0,1,1,0,0,0,0
"NN13 6",9871,9732,2,1,0,0,0,0,0,1,0,15,3,5,74,0,7,28,3,3,5,2,0,9,3,1,6,2,2,1,1,1,0,0,2,1,1,0,0,0,0,0,0,6,4,1,2,0,0,2,0,0,2,0,0,1,0,0,0,0,0,0,0,0,1,0,14,1,4,2,1,2,2,1,0,1,0,1,0,0,0,0,5,0,0,0,0,0,0,0,0,0,0,3,2,0,0,0,2,2,0,0,0,0
"NN13 7",2847,2794,2,0,0,0,0,0,0,0,0,6,0,4,22,0,1,3,0,1,0,2,0,6,0,0,3,0,0,0,0,0,6,0,1,1,0,0,0,0,0,0,0,0,2,0,2,0,2,0,0,0,2,0,0,2,0,0,0,0,0,0,0,0,0,0,8,0,1,4,0,0,0,2,0,1,0,0,0,0,0,0,3,0,0,0,0,0,0,0,0,0,0,0,1,0,0,2,0,0,1,0,0,1
"NN14 1",9626,9522,1,0,0,0,0,0,0,0,0,11,0,2,48,3,12,21,0,1,0,0,0,1,0,0,5,2,0,2,0,0,1,0,0,0,0,0,0,0,0,0,0,2,4,4,3,0,1,0,2,0,12,2,0,0,0,1,4,2,0,0,2,0,0,1,11,0,0,6,0,0,2,2,1,0,0,0,0,0,0,0,5,0,0,0,0,0,1,0,0,0,0,0,4,0,0,0,0,0,1,0,0,1
"NN14 2",10244,10046,0,0,0,0,0,0,0,0,0,8,3,7,101,1,4,37,22,5,5,5,0,10,5,1,4,0,2,0,0,0,0,0,0,0,0,0,0,0,0,0,0,8,1,3,0,0,0,0,0,0,32,0,0,2,0,6,11,0,0,4,6,1,0,2,27,0,5,1,2,0,0,5,1,13,0,0,0,0,0,0,8,0,0,0,0,0,0,0,2,0,0,5,1,0,0,0,0,0,0,0,0,0
"NN14 3",4246,4216,0,0,0,0,0,0,0,0,0,2,1,2,12,2,2,3,0,0,1,0,0,1,0,2,1,0,0,0,0,0,0,0,0,0,0,0,0,0,0,0,0,2,4,0,2,0,1,1,0,0,0,0,0,0,0,0,0,0,0,0,0,0,0,0,3,0,0,0,2,0,0,1,0,0,0,0,0,0,0,0,1,0,0,0,0,0,0,0,0,0,0,0,1,0,0,0,0,0,1,1,0,0
"NN14 4",10169,10001,2,0,0,0,0,0,0,0,0,8,22,1,92,0,5,57,9,2,6,4,1,2,3,0,3,0,0,0,0,0,0,0,3,2,0,0,0,1,0,0,0,2,4,0,0,0,0,0,0,0,18,0,0,2,0,0,2,0,0,4,10,0,0,0,10,0,0,1,0,0,0,2,0,1,6,0,0,0,0,0,3,0,0,0,0,1,0,0,0,0,0,1,1,0,0,0,0,0,3,1,2,0
"NN14 6",7401,7274,0,0,0,0,0,0,0,0,0,4,0,3,83,19,5,31,2,1,7,0,7,7,0,2,1,1,0,0,0,0,0,0,0,0,0,0,0,0,0,0,0,1,1,1,1,0,0,0,0,1,7,0,0,2,0,2,3,0,0,0,0,0,0,0,17,0,6,4,2,0,0,3,0,2,0,1,0,0,0,0,7,0,0,0,0,1,0,0,0,0,0,1,4,0,1,0,0,0,1,1,0,0
"NN15 5",14229,13874,2,0,0,0,0,0,0,0,0,12,1,9,168,20,6,89,11,1,4,6,8,11,0,1,7,4,0,0,0,0,0,0,2,1,0,0,0,1,0,0,0,6,5,6,3,0,0,1,2,0,83,1,5,44,0,2,22,0,0,0,9,0,0,0,37,1,4,13,0,0,0,10,0,7,2,0,0,0,0,0,16,0,0,0,0,0,1,0,4,0,0,7,1,0,0,3,0,0,5,2,3,0
"NN15 6",12812,12293,5,0,0,0,0,0,0,0,0,6,8,3,255,39,3,139,20,0,2,31,6,3,2,0,3,3,1,1,2,0,0,0,11,3,5,2,1,0,0,0,0,12,4,9,5,0,0,5,0,0,103,3,2,48,0,9,19,0,0,8,10,4,0,0,51,3,15,10,1,0,3,4,1,14,0,0,0,0,0,0,42,0,0,0,0,4,1,0,11,0,0,15,8,0,0,3,5,5,0,0,0,0
"NN15 7",5711,5403,0,1,0,0,0,0,0,1,0,5,8,3,124,23,5,56,7,4,3,10,5,3,5,0,2,0,0,0,0,0,0,1,1,0,1,0,0,0,0,0,0,8,5,7,11,0,0,6,4,1,83,0,7,19,0,10,22,3,1,10,2,0,0,9,38,0,9,13,1,0,0,6,0,7,2,0,0,0,0,0,11,0,0,1,0,3,1,2,0,0,0,2,1,0,0,1,1,1,2,2,0,0
"NN16 0",7242,6696,0,1,0,0,0,0,0,1,0,11,9,5,332,26,9,179,19,3,16,29,9,24,7,1,6,0,1,0,2,0,1,0,6,3,2,0,0,1,0,0,0,11,4,1,9,0,6,1,1,1,88,8,4,44,0,6,12,1,0,7,4,0,0,2,28,0,2,5,1,0,0,5,0,15,0,0,0,0,0,0,39,0,0,2,0,3,5,0,6,0,0,12,0,1,5,5,1,1,1,0,1,0
"NN16 8",7551,6578,2,4,1,0,0,0,0,3,0,13,7,6,560,37,8,362,50,11,17,23,15,22,4,3,4,3,0,0,0,0,1,0,5,3,0,2,0,0,0,0,0,20,11,9,13,0,0,5,3,5,212,21,15,66,0,6,15,0,1,20,62,2,0,4,71,2,6,12,0,0,2,1,1,44,3,0,0,0,0,0,36,0,0,2,0,3,6,0,4,0,0,14,4,0,1,2,3,3,1,1,0,0
"NN16 9",13960,13080,0,1,0,0,0,0,0,1,0,9,13,6,430,38,13,246,30,19,10,31,7,26,3,1,1,2,0,0,2,1,0,0,6,2,2,0,1,1,0,0,0,25,2,15,7,0,0,4,1,2,248,24,8,121,0,8,27,0,4,21,35,0,0,0,64,1,17,19,0,0,3,6,0,16,2,0,0,0,0,0,39,1,0,0,0,3,0,0,4,1,0,21,3,0,0,6,6,6,9,6,1,2
"NN17 1",9258,8287,0,10,0,0,0,0,0,10,0,8,49,2,707,1,2,496,78,16,18,25,42,18,4,1,0,1,0,1,4,0,0,0,73,0,73,0,0,0,0,0,0,47,18,5,3,0,3,0,0,0,14,0,0,3,0,4,2,0,0,0,4,1,0,0,19,2,1,4,0,0,1,0,0,7,4,0,0,0,0,0,2,0,0,0,0,0,0,0,0,0,0,1,1,0,0,0,5,5,9,5,2,2
"NN17 2",11799,10943,3,2,0,0,0,0,0,2,0,7,51,1,602,1,4,370,49,14,26,50,58,15,0,1,2,0,5,0,7,0,0,0,60,3,51,6,0,0,0,0,0,53,4,1,5,0,3,2,0,0,17,1,1,5,0,5,0,0,2,2,0,0,1,0,36,2,2,15,0,0,0,9,0,8,0,0,0,0,0,0,9,0,0,0,0,2,0,0,0,0,0,5,0,0,0,2,4,4,1,1,0,0
"NN17 3",4054,3956,0,0,0,0,0,0,0,0,0,1,3,3,76,1,3,60,0,1,3,0,0,4,0,2,1,0,1,0,0,0,0,0,2,0,2,0,0,0,0,0,0,0,0,1,0,0,0,0,0,0,2,0,0,1,0,0,0,0,0,0,1,0,0,0,8,0,0,0,0,0,0,2,0,5,1,0,0,0,0,0,0,0,0,0,0,0,0,0,0,0,0,0,0,0,0,0,1,1,1,1,0,0
"NN17 4",539,423,0,0,0,0,0,0,0,0,0,0,4,2,107,0,0,64,20,3,0,10,3,6,0,0,0,0,1,0,0,0,0,0,1,0,1,0,0,0,0,0,0,1,0,0,0,0,0,0,0,0,1,0,0,1,0,0,0,0,0,0,0,0,0,0,0,0,0,0,0,0,0,0,0,0,0,0,0,0,0,0,0,0,0,0,0,0,0,0,0,0,0,0,0,0,0,0,0,0,0,0,0,0
"NN18 0",8417,7766,1,4,1,0,0,0,0,3,0,6,65,5,385,4,6,158,40,7,55,30,37,38,8,0,0,0,2,0,0,0,0,0,49,3,46,0,0,0,1,0,1,43,7,2,4,0,4,0,0,0,51,0,4,12,0,9,7,12,4,3,0,0,0,0,9,0,3,1,0,0,0,3,0,1,1,0,0,0,0,0,15,0,0,0,0,1,0,0,0,0,0,5,0,0,7,2,0,0,4,3,0,1
"NN18 8",13837,11801,2,6,1,0,0,0,0,5,0,16,81,19,1426,7,7,851,130,26,64,74,94,152,2,0,3,0,2,1,11,2,0,0,119,2,111,4,1,1,0,0,0,79,12,6,8,0,2,2,0,4,104,6,8,19,0,30,14,0,0,6,6,0,13,2,31,8,5,10,0,0,0,2,1,4,1,0,0,0,0,0,123,0,0,0,0,1,1,0,2,3,0,95,1,3,5,12,0,0,4,2,1,1
"NN18 9",8973,8190,0,10,1,0,0,0,0,9,0,0,48,3,516,7,5,242,49,13,26,30,84,54,3,0,0,0,0,0,3,0,0,0,74,5,66,3,0,0,0,0,0,45,5,7,4,0,0,4,0,0,36,0,4,7,0,14,9,0,0,2,0,0,0,0,7,0,0,3,0,0,3,1,0,0,0,0,0,0,0,0,20,0,0,0,0,0,0,0,1,0,0,17,0,0,1,1,4,4,4,4,0,0
"NN2  6",8966,7617,1,0,0,0,0,0,0,0,0,17,33,12,654,13,13,385,12,2,64,71,40,21,9,3,4,0,3,7,7,0,0,0,17,11,0,4,0,2,0,0,0,65,10,7,26,0,9,6,7,4,181,30,10,3,0,65,32,1,3,0,31,0,5,1,218,12,29,147,3,2,14,5,1,3,2,0,0,0,0,0,103,0,2,35,0,12,1,1,17,2,0,15,9,2,1,6,3,3,2,2,0,0
"NN2  7",13983,12501,1,2,1,0,0,0,0,1,0,17,14,18,654,21,14,382,10,6,49,91,36,23,1,4,7,3,2,1,1,1,2,0,24,12,5,6,0,1,2,0,2,45,23,23,19,0,4,8,6,1,315,60,35,9,0,100,26,3,1,9,48,4,18,2,218,9,14,160,3,1,9,6,0,14,2,0,0,0,0,0,99,0,0,14,0,8,6,4,31,0,0,32,0,1,1,2,3,3,5,3,0,2
"NN2  8",13723,13216,2,0,0,0,0,0,0,0,0,5,12,5,145,18,15,56,2,2,18,14,2,6,0,4,6,0,0,2,0,0,0,0,10,5,2,2,0,1,0,0,0,8,2,15,5,0,0,4,1,0,156,25,12,24,0,38,26,2,2,4,15,0,1,7,105,4,6,73,1,1,3,11,0,6,0,1,0,0,0,0,28,0,0,4,0,6,0,0,1,0,0,15,1,0,1,0,1,1,7,6,1,0
"NN29 7",11134,10999,0,0,0,0,0,0,0,0,0,13,0,4,55,3,5,20,0,2,4,5,0,3,5,1,4,2,0,1,0,0,0,0,3,1,0,0,0,2,0,0,0,4,0,4,4,0,2,0,1,1,25,3,0,8,0,0,3,2,0,3,3,0,0,3,17,0,0,4,0,0,1,3,0,8,1,0,0,0,0,0,2,0,0,0,0,0,0,0,0,0,0,0,1,1,0,0,1,1,3,0,2,1
"NN3  2",11161,10152,1,1,0,0,0,0,0,1,0,14,9,6,417,23,11,207,1,7,47,71,30,9,2,5,2,1,0,1,0,0,0,0,37,26,6,2,2,1,0,0,0,62,6,13,5,0,0,2,3,0,278,32,7,24,0,154,19,0,0,10,23,0,5,4,67,5,6,33,0,0,6,6,1,10,0,0,0,0,0,0,84,3,0,35,0,4,0,0,17,0,1,21,0,0,0,3,3,3,6,3,0,3
"NN3  3",8876,8373,2,0,0,0,0,0,0,0,0,9,7,9,156,11,10,38,4,4,52,12,12,8,0,0,2,2,1,0,0,0,0,0,3,0,3,0,0,0,0,0,0,9,6,17,9,0,3,5,0,1,195,22,7,23,0,25,95,3,4,4,8,2,0,2,42,1,7,16,1,0,12,4,1,0,0,0,0,0,0,0,29,0,0,0,0,0,7,0,0,0,3,16,1,0,0,2,6,6,4,4,0,0
"NN3  5",8709,8032,0,3,2,0,0,0,0,1,0,12,10,4,346,3,8,176,28,4,64,33,18,4,0,0,3,0,2,1,2,0,0,0,5,1,2,1,0,1,0,0,0,19,10,13,10,0,2,6,2,0,83,10,1,18,0,9,28,0,0,11,3,0,1,2,32,0,1,19,2,0,6,3,0,0,1,0,0,0,0,0,128,0,0,16,0,25,22,1,19,1,0,38,0,1,3,2,1,1,1,1,0,0
"NN3  6",6739,6441,0,1,0,0,0,0,0,1,0,4,3,6,149,12,1,83,11,0,10,12,13,3,0,3,1,0,0,0,0,0,0,0,8,2,6,0,0,0,0,0,0,6,2,2,2,1,1,0,0,0,71,8,3,11,0,9,21,0,5,2,11,0,0,1,26,0,2,8,1,6,1,1,0,7,0,0,1,0,0,0,16,0,0,0,0,0,0,0,6,0,0,5,1,0,0,4,1,1,0,0,0,0
"NN3  7",5786,5683,1,1,0,1,0,0,0,0,0,4,1,4,46,2,6,21,0,1,4,0,9,1,0,0,2,0,0,0,0,0,0,0,2,1,1,0,0,0,0,0,0,2,0,2,3,3,0,0,0,0,19,2,0,3,0,1,10,0,0,0,2,0,0,1,8,0,1,1,0,0,0,4,1,1,0,0,0,0,0,0,8,0,0,0,0,1,0,0,0,0,0,2,4,0,0,1,1,1,1,1,0,0
"NN3  8",15114,13365,6,3,2,0,0,0,0,1,0,22,29,17,673,10,25,323,16,2,123,77,73,8,4,2,9,1,0,0,0,0,0,0,24,24,0,0,0,0,1,1,0,55,13,19,15,0,2,10,3,0,450,70,18,42,1,113,187,0,0,8,6,2,0,3,100,1,36,25,1,0,18,7,0,7,5,2,1,0,0,0,308,0,0,83,0,45,36,4,57,1,0,53,0,6,4,19,7,7,4,4,0,0
"NN3  9",9234,8393,1,0,0,0,0,0,0,0,0,11,4,7,254,7,7,109,11,1,43,39,19,2,1,2,6,3,0,0,1,1,2,0,16,9,6,0,1,0,0,0,0,36,5,14,32,0,8,3,20,1,268,46,3,18,0,44,144,0,0,8,0,0,0,5,90,1,24,35,4,0,10,8,0,7,1,0,0,0,0,0,96,0,0,21,0,4,14,1,19,0,0,21,4,4,2,6,1,1,6,4,1,1
"NN4  0",10237,9652,0,1,0,0,0,1,0,0,0,8,11,16,304,6,9,160,9,6,46,21,18,10,0,6,4,2,4,2,1,0,0,0,11,3,5,1,0,2,1,1,0,19,4,11,9,0,4,4,1,0,126,13,2,30,0,10,56,0,2,5,4,0,1,3,34,2,8,4,4,0,1,6,2,3,4,0,0,0,0,0,27,0,0,0,0,7,0,0,2,0,0,16,1,0,0,1,0,0,3,3,0,0
"NN4  5",4167,4008,0,0,0,0,0,0,0,0,0,7,0,7,46,3,7,20,3,5,1,0,0,3,0,0,0,1,0,0,1,0,0,2,1,1,0,0,0,0,0,0,0,0,13,0,5,1,0,4,0,0,54,9,4,4,0,5,18,1,0,5,3,1,0,4,15,1,0,9,1,0,0,2,0,1,1,0,0,0,0,0,10,0,0,3,0,0,0,0,0,0,0,0,7,0,0,0,0,0,1,1,0,0
"NN4  6",10224,9819,1,0,0,0,0,0,0,0,0,9,6,15,116,8,13,46,3,1,26,5,1,1,2,2,3,4,1,0,0,0,0,0,2,2,0,0,0,0,0,0,0,4,12,13,15,2,0,7,6,0,126,16,6,20,0,4,29,4,5,28,8,0,0,6,48,0,13,28,0,0,2,2,1,0,2,0,0,0,0,0,27,0,0,0,0,4,1,0,5,0,0,13,1,0,0,3,4,4,7,4,2,1
"NN4  7",629,624,0,0,0,0,0,0,0,0,0,0,1,0,1,1,0,0,0,0,0,0,0,0,0,0,0,0,0,0,0,0,0,0,0,0,0,0,0,0,0,0,0,0,0,0,0,0,0,0,0,0,0,0,0,0,0,0,0,0,0,0,0,0,0,0,3,0,0,3,0,0,0,0,0,0,0,0,0,0,0,0,0,0,0,0,0,0,0,0,0,0,0,0,0,0,0,0,0,0,0,0,0,0
"NN4  8",13642,12037,1,0,0,0,0,0,0,0,0,19,37,19,1024,23,17,669,19,13,91,69,55,40,2,10,9,2,3,1,0,0,1,0,26,23,1,2,0,0,0,0,0,45,15,19,9,0,2,5,2,0,185,26,6,45,1,44,20,0,5,25,4,3,6,0,96,10,2,31,1,3,32,7,0,9,1,0,0,0,0,0,97,0,0,28,0,10,3,0,16,1,0,29,3,1,2,4,5,5,8,7,1,0
"NN4  9",5503,5237,1,0,0,0,0,0,0,0,0,12,1,5,123,5,1,63,3,1,17,8,2,10,0,6,0,3,3,1,0,0,0,0,0,0,0,0,0,0,0,0,0,15,3,3,8,1,0,2,0,5,51,3,2,15,0,13,18,0,0,0,0,0,0,0,22,0,11,11,0,0,0,0,0,0,0,0,0,0,0,0,20,0,0,3,0,0,0,0,5,0,0,11,1,0,0,0,1,1,1,1,0,0
"NN5  4",3959,3717,2,0,0,0,0,0,0,0,0,6,2,4,80,1,7,50,0,2,5,5,0,0,0,4,3,1,0,2,0,0,0,0,4,2,0,1,0,1,0,0,0,4,3,5,8,0,1,0,7,0,63,18,1,25,0,9,7,0,2,1,0,0,0,0,34,3,10,14,0,0,4,1,2,0,0,0,0,0,0,0,27,0,0,13,0,0,0,0,2,0,0,1,3,0,0,8,0,0,0,0,0,0
"NN5  5",6706,5599,0,0,0,0,0,0,0,0,0,19,13,10,585,23,10,360,9,8,42,61,37,15,3,2,8,2,2,0,1,0,2,0,24,23,0,1,0,0,0,0,0,30,2,4,32,0,16,2,13,1,181,17,32,8,0,75,2,1,17,17,8,0,0,4,70,6,9,28,2,0,2,5,1,15,2,0,0,0,0,0,127,0,0,54,0,19,5,0,19,4,2,19,1,0,0,4,4,4,6,3,2,1
"NN5  6",15412,14850,0,3,0,0,0,0,0,3,0,8,3,7,294,20,10,176,2,4,32,13,9,9,4,7,4,1,1,0,2,0,0,0,19,9,3,1,2,4,0,0,0,24,5,17,4,0,0,4,0,0,81,7,4,29,0,7,22,0,0,7,1,4,0,0,56,0,13,20,2,0,0,10,1,7,3,0,0,0,0,0,35,0,0,3,0,6,5,0,3,1,0,13,1,1,0,2,2,2,4,3,0,1
"NN5  7",10035,8583,1,2,0,0,0,0,0,2,0,9,8,5,585,11,6,373,12,2,80,38,28,23,0,3,7,2,0,0,0,0,0,0,54,49,1,4,0,0,0,0,0,45,20,16,18,0,4,6,8,0,422,9,4,18,0,354,22,0,0,9,5,0,0,1,36,2,7,7,0,0,8,5,0,6,1,0,0,0,0,0,225,2,0,103,0,9,7,4,60,0,0,17,1,0,1,21,3,3,3,2,1,0
"NN6  0",7605,7513,2,0,0,0,0,0,0,0,0,7,1,0,51,1,7,25,1,1,11,0,0,3,0,0,0,2,0,0,0,0,0,0,0,0,0,0,0,0,0,0,0,1,0,0,0,0,0,0,0,0,6,0,0,0,0,0,5,0,0,0,0,0,0,1,14,1,5,1,2,0,4,1,0,0,0,0,0,0,0,0,8,1,0,0,0,0,0,0,2,0,0,2,2,0,1,0,0,0,2,2,0,0
"NN6  6",2969,2958,0,0,0,0,0,0,0,0,0,1,0,1,7,0,2,2,0,0,1,0,0,0,0,0,1,1,0,0,0,0,0,0,0,0,0,0,0,0,0,0,0,0,0,0,1,1,0,0,0,0,1,0,1,0,0,0,0,0,0,0,0,0,0,0,0,0,0,0,0,0,0,0,0,0,0,0,0,0,0,0,0,0,0,0,0,0,0,0,0,0,0,0,0,0,0,0,0,0,0,0,0,0
"NN6  7",7595,7488,2,0,0,0,0,0,0,0,0,7,2,3,50,0,5,16,1,1,8,0,4,0,2,3,5,3,1,0,0,0,0,1,0,0,0,0,0,0,0,0,0,2,0,0,1,0,0,0,0,1,13,0,0,0,0,1,1,0,0,0,9,0,2,0,15,0,5,4,0,0,0,2,0,3,1,0,0,0,0,0,7,0,0,0,0,0,0,0,0,0,0,0,6,0,0,1,2,2,3,1,0,2
"NN6  8",5200,5156,0,0,0,0,0,0,0,0,0,1,0,0,24,3,1,7,1,0,2,7,0,1,0,0,0,1,1,0,0,0,0,0,0,0,0,0,0,0,0,0,0,0,0,0,0,0,0,0,0,0,14,0,2,2,0,2,6,0,0,1,0,0,0,1,2,1,0,1,0,0,0,0,0,0,0,0,0,0,0,0,2,0,0,0,0,0,1,0,1,0,0,0,0,0,0,0,0,0,1,1,0,0
"NN6  9",8992,8892,3,0,0,0,0,0,0,0,0,5,1,5,40,0,11,20,1,1,3,0,0,3,0,0,0,0,0,0,0,0,0,1,0,0,0,0,0,0,0,0,0,7,1,0,0,0,0,0,0,0,18,3,0,0,0,0,6,0,1,2,1,1,4,0,19,0,3,1,3,0,0,4,2,6,0,0,0,0,0,0,0,0,0,0,0,0,0,0,0,0,0,0,0,0,0,0,0,0,1,1,0,0
"NN7  1",4541,4511,0,0,0,0,0,0,0,0,0,4,0,1,10,1,2,0,0,1,0,0,0,0,0,0,5,1,0,0,0,0,0,0,4,0,0,0,0,4,0,0,0,0,0,1,0,0,0,0,0,0,8,0,1,3,0,0,3,0,1,0,0,0,0,0,1,0,0,0,0,0,0,0,0,1,0,0,0,0,0,0,0,0,0,0,0,0,0,0,0,0,0,0,0,0,0,0,0,0,1,0,0,1
"NN7  2",6489,6421,1,1,1,0,0,0,0,0,0,3,1,3,30,4,3,7,0,0,2,8,0,0,0,0,5,1,0,0,0,0,0,0,2,1,0,0,0,1,0,0,0,2,0,0,2,0,0,2,0,0,10,1,0,1,0,0,6,2,0,0,0,0,0,0,13,0,3,1,2,0,0,3,0,4,0,0,0,0,0,0,0,0,0,0,0,0,0,0,0,0,0,0,0,0,0,0,0,0,0,0,0,0
"NN7  3",7681,7612,0,1,0,0,0,0,0,1,0,8,1,1,29,2,3,15,0,2,0,0,0,0,0,0,2,0,3,1,0,0,1,0,1,0,1,0,0,0,0,0,0,6,1,1,0,0,0,0,0,0,13,0,2,1,0,10,0,0,0,0,0,0,0,0,4,0,0,0,0,0,0,1,0,2,1,0,0,0,0,0,2,0,0,0,0,0,0,0,0,0,0,0,2,0,0,0,0,0,1,1,0,0
"NN7  4",7845,7762,2,0,0,0,0,0,0,0,0,5,3,3,41,5,3,18,1,0,5,2,0,0,0,0,2,2,0,3,0,0,0,0,0,0,0,0,0,0,0,0,0,1,0,0,0,0,0,0,0,0,10,2,0,2,0,0,6,0,0,0,0,0,0,0,12,0,8,2,0,0,0,1,1,0,0,0,0,0,0,0,3,0,0,0,0,0,0,0,0,0,0,2,0,0,0,1,1,1,2,0,0,2
"NN8  1",6737,4872,1,0,0,0,0,0,0,0,0,12,3,5,902,9,6,683,17,0,13,24,73,65,3,2,2,2,0,0,2,0,1,0,12,10,2,0,0,0,0,0,0,21,9,5,3,0,0,1,0,2,829,26,4,15,0,158,580,3,8,21,10,2,0,2,27,3,4,2,0,1,0,4,0,12,1,0,1,0,0,0,31,0,0,0,0,6,2,0,2,0,0,10,2,1,4,4,3,3,1,1,0,0
"NN8  2",10798,10203,1,1,1,0,0,0,0,0,0,8,6,5,358,9,9,259,11,3,16,14,9,12,11,1,2,0,0,1,0,0,1,0,13,8,2,1,0,2,0,0,0,7,17,3,6,0,1,2,0,3,96,11,2,8,0,2,56,0,0,6,6,4,0,1,32,2,4,13,2,2,3,3,1,2,0,0,0,0,0,0,31,0,0,1,0,1,2,1,11,1,0,13,0,0,1,0,5,5,6,3,2,1
"NN8  3",11826,10866,1,0,0,0,0,0,0,0,0,7,20,14,565,9,12,446,11,0,7,21,38,11,7,0,2,0,1,0,0,0,0,0,4,4,0,0,0,0,0,0,0,10,36,11,1,0,0,0,0,1,195,13,2,29,0,16,128,1,3,3,0,0,0,0,35,0,9,5,1,0,10,8,1,1,0,0,0,0,0,0,49,0,0,0,0,5,2,7,16,0,0,14,0,0,1,4,7,7,5,4,1,0
"NN8  4",10014,8711,0,1,0,0,0,0,0,0,1,6,15,12,590,16,10,437,20,6,18,9,38,23,2,3,2,5,1,0,0,0,0,0,14,7,4,3,0,0,0,0,0,27,16,14,18,0,13,2,2,1,487,33,12,25,0,76,317,1,3,11,0,5,0,4,40,0,7,14,2,3,3,3,0,7,1,0,0,1,1,0,55,0,0,0,0,5,1,0,19,0,0,18,2,1,1,8,4,4,3,1,1,1
"NN8  5",7434,7020,0,0,0,0,0,0,0,0,0,4,2,3,182,3,3,143,1,3,17,0,5,4,0,0,1,2,0,0,0,0,0,0,1,1,0,0,0,0,0,0,0,0,3,2,4,0,0,2,1,1,177,4,1,5,0,3,154,0,0,3,4,1,2,0,24,0,2,7,0,10,1,1,0,3,0,0,0,0,0,0,10,0,0,0,0,0,0,2,1,0,0,5,0,0,0,2,0,0,2,0,0,2
"NN9  5",14368,14088,0,0,0,0,0,0,0,0,0,6,10,6,177,12,13,111,4,2,2,9,0,11,1,5,3,2,1,1,0,0,0,0,1,0,0,1,0,0,0,0,0,6,4,4,2,0,0,1,1,0,31,3,3,1,0,2,20,0,1,0,0,1,0,0,20,0,4,5,2,1,0,4,0,4,0,0,0,0,0,0,6,0,0,0,0,0,0,0,0,0,0,1,5,0,0,0,0,0,7,7,0,0
"NN9  6",11010,10867,1,0,0,0,0,0,0,0,0,1,2,5,67,6,5,35,1,1,6,1,1,1,0,2,3,0,1,0,0,4,0,0,5,0,3,0,0,2,0,0,0,2,0,1,0,0,0,0,0,0,36,0,0,3,0,0,3,0,0,4,26,0,0,0,14,1,2,3,1,1,0,2,1,3,0,0,0,0,0,0,4,0,0,0,0,0,0,0,1,0,0,2,0,0,0,1,1,1,4,4,0,0
"NR1  1",4665,4125,2,0,0,0,0,0,0,0,0,13,33,31,186,8,21,54,6,10,7,7,7,33,6,14,5,3,4,0,0,0,1,0,12,8,1,0,0,3,0,0,0,11,12,27,18,2,6,4,1,5,75,6,26,0,0,6,1,2,8,11,4,4,5,2,102,8,3,71,5,0,0,6,1,6,2,1,0,0,0,0,16,0,1,0,0,0,0,0,1,0,0,10,0,0,0,4,1,1,0,0,0,0
"NR1  2",7717,7298,1,0,0,0,0,0,0,0,0,15,22,15,157,13,9,61,3,1,13,13,2,17,9,2,6,5,1,1,1,0,0,0,13,11,2,0,0,0,0,0,0,8,10,12,8,0,0,3,5,0,77,3,15,3,0,21,0,2,6,7,7,0,4,9,46,0,0,17,3,1,0,8,2,11,4,0,0,0,0,0,19,0,0,0,0,1,0,0,6,1,0,4,2,0,3,2,6,6,10,10,0,0
"NR1  3",4178,3802,0,0,0,0,0,0,0,0,0,19,27,11,164,11,10,43,6,5,7,23,0,20,12,14,5,0,4,3,0,0,0,1,13,9,1,3,0,0,0,0,0,6,8,11,7,0,3,3,1,0,55,1,13,0,0,16,1,0,0,11,3,2,0,8,39,3,5,19,0,1,2,3,0,3,3,0,0,0,0,0,15,0,0,0,0,0,0,0,13,0,0,0,2,0,0,0,0,0,1,0,1,0
"NR1  4",7348,6985,3,0,0,0,0,0,0,0,0,16,28,13,157,3,8,62,5,1,7,27,21,18,1,0,2,0,2,0,0,0,0,0,8,6,2,0,0,0,0,0,0,6,13,6,3,0,2,1,0,0,36,0,2,1,0,27,0,0,0,3,3,0,0,0,61,3,0,17,3,1,4,7,0,24,2,0,0,0,0,0,9,0,0,0,0,1,0,0,1,0,1,0,4,0,2,0,0,0,4,4,0,0
"NR10 3",10295,10213,0,1,0,0,0,0,0,0,1,3,3,7,20,0,2,12,0,0,2,0,2,0,0,0,0,0,2,0,0,0,0,0,3,0,0,0,0,3,0,0,0,6,1,5,3,0,0,3,0,0,1,0,0,0,0,0,0,0,0,1,0,0,0,0,22,0,4,3,2,0,0,5,0,8,0,0,0,0,0,0,2,0,0,0,0,0,0,0,0,0,0,1,0,0,0,1,1,1,4,4,0,0
"NR10 4",5400,5368,0,0,0,0,0,0,0,0,0,0,3,1,16,1,1,4,0,1,0,4,0,1,2,0,2,0,0,0,0,0,0,0,2,0,2,0,0,0,0,0,0,2,0,2,1,1,0,0,0,0,1,0,0,0,0,0,0,0,0,0,0,1,0,0,1,0,0,0,0,0,0,1,0,0,0,0,0,0,0,0,0,0,0,0,0,0,0,0,0,0,0,0,0,0,0,0,0,0,3,1,1,1
"NR10 5",6407,6325,1,0,0,0,0,0,0,0,0,2,6,7,25,1,7,5,0,0,0,4,0,0,2,0,2,3,0,0,0,0,1,0,3,3,0,0,0,0,0,0,0,2,0,4,5,0,2,1,0,2,8,1,0,1,0,6,0,0,0,0,0,0,0,0,10,1,0,0,0,0,0,4,0,4,1,0,0,0,0,0,8,1,0,1,0,0,0,2,2,0,0,1,0,1,0,0,1,1,0,0,0,0
"NR11 6",7605,7543,0,2,0,0,0,0,0,2,0,1,0,2,21,2,4,7,0,0,3,1,0,3,0,0,0,0,1,0,0,0,0,0,1,0,0,0,0,1,0,0,0,2,2,0,0,0,0,0,0,0,9,0,0,0,0,4,4,0,0,0,1,0,0,0,14,0,1,4,1,0,0,3,0,5,0,0,0,0,0,0,6,0,0,0,0,0,0,0,0,0,0,3,3,0,0,0,0,0,2,2,0,0
"NR11 7",2916,2904,0,0,0,0,0,0,0,0,0,0,0,1,9,1,1,2,0,0,0,0,0,1,0,0,3,0,1,0,0,0,0,0,0,0,0,0,0,0,0,0,0,0,0,0,0,0,0,0,0,0,0,0,0,0,0,0,0,0,0,0,0,0,0,0,2,0,1,0,0,0,0,0,0,1,0,0,0,0,0,0,0,0,0,0,0,0,0,0,0,0,0,0,0,0,0,0,0,0,0,0,0,0
"NR11 8",6782,6747,0,0,0,0,0,0,0,0,0,3,0,4,18,3,6,3,0,0,0,1,1,0,0,0,3,0,1,0,0,0,0,0,1,0,0,0,0,1,0,0,0,1,0,0,0,0,0,0,0,0,1,0,0,1,0,0,0,0,0,0,0,0,0,0,4,0,0,0,0,0,0,1,0,3,0,0,0,0,0,0,3,0,0,0,0,0,0,0,0,0,0,1,2,0,0,0,0,0,0,0,0,0
"NR12 0",4422,4397,1,1,0,0,0,1,0,0,0,0,3,0,11,0,0,2,0,2,0,2,0,0,0,0,1,4,0,0,0,0,0,0,1,0,1,0,0,0,0,0,0,1,0,0,0,0,0,0,0,0,0,0,0,0,0,0,0,0,0,0,0,0,0,0,6,0,0,4,0,0,0,1,0,1,0,0,0,0,0,0,0,0,0,0,0,0,0,0,0,0,0,0,0,0,0,0,0,0,1,1,0,0
"NR12 7",3328,3304,0,0,0,0,0,0,0,0,0,2,0,1,12,0,1,2,4,0,2,0,0,0,0,0,3,0,0,0,0,0,0,0,0,0,0,0,0,0,0,0,0,0,0,0,0,0,0,0,0,0,3,0,0,0,0,0,2,0,0,1,0,0,0,0,4,0,1,1,0,0,1,1,0,0,0,0,0,0,0,0,0,0,0,0,0,0,0,0,0,0,0,0,0,0,0,0,0,0,2,0,1,1
"NR12 8",6583,6495,0,2,1,0,0,1,0,0,0,3,6,2,48,1,6,19,1,1,0,0,2,11,2,0,5,0,0,0,0,0,0,0,5,1,4,0,0,0,0,0,0,2,0,0,0,0,0,0,0,0,3,0,0,0,0,2,0,0,0,0,0,1,0,0,16,0,0,0,0,0,0,9,1,5,1,0,1,0,0,0,0,0,0,0,0,0,0,0,0,0,0,0,0,0,0,0,0,0,0,0,0,0
"NR12 9",5607,5563,0,1,0,0,0,0,0,1,0,0,1,0,31,1,3,7,0,0,0,12,7,0,0,1,0,0,0,0,0,0,0,0,0,0,0,0,0,0,0,0,0,4,1,0,0,0,0,0,0,0,0,0,0,0,0,0,0,0,0,0,0,0,0,0,4,0,0,3,0,0,0,1,0,0,0,0,0,0,0,0,1,0,0,0,0,0,0,0,0,0,0,0,1,0,0,0,0,0,1,0,1,0
"NR13 3",6592,6537,0,2,0,0,0,0,0,2,0,2,0,1,20,1,1,3,0,0,7,4,0,2,0,0,0,2,0,0,0,0,0,0,2,0,0,2,0,0,0,0,0,1,1,4,0,0,0,0,0,0,1,0,0,0,0,0,0,0,0,1,0,0,0,0,17,1,1,3,1,0,0,4,0,6,1,0,0,0,0,0,1,0,0,0,0,0,0,0,0,0,0,0,0,0,0,1,0,0,3,3,0,0
"NR13 4",6754,6694,0,0,0,0,0,0,0,0,0,3,2,2,22,4,2,5,1,0,0,0,0,2,1,0,4,2,1,0,0,0,0,0,1,0,0,0,0,1,0,0,0,2,0,5,0,0,0,0,0,0,7,0,3,1,0,1,0,0,0,2,0,0,0,0,14,0,2,3,0,0,0,3,2,3,1,0,0,0,0,0,0,0,0,0,0,0,0,0,0,0,0,0,0,0,0,0,0,0,2,1,1,0
"NR13 5",7359,7274,1,2,0,0,0,0,0,1,1,8,4,3,35,1,4,6,0,0,1,7,1,3,2,2,5,0,1,2,0,0,0,0,2,0,0,0,0,2,0,0,0,0,0,1,1,0,0,1,0,0,6,2,2,0,0,0,0,0,0,0,2,0,0,0,16,1,1,4,2,0,0,0,0,8,0,0,0,0,0,0,3,0,0,0,0,0,0,0,0,0,0,1,2,0,0,0,1,1,2,2,0,0
"NR13 6",5252,5220,1,0,0,0,0,0,0,0,0,3,2,0,12,0,2,1,0,0,2,4,0,0,0,0,1,1,1,0,0,0,0,0,1,0,0,0,0,1,0,0,0,0,0,2,1,0,0,1,0,0,2,0,0,0,0,0,0,0,0,0,0,2,0,0,7,0,0,1,0,0,0,5,0,1,0,0,0,0,0,0,0,0,0,0,0,0,0,0,0,0,0,0,0,0,0,0,0,0,1,1,0,0
"NR14 6",7110,7032,0,0,0,0,0,0,0,0,0,2,3,5,27,1,7,4,3,0,5,0,1,0,0,0,3,1,0,1,0,0,0,1,2,0,0,1,0,1,0,0,0,1,0,0,1,0,0,0,0,1,3,0,0,2,0,0,0,0,0,0,1,0,0,0,31,1,0,14,0,0,0,5,6,5,0,0,0,0,0,0,3,0,0,0,0,0,0,0,0,1,0,0,2,0,0,0,0,0,0,0,0,0
"NR14 7",8043,7956,0,0,0,0,0,0,0,0,0,6,12,5,39,1,11,12,2,0,4,2,0,2,0,0,2,0,2,0,0,0,1,0,5,0,1,2,0,2,0,0,0,1,0,0,2,0,0,1,0,1,5,0,1,0,0,0,0,2,0,0,0,1,1,0,7,0,0,0,1,0,0,3,1,2,0,0,0,0,0,0,0,0,0,0,0,0,0,0,0,0,0,0,0,0,0,0,0,0,5,5,0,0
"NR14 8",7853,7763,0,1,0,0,0,0,0,1,0,3,4,4,49,5,12,16,0,1,1,5,1,0,0,1,4,1,0,0,0,0,2,0,0,0,0,0,0,0,0,0,0,4,2,2,0,0,0,0,0,0,6,1,0,0,0,4,0,1,0,0,0,0,0,0,12,0,1,3,0,0,0,4,0,3,1,0,0,0,0,0,0,0,0,0,0,0,0,0,0,0,0,0,0,0,0,0,0,0,3,3,0,0
"NR15 1",6666,6611,1,1,0,0,0,1,0,0,0,6,0,4,31,6,5,6,1,0,0,2,0,3,1,0,4,0,2,0,1,0,0,0,1,0,1,0,0,0,0,0,0,2,0,1,1,0,0,1,0,0,2,0,0,1,0,0,1,0,0,0,0,0,0,0,5,1,1,2,0,0,0,1,0,0,0,0,0,0,0,0,0,0,0,0,0,0,0,0,0,0,0,0,0,0,0,0,0,0,0,0,0,0
"NR15 2",8641,8559,0,0,0,0,0,0,0,0,0,7,4,4,30,2,6,10,0,0,3,0,1,4,0,0,1,1,1,0,1,0,0,0,0,0,0,0,0,0,0,0,0,1,2,0,0,0,0,0,0,0,9,0,1,1,0,3,3,0,0,1,0,0,0,0,14,0,7,1,1,0,0,3,0,2,0,0,0,0,0,0,5,0,0,0,0,0,0,0,0,0,0,0,3,1,0,1,2,2,4,2,2,0
"NR16 1",5364,5321,0,0,0,0,0,0,0,0,0,1,4,2,25,4,6,7,1,1,2,0,1,0,0,0,1,1,1,0,0,0,0,0,1,0,0,0,0,1,0,0,0,0,0,2,0,0,0,0,0,0,0,0,0,0,0,0,0,0,0,0,0,0,0,0,4,0,2,0,1,0,0,0,0,1,0,0,0,0,0,0,4,0,0,0,0,0,0,0,0,0,0,0,2,0,0,2,0,0,0,0,0,0
"NR16 2",6232,6131,0,2,0,0,0,2,0,0,0,5,17,0,51,1,4,32,3,0,1,4,0,1,0,1,1,1,1,1,0,0,0,0,1,0,0,0,0,1,0,0,0,0,3,0,0,0,0,0,0,0,3,0,0,0,0,1,0,0,0,0,2,0,0,0,16,0,1,1,0,0,0,3,0,9,2,0,0,0,0,0,1,0,0,0,0,0,0,0,0,0,0,0,0,0,1,0,0,0,2,1,1,0
"NR17 1",6837,6739,0,0,0,0,0,0,0,0,0,0,14,6,61,1,7,18,5,1,1,12,3,1,0,1,4,2,2,3,0,0,0,0,0,0,0,0,0,0,0,0,0,2,3,0,0,0,0,0,0,0,2,0,0,0,0,0,1,0,0,0,0,0,0,1,8,1,0,1,1,0,0,3,0,1,1,0,0,0,0,0,0,0,0,0,0,0,0,0,0,0,0,0,0,0,0,0,0,0,2,0,1,1
"NR17 2",8417,8015,1,1,0,0,0,1,0,0,0,2,79,3,224,0,2,97,7,5,1,48,57,2,4,0,1,0,0,0,0,0,0,0,2,2,0,0,0,0,0,0,0,20,6,1,0,0,0,0,0,0,24,0,0,4,0,3,0,0,0,4,13,0,0,0,29,4,4,12,0,0,0,1,3,3,2,0,0,0,0,0,9,0,0,0,0,0,1,0,0,0,0,5,2,0,0,1,0,0,1,0,1,0
"NR18 0",11810,11585,2,0,0,0,0,0,0,0,0,10,7,4,104,4,17,31,2,1,6,0,2,5,18,0,9,7,1,1,0,0,0,0,2,0,0,0,0,2,0,0,0,7,16,3,3,0,2,0,0,1,20,2,4,0,0,5,3,0,0,2,4,0,0,0,40,1,7,13,1,2,2,5,3,6,0,0,0,0,0,0,1,0,0,0,0,0,0,0,0,0,0,1,0,0,0,0,1,1,5,4,1,0
"NR18 9",5197,5122,2,0,0,0,0,0,0,0,0,5,2,3,16,1,3,3,1,0,0,0,0,1,1,0,3,0,2,0,1,0,0,0,1,0,0,0,0,1,0,0,0,0,2,2,1,0,1,0,0,0,7,0,1,0,0,2,0,1,0,1,0,2,0,0,33,0,8,20,2,0,0,1,0,0,2,0,0,0,0,0,0,0,0,0,0,0,0,0,0,0,0,0,0,0,0,0,1,1,0,0,0,0
"NR19 1",10639,10294,0,1,0,0,0,0,1,0,0,3,156,13,107,0,6,60,2,3,2,13,6,4,3,2,0,1,3,0,0,0,1,1,3,0,0,3,0,0,0,0,0,6,7,0,4,1,3,0,0,0,11,0,0,0,0,0,0,0,0,5,6,0,0,0,20,4,0,6,0,0,1,1,0,6,2,0,0,2,0,2,3,0,0,0,0,0,0,0,0,0,0,0,2,0,0,1,1,1,8,8,0,0
"NR19 2",8972,8742,1,2,0,0,0,1,0,1,0,4,95,4,83,1,7,35,2,1,19,7,0,1,1,0,5,1,2,0,0,0,1,0,5,0,1,2,0,2,0,0,0,7,3,1,0,0,0,0,0,0,6,0,0,3,0,0,0,0,0,0,2,0,0,1,16,0,2,6,0,1,0,1,1,4,1,0,0,0,0,0,2,0,0,0,0,0,0,0,0,0,0,0,1,0,0,1,0,0,1,1,0,0
"NR2  1",1094,995,0,0,0,0,0,0,0,0,0,3,5,4,57,3,1,25,0,0,4,2,0,4,10,3,0,2,2,0,0,1,0,0,2,0,0,2,0,0,0,0,0,1,3,4,2,0,1,1,0,0,7,0,4,0,0,1,0,0,0,0,0,2,0,0,10,2,0,3,1,0,0,0,0,3,1,0,0,0,0,0,0,0,0,0,0,0,0,0,0,0,0,0,0,0,0,0,1,1,0,0,0,0
"NR2  2",6598,6149,2,1,0,0,0,1,0,0,0,37,31,33,173,22,25,37,2,1,11,7,2,19,5,13,14,8,3,1,1,1,0,1,10,2,0,3,0,5,0,0,0,11,10,12,3,0,0,1,2,0,53,0,16,1,0,10,0,5,3,7,1,0,7,3,59,8,5,24,3,4,1,4,1,8,1,0,0,0,0,0,10,2,0,0,0,0,0,0,4,0,0,0,2,0,0,2,2,2,2,2,0,0
"NR2  3",11653,11014,1,2,1,1,0,0,0,0,0,48,22,69,266,24,74,59,2,7,16,25,3,12,6,13,7,9,1,1,0,0,0,7,12,2,4,0,0,6,0,0,0,14,9,23,11,0,1,6,3,1,48,10,2,0,0,16,0,3,1,2,3,8,3,0,95,8,4,42,9,0,7,9,6,10,0,0,0,0,0,0,18,0,1,0,0,1,1,2,7,0,0,1,1,1,0,3,0,0,1,1,0,0
"NR2  4",5835,5359,0,1,1,0,0,0,0,0,0,27,24,14,214,3,5,83,17,7,5,37,5,32,5,7,2,2,2,1,0,0,1,0,7,3,1,1,0,2,0,0,0,4,5,18,14,3,6,4,0,1,43,7,2,3,0,14,0,0,4,6,4,0,0,3,57,9,0,18,2,2,0,7,0,18,1,0,0,0,0,0,47,0,6,1,0,0,0,0,19,0,0,0,9,0,5,7,0,0,1,1,0,0
"NR20 3",7221,7120,0,0,0,0,0,0,0,0,0,4,44,1,26,2,4,13,0,0,0,2,0,1,0,1,1,0,1,1,0,0,0,0,1,0,1,0,0,0,0,0,0,1,0,0,2,0,0,0,0,2,13,0,1,0,0,0,0,0,0,0,12,0,0,0,6,0,0,3,1,0,0,2,0,0,0,0,0,0,0,0,3,0,0,0,0,0,0,0,0,0,0,2,0,0,1,0,0,0,0,0,0,0
"NR20 4",6730,6640,1,1,0,0,0,1,0,0,0,1,15,1,36,0,5,15,1,3,0,1,0,3,1,1,4,2,0,0,0,0,0,0,0,0,0,0,0,0,0,0,0,3,0,1,2,0,0,2,0,0,16,0,0,3,0,0,4,0,0,0,7,0,2,0,6,0,0,0,0,0,0,4,0,2,0,2,0,0,0,0,3,0,0,0,0,2,0,0,0,1,0,0,0,0,0,0,0,0,2,2,0,0
"NR20 5",4812,4763,0,0,0,0,0,0,0,0,0,2,5,6,14,0,3,1,3,0,1,0,1,0,0,2,1,0,1,0,0,0,0,1,0,0,0,0,0,0,0,0,0,1,1,0,0,0,0,0,0,0,6,0,0,3,0,3,0,0,0,0,0,0,0,0,7,0,1,2,0,0,0,0,0,4,0,0,0,0,0,0,3,0,0,0,0,0,0,0,0,0,0,0,3,0,0,0,1,1,3,1,2,0
"NR21 0",3169,3143,0,0,0,0,0,0,0,0,0,0,1,1,14,2,1,4,0,0,0,3,3,1,0,0,0,0,0,0,0,0,0,0,0,0,0,0,0,0,0,0,0,1,0,0,0,0,0,0,0,0,3,0,0,3,0,0,0,0,0,0,0,0,0,0,3,0,0,0,0,0,0,3,0,0,0,1,0,0,0,0,2,0,0,0,0,0,0,0,0,0,0,0,2,0,0,0,0,0,0,0,0,0
"NR21 7",3184,3144,0,0,0,0,0,0,0,0,0,0,0,0,18,0,0,10,0,1,0,4,3,0,0,0,0,0,0,0,0,0,0,0,2,0,0,0,0,2,0,0,0,10,0,0,0,0,0,0,0,0,4,0,0,0,0,0,0,0,0,0,4,0,0,0,5,0,0,2,0,0,0,0,0,3,0,0,0,0,0,0,1,0,0,0,0,0,0,0,0,0,0,0,1,0,0,0,0,0,0,0,0,0
"NR21 8",4986,4914,0,0,0,0,0,0,0,0,0,1,1,2,40,0,2,22,0,1,1,11,0,0,0,0,3,0,0,0,0,0,0,0,1,0,0,1,0,0,0,0,0,3,7,0,0,0,0,0,0,0,7,0,0,2,0,3,0,0,0,1,0,0,1,0,9,1,1,0,0,0,0,4,0,3,0,0,0,0,0,0,0,0,0,0,0,0,0,0,0,0,0,0,0,0,0,0,0,0,1,1,0,0
"NR21 9",3988,3889,1,1,0,0,0,0,0,1,0,2,9,0,64,1,1,39,1,0,3,7,2,0,7,2,1,0,0,0,0,0,0,0,0,0,0,0,0,0,0,0,0,0,3,1,0,0,0,0,0,0,5,0,0,0,0,0,0,0,0,0,5,0,0,0,9,2,2,1,0,1,0,3,0,0,0,0,0,0,0,0,0,0,0,0,0,0,0,0,0,0,0,0,0,0,0,0,2,2,2,2,0,0
"NR22 6",801,783,0,0,0,0,0,0,0,0,0,3,0,0,6,0,0,4,0,0,0,0,0,0,0,0,2,0,0,0,0,0,0,0,0,0,0,0,0,0,0,0,0,7,0,0,0,0,0,0,0,0,0,0,0,0,0,0,0,0,0,0,0,0,0,0,2,0,2,0,0,0,0,0,0,0,0,0,0,0,0,0,0,0,0,0,0,0,0,0,0,0,0,0,0,0,0,0,0,0,0,0,0,0
"NR23 1",2930,2876,0,1,0,1,0,0,0,0,0,2,1,0,40,0,2,15,2,0,16,0,1,2,0,1,1,0,0,0,0,0,0,0,2,0,0,1,0,1,0,0,0,0,0,0,0,0,0,0,0,0,4,0,0,0,0,3,0,0,0,0,1,0,0,0,4,0,0,3,0,0,0,0,0,1,0,0,0,0,0,0,0,0,0,0,0,0,0,0,0,0,0,0,0,0,0,0,0,0,0,0,0,0
"NR24 2",4333,4243,0,0,0,0,0,0,0,0,0,0,0,0,64,0,4,3,2,1,4,48,0,1,0,0,0,1,0,0,0,0,0,0,1,0,0,0,0,1,0,0,0,6,0,0,1,0,0,1,0,0,2,0,0,0,0,1,0,0,0,0,1,0,0,0,9,3,0,0,0,0,0,0,0,5,1,0,0,0,0,0,7,0,0,0,0,1,0,0,0,0,0,0,6,0,0,0,0,0,0,0,0,0
"NR25 6",5367,5257,1,0,0,0,0,0,0,0,0,6,1,3,66,2,35,11,1,0,3,0,0,0,6,0,7,0,1,0,0,0,0,0,3,0,0,2,0,1,0,0,0,1,0,0,2,0,2,0,0,0,1,0,0,1,0,0,0,0,0,0,0,0,0,0,26,4,7,14,1,0,0,0,0,0,0,0,0,0,0,0,0,0,0,0,0,0,0,0,0,0,0,0,0,0,0,0,0,0,0,0,0,0
"NR25 7",3302,3273,0,0,0,0,0,0,0,0,0,0,1,0,16,2,5,3,0,0,0,2,0,0,0,0,1,2,0,1,0,0,0,0,3,0,0,1,0,2,0,0,0,1,0,0,0,0,0,0,0,0,2,0,1,0,0,0,0,0,0,1,0,0,0,0,4,0,2,1,0,0,0,0,0,1,0,0,0,0,0,0,1,0,0,0,0,0,0,0,0,0,0,0,0,0,0,1,0,0,1,1,0,0
"NR26 8",8116,8037,0,0,0,0,0,0,0,0,0,4,4,4,47,2,14,10,0,0,0,9,0,0,3,1,4,1,1,0,2,0,0,0,0,0,0,0,0,0,0,0,0,1,4,0,0,0,0,0,0,0,2,0,0,0,0,0,0,0,0,0,2,0,0,0,12,0,1,2,0,0,0,1,0,8,0,0,0,0,0,0,1,0,0,0,0,0,0,0,0,0,0,0,0,0,0,1,0,0,0,0,0,0
"NR27 0",5106,5006,1,2,2,0,0,0,0,0,0,2,5,1,69,1,6,44,2,0,0,3,8,1,2,0,1,1,0,0,0,0,0,0,1,0,0,0,1,0,0,0,0,0,1,1,0,0,0,0,0,0,6,0,0,0,0,2,0,0,0,0,0,0,4,0,10,2,0,2,0,0,0,1,0,5,0,0,0,0,0,0,0,0,0,0,0,0,0,0,0,0,0,0,0,0,0,0,1,1,0,0,0,0
"NR27 9",6330,6126,2,1,0,0,0,0,0,1,0,7,10,1,143,2,4,90,1,1,0,12,7,6,12,4,1,1,1,0,0,0,1,0,0,0,0,0,0,0,0,0,0,0,1,1,0,0,0,0,0,0,13,0,3,0,0,8,0,0,0,2,0,0,0,0,21,2,2,9,0,0,0,3,1,3,1,0,0,0,0,0,0,0,0,0,0,0,0,0,0,0,0,0,0,0,0,0,2,2,2,1,0,1
"NR28 0",9028,8947,0,0,0,0,0,0,0,0,0,0,5,4,44,1,6,27,0,0,0,4,0,2,0,0,1,0,3,0,0,0,0,0,2,0,1,0,0,1,0,0,0,1,1,0,0,0,0,0,0,0,13,0,1,0,0,0,0,0,0,0,8,0,4,0,10,0,0,0,0,0,0,2,1,7,0,0,0,0,0,0,0,0,0,0,0,0,0,0,0,0,0,0,0,0,0,0,1,1,0,0,0,0
"NR28 9",8038,7944,0,0,0,0,0,0,0,0,0,3,5,3,46,0,9,23,0,1,0,7,1,0,1,0,1,0,2,1,0,0,0,0,1,1,0,0,0,0,0,0,0,8,1,1,0,0,0,0,0,0,9,0,0,0,0,9,0,0,0,0,0,0,0,0,15,0,0,0,0,0,0,4,0,11,0,0,0,0,0,0,2,0,0,0,0,0,0,0,0,0,0,0,2,0,0,0,0,0,0,0,0,0
"NR29 3",6747,6695,0,0,0,0,0,0,0,0,0,0,8,2,22,3,3,3,0,3,0,6,0,0,0,1,2,0,1,0,0,0,0,0,0,0,0,0,0,0,0,0,0,0,0,1,0,0,0,0,0,0,2,1,0,0,0,0,0,0,0,0,1,0,0,0,10,0,0,3,0,0,0,1,1,2,3,0,0,0,0,0,5,0,0,0,0,0,0,0,0,0,0,0,4,0,0,1,0,0,2,2,0,0
"NR29 4",8236,8171,0,0,0,0,0,0,0,0,0,1,4,0,31,1,3,14,0,0,0,2,6,1,0,2,2,0,0,0,0,0,0,0,2,1,0,0,0,1,0,0,0,2,0,2,1,1,0,0,0,0,0,0,0,0,0,0,0,0,0,0,0,0,0,0,13,0,0,1,1,0,0,5,1,3,2,0,0,0,0,0,3,0,0,0,0,0,0,0,0,0,0,0,3,0,0,0,2,2,4,1,1,2
"NR29 5",4518,4489,0,0,0,0,0,0,0,0,0,3,3,0,18,0,2,10,0,0,0,1,0,4,0,0,1,0,0,0,0,0,0,0,0,0,0,0,0,0,0,0,0,0,0,0,0,0,0,0,0,0,0,0,0,0,0,0,0,0,0,0,0,0,0,0,2,0,0,0,0,0,0,2,0,0,0,0,0,0,0,0,2,0,0,0,0,0,0,0,0,0,0,0,2,0,0,0,0,0,1,0,0,1
"NR3  1",4548,4048,1,2,0,0,0,0,2,0,0,12,36,21,184,8,9,66,3,3,13,30,6,31,2,3,6,2,0,1,0,1,0,0,14,13,0,0,0,1,0,0,0,19,7,32,22,1,8,6,5,2,77,4,4,0,0,26,2,5,7,9,9,0,11,0,52,5,0,18,1,1,1,14,0,11,1,0,0,0,0,0,16,1,2,0,0,0,2,0,1,0,0,2,1,0,2,5,0,0,5,3,2,0
"NR3  2",8356,7672,1,0,0,0,0,0,0,0,0,15,20,18,419,9,8,255,1,2,10,83,1,40,2,4,1,1,0,0,1,0,0,1,13,10,0,2,0,1,0,0,0,22,9,15,19,1,9,5,3,1,51,2,1,2,0,18,0,0,0,5,13,3,6,1,33,3,1,13,1,0,2,3,0,9,1,0,0,0,0,0,30,0,0,1,0,1,0,0,19,0,0,2,4,0,2,1,14,14,5,5,0,0
"NR3  3",9977,9171,0,2,0,0,0,0,0,0,2,14,20,24,420,5,13,232,15,3,7,84,1,26,15,3,4,6,2,2,1,0,0,1,13,7,0,2,0,4,0,0,0,23,12,15,24,1,11,8,1,3,70,6,3,0,0,28,4,1,0,9,16,1,0,2,88,5,6,25,6,2,7,9,5,21,2,0,0,0,0,0,74,1,2,1,0,2,0,0,30,0,0,7,2,9,1,19,3,3,4,3,1,0
"NR3  4",8565,7915,0,0,0,0,0,0,0,0,0,12,17,16,358,9,8,174,3,4,17,68,0,68,3,2,0,0,2,0,0,0,0,0,9,7,0,0,0,2,0,0,0,10,12,31,11,1,4,1,3,2,82,7,0,1,0,40,3,0,4,17,8,0,2,0,46,7,7,23,3,0,0,2,0,4,0,0,0,0,0,0,41,1,4,0,0,0,0,3,25,0,0,3,1,0,2,2,0,0,5,3,2,0
"NR30 1",4236,3833,0,0,0,0,0,0,0,0,0,2,161,4,171,0,0,65,6,0,0,78,12,2,2,3,2,0,0,0,1,0,0,0,4,1,0,3,0,0,0,0,0,8,4,0,15,0,4,0,5,6,9,2,0,0,0,0,0,0,0,7,0,0,0,0,20,0,3,10,0,0,0,5,0,2,0,0,0,0,0,0,3,0,0,0,0,0,0,0,0,0,0,0,1,1,1,0,2,2,0,0,0,0
"NR30 2",5292,4151,0,1,0,0,0,0,0,1,0,2,440,7,480,1,0,133,33,1,5,232,50,4,1,12,3,5,0,0,0,0,0,0,15,14,0,0,0,1,0,0,0,33,30,21,21,0,19,1,0,1,30,1,9,1,0,5,0,3,3,2,4,0,0,2,41,4,8,15,1,0,2,3,0,3,5,0,0,0,0,0,5,0,0,0,5,0,0,0,0,0,0,0,0,0,0,0,13,13,2,0,0,2
"NR30 3",4166,3724,0,0,0,0,0,0,0,0,0,2,152,4,216,0,2,66,11,1,0,104,23,8,0,1,0,0,0,0,0,0,0,0,8,8,0,0,0,0,0,0,0,17,3,1,9,0,9,0,0,0,10,1,2,0,0,0,0,0,0,4,0,0,0,3,15,0,0,6,1,0,1,5,0,2,0,0,0,0,0,0,1,0,0,0,0,0,0,0,0,0,0,0,0,0,0,1,2,2,2,2,0,0
"NR30 4",6965,6652,0,0,0,0,0,0,0,0,0,3,118,2,135,5,4,40,20,0,2,34,11,1,1,14,2,1,0,0,0,0,0,0,11,0,0,10,1,0,0,0,0,11,4,2,4,0,4,0,0,0,12,2,3,0,0,0,0,0,0,1,5,1,0,0,6,0,1,0,1,0,0,3,0,1,0,0,0,0,0,0,2,0,0,0,0,0,0,0,2,0,0,0,0,0,0,0,3,3,0,0,0,0
"NR30 5",8845,8745,1,1,0,0,0,0,0,1,0,3,15,2,28,2,5,7,1,0,1,7,1,2,0,1,0,0,0,0,0,0,1,0,3,2,0,1,0,0,0,0,0,2,1,4,3,0,2,1,0,0,11,1,0,0,0,0,1,0,0,3,6,0,0,0,17,1,2,6,0,0,1,4,0,1,2,0,0,0,0,0,3,0,0,0,0,0,0,0,0,0,0,1,2,0,0,0,2,2,4,3,1,0
"NR31 0",6740,6312,0,1,0,0,0,0,0,1,0,2,147,2,210,1,4,70,19,0,7,93,10,2,1,0,0,0,0,0,0,0,3,0,1,0,0,0,0,1,1,1,0,11,2,7,7,0,2,2,0,3,8,0,0,0,0,1,0,0,4,2,1,0,0,0,18,0,4,1,0,0,0,6,0,7,0,0,0,0,0,0,3,0,0,0,0,0,0,0,0,0,0,0,0,0,1,2,4,4,4,4,0,0
"NR31 6",8497,8311,0,0,0,0,0,0,0,0,0,4,21,9,62,4,8,16,0,0,0,17,3,4,2,3,4,0,0,0,0,1,0,0,0,0,0,0,0,0,0,0,0,4,4,2,7,1,0,5,0,1,24,3,0,0,0,2,0,0,0,10,4,0,0,5,32,4,0,3,0,0,0,3,0,22,0,0,0,0,0,0,1,1,0,0,0,0,0,0,0,0,0,0,0,0,0,0,15,15,1,0,0,1
"NR31 7",10571,10226,0,1,0,0,0,1,0,0,0,10,44,7,83,4,3,43,3,1,5,12,2,0,0,5,4,0,0,0,0,0,1,0,2,1,0,0,0,1,1,1,0,7,7,8,6,0,5,0,0,1,114,13,6,0,0,2,5,1,3,8,61,0,0,15,40,0,0,5,1,0,0,8,0,23,3,0,0,0,0,0,7,1,0,0,0,0,0,0,0,0,0,0,5,0,0,1,6,6,2,1,0,1
"NR31 8",12715,12555,0,0,0,0,0,0,0,0,0,2,23,2,58,1,2,16,0,0,1,24,5,2,0,3,4,0,0,0,0,0,0,0,1,1,0,0,0,0,0,0,0,4,1,5,7,0,3,3,0,1,19,2,1,0,0,0,0,0,0,3,13,0,0,0,28,1,8,4,0,0,1,1,0,11,2,1,0,0,0,0,1,0,0,0,1,0,0,0,0,0,0,0,0,0,0,0,7,7,1,0,0,1
"NR31 9",9598,9444,3,0,0,0,0,0,0,0,0,2,20,2,82,0,8,35,6,2,4,5,9,5,0,4,2,0,0,1,0,0,1,0,2,1,0,0,1,0,0,0,0,6,1,6,3,0,0,2,0,1,7,0,4,0,0,0,1,0,0,2,0,0,0,0,10,0,2,1,0,0,1,2,0,4,0,0,1,0,0,0,2,0,0,0,1,0,0,0,0,0,0,0,1,0,0,0,1,1,6,2,4,0
"NR32 1",3712,3556,0,0,0,0,0,0,0,0,0,1,55,2,46,3,1,32,2,0,1,3,0,0,0,0,1,1,1,0,1,0,0,0,1,0,0,0,0,1,0,0,0,1,9,0,0,0,0,0,0,0,26,1,2,2,0,10,2,0,5,4,0,0,0,0,11,1,3,1,0,1,2,3,0,0,0,1,0,0,0,0,3,0,0,0,0,0,0,0,1,0,0,0,0,0,0,2,0,0,0,0,0,0
"NR32 2",8809,8550,0,1,0,0,0,0,0,1,0,5,63,3,81,2,6,48,0,1,0,12,1,5,1,1,4,0,0,0,0,0,0,0,4,4,0,0,0,0,0,0,0,0,12,1,2,0,2,0,0,0,34,3,6,0,0,14,6,0,0,2,1,2,0,0,42,0,3,29,0,0,2,6,0,2,0,0,0,0,0,0,3,0,0,0,0,0,0,0,0,0,0,1,1,0,1,0,2,2,6,6,0,0
"NR32 3",8004,7907,0,0,0,0,0,0,0,0,0,4,10,4,31,4,6,13,0,0,0,0,0,0,4,0,3,1,0,0,0,0,0,0,1,0,0,0,0,1,0,0,0,1,5,1,1,1,0,0,0,0,18,0,4,0,0,0,0,0,0,3,11,0,0,0,17,1,1,2,0,0,0,4,0,9,0,0,0,0,0,0,2,0,0,0,0,0,0,0,0,0,0,0,0,0,2,0,0,0,2,2,0,0
"NR32 4",12860,12702,0,2,0,0,0,0,0,2,0,6,35,2,60,4,3,26,0,0,8,2,1,1,7,0,7,0,1,0,0,0,0,0,2,0,1,0,0,1,0,0,0,6,4,0,1,1,0,0,0,0,4,2,0,0,0,0,0,0,0,2,0,0,0,0,28,2,7,13,0,0,0,2,0,4,0,0,0,0,0,0,5,0,0,0,0,1,0,0,0,0,0,2,0,0,1,1,1,1,2,2,0,0
"NR32 5",3929,3872,2,1,0,0,0,0,0,1,0,3,9,0,19,5,2,7,0,0,1,0,0,0,0,0,2,1,1,0,0,0,0,0,2,1,1,0,0,0,0,0,0,1,1,0,0,0,0,0,0,0,7,0,0,1,0,3,0,0,0,3,0,0,0,0,4,0,0,4,0,0,0,0,0,0,0,0,0,0,0,0,8,0,0,1,0,0,0,7,0,0,0,0,0,0,0,0,0,0,0,0,0,0
"NR33 0",8017,7747,0,5,0,0,0,0,0,5,0,6,90,7,102,1,11,73,0,3,3,0,2,0,1,3,5,0,0,0,0,0,0,0,0,0,0,0,0,0,0,0,0,8,12,0,2,0,0,2,0,0,9,3,1,0,0,2,1,0,0,2,0,0,0,0,24,1,0,9,1,0,1,5,0,6,1,0,0,0,0,0,3,0,0,0,0,0,0,0,0,0,0,0,1,1,1,0,2,2,0,0,0,0
"NR33 7",8983,8877,0,2,0,0,1,0,0,1,0,3,10,6,40,3,6,14,2,0,2,3,0,0,4,3,2,0,0,1,0,0,0,0,1,0,0,0,0,1,0,0,0,2,3,0,1,0,0,0,1,0,19,6,0,0,0,9,0,0,0,4,0,0,0,0,16,0,0,7,0,0,0,5,0,4,0,0,0,0,0,0,2,0,0,0,0,1,0,0,0,0,0,0,0,0,1,0,0,0,1,1,0,0
"NR33 8",13016,12899,0,0,0,0,0,0,0,0,0,5,5,5,26,1,3,12,0,0,5,0,0,0,1,0,1,0,1,0,0,0,2,0,1,1,0,0,0,0,0,0,0,1,10,0,1,0,1,0,0,0,16,1,0,0,0,5,1,0,0,8,0,1,0,0,41,0,5,10,1,0,1,15,0,7,2,0,0,0,0,0,4,0,0,0,0,0,0,0,0,0,0,0,0,0,2,2,0,0,2,1,0,1
"NR33 9",8144,8053,0,0,0,0,0,0,0,0,0,1,13,1,34,1,1,23,2,0,0,1,0,0,0,2,3,0,1,0,0,0,0,0,4,2,0,0,0,2,0,0,0,0,0,1,3,0,3,0,0,0,1,0,0,1,0,0,0,0,0,0,0,0,0,0,16,0,2,9,0,0,0,4,0,0,1,0,0,0,0,0,7,0,0,0,0,0,0,0,0,0,0,1,4,0,1,1,3,3,7,5,0,2
"NR34 0",2170,2159,0,0,0,0,0,0,0,0,0,0,0,0,8,1,5,0,0,0,0,0,0,1,0,0,0,1,0,0,0,0,0,0,0,0,0,0,0,0,0,0,0,1,0,0,0,0,0,0,0,0,1,0,0,0,0,0,1,0,0,0,0,0,0,0,1,0,0,0,0,0,0,1,0,0,0,0,0,0,0,0,0,0,0,0,0,0,0,0,0,0,0,0,0,0,0,0,0,0,0,0,0,0
"NR34 7",7488,7420,1,0,0,0,0,0,0,0,0,3,6,3,37,3,1,18,1,0,5,4,0,1,0,1,2,0,1,0,0,0,0,0,0,0,0,0,0,0,0,0,0,0,2,0,1,0,0,1,0,0,0,0,0,0,0,0,0,0,0,0,0,0,0,0,15,0,3,8,0,1,0,2,0,1,0,0,0,0,0,0,0,0,0,0,0,0,0,0,0,0,0,0,0,0,0,0,0,0,0,0,0,0
"NR34 8",2945,2929,0,0,0,0,0,0,0,0,0,2,1,1,8,0,3,2,0,0,0,0,0,0,0,0,1,0,1,0,0,0,1,0,0,0,0,0,0,0,0,0,0,2,1,0,0,0,0,0,0,0,0,0,0,0,0,0,0,0,0,0,0,0,0,0,1,0,0,0,0,0,1,0,0,0,0,0,0,0,0,0,0,0,0,0,0,0,0,0,0,0,0,0,0,0,0,0,0,0,0,0,0,0
"NR34 9",8979,8854,0,0,0,0,0,0,0,0,0,1,9,6,64,4,2,18,1,4,15,12,0,0,0,0,4,0,0,2,2,0,0,0,1,1,0,0,0,0,0,0,0,4,9,0,2,0,1,0,1,0,14,7,1,3,0,3,0,0,0,0,0,0,0,0,13,1,3,4,1,0,0,3,0,0,1,0,0,0,0,0,1,0,1,0,0,0,0,0,0,0,0,0,0,0,0,0,0,0,1,1,0,0
"NR35 1",5516,5405,0,0,0,0,0,0,0,0,0,2,4,6,59,1,1,2,2,1,35,2,0,0,12,1,2,0,0,0,0,0,0,0,1,1,0,0,0,0,0,0,0,1,9,0,0,0,0,0,0,0,0,0,0,0,0,0,0,0,0,0,0,0,0,0,24,0,3,3,0,0,0,6,0,11,1,0,1,0,0,0,3,0,0,0,0,0,0,0,0,0,0,1,2,0,0,0,0,0,1,0,0,1
"NR35 2",5038,4985,0,0,0,0,0,0,0,0,0,1,0,2,20,1,1,6,0,0,3,3,0,0,2,0,2,0,2,0,0,0,0,0,1,1,0,0,0,0,0,0,0,1,2,6,0,0,0,0,0,0,10,0,0,4,0,0,1,0,0,0,5,0,0,0,6,0,1,0,1,0,0,2,0,2,0,0,0,0,0,0,2,0,0,0,0,0,0,0,0,0,0,0,2,0,0,0,0,0,2,2,0,0
"NR4  6",8595,8224,1,0,0,0,0,0,0,0,0,14,20,8,128,11,29,24,0,2,2,10,8,22,2,2,10,0,2,0,3,0,0,1,3,1,2,0,0,0,0,0,0,5,4,12,23,0,3,14,4,2,95,4,11,4,0,21,2,0,7,14,23,2,0,7,38,2,2,13,3,0,0,2,1,10,5,0,0,0,0,0,16,1,3,0,0,3,0,0,2,0,0,6,0,0,0,1,2,2,2,2,0,0
"NR4  7",12317,10647,1,1,0,0,0,0,0,1,0,23,29,40,256,33,38,49,11,2,7,17,5,18,7,45,12,2,5,3,1,0,1,0,19,2,2,1,0,14,0,0,0,41,26,83,44,0,10,5,0,29,143,19,17,10,0,24,18,2,3,17,11,6,8,8,894,35,79,603,30,10,48,39,28,13,9,0,0,0,0,0,55,0,1,3,0,1,2,1,7,0,0,7,7,11,2,13,5,5,10,9,1,0
"NR5  0",8144,7945,0,2,0,0,0,0,0,2,0,3,9,7,84,2,4,28,1,4,2,17,4,13,0,0,3,1,0,0,2,0,3,0,4,1,2,0,1,0,0,0,0,4,2,14,5,1,2,2,0,0,18,2,1,1,0,4,1,2,0,0,6,1,0,0,32,0,3,4,2,0,0,5,0,17,1,0,0,0,0,0,14,0,0,0,0,0,3,0,0,0,0,0,0,0,4,7,0,0,1,1,0,0
"NR5  8",12189,11278,0,2,0,0,0,0,0,2,0,12,48,21,298,13,13,76,8,2,10,69,24,45,5,16,5,0,1,2,8,0,0,1,12,7,0,1,0,4,0,0,0,31,13,60,35,0,17,5,10,3,75,10,8,0,0,5,2,1,1,6,24,1,14,3,222,5,5,114,11,11,10,10,10,42,4,0,0,0,0,0,73,1,1,7,0,0,1,2,26,0,0,15,0,2,5,13,3,3,6,4,2,0
"NR5  9",7592,6817,0,0,0,0,0,0,0,0,0,13,23,18,173,7,15,39,2,2,5,33,14,32,2,7,7,0,2,1,2,0,0,3,7,2,1,1,0,3,0,0,0,10,5,205,15,0,6,4,3,2,71,7,3,4,0,12,0,4,3,5,25,2,1,5,170,13,4,44,2,3,1,5,12,82,4,0,0,0,0,0,55,4,4,0,0,0,1,2,4,0,0,8,8,4,5,15,1,1,9,5,0,4
"NR6  5",6934,6790,0,1,0,0,0,0,0,1,0,1,10,4,64,4,4,27,1,4,3,3,1,8,0,1,6,1,1,0,0,0,0,0,3,2,0,0,1,0,0,0,0,2,0,4,0,0,0,0,0,0,34,0,0,3,0,7,3,0,0,14,7,0,0,0,19,0,3,5,1,0,0,1,0,9,0,0,0,0,0,0,0,0,0,0,0,0,0,0,0,0,0,0,0,0,0,0,0,0,2,1,1,0
"NR6  6",7212,6834,0,0,0,0,0,0,0,0,0,7,9,7,235,3,9,121,8,9,25,17,0,32,3,0,3,3,0,2,0,0,0,0,10,8,0,0,0,2,0,0,0,3,1,5,6,0,6,0,0,0,22,0,1,1,0,16,0,0,0,0,4,0,0,0,60,2,6,11,0,0,0,7,0,30,4,0,0,0,0,0,9,0,0,0,0,0,0,0,0,0,0,7,2,0,0,0,4,4,0,0,0,0
"NR6  7",8992,8850,1,0,0,0,0,0,0,0,0,1,7,6,65,3,5,27,1,1,0,13,0,4,2,0,5,2,1,1,0,0,0,0,1,1,0,0,0,0,0,0,0,0,6,4,7,0,0,5,0,2,20,2,0,5,0,6,1,0,0,4,2,0,0,0,18,1,5,4,0,0,0,4,0,3,1,0,0,0,0,0,4,0,0,0,0,0,1,0,0,0,0,0,3,0,0,0,1,1,1,0,0,1
"NR7  0",13069,12728,0,2,0,0,0,0,0,2,0,8,17,6,111,8,23,35,2,6,6,12,0,9,1,0,3,0,2,2,0,0,2,0,4,1,0,0,0,3,0,0,0,12,8,12,3,0,0,3,0,0,54,1,7,1,0,11,1,2,3,9,11,2,3,3,85,3,21,14,3,1,1,16,1,24,1,0,0,0,0,0,11,0,0,1,0,0,0,1,0,0,0,4,3,0,0,2,1,1,7,3,0,4
"NR7  8",10725,10541,0,1,0,0,0,0,0,1,0,2,4,8,77,8,2,33,0,2,0,16,5,4,2,2,3,0,0,0,0,0,0,0,5,3,2,0,0,0,0,0,0,4,4,0,3,0,1,1,0,1,29,2,2,0,0,13,5,0,0,4,3,0,0,0,38,2,6,13,3,0,1,8,0,5,0,0,0,0,0,0,6,0,0,1,0,0,0,0,0,0,0,0,0,0,3,2,0,0,3,2,0,1
"NR7  9",6960,6812,0,2,0,0,0,0,0,0,2,3,6,3,66,3,3,27,2,0,10,9,3,6,1,0,0,1,0,0,0,0,0,1,0,0,0,0,0,0,0,0,0,5,8,18,7,0,2,2,0,3,12,0,1,0,0,6,1,0,0,4,0,0,0,0,13,2,0,2,0,0,0,4,0,4,1,0,0,0,0,0,5,0,0,0,0,0,0,0,0,0,0,0,0,0,2,3,0,0,0,0,0,0
"NR8  5",4302,4145,0,1,0,0,0,0,0,1,0,1,3,7,69,3,0,38,3,2,2,0,1,7,2,1,2,7,0,1,0,0,0,0,1,0,1,0,0,0,0,0,0,0,2,9,1,0,0,1,0,0,17,0,3,0,0,1,0,0,0,4,9,0,0,0,30,0,3,6,2,0,1,3,5,10,0,0,0,0,0,0,14,0,0,0,0,0,0,0,1,0,0,10,2,0,0,1,1,1,1,0,0,1
"NR8  6",15389,15081,1,1,1,0,0,0,0,0,0,12,15,14,111,8,4,29,1,2,20,12,0,9,13,2,3,1,3,1,1,0,2,0,4,0,1,2,0,1,0,0,0,7,3,8,8,0,0,4,0,4,57,5,1,6,0,13,3,2,0,4,21,0,1,1,53,1,6,16,1,1,0,12,0,15,1,0,0,0,0,0,8,0,0,0,0,0,1,1,2,0,0,0,2,0,0,2,1,1,5,3,0,2
"NR9  3",7098,6975,1,1,0,0,0,1,0,0,0,14,5,2,56,4,6,15,1,0,0,0,2,11,1,5,8,1,2,0,0,0,0,0,4,0,0,1,0,3,0,0,0,0,7,1,1,0,1,0,0,0,9,3,1,0,0,0,0,2,0,0,0,3,0,0,14,3,5,4,0,0,0,1,0,1,0,0,0,0,0,0,7,0,0,0,0,0,0,0,1,0,0,3,2,0,0,1,1,1,0,0,0,0
"NR9  4",4526,4485,0,0,0,0,0,0,0,0,0,1,4,2,24,0,3,9,1,0,3,0,0,0,0,2,1,2,0,2,0,0,0,1,1,0,0,1,0,0,0,0,0,0,0,1,0,0,0,0,0,0,3,0,0,1,0,0,0,0,0,2,0,0,0,0,4,0,0,0,0,0,0,4,0,0,0,0,0,0,0,0,0,0,0,0,0,0,0,0,0,0,0,0,0,0,0,0,1,1,0,0,0,0
"NR9  5",4662,4609,5,0,0,0,0,0,0,0,0,4,0,1,16,1,3,4,1,0,1,0,0,4,0,1,0,0,0,1,0,0,0,0,0,0,0,0,0,0,0,0,0,0,1,1,0,0,0,0,0,0,14,1,1,1,0,0,0,0,0,7,2,0,2,0,10,1,2,5,0,0,0,1,0,1,0,0,0,0,0,0,0,0,0,0,0,0,0,0,0,0,0,0,0,0,0,0,0,0,1,0,1,0
"NW1  0",6673,4894,4,4,4,0,0,0,0,0,0,83,86,149,344,67,71,51,2,6,7,6,0,6,3,64,11,20,11,11,1,2,1,4,117,86,18,1,1,11,2,2,0,46,22,72,94,21,11,28,16,18,333,9,3,1,0,300,10,0,1,1,0,0,7,1,198,13,12,59,30,30,4,17,3,27,3,0,0,0,0,0,216,14,25,150,0,2,0,2,0,0,8,2,1,0,5,7,7,7,2,1,1,0
"NW1  1",7308,4929,1,2,0,0,0,2,0,0,0,115,107,136,340,79,49,34,3,4,7,7,1,16,10,76,6,27,3,9,0,0,3,6,102,79,19,1,0,3,0,0,0,16,51,53,87,24,28,25,4,6,755,15,1,2,0,707,8,0,0,1,1,2,4,14,254,12,21,89,35,9,10,9,6,61,2,0,0,0,0,0,350,29,30,228,0,7,6,1,7,4,11,0,0,4,3,20,4,4,6,6,0,0
"NW1  2",1779,1079,1,0,0,0,0,0,0,0,0,59,33,27,83,19,2,33,1,1,0,1,0,3,0,11,5,2,1,2,0,1,0,1,41,35,2,0,0,4,0,0,0,14,8,24,36,0,10,4,20,2,216,7,3,0,0,197,3,1,0,1,1,0,3,0,73,6,14,28,1,10,2,1,1,10,0,0,0,0,0,0,84,3,4,63,0,5,0,0,1,1,3,0,2,0,0,2,1,1,0,0,0,0
"NW1  3",6752,4624,1,0,0,0,0,0,0,0,0,85,64,110,253,49,43,31,2,7,12,3,1,1,11,50,9,12,11,7,0,0,0,4,162,139,17,0,1,5,0,0,0,33,20,89,77,3,16,38,15,5,719,13,7,2,0,648,19,0,0,1,0,3,16,10,283,10,40,109,11,13,4,12,42,37,5,1,0,0,0,0,225,21,26,128,1,12,4,3,0,0,8,0,1,1,7,13,6,6,0,0,0,0
"NW1  4",2943,2321,0,1,1,0,0,0,0,0,0,85,38,51,134,27,17,18,4,0,8,7,0,1,5,16,5,10,7,0,1,7,0,1,22,12,7,0,0,3,0,0,0,28,15,42,36,5,6,18,1,6,47,3,9,1,0,22,1,0,0,0,1,3,2,5,103,2,5,18,15,2,3,3,0,44,11,0,0,0,0,0,20,1,2,4,0,4,1,0,2,0,1,0,0,3,1,1,0,0,0,0,0,0
"NW1  5",2956,1894,2,0,0,0,0,0,0,0,0,133,34,78,190,50,32,14,5,2,3,7,1,1,3,38,11,11,3,4,0,1,0,4,32,11,5,1,0,15,1,0,1,33,11,244,90,1,50,36,0,3,39,3,11,0,0,10,1,0,1,4,0,2,0,7,114,3,7,36,35,3,1,6,13,6,4,0,0,0,0,0,58,10,16,17,1,0,0,0,3,1,0,0,1,1,2,6,3,3,0,0,0,0
"NW1  6",5376,3401,0,1,0,0,0,1,0,0,0,224,62,168,415,96,60,26,2,5,21,10,6,9,22,79,26,34,2,9,1,4,1,2,45,13,18,3,0,11,0,0,0,106,21,397,112,11,30,42,0,29,90,9,19,0,0,36,14,2,0,1,2,3,0,4,292,19,10,72,108,8,9,23,3,33,7,0,0,0,0,0,37,3,7,17,0,0,1,0,2,0,0,0,0,2,1,4,5,5,0,0,0,0
"NW1  7",6295,4967,2,3,1,0,0,1,0,1,0,151,64,98,361,88,73,45,6,10,9,2,2,6,6,40,17,35,6,9,0,1,0,6,74,42,13,1,0,18,0,0,0,25,25,62,104,55,18,23,0,8,140,8,3,0,0,110,5,1,0,0,0,1,9,3,109,9,6,20,34,5,3,9,2,11,10,0,0,0,0,0,103,19,7,52,0,0,1,0,6,0,6,0,1,1,5,5,5,5,2,1,1,0
"NW1  8",8180,6553,1,8,1,0,0,1,0,0,6,93,68,119,381,103,63,47,1,5,9,4,1,13,11,61,14,27,12,5,0,1,4,0,137,116,14,2,0,5,0,0,0,14,20,76,57,9,15,24,1,8,272,7,2,0,0,224,6,0,0,6,0,2,19,6,177,9,10,44,36,8,7,8,4,46,5,0,2,0,0,0,193,9,15,131,0,6,6,1,1,0,2,0,1,2,1,18,6,6,3,2,0,1
"NW1  9",9935,7496,2,1,0,0,0,0,0,1,0,136,104,144,485,121,97,63,8,7,11,5,3,16,16,81,16,19,6,7,0,0,2,7,205,182,11,3,0,9,0,0,0,25,44,99,122,6,25,47,31,13,456,5,5,1,0,406,15,0,0,5,2,1,9,7,297,7,40,125,48,0,10,17,0,49,1,0,0,0,0,0,308,27,51,178,0,4,4,2,9,3,10,0,1,2,1,16,6,6,5,5,0,0
"NW10 0",10505,6858,0,5,1,0,0,1,0,0,3,77,193,56,850,33,10,457,5,12,216,38,4,21,27,6,8,5,6,0,0,0,2,0,79,71,4,1,1,2,2,2,0,10,14,373,231,0,13,148,61,9,1000,157,9,46,2,53,534,0,0,138,11,16,25,9,110,3,5,23,2,0,3,1,4,60,9,0,1,0,0,0,633,9,25,459,0,43,12,10,33,3,19,0,3,4,9,4,8,8,5,3,0,2
"NW10 1",9485,5895,3,8,5,0,0,2,0,1,0,82,281,127,1140,95,32,557,28,14,197,30,6,66,50,21,16,17,4,0,0,0,2,5,72,48,17,7,0,0,1,0,1,31,11,362,208,0,13,116,76,3,731,202,34,58,0,34,268,0,8,77,1,26,14,9,189,2,12,41,14,3,2,6,10,67,32,0,1,1,0,1,331,5,4,249,0,13,7,12,22,0,0,0,2,3,6,8,5,5,6,3,2,1
"NW10 2",8669,5218,0,0,0,0,0,0,0,0,0,79,473,73,895,107,19,417,41,9,120,22,6,67,38,13,7,19,3,1,3,0,0,3,69,46,16,2,2,3,0,0,0,29,12,260,140,5,22,93,13,7,732,136,21,68,0,26,300,3,0,83,8,23,35,29,305,8,5,20,5,1,0,5,13,219,29,0,0,0,0,0,371,8,12,263,2,19,9,7,5,3,7,0,1,20,8,7,3,3,10,9,1,0
"NW10 3",8125,5983,2,0,0,0,0,0,0,0,0,92,257,139,537,121,18,200,7,6,34,15,5,21,31,52,15,6,3,2,0,0,0,1,47,20,17,5,0,5,0,0,0,17,11,229,96,3,18,51,15,9,387,72,18,18,0,7,212,0,0,23,2,8,17,10,162,9,6,36,9,3,0,8,3,77,11,0,0,0,0,0,160,3,15,89,1,14,5,3,2,2,0,4,1,2,9,10,6,6,0,0,0,0
"NW10 4",9497,5937,1,2,2,0,0,0,0,0,0,85,745,72,867,52,15,523,16,6,84,27,6,66,30,13,13,5,3,5,1,1,0,1,39,26,10,1,1,1,1,1,0,25,9,201,194,3,61,68,43,19,456,125,17,28,3,9,138,1,0,83,11,13,14,14,219,1,11,10,10,3,0,8,1,166,9,0,0,0,0,0,629,22,38,452,1,19,10,7,31,10,8,0,0,11,11,9,12,12,3,2,1,0
"NW10 5",13036,9471,4,0,0,0,0,0,0,0,0,152,718,238,776,169,60,207,11,15,93,39,2,35,26,42,24,27,15,3,0,1,1,6,30,15,7,4,0,4,0,0,0,28,7,285,154,1,55,65,16,17,533,69,20,12,0,23,312,1,1,44,3,8,24,16,255,7,9,22,15,2,1,12,4,167,16,0,1,1,1,0,360,7,24,250,0,19,8,7,6,6,10,2,3,3,10,5,16,16,7,5,1,1
"NW10 6",2582,1736,1,0,0,0,0,0,0,0,0,26,105,54,252,30,2,160,6,4,9,8,4,6,4,4,7,4,2,0,0,1,0,1,36,19,14,3,0,0,0,0,0,12,5,86,52,1,10,36,1,4,75,15,1,7,0,15,19,0,0,1,0,3,9,5,68,1,0,7,12,0,4,3,2,28,11,0,0,0,0,0,71,4,8,49,0,0,5,0,0,0,0,0,0,0,1,4,2,2,1,1,0,0
"NW10 7",3432,1996,4,0,0,0,0,0,0,0,0,29,89,34,627,7,10,444,17,9,23,18,5,31,30,22,4,3,1,1,0,0,0,2,19,7,5,4,1,2,0,0,0,28,8,155,145,5,19,77,14,30,138,20,3,30,0,13,45,0,4,10,4,3,2,4,48,2,6,18,7,3,0,3,0,9,0,0,0,0,0,0,110,0,2,79,1,5,3,4,3,0,0,2,0,0,6,5,1,1,1,1,0,0
"NW10 8",12492,8445,0,0,0,0,0,0,0,0,0,112,395,97,766,32,10,476,10,3,95,38,11,44,14,13,16,2,0,2,0,0,0,0,85,59,21,2,1,2,1,1,0,14,11,335,226,4,25,98,94,5,704,133,19,27,2,18,280,2,4,162,4,18,12,23,187,20,4,24,4,2,6,3,0,111,13,1,1,2,2,0,1089,18,59,818,4,74,15,13,6,4,7,2,2,10,33,24,13,13,8,6,1,1
"NW10 9",9413,6172,7,7,5,0,0,0,0,0,2,65,426,80,757,51,10,497,11,7,70,16,14,25,22,3,8,10,9,2,1,1,0,0,43,30,9,3,0,1,0,0,0,6,10,224,171,3,13,91,53,11,551,116,9,47,1,25,219,8,7,69,6,12,18,14,152,6,10,15,2,1,6,2,2,95,13,0,0,1,1,0,724,15,44,519,2,36,11,17,14,3,8,3,2,14,12,24,13,13,4,2,2,0
"NW11 0",6309,5044,0,0,0,0,0,0,0,0,0,54,46,38,482,36,28,150,58,20,56,16,4,49,14,25,7,7,5,0,3,0,4,0,28,12,8,5,0,3,1,0,1,43,23,41,241,101,8,120,5,7,95,20,10,0,0,12,33,4,1,3,4,1,1,6,153,2,2,32,29,16,1,4,12,48,7,0,0,0,0,0,16,1,3,5,0,1,0,3,2,0,0,0,0,0,0,1,2,2,2,1,1,0
"NW11 6",6058,5053,0,0,0,0,0,0,0,0,0,43,44,49,339,47,35,71,36,6,35,9,4,45,6,24,7,5,5,2,0,1,0,1,34,12,9,6,2,5,0,0,0,43,30,24,182,83,3,80,11,5,71,11,17,1,0,11,2,1,0,9,1,3,15,0,125,4,3,11,32,6,0,0,2,60,7,0,0,0,0,0,19,0,0,5,0,1,0,2,1,2,0,0,2,1,4,1,2,2,0,0,0,0
"NW11 7",5061,4037,2,0,0,0,0,0,0,0,0,43,30,41,393,46,40,89,26,16,36,12,2,50,14,22,7,18,10,3,1,1,0,0,21,8,5,1,1,6,0,0,0,38,15,22,145,60,2,65,5,13,50,6,16,1,0,7,4,5,0,6,0,2,0,3,208,5,10,33,88,20,2,3,5,28,14,0,0,0,0,0,11,0,1,0,0,1,1,0,1,0,0,1,5,1,0,0,4,4,1,1,0,0
"NW11 8",6611,4543,1,0,0,0,0,0,0,0,0,97,90,75,622,65,33,232,33,27,68,11,5,62,15,28,16,8,7,6,1,3,0,2,42,20,13,1,3,5,5,1,4,43,24,133,370,106,12,188,52,12,186,40,31,2,0,17,51,3,1,13,1,7,17,3,317,7,11,80,81,54,2,3,7,63,9,0,0,0,0,0,58,2,4,12,0,1,2,1,2,0,0,2,2,12,3,15,3,3,2,0,0,2
"NW11 9",6993,5187,0,0,0,0,0,0,0,0,0,86,37,49,757,44,37,331,61,23,85,18,1,84,38,14,6,4,5,2,0,1,1,2,36,11,17,0,0,8,27,0,27,36,23,42,293,102,3,145,34,9,186,30,37,8,0,13,68,2,2,6,6,3,4,7,181,11,9,58,35,17,0,3,6,26,16,0,0,0,0,0,42,0,0,15,0,0,1,1,17,0,1,1,0,1,0,5,10,10,1,1,0,0
"NW2  1",8405,5326,0,1,0,0,0,1,0,0,0,75,125,90,971,105,29,398,66,17,72,22,3,58,129,28,23,8,5,3,1,1,0,3,108,81,20,4,1,2,2,1,1,35,50,438,436,17,24,262,113,20,262,59,12,15,0,50,85,1,1,17,4,6,2,10,250,17,32,45,26,13,0,6,19,70,22,0,0,0,0,0,218,5,5,142,0,10,5,7,17,0,4,1,0,6,3,13,14,14,4,2,1,1
"NW2  2",7123,4831,4,7,7,0,0,0,0,0,0,87,104,97,600,66,32,171,24,17,48,33,7,91,51,33,6,9,6,3,1,0,0,2,131,92,26,3,5,5,2,0,2,44,39,204,323,30,28,193,49,23,241,24,15,4,0,88,37,3,4,14,2,12,25,13,229,7,10,32,27,44,0,9,6,83,11,5,0,0,0,0,160,4,13,84,2,6,3,3,13,5,2,0,0,13,6,6,12,12,3,2,0,1
"NW2  3",9927,6770,2,5,1,0,0,3,0,0,1,237,191,182,941,172,71,313,24,14,62,12,18,42,75,63,25,21,13,8,4,0,0,4,144,99,18,13,2,12,1,0,1,57,28,274,216,15,40,130,18,13,322,55,11,14,0,74,74,1,9,44,2,22,3,13,328,16,8,62,28,9,3,12,5,145,40,0,1,0,0,0,212,13,24,136,0,12,5,1,4,0,6,0,1,2,1,7,12,12,4,3,0,1
"NW2  4",7573,5624,4,3,2,0,0,1,0,0,0,125,147,127,703,115,58,226,20,23,33,24,6,63,45,38,22,14,3,5,2,0,1,5,59,26,12,2,0,19,0,0,0,21,7,170,157,4,27,103,15,8,196,45,11,16,1,11,73,3,1,20,2,5,4,4,137,2,6,34,28,3,1,4,8,43,8,1,0,0,0,0,83,8,14,41,0,2,1,3,2,1,0,0,2,0,4,5,6,6,3,0,3,0
"NW2  5",9635,6121,2,4,3,0,0,1,0,0,0,135,391,157,1225,147,54,542,32,20,113,41,18,103,73,27,19,19,6,1,4,2,0,4,53,24,11,11,1,6,0,0,0,47,25,250,170,14,14,107,19,16,535,86,21,40,0,18,219,3,4,58,4,25,34,23,231,8,5,19,18,1,3,9,13,106,49,0,1,0,0,0,266,12,18,153,4,10,9,13,15,0,5,0,3,3,5,16,16,16,6,5,0,1
"NW2  6",11005,7140,3,4,4,0,0,0,0,0,0,114,258,100,1097,104,33,488,52,19,172,41,8,64,68,18,11,9,1,3,2,3,1,0,90,53,24,5,1,7,0,0,0,27,9,389,265,3,21,136,77,28,698,212,43,83,2,47,173,3,0,66,13,30,14,12,424,5,10,30,18,7,0,8,9,205,132,0,0,1,1,0,370,13,22,239,3,21,9,5,12,1,0,0,4,9,11,21,13,13,3,1,1,1
"NW2  7",10436,6005,1,3,2,0,0,1,0,0,0,46,186,42,1058,67,25,512,14,9,186,40,7,32,40,63,13,25,12,1,2,1,2,7,90,63,15,11,1,0,0,0,0,15,27,419,570,0,35,272,238,25,1346,318,23,80,5,25,744,0,0,85,8,31,11,16,117,0,9,12,7,2,0,13,9,48,17,0,3,1,1,0,485,5,8,411,5,21,2,4,8,0,1,1,1,3,9,6,14,14,8,6,2,0
"NW3  1",4837,4099,1,0,0,0,0,0,0,0,0,133,29,43,308,69,74,48,1,4,2,1,1,9,6,20,29,29,10,3,0,1,0,1,20,6,7,0,1,6,0,0,0,19,7,8,34,12,5,17,0,0,25,4,6,0,0,10,3,0,0,0,1,0,0,1,97,5,2,20,41,10,0,3,1,15,0,0,0,0,0,0,13,0,7,3,0,0,0,0,0,0,0,0,2,0,0,1,1,1,0,0,0,0
"NW3  2",12416,10226,2,3,0,0,0,3,0,0,0,214,84,126,649,133,126,114,9,15,15,7,2,21,9,83,36,43,12,11,2,6,0,5,141,93,27,1,0,20,0,0,0,33,33,97,134,29,18,63,6,18,299,12,3,6,0,236,11,1,1,3,4,5,11,6,242,15,17,35,70,5,6,9,3,75,7,0,1,0,0,0,123,13,12,51,0,3,1,2,2,4,15,2,4,1,4,9,5,5,4,3,0,1
"NW3  3",7770,5941,1,0,0,0,0,0,0,0,0,180,63,95,365,73,80,57,6,7,9,3,0,15,2,38,13,32,16,9,1,2,1,1,206,161,13,11,1,20,0,0,0,69,18,61,165,42,16,65,20,22,198,9,8,1,0,151,11,1,0,6,1,1,0,9,216,6,19,38,81,20,1,2,3,37,9,0,0,0,0,0,183,8,12,132,3,2,2,4,1,0,7,0,1,2,1,8,6,6,3,3,0,0
"NW3  4",8187,6594,2,0,0,0,0,0,0,0,0,182,58,123,539,101,152,55,10,7,15,3,2,24,7,51,30,31,19,23,4,1,1,3,66,24,23,4,2,13,1,1,0,75,33,27,103,58,0,34,3,8,82,8,12,1,0,38,6,2,2,6,0,4,0,3,253,10,5,42,111,18,1,8,2,53,3,0,0,0,0,0,42,3,9,21,1,1,0,0,0,0,4,0,1,0,2,0,5,5,2,2,0,0
"NW3  5",5165,3969,2,0,0,0,0,0,0,0,0,115,49,104,392,100,83,31,4,2,6,4,2,7,5,55,27,30,16,10,5,2,0,3,26,10,4,1,1,10,0,0,0,39,22,26,104,51,1,43,7,2,41,8,11,0,0,7,6,5,0,0,2,2,0,0,260,15,9,25,135,44,0,4,2,25,1,0,0,0,0,0,15,0,0,9,0,0,0,0,0,0,0,1,1,4,0,0,1,1,0,0,0,0
"NW3  6",5815,4404,2,0,0,0,0,0,0,0,0,148,53,74,368,98,86,50,7,9,10,3,1,18,10,31,15,16,5,5,1,0,1,2,83,57,20,0,1,5,0,0,0,49,7,39,139,42,4,78,6,9,98,12,3,2,0,61,3,0,4,8,1,2,2,0,291,12,11,45,133,46,0,13,0,21,10,1,0,0,0,0,52,0,6,35,0,1,0,6,0,0,1,0,1,0,0,2,5,5,2,1,1,0
"NW3  7",5358,4365,0,0,0,0,0,0,0,0,0,102,23,55,302,57,68,35,4,2,8,7,1,14,11,30,28,20,6,5,0,5,0,1,37,19,8,0,1,9,0,0,0,61,13,42,114,37,2,61,9,5,64,10,16,3,0,13,8,0,0,0,1,4,2,7,170,5,3,35,60,10,1,1,3,34,18,0,0,0,0,0,6,0,1,4,0,0,0,0,0,0,0,0,0,0,0,1,4,4,0,0,0,0
"NW4  1",6192,4750,0,0,0,0,0,0,0,0,0,36,37,26,528,16,13,264,28,10,92,18,2,30,18,30,4,1,0,1,0,0,0,1,32,12,3,7,2,8,2,0,2,19,21,60,289,80,6,158,31,14,166,22,24,9,0,8,71,3,2,6,2,11,6,2,158,9,7,71,7,0,3,5,13,41,2,0,1,0,0,0,64,2,1,11,0,1,4,6,3,2,3,10,1,1,2,17,2,2,1,1,0,0
"NW4  2",7800,5650,3,0,0,0,0,0,0,0,0,93,72,58,841,39,23,297,93,32,156,35,3,91,25,29,9,3,5,0,0,0,0,1,68,38,20,3,0,7,2,2,0,42,35,76,310,158,4,123,23,2,209,20,21,8,0,8,106,7,0,8,4,14,2,11,258,14,12,95,20,5,1,10,15,69,17,0,0,0,0,0,74,3,1,27,0,2,2,1,18,0,1,1,1,3,2,12,8,8,1,1,0,0
"NW4  3",8795,5204,3,0,0,0,0,0,0,0,0,65,71,52,1247,70,37,518,106,30,161,32,6,152,46,66,10,7,1,1,2,0,0,2,81,51,11,4,3,12,0,0,0,40,19,110,398,47,11,198,133,9,873,150,51,14,0,24,532,7,1,35,4,17,25,13,486,35,24,152,128,12,5,4,24,67,35,0,2,0,0,0,130,1,0,34,5,5,3,9,26,0,0,1,5,2,4,35,9,9,5,5,0,0
"NW4  4",7541,4946,2,3,0,0,0,0,0,3,0,65,53,57,925,52,20,396,58,22,148,49,2,64,25,59,11,5,6,3,0,0,4,1,54,34,8,0,0,12,1,0,1,54,33,96,339,60,7,189,69,14,352,47,34,10,0,35,152,4,1,22,6,22,0,19,465,25,22,243,60,7,8,13,15,61,11,0,0,0,0,0,82,3,3,19,0,3,8,4,12,2,0,5,1,4,1,17,5,5,9,4,1,4
"NW5  1",8411,7312,4,1,1,0,0,0,0,0,0,99,51,88,322,65,76,45,11,8,9,4,0,13,4,45,16,13,6,4,1,0,0,2,69,49,8,0,0,12,0,0,0,29,6,25,59,5,18,26,4,6,163,5,0,0,0,148,7,1,0,1,0,0,1,0,87,10,12,9,27,6,0,3,0,14,6,0,0,0,0,0,89,8,5,59,0,2,2,3,2,3,1,0,0,0,1,3,4,4,3,2,0,1
"NW5  2",9304,7728,1,3,1,0,0,1,0,1,0,140,58,106,420,96,75,56,1,1,1,6,0,12,5,103,17,28,7,6,2,0,1,3,75,51,12,1,1,10,0,0,0,20,26,52,50,4,7,32,3,4,283,18,3,6,0,240,7,0,0,2,0,0,4,3,130,4,10,26,46,8,7,3,1,19,6,0,0,0,0,0,200,6,45,112,0,8,7,0,0,0,10,1,2,1,0,8,3,3,9,8,0,1
"NW5  3",3689,2898,4,3,2,0,0,0,0,0,1,76,53,42,131,36,21,12,5,1,4,1,1,1,0,20,2,18,4,1,1,0,0,3,62,56,5,0,0,1,0,0,0,6,9,22,33,10,7,12,0,4,153,10,1,0,0,131,6,0,0,0,0,0,4,1,56,0,1,4,5,5,10,7,0,22,2,0,0,0,0,0,139,11,5,101,0,1,0,6,0,0,2,0,0,1,3,9,0,0,2,1,0,1
"NW5  4",8528,6527,2,2,2,0,0,0,0,0,0,102,101,143,269,59,35,55,9,3,9,7,2,20,6,21,4,19,8,7,1,1,1,2,128,111,7,3,0,7,0,0,0,17,26,107,146,5,25,74,27,15,491,18,2,8,0,435,7,0,0,7,0,1,5,8,157,22,11,59,10,5,0,4,6,37,3,0,0,0,0,0,300,21,26,190,0,7,7,0,6,2,19,0,0,5,2,15,4,4,6,5,0,1
"NW6  1",10422,8514,2,1,1,0,0,0,0,0,0,246,89,134,611,150,118,72,11,16,16,13,4,30,12,48,29,49,17,17,3,1,1,4,126,56,38,5,6,21,1,0,1,58,35,74,169,56,9,80,6,18,97,8,10,1,0,53,12,0,0,1,0,4,1,7,169,15,8,16,81,17,0,13,1,15,3,0,0,0,0,0,87,6,10,49,0,0,1,0,2,1,2,1,4,5,2,4,6,6,3,3,0,0
"NW6  2",6069,4757,0,5,4,0,0,0,0,1,0,121,45,80,320,75,44,64,11,14,2,5,6,14,9,29,14,11,9,5,0,1,2,5,104,79,13,0,0,12,0,0,0,22,18,78,102,12,17,41,26,6,127,11,4,0,0,89,12,0,0,1,1,1,5,3,137,4,8,26,35,7,1,5,0,49,2,0,0,0,0,0,147,19,16,77,0,1,2,4,4,1,3,0,5,1,5,9,3,3,3,3,0,0
"NW6  3",7058,5535,1,3,3,0,0,0,0,0,0,204,46,106,468,131,110,44,4,10,19,2,0,11,9,61,19,21,9,6,2,2,1,7,82,52,17,0,3,10,0,0,0,58,20,37,122,50,6,50,10,6,100,10,11,0,0,51,8,1,1,4,1,9,1,3,204,8,7,33,93,24,0,21,3,9,6,0,0,0,0,0,62,5,1,33,0,0,0,0,2,1,1,0,11,0,1,7,8,8,2,1,0,1
"NW6  4",6882,5064,4,3,3,0,0,0,0,0,0,122,104,99,359,99,45,68,11,10,11,6,3,11,22,31,13,14,9,1,1,0,0,4,188,154,21,2,0,11,0,0,0,59,30,198,131,4,14,85,25,3,140,13,6,1,0,86,22,0,0,1,1,2,1,7,190,5,10,25,55,28,2,8,7,42,8,0,0,0,0,0,180,10,24,118,0,4,1,0,0,2,5,0,0,0,1,15,7,7,4,4,0,0
"NW6  5",10312,7083,2,1,0,0,0,1,0,0,0,112,182,141,370,62,31,88,15,6,36,15,2,22,17,41,14,10,3,3,3,0,1,1,164,128,28,0,1,7,0,0,0,39,12,618,310,20,94,155,32,9,317,65,8,8,0,79,78,0,3,52,1,9,1,13,249,5,10,47,7,12,2,9,3,132,22,0,0,1,1,0,688,89,115,352,3,37,12,13,8,4,10,1,3,7,14,20,10,10,13,12,1,0
"NW6  6",8186,6588,5,3,3,0,0,0,0,0,0,134,146,104,504,104,60,120,9,16,38,7,4,28,35,27,9,30,4,1,2,0,1,9,57,25,19,5,0,8,0,0,0,16,23,162,81,15,9,43,8,6,132,44,6,3,0,9,41,0,0,14,2,7,4,2,126,6,2,10,23,10,6,7,3,47,12,0,1,0,0,0,96,2,19,46,0,9,3,2,3,1,1,1,0,1,2,6,5,5,3,2,1,0
"NW6  7",12208,9127,2,7,7,0,0,0,0,0,0,187,257,200,871,172,85,217,24,12,53,27,5,87,48,53,20,29,20,9,3,1,0,6,80,46,23,1,1,9,0,0,0,33,15,398,217,18,12,138,32,17,316,90,25,14,1,6,114,1,2,27,6,7,7,16,277,16,24,25,26,2,6,10,14,115,39,0,1,0,0,0,203,16,44,77,2,16,13,6,6,0,3,0,3,3,4,10,4,4,13,12,1,0
"NW7  1",6091,4646,0,0,0,0,0,0,0,0,0,29,41,32,327,26,14,107,16,16,56,21,0,28,16,14,4,7,1,0,0,0,0,1,57,41,10,0,3,3,0,0,0,27,35,63,362,21,28,222,81,10,242,41,9,21,0,13,131,3,0,7,2,6,7,2,119,5,11,16,57,5,0,3,5,16,1,0,0,0,0,0,106,4,0,59,0,6,7,2,14,1,0,3,2,2,0,6,1,1,4,2,0,2
"NW7  2",7144,5743,0,0,0,0,0,0,0,0,0,37,37,63,328,22,20,89,13,8,93,13,0,18,11,23,2,11,1,2,1,0,1,0,35,18,13,2,2,0,0,0,0,31,35,46,256,23,11,163,42,17,316,55,21,21,0,28,112,5,3,19,6,11,6,29,136,6,22,57,23,3,2,3,1,11,8,0,1,0,0,0,75,0,0,32,0,4,10,2,9,2,8,1,0,2,1,4,2,2,3,1,0,2
"NW7  3",5889,4653,0,0,0,0,0,0,0,0,0,28,63,31,304,15,10,96,25,9,83,15,2,16,2,15,7,3,3,2,0,0,1,0,38,37,1,0,0,0,0,0,0,17,26,49,276,21,8,197,31,19,235,41,12,9,0,11,117,0,0,21,0,12,7,5,113,6,25,41,11,0,4,0,3,19,4,0,0,0,0,0,50,0,2,22,0,6,5,1,0,0,4,3,2,1,1,3,4,4,2,2,0,0
"NW7  4",5401,4844,0,0,0,0,0,0,0,0,0,15,18,17,129,11,15,25,4,8,8,11,0,12,3,17,7,6,1,1,0,0,0,0,16,11,2,1,1,1,0,0,0,21,8,20,105,11,7,73,9,5,92,20,16,4,0,9,28,0,0,3,2,9,0,1,95,2,7,45,14,2,2,1,3,12,7,0,0,0,0,0,17,0,0,10,0,3,0,0,0,0,0,1,1,0,0,2,2,2,2,0,0,2
"NW8  0",7259,5230,2,1,1,0,0,0,0,0,0,121,98,98,343,90,47,53,11,6,12,7,2,11,23,33,5,31,3,3,2,0,3,1,131,110,15,0,1,5,0,0,0,59,18,289,162,21,24,90,16,11,260,36,14,2,0,170,9,3,3,1,2,7,3,10,240,4,4,41,89,33,1,13,1,47,7,0,1,0,0,0,198,18,19,125,1,5,4,3,1,0,3,0,3,8,0,8,6,6,2,2,0,0
"NW8  6",4084,2990,1,0,0,0,0,0,0,0,0,72,34,28,154,32,31,13,2,1,5,1,0,2,2,29,14,11,5,1,0,4,0,1,24,16,2,2,2,2,0,0,0,45,24,139,130,22,3,82,5,18,73,11,17,2,0,19,3,0,0,7,0,10,3,1,347,4,5,33,246,12,0,2,5,34,6,0,0,0,0,0,22,1,3,5,0,3,2,0,0,0,0,2,4,1,0,1,1,1,0,0,0,0
"NW8  7",4940,3365,0,0,0,0,0,0,0,0,0,118,45,93,262,49,44,28,3,4,6,0,4,9,9,60,8,20,7,7,0,0,1,3,51,22,26,2,0,1,2,0,2,47,27,351,230,21,35,158,5,11,117,17,28,2,0,41,8,1,1,10,0,4,3,2,183,4,5,22,108,4,1,2,6,22,9,0,0,0,0,0,45,7,1,16,0,0,2,1,0,0,2,0,2,6,2,6,4,4,0,0,0,0
"NW8  8",10148,6215,0,0,0,0,0,0,0,0,0,107,133,157,317,83,42,44,3,6,16,4,1,6,13,36,20,24,7,7,0,1,2,2,197,157,30,3,1,6,0,0,0,48,33,1108,551,9,344,155,20,23,699,26,8,7,0,623,11,5,0,1,1,3,1,13,337,2,73,65,67,15,2,15,6,78,14,0,0,0,0,0,235,34,40,114,0,7,4,6,0,0,10,2,0,2,8,8,7,7,4,2,1,1
"NW8  9",6436,4502,4,5,1,0,0,2,0,2,0,133,91,110,397,56,44,29,5,2,16,5,1,15,13,136,26,22,7,9,2,2,0,7,32,10,13,1,2,6,0,0,0,75,44,331,243,33,34,158,5,13,114,28,29,1,0,35,9,1,2,1,2,0,2,4,312,2,8,31,196,21,3,2,8,31,10,0,0,0,0,0,29,2,3,17,0,0,0,0,0,0,1,0,1,0,0,5,10,10,4,4,0,0
"NW9  0",10001,6205,1,5,4,0,0,1,0,0,0,35,63,33,1008,40,12,239,27,9,530,36,3,16,39,23,17,6,7,0,1,1,2,0,44,33,3,5,1,2,7,7,0,24,13,303,253,2,4,130,101,16,1654,245,42,61,7,37,853,3,3,268,13,86,7,29,159,13,13,53,5,0,0,12,26,33,4,1,3,0,0,0,169,8,7,101,0,4,7,10,1,4,1,4,2,11,6,3,14,14,7,5,2,0
"NW9  5",15249,9881,2,0,0,0,0,0,0,0,0,132,325,113,1282,38,30,415,49,16,464,60,13,47,59,50,9,16,7,4,1,0,1,3,187,145,21,3,0,18,4,4,0,60,73,314,627,16,17,394,187,13,863,153,50,34,0,54,243,6,4,168,16,56,53,26,717,41,133,261,41,2,24,13,15,168,19,0,6,0,0,0,627,9,10,334,4,63,22,34,38,12,12,7,1,18,14,49,32,32,4,3,0,1
"NW9  6",7256,4190,0,0,0,0,0,0,0,0,0,47,65,43,871,27,14,236,38,8,437,27,2,33,18,17,2,4,5,1,0,0,0,2,64,52,7,2,0,3,5,5,0,21,29,156,296,5,9,153,125,4,1089,116,50,61,0,36,396,6,4,291,8,55,33,33,258,17,34,112,16,4,2,0,4,38,31,0,3,0,0,0,105,1,3,37,0,13,15,4,7,1,1,0,0,5,5,13,13,13,1,1,0,0
"NW9  7",6074,3918,0,2,2,0,0,0,0,0,0,33,72,45,584,39,14,279,27,4,133,12,1,31,24,9,4,4,1,0,0,0,1,1,54,44,7,2,0,1,0,0,0,18,17,112,248,1,12,152,79,4,690,154,46,19,0,30,278,1,4,98,16,25,11,8,170,7,33,53,16,1,0,3,7,44,6,0,2,0,0,0,102,1,4,46,1,10,2,4,12,0,3,0,0,4,8,7,4,4,3,1,1,1
"NW9  8",9606,5937,2,4,4,0,0,0,0,0,0,23,101,21,952,50,6,283,19,0,429,56,2,36,13,31,22,3,1,1,0,0,0,0,40,31,6,0,3,0,1,1,0,12,15,405,252,0,10,125,108,9,1616,218,51,46,1,33,855,0,5,229,12,116,25,25,75,3,4,25,4,0,0,5,5,22,7,0,2,1,0,1,135,1,6,73,0,18,2,0,16,2,2,0,1,2,2,10,11,11,1,1,0,0
"NW9  9",9551,5513,2,1,0,0,0,1,0,0,0,35,61,19,767,21,10,200,4,5,437,11,4,15,10,32,5,4,5,2,0,1,0,1,24,18,5,0,1,0,1,1,0,3,7,207,194,0,19,85,73,17,2505,144,82,50,1,50,1675,14,23,299,7,83,46,31,80,3,13,24,10,0,0,2,3,24,1,1,15,0,0,0,113,2,5,61,0,10,10,0,5,0,2,1,0,3,4,10,3,3,0,0,0,0
"OL1  2",7958,5384,0,3,0,0,0,0,0,2,1,5,18,3,54,7,3,25,8,3,2,1,1,2,0,1,1,0,0,0,0,0,0,0,12,5,3,4,0,0,0,0,0,2,3,18,33,0,17,13,2,1,2320,72,5,26,3,2162,11,0,1,4,18,0,0,18,41,4,7,7,0,1,1,0,0,16,5,0,0,0,0,0,56,3,6,12,0,0,2,0,2,0,0,6,0,4,3,18,3,3,3,2,0,1
"OL1  3",3505,3113,0,1,1,0,0,0,0,0,0,18,30,2,62,3,4,38,2,4,0,3,5,0,0,0,2,0,0,0,1,0,0,0,7,3,2,2,0,0,0,0,0,1,0,6,28,0,16,11,0,1,163,30,0,13,2,110,4,0,0,0,3,0,0,1,10,0,0,4,0,0,0,1,0,5,0,1,0,0,0,0,54,5,6,11,0,0,0,2,6,0,0,6,0,0,7,11,7,7,2,2,0,0
"OL1  4",8838,8614,0,2,0,0,0,0,0,2,0,19,11,1,85,2,6,54,4,6,5,3,1,0,0,2,0,1,0,0,0,0,1,0,4,0,2,1,1,0,0,0,0,1,2,5,4,0,0,2,2,0,49,12,3,8,1,15,4,0,0,1,0,0,0,5,8,1,3,1,1,0,0,2,0,0,0,0,0,0,0,0,25,0,1,0,0,0,0,0,2,0,0,7,0,0,0,15,0,0,8,8,0,0
"OL10 1",3293,3146,0,0,0,0,0,0,0,0,0,8,2,3,94,4,0,76,1,3,0,2,4,1,0,0,3,0,0,0,0,0,0,0,0,0,0,0,0,0,0,0,0,1,0,0,7,0,6,1,0,0,16,10,0,3,0,0,0,0,0,0,3,0,0,0,8,1,1,1,1,0,0,2,0,2,0,0,0,0,0,0,8,0,0,0,0,0,2,0,0,0,0,5,0,0,0,1,0,0,0,0,0,0
"OL10 2",6986,6866,0,2,2,0,0,0,0,0,0,0,4,0,42,3,2,29,0,1,1,1,0,2,0,2,0,0,0,0,0,0,0,1,0,0,0,0,0,0,0,0,0,1,0,4,3,0,1,2,0,0,37,21,0,6,1,1,8,0,0,0,0,0,0,0,23,1,7,8,0,0,0,4,1,2,0,0,0,0,0,0,1,0,0,0,0,0,0,0,0,0,0,1,0,0,0,0,1,1,2,2,0,0
"OL10 3",7575,7390,0,3,2,0,0,0,0,1,0,0,11,2,103,2,4,73,3,8,0,2,0,9,0,2,0,0,0,0,0,0,0,0,1,1,0,0,0,0,0,0,0,3,4,4,8,0,4,4,0,0,22,7,0,1,0,14,0,0,0,0,0,0,0,0,15,0,1,10,0,0,0,2,0,2,0,0,0,0,0,0,6,0,0,0,0,0,3,0,0,0,1,0,0,0,0,2,2,2,1,1,0,0
"OL10 4",8847,8626,0,0,0,0,0,0,0,0,0,7,19,3,97,1,0,89,0,2,0,4,0,0,0,0,0,0,0,0,0,0,1,0,5,2,1,2,0,0,0,0,0,2,1,4,1,0,1,0,0,0,41,11,0,22,1,7,0,0,0,0,0,0,0,0,31,1,6,16,0,0,2,5,0,0,1,0,0,0,0,0,6,0,0,0,0,0,0,0,1,0,0,0,0,0,1,4,1,1,3,2,0,1
"OL11 1",6305,4331,0,2,0,0,0,0,0,2,0,7,14,1,95,5,2,65,4,5,1,0,0,3,0,0,8,1,0,0,0,0,1,0,11,0,4,7,0,0,0,0,0,3,0,22,66,0,19,7,40,0,1720,894,3,578,118,61,4,0,0,2,1,0,6,53,21,2,9,5,0,0,0,0,0,1,4,1,0,0,0,0,7,0,0,2,0,0,0,0,1,0,0,1,0,0,2,1,2,2,2,0,2,0
"OL11 2",10061,9336,0,2,2,0,0,0,0,0,0,7,27,4,348,12,5,290,10,5,5,10,7,1,1,0,1,0,0,0,0,0,1,0,5,0,1,4,0,0,0,0,0,5,0,3,22,0,11,9,2,0,230,134,2,61,7,11,5,0,0,8,0,0,0,2,20,4,0,9,0,0,0,5,0,2,0,0,0,0,0,0,45,0,0,0,0,0,8,0,7,0,1,20,0,0,1,8,4,4,3,3,0,0
"OL11 3",8918,7537,0,2,2,0,0,0,0,0,0,8,9,2,100,9,6,56,5,10,0,3,5,2,0,2,1,0,0,0,0,0,1,0,15,1,2,12,0,0,0,0,0,4,0,23,37,0,11,5,18,3,1100,472,3,468,61,47,4,4,0,0,3,0,0,38,28,5,4,11,0,0,2,1,0,4,1,0,0,0,0,0,47,0,0,0,0,0,1,2,29,0,0,5,0,0,2,8,1,1,5,4,1,0
"OL11 4",6683,5539,3,3,3,0,0,0,0,0,0,23,44,1,116,6,7,80,0,1,1,4,1,13,0,0,1,0,0,0,1,0,1,0,9,0,3,6,0,0,0,0,0,7,0,25,149,0,102,40,3,4,662,281,0,192,93,67,5,0,0,7,0,0,0,17,16,0,4,3,0,4,0,2,1,2,0,0,1,0,0,0,81,0,0,2,0,0,11,1,20,0,3,10,1,1,13,19,2,2,2,2,0,0
"OL11 5",11791,11098,1,0,0,0,0,0,0,0,0,7,12,2,119,21,7,66,0,3,2,5,9,2,0,0,1,0,0,1,1,0,0,1,3,0,0,2,0,1,0,0,0,1,0,11,14,0,4,2,7,1,484,243,11,128,25,33,0,0,11,7,0,1,4,21,22,0,7,3,0,0,6,3,0,3,0,0,0,0,0,0,12,0,0,0,0,0,1,0,6,0,0,4,1,0,0,0,0,0,5,4,1,0
"OL12 0",5090,4374,0,0,0,0,0,0,0,0,0,4,17,1,86,5,0,62,0,1,0,10,0,4,0,1,1,0,1,0,0,0,1,0,3,0,1,2,0,0,0,0,0,4,2,4,16,0,3,11,2,0,507,210,4,76,69,60,1,0,0,0,37,0,5,45,63,2,1,18,0,0,0,7,1,33,1,0,0,0,0,0,5,0,0,0,0,0,0,0,1,0,0,0,0,0,0,4,1,1,3,1,1,1
"OL12 6",11630,9792,2,2,0,0,0,0,0,1,1,42,60,5,238,6,5,190,1,6,0,8,8,2,1,1,5,0,1,0,0,0,4,0,12,0,2,7,0,3,0,0,0,22,7,32,90,0,60,17,12,1,1245,571,14,269,191,97,3,5,0,3,42,0,13,37,23,4,5,4,0,0,1,1,0,7,1,0,1,0,0,0,52,2,0,0,0,0,2,3,24,0,1,8,0,1,1,10,1,1,4,3,1,0
"OL12 7",9593,9244,1,0,0,0,0,0,0,0,0,2,8,7,61,7,1,44,0,1,0,4,0,0,0,1,0,0,1,1,0,0,1,0,3,0,2,1,0,0,0,0,0,2,0,13,1,0,1,0,0,0,204,96,0,54,13,27,0,0,0,0,4,0,0,10,34,0,8,22,0,0,0,4,0,0,0,0,0,0,0,0,10,0,0,0,0,0,0,1,2,0,0,3,0,0,1,3,1,1,2,1,1,0
"OL12 8",7228,7178,0,1,0,0,0,0,0,1,0,1,0,0,23,5,6,5,1,3,0,0,1,2,0,0,0,0,0,0,0,0,0,0,0,0,0,0,0,0,0,0,0,0,1,0,1,0,0,0,1,0,11,3,0,3,0,4,1,0,0,0,0,0,0,0,5,1,1,2,0,0,0,0,0,1,0,0,0,0,0,0,5,0,0,0,0,0,1,0,0,0,0,0,4,0,0,0,0,0,2,0,0,2
"OL12 9",10211,9300,2,6,4,0,0,0,0,2,0,9,31,2,99,9,2,68,0,2,0,4,0,2,0,0,2,0,6,1,0,0,1,2,2,0,0,1,0,1,0,0,0,2,1,6,9,0,1,1,7,0,688,364,0,49,170,46,5,0,0,4,0,0,3,47,18,0,1,10,1,0,0,0,0,2,4,1,0,0,0,0,25,0,0,0,0,0,6,1,13,0,0,0,0,1,4,0,1,1,9,5,3,1
"OL13 0",3668,3617,0,0,0,0,0,0,0,0,0,1,0,0,21,0,1,12,1,5,0,0,0,1,0,0,0,1,0,0,0,0,0,0,1,0,0,1,0,0,0,0,0,0,0,0,0,0,0,0,0,0,11,6,0,2,0,3,0,0,0,0,0,0,0,0,11,0,0,5,0,0,0,1,0,2,3,0,0,0,0,0,0,0,0,0,0,0,0,0,0,0,0,0,0,0,0,0,0,0,6,5,1,0
"OL13 8",4266,4215,1,0,0,0,0,0,0,0,0,2,0,2,19,2,0,10,3,3,0,0,0,0,0,0,0,1,0,0,0,0,0,0,0,0,0,0,0,0,0,0,0,2,1,0,0,0,0,0,0,0,9,2,0,1,0,0,0,0,0,0,0,0,0,6,12,0,3,5,0,0,0,4,0,0,0,0,0,0,0,0,0,0,0,0,0,0,0,0,0,0,0,0,0,0,0,0,0,0,3,3,0,0
"OL13 9",6502,6434,1,1,0,0,0,0,0,1,0,0,0,0,30,1,3,22,0,0,0,0,3,1,0,0,0,0,0,0,0,0,0,0,1,0,0,1,0,0,0,0,0,0,1,0,0,0,0,0,0,0,10,5,0,1,0,1,3,0,0,0,0,0,0,0,19,0,2,12,0,0,0,2,0,3,0,0,0,0,0,0,0,0,0,0,0,0,0,0,0,0,0,0,0,0,0,0,0,0,5,5,0,0
"OL14 5",4449,4219,0,1,0,0,0,0,0,1,0,0,1,1,80,4,4,66,0,0,4,0,0,2,0,0,0,0,0,0,0,0,0,0,5,0,0,5,0,0,0,0,0,0,0,1,7,0,0,0,7,0,118,29,0,55,0,31,0,0,0,0,0,0,0,3,14,4,1,0,1,0,0,5,0,2,1,0,0,0,0,0,2,0,0,0,0,0,0,0,0,0,0,0,2,0,0,0,0,0,0,0,0,0
"OL14 6",3500,3453,2,0,0,0,0,0,0,0,0,0,0,0,33,2,2,25,0,1,0,0,0,0,0,1,1,0,0,1,0,0,0,0,3,0,2,1,0,0,0,0,0,2,0,0,2,0,0,0,1,1,3,0,0,1,0,0,2,0,0,0,0,0,0,0,0,0,0,0,0,0,0,0,0,0,0,0,0,0,0,0,0,0,0,0,0,0,0,0,0,0,0,0,0,0,0,0,0,0,2,1,1,0
"OL14 7",2952,2898,0,0,0,0,0,0,0,0,0,3,0,1,32,0,4,21,0,0,0,3,0,0,0,1,3,0,0,0,0,0,0,0,1,0,1,0,0,0,0,0,0,1,0,3,2,0,2,0,0,0,5,2,0,3,0,0,0,0,0,0,0,0,0,0,4,0,1,1,0,1,0,1,0,0,0,0,0,0,0,0,1,0,0,0,0,0,0,0,0,0,0,0,0,0,0,1,1,1,0,0,0,0
"OL14 8",4024,3968,0,0,0,0,0,0,0,0,0,0,1,2,38,0,4,22,3,0,1,2,0,1,0,0,2,1,0,2,0,0,0,0,2,0,0,2,0,0,0,0,0,3,0,0,2,0,2,0,0,0,6,0,0,5,0,0,1,0,0,0,0,0,0,0,2,0,0,0,0,0,0,2,0,0,0,0,0,0,0,0,0,0,0,0,0,0,0,0,0,0,0,0,0,0,0,0,0,0,0,0,0,0
"OL15 0",3867,3837,0,1,1,0,0,0,0,0,0,4,0,4,5,2,0,1,0,0,0,0,0,1,0,0,0,1,0,0,0,0,0,0,2,0,1,1,0,0,0,0,0,0,0,1,0,0,0,0,0,0,6,1,1,1,0,0,0,0,1,0,1,0,0,1,6,0,6,0,0,0,0,0,0,0,0,0,0,0,0,0,0,0,0,0,0,0,0,0,0,0,0,0,0,0,0,0,0,0,1,1,0,0
"OL15 8",5252,5155,0,0,0,0,0,0,0,0,0,2,8,1,44,1,0,40,1,0,0,0,0,0,2,0,0,0,0,0,0,0,0,0,1,0,0,0,1,0,0,0,0,0,0,1,1,0,0,1,0,0,16,3,0,0,0,7,0,0,0,2,0,0,0,4,15,0,8,3,0,0,1,0,0,3,0,0,0,0,0,0,6,0,0,0,0,0,0,0,0,0,0,4,0,0,2,0,1,1,1,1,0,0
"OL15 9",4837,4793,0,0,0,0,0,0,0,0,0,4,0,1,25,0,3,17,0,0,0,4,0,0,0,0,0,1,0,0,0,0,0,0,1,0,0,0,0,1,0,0,0,1,0,1,0,0,0,0,0,0,7,3,0,2,0,0,0,0,0,2,0,0,0,0,3,0,1,0,0,0,0,2,0,0,0,0,0,0,0,0,0,0,0,0,0,0,0,0,0,0,0,0,0,0,0,0,0,0,1,1,0,0
"OL16 1",414,311,0,0,0,0,0,0,0,0,0,1,1,0,12,1,0,8,0,0,0,3,0,0,0,0,0,0,0,0,0,0,0,0,1,1,0,0,0,0,0,0,0,0,0,3,2,0,0,0,2,0,78,9,0,15,3,44,0,0,0,0,0,0,0,7,2,0,1,0,0,0,0,0,0,0,1,0,0,0,0,0,1,0,0,1,0,0,0,0,0,0,0,0,0,0,0,0,1,1,1,1,0,0
"OL16 2",10135,7111,1,2,0,0,0,0,0,1,1,1,8,2,90,8,5,59,2,0,3,6,1,1,0,1,1,0,0,0,0,0,3,0,10,0,1,9,0,0,0,0,0,2,0,7,28,1,6,1,20,0,2825,750,4,157,503,1228,1,0,1,1,5,4,3,168,16,0,2,9,0,0,3,1,0,1,0,1,0,0,0,0,17,0,0,2,0,0,0,0,8,0,0,0,0,1,1,5,3,3,11,10,1,0
"OL16 3",8129,7962,1,1,1,0,0,0,0,0,0,2,6,6,22,8,1,9,0,1,1,0,1,0,0,1,0,0,0,0,0,0,0,0,4,0,3,1,0,0,0,0,0,0,5,1,1,0,1,0,0,0,98,32,0,6,12,38,4,1,0,1,0,0,0,4,17,0,0,9,0,1,0,3,1,1,2,0,0,0,0,0,1,0,0,0,0,0,0,0,0,0,0,0,0,0,0,1,0,0,2,0,1,1
"OL16 4",11273,10791,2,0,0,0,0,0,0,0,0,11,11,0,109,8,2,78,4,0,0,1,5,4,0,6,0,0,0,0,0,0,1,0,4,0,0,4,0,0,0,0,0,4,5,7,9,0,6,2,1,0,274,120,1,96,24,16,0,0,0,2,3,0,0,12,28,0,3,21,0,0,0,3,0,1,0,0,0,0,0,0,13,0,0,1,0,0,0,0,0,0,0,5,0,0,0,7,1,1,4,3,0,1
"OL16 5",6101,4927,1,1,1,0,0,0,0,0,0,42,30,4,87,17,1,59,1,6,0,0,0,1,0,0,1,0,0,0,0,0,0,1,6,0,0,5,0,1,0,0,0,1,1,15,28,0,17,0,5,6,901,375,1,182,98,187,5,0,0,2,6,1,0,44,9,0,1,4,1,0,0,1,2,0,0,0,0,0,0,0,36,0,0,0,0,1,1,0,6,1,11,8,0,0,2,6,4,4,8,7,1,0
"OL2  5",10307,10164,1,0,0,0,0,0,0,0,0,6,1,1,36,6,7,8,11,0,0,0,2,0,0,0,1,0,0,1,0,0,0,0,3,0,1,2,0,0,0,0,0,2,2,7,3,0,2,1,0,0,56,10,0,7,0,36,2,0,0,0,0,0,0,1,14,2,2,1,0,0,0,4,1,4,0,0,0,0,0,0,7,0,0,0,0,0,0,3,0,0,0,2,1,0,0,1,1,1,3,3,0,0
"OL2  6",12324,12065,2,0,0,0,0,0,0,0,0,1,1,5,49,9,3,19,0,0,0,2,9,2,3,0,1,0,1,0,0,0,0,0,4,1,1,2,0,0,0,0,0,2,0,2,8,0,2,4,0,2,135,20,0,16,0,82,11,0,1,2,0,0,0,3,40,2,7,14,1,0,0,6,0,10,0,0,0,0,0,0,1,0,0,0,0,0,0,0,0,0,0,0,0,0,0,1,2,2,7,5,1,1
"OL2  7",9916,9780,0,0,0,0,0,0,0,0,0,2,3,2,42,7,3,11,3,3,2,7,1,4,0,0,0,0,0,0,0,0,1,0,2,0,1,1,0,0,0,0,0,1,3,0,4,0,2,2,0,0,56,2,0,0,0,53,0,0,0,0,0,0,0,1,13,2,0,5,1,0,0,4,0,1,0,0,1,0,0,0,4,0,0,1,0,0,0,0,0,0,0,0,1,1,1,0,1,1,2,2,0,0
"OL2  8",8426,8204,1,0,0,0,0,0,0,0,0,0,2,3,38,6,4,8,3,5,0,4,1,5,0,0,0,0,1,0,0,0,1,0,1,0,0,1,0,0,0,0,0,0,1,2,2,0,1,1,0,0,156,20,2,21,0,107,6,0,0,0,0,0,0,0,12,0,0,3,0,0,4,4,0,1,0,0,0,0,0,0,1,0,0,0,0,0,0,0,0,0,0,0,1,0,0,0,1,1,2,2,0,0
"OL3  5",7180,7099,1,0,0,0,0,0,0,0,0,0,1,4,26,1,7,13,0,2,0,0,0,0,0,2,0,0,0,1,0,0,0,0,2,0,0,0,0,2,0,0,0,0,0,2,1,0,1,0,0,0,30,5,1,9,1,10,3,0,0,0,0,1,0,0,8,0,0,5,0,0,0,0,0,2,1,0,0,0,0,0,5,0,0,2,0,0,0,0,0,0,0,3,0,0,0,0,0,0,1,0,1,0
"OL3  6",2755,2715,0,0,0,0,0,0,0,0,0,0,1,1,16,0,7,2,0,2,0,0,1,1,1,0,1,1,0,0,0,0,0,0,1,0,0,0,0,1,0,0,0,1,1,1,0,0,0,0,0,0,13,6,0,0,0,1,6,0,0,0,0,0,0,0,3,0,1,0,1,0,0,1,0,0,0,0,0,0,0,0,0,0,0,0,0,0,0,0,0,0,0,0,0,0,0,0,0,0,2,2,0,0
"OL3  7",4681,4635,0,0,0,0,0,0,0,0,0,1,0,2,11,2,0,4,0,2,0,0,0,0,0,1,1,1,0,0,0,0,0,0,2,0,0,0,0,2,0,0,0,1,1,2,0,0,0,0,0,0,19,3,1,0,0,9,3,0,0,0,2,0,0,1,5,0,0,3,0,0,0,2,0,0,0,0,0,0,0,0,0,0,0,0,0,0,0,0,0,0,0,0,0,0,0,0,1,1,1,1,0,0
"OL4  1",11795,7311,0,0,0,0,0,0,0,0,0,8,16,2,119,5,3,72,4,18,0,8,0,0,0,0,7,1,0,0,0,0,0,1,18,4,1,13,0,0,0,0,0,2,3,17,91,0,19,12,59,1,4106,1498,2,1795,112,596,12,0,0,8,5,0,0,78,42,4,4,28,0,0,1,4,0,1,0,0,0,0,0,0,41,0,5,0,0,0,4,1,1,0,1,4,0,4,5,16,5,5,14,7,7,0
"OL4  2",9064,8896,0,0,0,0,0,0,0,0,0,6,0,2,49,2,3,31,6,4,0,0,1,1,0,0,1,0,0,0,0,0,0,0,3,0,0,3,0,0,0,0,0,0,0,2,15,0,4,5,4,2,67,19,1,12,0,29,4,0,0,0,2,0,0,0,15,2,0,7,0,0,1,4,0,0,1,0,0,0,0,0,7,0,0,0,0,0,0,0,0,0,0,2,0,0,1,4,0,0,2,1,1,0
"OL4  3",5845,5612,0,1,0,0,0,0,0,1,0,1,1,1,38,0,8,20,2,3,1,0,1,2,0,0,1,0,0,0,0,0,0,0,2,0,0,1,0,1,0,0,0,2,1,8,9,0,5,2,2,0,149,91,0,43,2,3,2,0,0,2,2,0,0,4,16,2,9,2,0,0,0,2,0,0,1,0,0,0,0,0,3,0,0,0,0,0,0,0,0,0,0,2,0,0,0,1,0,0,1,1,0,0
"OL4  4",7574,7520,0,1,0,0,0,1,0,0,0,2,0,1,27,4,3,13,1,3,0,0,1,0,0,1,1,0,0,0,0,0,0,0,0,0,0,0,0,0,0,0,0,0,2,0,1,0,0,1,0,0,7,1,0,5,0,1,0,0,0,0,0,0,0,0,8,0,0,2,0,0,0,5,1,0,0,0,1,0,0,0,4,0,0,0,0,0,0,0,0,0,0,3,1,0,0,0,0,0,0,0,0,0
"OL4  5",8603,8229,2,1,0,0,0,1,0,0,0,10,18,5,69,6,3,43,2,1,0,5,0,3,0,0,2,0,3,0,0,1,0,0,3,0,0,3,0,0,1,1,0,11,2,1,22,0,22,0,0,0,168,56,0,63,3,43,1,0,0,2,0,0,0,0,25,2,0,21,0,0,0,0,0,0,2,0,0,2,1,1,31,4,4,0,0,0,1,0,4,0,0,6,0,0,0,12,0,0,3,3,0,0
"OL5  0",4744,4672,1,0,0,0,0,0,0,0,0,3,0,3,28,2,1,14,3,1,3,0,0,0,0,0,1,0,0,1,0,0,1,1,0,0,0,0,0,0,0,0,0,0,0,1,0,0,0,0,0,0,21,1,1,6,0,13,0,0,0,0,0,0,0,0,9,0,6,1,0,0,0,1,0,1,0,0,0,0,0,0,1,0,0,0,0,0,0,0,0,0,1,0,0,0,0,0,3,3,2,2,0,0
"OL5  9",5725,5634,0,2,0,0,0,1,0,1,0,3,5,1,43,4,2,17,8,0,5,4,2,0,0,0,0,0,1,0,0,0,0,0,1,1,0,0,0,0,0,0,0,1,0,0,4,0,0,0,4,0,21,0,0,0,0,12,8,0,0,0,0,0,0,1,7,1,1,2,0,0,2,0,0,0,1,0,0,0,0,0,1,0,0,0,0,0,0,0,1,0,0,0,0,0,0,0,1,1,1,0,0,1
"OL6  6",4921,4443,1,0,0,0,0,0,0,0,0,3,1,1,183,14,1,144,4,3,8,0,1,2,1,0,1,1,0,1,2,0,0,0,6,0,0,6,0,0,0,0,0,1,1,2,4,0,1,3,0,0,254,83,0,49,2,30,85,0,0,0,3,0,0,2,12,1,2,5,0,0,1,1,0,1,1,0,0,0,0,0,6,0,1,0,0,0,0,0,0,0,0,0,0,0,1,4,2,2,1,0,1,0
"OL6  7",2805,1936,0,0,0,0,0,0,0,0,0,10,6,11,135,1,0,123,0,0,0,0,4,0,0,3,4,0,0,0,0,0,0,0,30,25,0,5,0,0,0,0,0,1,0,15,9,0,4,3,1,1,610,244,2,152,4,163,42,0,0,0,0,0,1,2,22,4,0,14,0,0,0,1,0,3,0,0,0,0,0,0,17,0,1,0,0,0,0,0,0,0,4,7,0,0,2,3,2,2,1,1,0,0
"OL6  8",9781,9081,0,0,0,0,0,0,0,0,0,9,4,2,129,18,1,99,2,2,1,1,0,2,0,0,0,0,2,0,0,0,0,1,7,2,0,3,0,2,0,0,0,0,2,10,19,0,2,6,11,0,455,119,8,70,0,35,209,0,0,2,9,0,0,3,33,3,9,7,1,0,1,6,0,5,1,0,0,0,0,0,21,0,2,0,0,3,0,2,0,0,1,0,0,0,0,13,4,4,5,5,0,0
"OL6  9",10063,8957,4,0,0,0,0,0,0,0,0,13,18,5,316,9,4,274,1,0,12,2,1,3,0,1,5,2,0,1,0,0,0,1,2,0,0,2,0,0,0,0,0,2,0,7,21,0,0,17,2,2,594,173,4,107,4,36,232,0,3,1,23,1,5,5,81,4,15,15,1,0,0,1,0,41,4,0,0,0,0,0,28,2,0,0,0,1,1,2,4,0,0,2,1,0,1,14,12,12,3,1,2,0
"OL7  0",5517,4441,0,1,0,0,0,0,0,1,0,16,7,8,244,11,7,201,5,9,1,2,3,0,2,0,3,0,0,0,0,0,0,0,13,4,0,8,0,1,0,0,0,2,4,3,22,0,13,4,3,2,673,312,0,138,7,129,78,0,0,0,0,0,7,2,48,6,9,12,1,0,5,6,0,4,5,0,0,1,1,0,27,7,0,1,0,0,1,0,4,0,1,3,0,3,2,5,3,3,4,3,1,0
"OL7  9",10476,9801,0,0,0,0,0,0,0,0,0,5,12,3,131,4,2,98,1,9,9,0,0,0,0,0,7,0,1,0,0,0,0,0,0,0,0,0,0,0,0,0,0,5,4,4,10,0,3,2,5,0,467,118,9,51,0,59,218,0,0,0,5,0,3,4,17,2,1,4,1,0,2,5,0,1,1,0,1,0,0,0,11,0,0,0,0,0,2,0,0,2,0,3,2,1,0,1,1,1,4,3,0,1
"OL8  1",9934,6212,0,0,0,0,0,0,0,0,0,9,8,3,264,18,9,148,19,47,2,9,3,0,0,0,7,0,0,0,0,1,1,0,9,0,0,9,0,0,0,0,0,4,0,17,151,0,33,22,93,3,3144,1065,1,898,81,811,162,0,0,5,15,0,1,105,61,3,11,18,0,0,0,1,0,21,7,1,0,0,0,0,27,0,1,4,0,0,3,0,1,1,2,0,0,2,4,9,8,8,16,14,2,0
"OL8  2",9031,8202,0,1,1,0,0,0,0,0,0,16,15,3,135,13,5,65,9,15,3,5,10,1,0,0,6,1,0,0,0,0,1,1,3,0,0,2,1,0,0,0,0,7,0,4,25,0,6,11,8,0,559,219,2,247,2,59,19,0,0,0,0,0,0,11,25,0,9,11,0,0,2,0,0,3,0,0,0,0,0,0,28,1,2,2,0,1,5,0,9,0,1,0,0,4,0,3,3,3,5,3,2,0
"OL8  3",9910,9412,0,1,1,0,0,0,0,0,0,13,11,2,93,7,4,69,2,2,1,0,1,4,0,0,1,0,0,0,1,0,1,0,0,0,0,0,0,0,0,0,0,4,2,4,17,0,3,7,4,3,293,112,0,46,3,83,38,2,0,4,4,0,0,1,36,3,17,11,0,0,4,0,1,0,0,0,0,0,0,0,15,0,0,4,0,0,0,0,0,0,0,2,1,0,0,8,2,2,5,5,0,0
"OL8  4",8083,6371,0,0,0,0,0,0,0,0,0,8,6,0,65,5,6,40,1,4,1,4,1,0,0,0,3,0,0,0,0,0,0,0,13,0,0,13,0,0,0,0,0,1,1,5,133,1,19,5,105,3,1407,474,1,354,26,458,57,0,0,0,6,4,0,27,31,4,8,15,1,0,0,1,0,0,2,0,0,0,0,0,27,1,2,1,0,0,0,1,2,0,2,3,0,3,1,11,2,2,13,11,2,0
"OL9  0",8389,7918,0,0,0,0,0,0,0,0,0,3,7,1,38,4,9,11,4,4,0,0,0,2,0,1,1,0,0,0,2,0,0,0,6,2,2,2,0,0,0,0,0,3,2,2,9,0,2,0,7,0,375,13,0,5,0,341,9,0,0,0,0,2,0,5,18,1,6,4,0,0,0,3,0,3,1,0,0,0,0,0,5,0,0,0,0,0,0,0,2,0,0,0,0,0,1,2,0,0,2,2,0,0
"OL9  6",6881,3625,0,1,0,0,0,0,0,0,1,8,14,0,45,3,1,24,2,0,0,12,1,2,0,0,0,0,0,0,0,0,0,0,3,0,1,1,0,1,0,0,0,0,3,4,55,0,23,17,15,0,3004,59,3,49,4,2856,18,0,0,0,0,0,0,15,12,3,0,6,0,0,0,0,0,3,0,0,1,0,0,0,97,0,27,21,0,0,0,0,4,1,1,7,0,7,1,28,8,8,1,0,1,0
"OL9  7",6147,4524,0,0,0,0,0,0,0,0,0,11,13,13,85,6,1,54,10,3,0,2,6,1,0,0,1,0,0,0,1,0,0,0,5,1,0,3,1,0,0,0,0,2,1,13,329,0,15,6,307,1,1099,455,6,240,7,326,20,0,2,6,5,0,0,32,10,1,3,6,0,0,0,0,0,0,0,0,0,0,0,0,36,2,6,5,0,0,0,1,2,6,0,4,0,0,3,7,3,3,3,3,0,0
"OL9  8",9149,8756,1,0,0,0,0,0,0,0,0,4,4,1,90,3,3,38,5,4,0,3,8,19,3,1,2,0,0,0,0,0,0,1,1,0,0,0,0,1,0,0,0,0,1,6,9,0,3,2,4,0,223,39,0,29,3,135,10,0,0,0,5,2,0,0,29,0,22,4,0,0,2,1,0,0,0,0,0,0,0,0,22,0,1,4,0,0,0,2,6,0,0,4,0,0,0,5,0,0,2,2,0,0
"OL9  9",8854,8542,0,1,1,0,0,0,0,0,0,9,3,1,34,3,1,16,3,2,0,0,0,3,0,4,0,0,0,0,0,1,1,0,2,0,0,2,0,0,0,0,0,3,0,0,18,0,0,4,14,0,196,14,2,8,0,164,6,0,0,0,0,0,0,2,38,2,19,9,0,0,2,1,0,4,1,0,0,0,0,0,5,0,1,0,0,0,0,1,0,0,0,0,0,0,0,3,2,2,0,0,0,0
"OX1  1",3173,2376,0,0,0,0,0,0,0,0,0,56,30,63,224,35,62,37,4,2,9,3,1,4,4,31,9,4,4,9,2,0,0,4,26,4,11,3,4,4,0,0,0,36,17,49,32,8,1,15,3,5,69,5,12,13,0,31,0,0,0,1,0,0,5,2,187,28,18,69,22,11,1,25,8,1,4,0,0,0,0,0,5,2,0,0,0,0,0,0,1,0,0,1,0,0,0,1,0,0,3,1,2,0
"OX1  2",1577,1280,1,0,0,0,0,0,0,0,0,27,9,17,109,13,32,10,1,4,8,1,2,1,1,18,9,4,2,3,0,0,0,0,6,2,2,1,0,1,0,0,0,6,5,18,10,4,1,2,0,3,25,1,5,3,0,14,0,0,0,0,1,0,0,1,63,0,4,32,6,12,1,5,2,1,0,0,0,0,0,0,1,0,0,0,0,0,0,0,0,0,0,0,0,0,0,1,0,0,0,0,0,0
"OX1  3",7405,6394,10,1,0,0,0,1,0,0,0,67,18,36,415,35,144,59,10,6,14,4,0,12,11,45,21,14,13,8,5,6,4,4,28,3,6,1,3,15,0,0,0,25,8,16,23,8,0,6,1,8,45,9,17,2,0,3,1,1,0,3,2,5,0,2,305,37,32,167,22,18,3,20,4,1,1,0,0,0,0,0,12,2,0,1,0,0,2,1,0,0,0,1,3,0,0,2,2,2,0,0,0,0
"OX1  4",6982,5883,2,2,0,0,0,0,0,2,0,87,39,70,454,61,125,82,20,18,13,21,3,20,13,16,25,15,7,7,1,0,1,6,22,8,4,2,0,8,0,0,0,31,8,31,30,7,2,8,1,12,140,18,14,49,2,47,4,0,0,3,1,0,1,1,161,15,11,78,20,10,3,10,3,4,7,0,0,0,0,0,18,0,0,0,0,0,0,2,3,5,0,0,5,0,0,3,4,4,0,0,0,0
"OX1  5",5994,5748,2,0,0,0,0,0,0,0,0,26,9,16,94,5,21,28,7,2,11,0,0,3,2,1,5,2,6,1,0,0,0,0,9,2,2,0,3,2,0,0,0,9,2,10,10,0,0,9,1,0,33,8,4,5,0,11,0,2,0,1,0,0,2,0,17,0,3,5,4,0,0,2,0,3,0,0,0,0,0,0,7,2,0,0,0,0,0,0,2,0,0,1,1,0,0,1,0,0,2,1,0,1
"OX10 0",5355,5160,3,1,1,0,0,0,0,0,0,12,7,5,110,15,6,54,5,1,6,4,0,6,4,0,4,1,2,1,0,0,1,0,1,1,0,0,0,0,0,0,0,4,3,1,1,0,0,1,0,0,14,0,0,0,0,5,0,0,0,2,0,0,7,0,22,0,6,4,1,1,0,7,0,3,0,0,0,0,0,0,6,0,0,0,0,0,0,0,4,0,0,0,1,0,1,0,3,3,2,0,0,2
"OX10 6",6518,6429,1,0,0,0,0,0,0,0,0,3,1,2,49,3,6,23,1,3,4,0,0,5,0,0,2,0,2,0,0,0,0,0,0,0,0,0,0,0,0,0,0,1,0,1,1,0,0,0,0,1,6,0,1,0,0,0,2,0,0,0,0,1,2,0,15,0,3,2,1,0,0,4,0,5,0,2,0,0,0,0,6,0,0,0,0,0,0,0,0,0,0,4,1,0,0,1,0,0,1,0,0,1
"OX10 7",5010,4775,0,0,0,0,0,0,0,0,0,21,8,3,90,0,15,24,2,2,5,0,1,7,1,2,25,0,4,1,0,0,0,1,3,1,0,0,0,2,1,1,0,2,0,1,1,0,0,0,1,0,72,4,1,0,0,9,0,0,0,0,47,0,9,2,27,1,1,1,1,0,1,2,0,18,2,0,0,0,0,0,6,0,0,1,0,0,0,0,0,0,0,1,0,0,0,4,0,0,0,0,0,0
"OX10 8",3093,2996,1,0,0,0,0,0,0,0,0,9,5,4,53,3,12,18,2,2,10,1,1,2,0,0,2,0,0,0,0,0,0,0,2,0,0,0,0,2,0,0,0,3,1,1,1,1,0,0,0,0,9,0,0,0,0,5,0,0,0,1,3,0,0,0,1,0,0,0,0,1,0,0,0,0,0,0,0,0,0,0,6,0,0,0,0,0,0,0,0,0,0,0,5,0,0,1,1,1,0,0,0,0
"OX10 9",5348,5240,1,0,0,0,0,0,0,0,0,19,2,8,48,6,9,11,1,3,0,0,0,3,0,1,10,3,0,1,0,0,0,0,3,0,1,0,0,2,0,0,0,0,1,0,0,0,0,0,0,0,8,1,0,0,0,0,4,0,0,3,0,0,0,0,15,0,4,5,2,0,0,2,1,1,0,0,0,0,0,0,3,0,0,0,0,0,0,0,0,0,0,0,0,0,0,3,0,0,0,0,0,0
"OX11 0",5243,5125,2,0,0,0,0,0,0,0,0,8,2,6,54,0,19,14,2,2,1,4,0,1,6,0,3,1,0,0,0,0,0,1,1,1,0,0,0,0,0,0,0,4,4,7,2,0,1,1,0,0,11,0,0,5,0,2,2,0,0,0,0,2,0,0,10,0,1,5,0,0,0,4,0,0,0,0,0,0,0,0,6,0,0,0,0,0,0,0,0,0,0,1,3,2,0,0,0,0,1,1,0,0
"OX11 7",12450,11753,5,1,1,0,0,0,0,0,0,34,27,17,362,15,20,226,38,13,18,5,0,3,6,3,6,4,3,1,0,0,1,0,10,1,3,1,0,5,0,0,0,16,8,16,9,0,5,3,0,1,122,11,19,7,0,15,7,0,3,5,11,3,38,3,51,3,0,28,2,2,0,7,1,6,2,2,0,0,0,0,13,0,0,0,0,1,0,0,4,0,0,2,4,0,1,1,1,1,3,3,0,0
"OX11 8",8477,8028,1,4,0,0,0,0,0,4,0,27,6,11,259,14,15,114,51,6,13,8,8,12,6,2,3,1,4,0,2,0,0,0,6,0,3,2,1,0,0,0,0,17,0,2,6,0,3,1,0,2,55,1,8,1,0,8,5,0,0,4,5,1,18,4,36,3,11,12,0,0,0,7,0,1,2,0,0,0,0,0,11,0,0,0,0,2,0,1,0,0,0,2,1,1,1,3,4,4,4,1,1,2
"OX11 9",5535,5373,1,0,0,0,0,0,0,0,0,14,2,4,88,6,6,27,17,2,10,0,3,2,0,2,5,5,0,3,0,0,0,0,3,1,0,1,0,1,0,0,0,6,0,0,0,0,0,0,0,0,22,2,2,2,0,5,1,0,1,4,0,0,5,0,11,0,3,2,2,0,0,2,0,2,0,0,0,0,0,0,8,0,0,0,0,1,0,0,0,0,0,0,3,0,1,3,0,0,3,2,0,1
"OX12 0",5955,5839,4,0,0,0,0,0,0,0,0,9,10,5,54,3,14,10,1,1,5,3,0,0,6,3,2,3,0,0,2,1,0,0,0,0,0,0,0,0,0,0,0,1,1,0,0,0,0,0,0,0,10,0,0,0,0,1,0,0,0,2,0,0,7,0,17,2,2,0,1,2,0,5,0,4,1,0,0,0,0,0,4,0,0,0,0,0,2,0,0,0,0,2,0,0,0,0,1,1,0,0,0,0
"OX12 7",5147,5068,5,1,1,0,0,0,0,0,0,11,1,4,29,3,5,3,1,0,0,1,0,3,1,2,2,0,6,1,1,0,0,0,1,1,0,0,0,0,0,0,0,0,1,0,0,0,0,0,0,0,9,0,2,4,0,0,0,0,0,0,0,0,3,0,14,2,0,6,5,0,0,0,0,1,0,0,0,0,0,0,1,0,0,0,0,0,0,0,0,0,0,0,0,0,0,1,0,0,2,2,0,0
"OX12 8",4659,4558,3,0,0,0,0,0,0,0,0,9,5,8,48,6,10,15,2,0,5,3,0,1,0,0,4,0,0,0,0,0,2,0,0,0,0,0,0,0,0,0,0,1,1,1,0,0,0,0,0,0,10,2,5,0,0,0,0,0,0,0,2,0,0,1,8,2,0,2,0,0,0,4,0,0,0,0,0,0,0,0,3,0,0,0,0,0,0,0,0,0,0,0,1,0,0,2,0,0,4,2,2,0
"OX12 9",8644,8442,3,1,0,0,0,0,0,1,0,19,13,10,82,4,29,22,2,2,2,2,0,3,0,1,5,6,3,1,0,0,0,0,2,0,1,1,0,0,0,0,0,6,2,1,5,0,0,0,0,5,34,1,18,13,0,0,0,0,0,1,0,0,0,1,14,1,0,3,4,1,0,4,0,1,0,0,0,0,0,0,8,0,0,0,0,0,0,0,0,0,0,0,6,0,0,2,0,0,2,2,0,0
"OX13 5",4630,4511,3,0,0,0,0,0,0,0,0,14,1,1,59,1,10,10,4,4,2,0,0,3,6,2,5,5,6,1,0,0,0,0,4,1,0,0,1,2,0,0,0,4,3,2,0,0,0,0,0,0,1,1,0,0,0,0,0,0,0,0,0,0,0,0,13,0,0,4,4,0,0,4,0,0,1,0,0,0,0,0,12,0,0,0,0,0,0,0,0,0,0,0,0,0,12,0,2,2,0,0,0,0
"OX13 6",8304,7968,2,0,0,0,0,0,0,0,0,30,4,16,71,3,13,21,1,0,3,0,0,9,0,3,12,0,1,1,1,0,3,0,5,0,3,1,0,1,0,0,0,10,3,0,2,0,1,1,0,0,113,3,2,6,0,4,1,0,0,0,2,0,94,1,25,3,0,8,3,2,0,6,1,0,2,6,0,3,1,2,41,0,0,0,0,10,3,4,1,0,0,8,6,5,2,2,2,2,3,2,0,1
"OX14 1",9635,9188,0,0,0,0,0,0,0,0,0,40,14,19,159,15,48,43,6,1,10,4,0,8,1,1,7,5,3,6,0,0,0,1,8,1,6,0,0,1,0,0,0,17,2,9,7,1,0,4,0,2,70,4,10,6,0,12,4,3,2,10,3,0,12,4,84,4,19,37,10,3,0,2,3,6,0,0,0,0,0,0,13,0,0,0,0,4,0,0,2,0,0,1,4,0,2,0,1,1,4,4,0,0
"OX14 2",7968,7647,1,0,0,0,0,0,0,0,0,41,7,19,132,22,18,44,6,2,6,0,2,12,0,5,8,3,0,2,0,1,1,0,12,4,6,1,0,1,0,0,0,17,3,7,7,0,0,7,0,0,31,6,5,3,0,4,5,0,1,3,2,2,0,0,37,0,3,27,5,0,0,2,0,0,0,0,0,0,0,0,4,0,0,0,1,0,0,0,0,0,0,0,3,0,0,0,3,3,0,0,0,0
"OX14 3",7967,7437,3,2,0,0,0,1,0,1,0,76,21,12,230,25,41,78,7,5,15,7,0,19,8,1,13,8,2,1,0,0,0,0,15,1,7,1,1,5,1,1,0,18,1,19,14,1,1,8,3,1,44,12,2,1,0,4,0,0,4,8,2,0,10,1,65,2,2,25,5,7,0,9,5,8,2,1,0,0,0,0,5,0,0,0,0,2,0,0,3,0,0,0,0,0,0,0,1,1,2,2,0,0
"OX14 4",7628,7318,1,1,1,0,0,0,0,0,0,84,9,6,161,12,57,41,2,2,2,2,0,1,0,4,20,2,13,0,0,0,0,3,2,0,0,0,0,2,0,0,0,2,1,4,3,1,0,0,0,2,17,0,2,4,0,0,1,0,0,1,2,3,4,0,15,0,0,6,3,0,0,1,0,5,0,0,0,0,0,0,2,2,0,0,0,0,0,0,0,0,0,0,0,0,0,0,1,1,1,1,0,0
"OX14 5",9627,9065,1,2,0,0,0,0,0,2,0,62,24,23,267,24,43,130,4,3,8,5,2,19,0,5,10,3,4,0,0,4,2,1,4,0,1,0,2,1,0,0,0,14,23,6,15,0,0,12,1,2,51,8,1,2,0,15,1,0,0,3,4,0,16,1,54,2,7,17,4,4,2,12,4,1,1,0,0,0,0,0,10,0,0,0,0,1,0,0,2,1,0,2,3,0,0,1,1,1,5,2,1,2
"OX15 0",2614,2589,0,0,0,0,0,0,0,0,0,1,0,0,12,1,1,6,1,0,0,0,0,1,0,0,1,1,0,0,0,0,0,0,1,0,0,0,0,1,0,0,0,0,1,2,0,0,0,0,0,0,2,0,0,0,0,0,0,0,0,2,0,0,0,0,6,1,4,0,0,0,0,0,0,0,1,0,0,0,0,0,0,0,0,0,0,0,0,0,0,0,0,0,0,0,0,0,0,0,0,0,0,0
"OX15 4",6588,6495,1,0,0,0,0,0,0,0,0,6,1,5,40,7,7,12,0,0,2,0,0,5,0,0,3,2,2,0,0,0,0,0,1,0,0,0,0,1,0,0,0,3,0,1,5,0,0,3,1,1,3,0,0,1,0,0,0,0,0,0,0,0,1,1,23,4,0,5,4,2,0,4,1,0,3,0,0,0,0,0,4,0,0,0,0,0,0,0,1,0,0,0,2,0,1,0,0,0,0,0,0,0
"OX15 5",5215,5152,0,0,0,0,0,0,0,0,0,6,1,3,14,1,6,0,0,0,2,0,0,1,0,1,0,1,1,1,0,0,0,0,1,0,0,0,0,1,0,0,0,1,1,1,6,0,0,6,0,0,0,0,0,0,0,0,0,0,0,0,0,0,0,0,27,3,2,17,4,0,0,0,0,0,1,0,0,0,0,0,2,0,0,0,0,0,0,0,2,0,0,0,0,0,0,0,0,0,0,0,0,0
"OX15 6",3215,3171,1,0,0,0,0,0,0,0,0,2,1,3,20,2,5,4,1,0,2,0,0,4,0,0,1,0,0,0,0,0,1,0,2,1,0,0,0,1,0,0,0,0,0,5,0,0,0,0,0,0,2,0,0,2,0,0,0,0,0,0,0,0,0,0,7,2,0,1,1,0,0,1,0,2,0,0,0,0,0,0,1,0,0,0,0,0,0,0,0,0,0,1,0,0,0,0,0,0,0,0,0,0
"OX16 0",10745,9869,1,0,0,0,0,0,0,0,0,10,32,7,363,1,7,302,6,6,2,3,9,19,1,1,3,2,0,0,0,0,0,1,7,4,2,1,0,0,0,0,0,7,8,5,11,1,5,5,0,0,366,148,3,157,10,3,1,0,0,7,33,1,0,3,44,4,7,8,3,1,3,3,0,14,1,0,0,0,0,0,8,0,0,0,0,0,0,0,1,0,0,3,0,2,0,2,5,5,2,2,0,0
"OX16 1",9921,9209,0,0,0,0,0,0,0,0,0,12,34,13,396,12,12,327,7,7,5,4,1,15,0,0,2,0,1,1,1,0,1,0,6,6,0,0,0,0,0,0,0,11,4,3,12,0,1,4,5,2,183,87,0,71,3,1,0,0,0,1,8,1,0,11,28,0,3,11,2,0,1,9,0,2,0,0,0,0,0,0,9,0,0,0,0,2,0,0,0,0,0,1,1,0,0,5,1,1,0,0,0,0
"OX16 2",2604,2315,1,0,0,0,0,0,0,0,0,12,11,4,173,8,3,127,5,3,12,2,0,6,0,0,2,0,0,5,0,0,0,0,4,3,1,0,0,0,0,0,0,3,0,1,1,0,0,0,0,1,38,6,1,17,0,1,0,0,0,3,7,0,2,1,20,0,0,6,0,0,4,7,0,1,2,0,0,0,0,0,16,0,0,0,0,1,0,0,2,0,0,1,4,0,1,7,1,1,4,2,0,2
"OX16 3",4705,3888,1,0,0,0,0,0,0,0,0,21,20,7,432,14,8,335,6,5,11,6,14,20,3,4,2,3,1,0,0,0,0,0,2,1,0,0,0,1,0,0,0,3,1,3,9,0,8,1,0,0,263,138,5,97,3,1,5,0,0,12,1,0,1,0,40,4,3,10,3,0,0,4,6,6,4,0,0,0,0,0,15,0,0,0,0,0,0,1,1,0,0,9,2,0,1,1,0,0,0,0,0,0
"OX16 4",3395,2909,1,0,0,0,0,0,0,0,0,8,15,10,295,7,3,226,5,9,6,3,0,19,1,10,2,2,0,1,0,0,0,1,5,3,0,0,1,1,0,0,0,0,6,6,2,0,0,1,0,1,100,32,4,36,1,8,0,0,3,9,5,2,0,0,21,0,3,8,1,0,2,2,4,0,1,0,0,0,0,0,14,0,0,0,0,0,0,0,1,0,0,7,0,0,2,4,2,2,1,0,0,1
"OX16 5",2463,2070,0,1,1,0,0,0,0,0,0,20,10,7,199,9,10,123,9,0,3,2,8,17,4,4,4,0,2,0,2,1,0,1,2,2,0,0,0,0,0,0,0,3,4,3,5,0,5,0,0,0,85,9,5,15,0,2,1,2,3,2,40,0,3,3,38,1,1,2,0,0,3,14,0,17,0,0,0,0,0,0,15,0,0,0,0,0,4,2,0,0,0,2,3,1,1,2,1,1,0,0,0,0
"OX16 9",10726,10324,0,1,0,0,0,1,0,0,0,16,8,14,169,17,13,90,1,6,1,7,0,23,3,1,6,1,0,0,0,0,0,0,4,0,0,1,1,2,0,0,0,6,1,6,2,1,0,1,0,0,106,22,0,48,0,5,5,0,3,1,20,0,0,2,55,0,1,9,0,1,0,13,1,26,4,0,0,0,0,0,10,0,0,0,0,0,0,2,0,0,0,0,5,1,0,2,0,0,4,2,0,2
"OX17 1",4191,4151,1,1,0,0,0,0,0,1,0,7,2,3,14,3,3,1,2,0,0,0,0,2,0,0,1,1,0,1,0,0,0,0,2,1,1,0,0,0,0,0,0,0,0,1,0,0,0,0,0,0,2,0,0,0,0,0,0,0,0,0,2,0,0,0,3,0,0,0,0,0,0,3,0,0,0,0,0,0,0,0,2,1,0,0,0,0,0,0,0,0,0,0,1,0,0,0,1,1,1,0,0,1
"OX17 2",6391,6344,0,0,0,0,0,0,0,0,0,2,4,1,22,2,7,5,0,0,1,0,1,3,0,0,1,1,1,0,0,0,0,0,0,0,0,0,0,0,0,0,0,1,0,0,0,0,0,0,0,0,0,0,0,0,0,0,0,0,0,0,0,0,0,0,7,0,1,3,2,0,0,1,0,0,0,0,0,0,0,0,6,0,0,0,0,0,0,0,0,0,2,0,4,0,0,0,0,0,4,3,0,1
"OX17 3",5919,5857,1,1,1,0,0,0,0,0,0,2,1,10,21,1,6,6,1,2,1,0,0,0,0,1,2,1,0,0,0,0,0,0,1,0,0,0,0,1,0,0,0,3,1,0,4,0,0,3,0,1,5,0,0,1,1,3,0,0,0,0,0,0,0,0,6,0,1,2,1,0,0,1,0,1,0,0,0,0,0,0,3,0,0,0,0,0,2,0,0,0,0,0,1,0,0,0,1,1,2,2,0,0
"OX18 1",6443,6259,0,0,0,0,0,0,0,0,0,3,16,2,107,2,3,61,12,1,0,2,1,17,2,2,2,1,1,0,0,0,0,0,1,0,1,0,0,0,0,0,0,2,8,1,1,0,0,0,0,1,11,0,0,0,0,4,0,0,0,0,0,1,6,0,11,0,0,2,0,2,0,1,0,6,0,0,0,0,0,0,16,1,0,0,0,0,0,0,0,0,0,7,3,0,0,5,2,2,3,1,0,2
"OX18 2",5377,5327,0,1,0,0,0,0,0,1,0,3,6,3,20,4,6,5,0,0,0,0,2,0,0,0,3,0,0,0,0,0,0,0,2,2,0,0,0,0,0,0,0,1,5,0,2,0,0,2,0,0,0,0,0,0,0,0,0,0,0,0,0,0,0,0,3,0,0,0,1,0,0,1,0,0,1,0,0,0,0,0,0,0,0,0,0,0,0,0,0,0,0,0,0,0,0,0,0,0,4,3,1,0
"OX18 3",9463,9226,6,0,0,0,0,0,0,0,0,7,21,6,107,4,6,56,8,3,0,5,0,11,4,3,0,2,1,3,0,0,1,0,2,0,2,0,0,0,0,0,0,1,4,1,3,0,0,1,0,2,33,5,0,6,0,6,0,0,0,3,3,0,10,0,28,0,0,8,0,1,1,3,1,14,0,0,0,0,0,0,12,0,0,0,0,0,0,2,1,0,0,3,1,0,0,5,1,1,5,1,0,4
"OX18 4",2933,2866,1,0,0,0,0,0,0,0,0,5,1,2,46,3,4,13,2,2,7,0,0,0,1,0,2,2,9,1,0,0,0,0,1,0,1,0,0,0,0,0,0,1,0,0,0,0,0,0,0,0,1,0,0,0,0,0,0,0,0,0,0,0,1,0,9,0,0,3,2,0,0,1,0,3,0,0,0,0,0,0,0,0,0,0,0,0,0,0,0,0,0,0,0,0,0,0,0,0,0,0,0,0
"OX2  0",3795,3243,0,0,0,0,0,0,0,0,0,58,20,43,221,26,47,58,13,8,7,2,4,21,8,5,10,4,2,1,0,2,2,1,14,3,5,1,0,5,0,0,0,14,8,22,20,8,0,6,0,6,78,34,7,7,0,21,0,0,0,0,0,2,4,3,44,7,3,11,11,5,1,2,2,2,0,0,0,0,0,0,9,0,0,0,0,0,0,0,2,0,0,2,3,0,1,1,0,0,1,0,1,0
"OX2  6",10563,8769,5,1,1,0,0,0,0,0,0,128,53,173,676,90,219,73,9,11,22,6,2,18,17,69,53,25,27,18,7,3,1,6,63,11,26,7,1,18,0,0,0,92,27,30,47,14,0,16,2,15,91,28,16,9,0,16,0,1,0,5,6,1,4,5,388,22,30,184,54,46,3,15,13,14,7,0,0,0,0,0,15,0,0,0,0,0,0,1,8,0,0,3,3,0,0,0,5,5,0,0,0,0
"OX2  7",9131,7781,6,0,0,0,0,0,0,0,0,79,61,122,453,76,148,81,9,6,7,7,0,26,8,24,18,14,4,8,1,9,1,6,68,22,23,4,1,18,0,0,0,83,12,54,76,16,2,24,16,18,73,12,6,8,0,23,3,4,1,3,4,7,1,1,235,11,30,114,33,16,2,13,11,4,1,0,0,0,0,0,22,1,0,0,0,1,1,3,9,0,0,0,1,1,3,2,2,2,4,2,0,2
"OX2  8",5805,5171,0,0,0,0,0,0,0,0,0,42,39,43,216,34,40,51,3,12,8,2,2,22,1,3,8,13,6,4,0,2,2,3,16,5,8,0,0,3,0,0,0,42,8,38,23,5,0,12,0,6,34,6,0,3,0,7,6,0,0,9,2,0,1,0,116,13,21,46,15,9,1,7,1,2,1,0,0,0,0,0,17,2,0,0,0,0,0,0,0,0,0,7,1,0,4,3,0,0,0,0,0,0
"OX2  9",9246,8569,0,0,0,0,0,0,0,0,0,34,22,45,274,32,50,96,16,17,3,3,5,17,5,4,13,3,3,6,0,1,0,0,21,8,7,2,2,2,0,0,0,23,12,16,36,1,2,24,7,2,69,8,3,5,0,19,7,0,3,7,1,0,15,1,112,4,19,41,14,9,3,9,4,6,3,2,0,0,0,0,10,0,0,0,0,0,0,0,3,0,0,1,4,0,0,2,1,1,0,0,0,0
"OX20 1",4574,4407,0,0,0,0,0,0,0,0,0,14,15,8,86,5,3,45,7,1,2,2,0,6,2,3,4,1,2,1,1,0,0,1,3,1,0,0,0,2,0,0,0,1,1,0,5,3,0,2,0,0,10,0,0,0,0,2,0,0,0,4,3,0,1,0,17,4,0,1,5,2,0,1,1,1,2,0,0,0,0,0,6,0,0,0,0,0,0,0,1,0,0,0,4,0,0,1,0,0,1,1,0,0
"OX25 1",2370,2271,0,1,0,0,0,0,0,1,0,4,1,1,34,0,4,17,1,2,3,1,0,1,2,0,0,0,3,0,0,0,0,0,2,0,1,0,1,0,0,0,0,2,3,3,4,2,1,1,0,0,20,6,1,8,0,2,0,0,0,1,0,0,2,0,16,0,2,3,0,0,10,0,0,0,1,0,0,0,0,0,7,0,0,1,0,0,0,0,0,0,0,2,1,0,1,2,0,0,1,0,0,1
"OX25 2",2330,2256,0,0,0,0,0,0,0,0,0,2,0,13,18,3,6,3,0,1,1,0,0,2,0,1,0,1,0,0,0,0,0,0,0,0,0,0,0,0,0,0,0,0,0,0,5,0,0,3,0,2,4,0,0,1,0,0,0,0,0,0,0,0,3,0,9,1,0,1,1,0,0,1,0,5,0,17,0,0,0,0,4,0,0,0,0,0,0,0,2,0,0,0,0,0,0,2,0,0,2,2,0,0
"OX25 3",513,501,0,0,0,0,0,0,0,0,0,6,1,0,4,0,1,1,0,1,0,0,0,0,0,0,0,1,0,0,0,0,0,0,0,0,0,0,0,0,0,0,0,0,0,0,0,0,0,0,0,0,0,0,0,0,0,0,0,0,0,0,0,0,0,0,1,0,0,1,0,0,0,0,0,0,0,0,0,0,0,0,0,0,0,0,0,0,0,0,0,0,0,0,0,0,0,0,0,0,0,0,0,0
"OX25 4",1235,1212,0,0,0,0,0,0,0,0,0,2,2,2,12,2,1,2,1,0,2,0,0,2,0,1,0,1,0,0,0,0,0,0,0,0,0,0,0,0,0,0,0,0,0,0,3,0,0,3,0,0,1,0,0,0,0,0,0,0,0,0,0,0,1,0,1,0,0,0,1,0,0,0,0,0,0,0,0,0,0,0,0,0,0,0,0,0,0,0,0,0,0,0,0,0,0,0,0,0,0,0,0,0
"OX25 5",1717,1646,0,1,0,0,0,0,0,1,0,2,23,2,33,6,1,11,1,4,0,0,0,2,0,0,4,0,3,0,0,0,0,1,2,0,1,0,0,1,0,0,0,0,2,1,1,0,1,0,0,0,1,0,0,1,0,0,0,0,0,0,0,0,0,0,2,0,0,0,0,0,0,1,0,1,0,0,0,0,0,0,1,0,0,0,0,0,0,0,0,0,0,0,1,0,0,0,0,0,0,0,0,0
"OX25 6",1069,1051,0,0,0,0,0,0,0,0,0,0,0,0,16,0,1,3,0,2,1,0,0,2,0,1,0,5,1,0,0,0,0,0,1,0,0,0,0,1,0,0,0,0,0,0,0,0,0,0,0,0,0,0,0,0,0,0,0,0,0,0,0,0,0,0,1,0,0,0,0,0,0,0,0,1,0,0,0,0,0,0,0,0,0,0,0,0,0,0,0,0,0,0,0,0,0,0,0,0,0,0,0,0
"OX26 1",829,817,1,0,0,0,0,0,0,0,0,1,0,3,0,0,0,0,0,0,0,0,0,0,0,0,0,0,0,0,0,0,0,0,0,0,0,0,0,0,0,0,0,0,0,0,0,0,0,0,0,0,0,0,0,0,0,0,0,0,0,0,0,0,0,0,4,0,0,1,1,0,0,1,0,1,0,0,0,0,0,0,3,1,0,0,0,0,0,0,0,0,0,0,2,0,0,0,0,0,0,0,0,0
"OX26 2",8787,8402,3,0,0,0,0,0,0,0,0,11,25,9,155,2,7,89,16,4,11,6,4,4,2,0,2,2,2,1,0,0,3,0,5,0,5,0,0,0,1,1,0,20,3,7,6,0,1,4,1,0,90,18,5,4,0,8,4,1,0,13,23,0,13,1,39,4,1,10,3,2,0,6,2,7,4,0,0,0,0,0,7,1,0,0,0,0,0,0,2,0,0,3,0,0,1,0,1,1,3,3,0,0
"OX26 3",6657,6294,0,0,0,0,0,0,0,0,0,13,20,15,207,16,16,104,2,5,26,7,7,5,5,3,2,1,2,4,0,0,0,2,5,1,0,0,4,0,0,0,0,14,9,3,0,0,0,0,0,0,28,3,2,6,0,0,6,0,0,1,5,0,2,3,40,5,2,8,6,0,0,0,0,15,4,0,0,0,0,0,9,0,0,0,0,0,0,0,0,0,0,2,7,0,0,0,0,0,0,0,0,0
"OX26 4",5581,5326,2,1,0,0,0,0,0,1,0,5,33,7,123,4,3,70,8,3,8,4,4,6,3,1,1,3,0,0,4,0,0,1,8,0,4,0,2,2,0,0,0,12,1,2,0,0,0,0,0,0,23,2,1,10,0,2,1,0,0,0,7,0,0,0,32,1,1,11,0,1,0,5,0,13,0,0,0,0,0,0,6,0,0,0,0,0,0,0,0,0,0,0,5,0,0,1,0,0,0,0,0,0
"OX26 5",1178,1168,1,0,0,0,0,0,0,0,0,0,0,0,5,0,2,2,0,0,0,0,0,0,0,0,1,0,0,0,0,0,0,0,1,0,0,0,0,1,0,0,0,1,0,0,0,0,0,0,0,0,0,0,0,0,0,0,0,0,0,0,0,0,0,0,0,0,0,0,0,0,0,0,0,0,0,1,0,0,0,0,0,0,0,0,0,0,0,0,0,0,0,0,0,0,0,0,1,1,0,0,0,0
"OX26 6",8939,8316,3,1,0,0,0,0,0,1,0,21,39,19,339,15,14,210,23,10,23,6,4,3,9,9,7,1,1,0,3,0,0,1,8,2,3,0,2,1,0,0,0,21,7,6,2,0,0,2,0,0,57,4,2,11,0,8,2,0,0,7,9,1,11,2,71,4,6,26,5,2,3,8,0,16,1,9,0,0,0,0,13,0,0,0,1,0,0,0,1,0,0,3,2,1,0,5,2,2,5,3,0,2
"OX27 0",933,926,0,0,0,0,0,0,0,0,0,0,0,0,6,0,0,0,0,1,0,0,0,0,0,0,1,4,0,0,0,0,0,0,0,0,0,0,0,0,0,0,0,1,0,0,0,0,0,0,0,0,0,0,0,0,0,0,0,0,0,0,0,0,0,0,0,0,0,0,0,0,0,0,0,0,0,0,0,0,0,0,0,0,0,0,0,0,0,0,0,0,0,0,0,0,0,0,0,0,0,0,0,0
"OX27 7",2020,1988,0,0,0,0,0,0,0,0,0,1,4,3,14,1,3,4,0,0,1,0,1,0,3,0,1,0,0,0,0,0,0,0,1,1,0,0,0,0,0,0,0,2,1,0,0,0,0,0,0,0,2,0,2,0,0,0,0,0,0,0,0,0,0,0,3,0,0,0,1,1,0,0,0,1,0,0,0,0,0,0,1,0,0,0,0,0,0,0,0,0,0,0,1,0,0,0,0,0,0,0,0,0
"OX27 8",2763,2680,1,0,0,0,0,0,0,0,0,5,8,9,27,3,3,15,1,0,1,0,0,0,0,3,0,0,1,0,0,0,0,0,0,0,0,0,0,0,0,0,0,2,0,1,4,0,0,4,0,0,5,0,0,0,0,0,3,0,0,0,0,0,2,0,12,1,1,3,1,3,1,0,0,2,0,7,0,0,0,0,2,0,0,0,0,0,0,0,0,0,0,0,0,0,1,1,0,0,0,0,0,0
"OX27 9",532,529,0,0,0,0,0,0,0,0,0,0,0,0,2,0,0,0,0,0,0,0,0,0,0,0,0,2,0,0,0,0,0,0,0,0,0,0,0,0,0,0,0,0,0,0,1,0,0,0,0,1,0,0,0,0,0,0,0,0,0,0,0,0,0,0,0,0,0,0,0,0,0,0,0,0,0,0,0,0,0,0,0,0,0,0,0,0,0,0,0,0,0,0,0,0,0,0,0,0,0,0,0,0
"OX28 1",7523,7207,1,1,0,0,0,0,0,1,0,13,24,10,162,4,8,102,9,4,4,4,6,11,0,2,6,0,1,0,0,1,0,0,5,0,1,0,0,4,0,0,0,5,4,1,2,1,0,1,0,0,21,1,0,1,0,3,9,0,0,0,0,1,6,0,57,3,9,5,7,4,0,8,0,20,1,0,0,0,0,0,8,0,0,0,0,0,1,1,0,0,0,3,2,0,1,0,2,2,0,0,0,0
"OX28 2",832,801,0,0,0,0,0,0,0,0,0,2,1,0,12,0,0,9,0,0,0,0,0,3,0,0,0,0,0,0,0,0,0,0,0,0,0,0,0,0,0,0,0,0,0,0,2,0,0,0,1,1,6,0,0,0,0,0,0,0,0,0,0,0,6,0,3,1,0,0,0,0,0,0,0,0,2,0,0,0,0,0,4,0,0,0,0,0,0,0,0,0,0,4,0,0,0,0,1,1,0,0,0,0
"OX28 3",2965,2881,0,1,0,0,0,1,0,0,0,4,0,2,57,2,4,34,4,0,0,1,1,2,3,0,0,2,0,2,0,1,0,1,1,0,0,0,0,1,0,0,0,0,1,0,1,0,0,0,0,1,6,0,0,0,0,2,0,2,0,0,2,0,0,0,9,0,1,2,1,0,0,2,0,3,0,0,0,0,0,0,2,0,0,0,0,0,0,0,0,0,0,0,1,0,0,1,0,0,0,0,0,0
"OX28 4",1544,1473,1,0,0,0,0,0,0,0,0,2,5,1,35,0,1,24,0,0,3,0,2,4,0,0,1,0,0,0,0,0,0,0,2,1,0,0,1,0,0,0,0,1,0,0,2,0,0,2,0,0,11,5,1,1,0,2,1,0,1,0,0,0,0,0,11,0,0,6,0,1,0,0,0,3,1,0,0,0,0,0,0,0,0,0,0,0,0,0,0,0,0,0,0,0,0,0,0,0,0,0,0,0
"OX28 5",8854,8402,0,0,0,0,0,0,0,0,0,9,13,4,284,5,5,206,13,5,11,4,4,9,16,0,2,2,1,1,0,0,0,0,0,0,0,0,0,0,0,0,0,8,7,3,4,3,0,1,0,0,65,3,0,0,0,19,10,0,0,0,29,2,2,0,44,3,4,16,5,2,2,0,0,8,4,0,0,0,0,0,6,0,0,0,0,0,0,0,0,0,0,5,1,0,0,0,4,4,1,1,0,0
"OX28 6",4685,4450,0,1,0,0,0,1,0,0,0,6,24,10,130,6,6,78,4,5,1,1,11,5,6,1,3,0,1,1,0,0,0,1,1,0,1,0,0,0,0,0,0,2,5,3,0,0,0,0,0,0,11,1,0,2,0,8,0,0,0,0,0,0,0,0,39,3,0,8,2,0,4,8,1,11,2,0,0,0,0,0,3,0,0,0,0,0,0,0,0,0,0,1,2,0,0,0,0,0,0,0,0,0
"OX29 0",1372,1350,0,0,0,0,0,0,0,0,0,0,0,0,13,1,1,2,0,0,1,1,0,6,0,0,1,0,0,0,0,0,0,0,0,0,0,0,0,0,0,0,0,0,0,0,1,0,0,0,0,1,0,0,0,0,0,0,0,0,0,0,0,0,0,0,8,0,2,0,0,0,0,0,0,6,0,0,0,0,0,0,0,0,0,0,0,0,0,0,0,0,0,0,0,0,0,0,0,0,0,0,0,0
"OX29 4",5228,5100,0,0,0,0,0,0,0,0,0,8,10,10,47,3,10,16,2,2,2,0,0,1,2,1,2,2,1,3,0,0,0,0,4,0,2,0,0,2,0,0,0,2,2,1,0,0,0,0,0,0,20,11,2,0,0,0,0,0,0,1,0,0,6,0,23,0,0,7,4,4,0,0,0,8,0,0,0,0,0,0,1,0,0,0,0,0,0,0,0,0,0,0,1,0,0,0,0,0,0,0,0,0
"OX29 5",1293,1274,0,0,0,0,0,0,0,0,0,1,0,0,9,1,2,4,0,0,0,0,0,0,0,0,0,1,1,0,0,0,0,0,0,0,0,0,0,0,0,0,0,1,0,0,0,0,0,0,0,0,1,1,0,0,0,0,0,0,0,0,0,0,0,0,3,1,0,0,1,1,0,0,0,0,0,0,0,0,0,0,4,0,0,0,0,0,0,0,0,0,0,3,1,0,0,0,0,0,0,0,0,0
"OX29 6",2392,2347,1,0,0,0,0,0,0,0,0,2,6,5,21,2,3,11,0,0,0,0,0,2,0,0,1,2,0,0,0,0,0,0,0,0,0,0,0,0,0,0,0,0,0,0,0,0,0,0,0,0,6,0,0,0,0,4,0,0,0,0,0,2,0,0,4,0,2,1,1,0,0,0,0,0,0,0,0,0,0,0,0,0,0,0,0,0,0,0,0,0,0,0,0,0,0,0,0,0,0,0,0,0
"OX29 7",3491,3437,1,0,0,0,0,0,0,0,0,4,0,2,31,2,1,15,0,1,1,0,0,3,0,0,6,1,0,1,0,0,0,0,1,1,0,0,0,0,1,1,0,0,0,0,0,0,0,0,0,0,5,0,0,0,0,0,0,0,0,0,5,0,0,0,8,0,1,2,1,0,0,0,1,3,0,0,0,0,0,0,1,0,0,0,0,0,0,0,0,0,0,0,0,0,0,1,0,0,0,0,0,0
"OX29 8",6297,6202,1,0,0,0,0,0,0,0,0,6,4,3,50,5,6,13,3,3,3,2,2,1,5,2,1,1,2,1,0,0,0,0,1,1,0,0,0,0,0,0,0,0,3,1,1,1,0,0,0,0,8,0,0,0,0,0,0,0,0,4,4,0,0,0,12,2,1,2,2,0,0,2,0,3,0,0,0,0,0,0,3,0,0,0,0,0,0,0,2,0,0,1,0,0,0,0,0,0,2,2,0,0
"OX29 9",2295,2267,1,0,0,0,0,0,0,0,0,2,2,3,10,1,0,6,0,0,0,0,0,0,0,0,1,1,1,0,0,0,0,0,2,0,0,0,0,2,0,0,0,0,1,0,0,0,0,0,0,0,1,0,0,0,0,1,0,0,0,0,0,0,0,0,6,0,3,0,0,0,0,2,0,1,0,0,0,0,0,0,0,0,0,0,0,0,0,0,0,0,0,0,0,0,0,0,0,0,0,0,0,0
"OX3  0",10781,8921,4,0,0,0,0,0,0,0,0,78,63,89,523,48,107,177,17,6,26,17,9,16,12,49,14,12,5,3,1,0,0,4,59,13,13,1,0,32,0,0,0,55,10,75,61,6,3,34,6,12,329,62,24,57,6,44,7,3,2,19,85,4,9,7,458,17,109,190,32,10,9,8,29,46,8,0,0,0,0,0,51,1,0,1,0,0,1,4,17,0,0,4,6,2,2,13,3,3,2,0,1,1
"OX3  7",10982,8902,2,0,0,0,0,0,0,0,0,94,78,76,651,57,81,226,40,25,12,33,5,31,28,45,17,16,15,14,1,2,1,2,62,27,11,6,3,15,0,0,0,39,13,126,107,1,17,43,28,18,345,75,12,42,3,36,10,7,4,33,75,5,37,6,430,28,28,166,32,7,11,25,20,98,15,0,0,0,0,0,48,2,2,2,0,3,0,2,3,7,0,4,3,0,0,20,5,5,4,2,0,2
"OX3  8",11336,9757,1,0,0,0,0,0,0,0,0,53,95,46,497,31,66,189,42,23,16,15,5,30,16,26,11,6,5,11,4,0,0,1,48,28,9,1,4,6,0,0,0,34,7,59,104,0,12,45,38,9,263,58,24,27,0,50,8,0,3,13,58,6,12,4,269,10,21,70,18,20,8,11,4,100,7,5,0,1,1,0,94,1,0,12,3,4,3,2,21,6,5,8,9,4,2,14,0,0,3,2,1,0
"OX3  9",8492,7289,1,2,1,0,0,0,0,1,0,58,48,31,291,33,20,144,13,4,8,7,2,22,7,12,7,3,1,3,1,1,3,0,52,20,21,1,3,7,0,0,0,22,3,37,30,1,8,14,3,4,285,42,18,17,0,78,4,2,9,12,72,5,21,5,256,4,22,76,17,4,0,9,4,112,8,0,0,0,0,0,76,1,4,2,0,6,10,6,23,0,0,3,3,2,2,14,6,6,5,4,1,0
"OX33 1",7411,7142,2,2,1,0,0,0,0,1,0,29,12,6,132,14,25,42,3,5,4,1,1,3,3,4,11,5,5,2,0,3,0,1,2,0,0,0,0,2,0,0,0,8,3,4,6,3,1,2,0,0,14,2,2,0,0,5,2,0,0,0,0,0,2,1,34,3,3,8,4,2,0,5,0,9,0,0,0,0,0,0,11,0,0,0,0,0,2,2,1,0,0,0,5,0,0,1,1,1,3,1,1,1
"OX39 4",6705,6641,2,0,0,0,0,0,0,0,0,2,4,4,27,1,9,5,1,4,1,0,0,1,1,0,2,2,0,0,0,0,0,0,2,0,0,0,1,1,0,0,0,4,1,0,0,0,0,0,0,0,7,0,0,3,0,4,0,0,0,0,0,0,0,0,10,2,0,4,0,0,0,1,0,2,1,0,0,0,0,0,0,0,0,0,0,0,0,0,0,0,0,0,0,0,0,0,0,0,1,0,0,1
"OX4  1",12626,10762,4,2,0,0,0,2,0,0,0,151,87,129,622,93,174,95,20,11,10,20,6,18,21,55,39,26,18,6,2,0,0,8,46,6,14,1,2,23,0,0,0,38,22,81,37,4,2,13,15,3,328,112,8,89,1,74,9,2,3,3,6,0,19,2,255,19,12,89,34,25,1,35,11,18,11,0,0,0,0,0,51,7,0,17,0,0,1,1,3,3,0,1,4,2,1,11,8,8,3,2,0,1
"OX4  2",9842,7801,2,3,2,0,0,0,0,1,0,66,172,71,671,80,54,319,36,16,16,43,12,33,8,17,18,9,1,2,1,1,0,5,61,33,18,0,6,4,0,0,0,27,6,95,113,0,29,22,54,8,492,166,16,146,3,81,7,1,3,16,17,1,33,2,166,8,13,48,12,14,3,4,6,39,19,0,0,0,0,0,89,3,8,17,0,0,3,6,18,0,0,8,1,7,4,14,4,4,3,2,1,0
"OX4  3",11709,9237,1,1,1,0,0,0,0,0,0,104,220,101,800,42,79,418,32,17,28,84,13,30,5,9,19,12,5,2,0,0,1,4,80,52,15,0,5,8,0,0,0,43,15,79,142,1,23,45,71,2,618,157,17,215,3,63,11,1,0,17,34,2,91,7,129,6,16,33,9,5,10,6,1,19,24,0,0,0,0,0,135,3,6,12,0,3,4,5,64,5,0,11,2,3,3,14,1,1,3,2,1,0
"OX4  4",12550,10732,1,4,1,0,0,1,0,2,0,49,98,49,479,36,68,214,22,18,11,30,2,20,11,17,19,2,6,1,0,0,1,1,70,50,13,1,2,4,0,0,0,18,8,94,83,1,15,29,27,11,611,134,14,138,0,170,9,0,6,10,12,3,110,5,114,3,6,40,10,12,8,4,3,14,14,1,0,0,0,0,125,1,5,16,0,4,18,3,29,1,4,18,2,4,2,18,8,8,6,6,0,0
"OX4  6",7342,6459,1,0,0,0,0,0,0,0,0,21,58,17,249,8,3,156,13,0,7,32,4,5,4,7,2,5,0,0,1,2,0,0,81,64,4,4,9,0,0,0,0,24,10,28,33,0,6,10,17,0,158,12,2,14,0,84,0,0,2,1,16,3,20,4,81,3,6,7,1,1,1,1,0,41,20,0,0,1,1,0,112,8,1,1,0,1,8,4,32,0,0,31,2,5,3,16,6,6,3,3,0,0
"OX4  7",5157,4609,1,0,0,0,0,0,0,0,0,23,37,16,168,10,6,118,3,2,1,12,2,7,0,2,0,2,0,1,0,0,0,2,28,21,7,0,0,0,0,0,0,11,7,29,24,0,11,10,3,0,82,11,5,12,0,39,0,0,0,1,6,0,6,2,57,1,4,3,0,0,2,2,4,39,2,0,0,1,1,0,56,0,1,0,0,0,10,0,11,3,0,11,0,1,0,19,2,2,6,4,1,1
"OX44 7",5241,5108,1,0,0,0,0,0,0,0,0,12,3,6,83,7,15,26,6,2,2,0,1,15,2,0,1,1,1,3,1,0,0,0,1,1,0,0,0,0,0,0,0,1,1,5,0,0,0,0,0,0,10,0,1,3,0,2,4,0,0,0,0,0,0,0,6,0,0,2,1,0,0,3,0,0,0,0,0,0,0,0,3,0,0,0,0,0,0,0,0,0,0,0,0,0,0,3,0,0,1,0,1,0
"OX44 9",2781,2719,0,0,0,0,0,0,0,0,0,5,4,9,28,3,6,6,2,0,0,1,0,0,3,1,3,1,1,0,0,0,1,0,2,0,0,2,0,0,0,0,0,2,0,0,0,0,0,0,0,0,8,1,1,2,1,0,3,0,0,0,0,0,0,0,3,0,0,0,1,0,2,0,0,0,0,0,0,0,0,0,1,0,0,0,0,0,0,0,0,0,0,0,1,0,0,0,0,0,0,0,0,0
"OX49 5",4158,4052,4,1,0,0,0,0,1,0,0,5,1,4,41,2,14,6,1,0,1,0,0,1,0,1,5,6,2,2,0,0,0,0,1,0,0,0,0,1,0,0,0,2,0,2,3,1,0,2,0,0,5,0,0,0,0,0,0,0,0,0,0,0,5,0,35,1,0,0,2,0,0,2,0,23,7,0,0,0,0,0,1,0,0,0,0,0,0,0,0,0,0,0,1,0,0,0,0,0,1,1,0,0
"OX5  1",11610,10723,4,2,1,0,0,0,0,1,0,40,115,30,192,18,15,78,17,7,11,5,1,14,6,4,12,1,1,1,1,0,0,0,10,3,3,0,0,4,0,0,0,18,10,56,50,0,3,43,3,1,210,45,7,58,1,37,8,1,20,15,7,0,3,8,125,5,9,62,5,10,3,4,6,16,5,0,0,0,0,0,24,2,1,0,2,1,0,3,2,1,0,7,0,1,2,2,0,0,1,1,0,0
"OX5  2",8187,7839,2,1,0,0,0,1,0,0,0,19,22,16,121,8,18,48,12,4,8,0,2,5,2,2,4,4,3,1,0,0,0,0,8,3,5,0,0,0,0,0,0,6,2,11,20,0,6,14,0,0,54,3,9,9,0,13,0,1,3,7,7,0,0,2,49,3,10,17,6,5,0,4,0,3,1,3,0,0,0,0,12,1,0,0,0,1,0,2,1,1,0,1,2,0,1,2,1,1,1,1,0,0
"OX5  3",2795,2753,0,0,0,0,0,0,0,0,0,5,3,3,15,2,0,3,0,0,3,1,0,1,2,1,0,1,1,0,0,0,0,0,1,0,0,0,0,1,0,0,0,1,1,0,2,2,0,0,0,0,8,0,0,0,0,0,0,3,0,0,5,0,0,0,3,0,0,1,0,0,0,1,0,0,1,0,0,0,0,0,0,0,0,0,0,0,0,0,0,0,0,0,0,0,0,0,0,0,0,0,0,0
"OX7  3",5093,5029,3,0,0,0,0,0,0,0,0,7,2,4,33,1,9,5,2,5,1,0,0,2,0,1,5,0,0,2,0,0,0,0,2,0,0,0,0,2,0,0,0,0,0,1,0,0,0,0,0,0,1,0,0,0,0,0,0,0,0,0,0,1,0,0,7,1,1,1,1,0,0,0,0,3,0,0,0,0,0,0,2,0,0,0,0,0,0,0,0,0,0,0,2,0,0,0,1,1,1,0,0,1
"OX7  4",1384,1342,0,1,0,0,0,1,0,0,0,1,0,0,23,4,1,8,0,3,0,0,0,3,0,0,0,0,4,0,0,0,0,0,0,0,0,0,0,0,0,0,0,2,0,4,0,0,0,0,0,0,2,0,0,0,0,0,0,0,0,0,1,0,1,0,9,0,0,0,1,0,0,1,0,7,0,0,0,0,0,0,0,0,0,0,0,0,0,0,0,0,0,0,0,0,0,0,0,0,0,0,0,0
"OX7  5",7660,7430,2,1,1,0,0,0,0,0,0,6,11,3,91,5,10,17,3,2,16,2,2,14,9,2,7,2,0,0,0,0,0,0,1,0,1,0,0,0,0,0,0,10,0,3,3,0,0,1,0,2,23,0,0,0,0,13,0,0,0,1,7,0,2,0,47,8,1,9,4,0,2,4,0,13,6,3,0,0,0,0,19,0,0,0,0,0,0,0,0,0,0,7,4,0,0,8,0,0,7,4,1,2
"OX7  6",6076,5964,1,0,0,0,0,0,0,0,0,10,5,5,60,1,12,17,4,3,5,1,0,4,2,0,5,1,3,0,0,0,0,2,3,0,0,3,0,0,0,0,0,2,0,1,1,0,0,0,0,1,10,0,0,0,0,0,4,0,0,0,5,0,1,0,13,1,1,8,0,0,0,1,0,0,2,0,0,0,0,0,1,0,0,0,0,0,0,0,0,0,0,1,0,0,0,0,0,0,0,0,0,0
"OX7  7",1909,1883,0,0,0,0,0,0,0,0,0,5,4,0,8,1,2,0,1,1,0,0,0,1,0,0,0,2,0,0,0,0,0,0,0,0,0,0,0,0,0,0,0,0,0,0,0,0,0,0,0,0,3,0,0,2,0,0,0,0,0,0,0,0,1,0,3,0,0,1,0,0,0,0,0,0,2,0,0,0,0,0,2,0,0,0,0,0,0,0,0,0,0,1,1,0,0,0,1,1,0,0,0,0
"OX9  2",3370,3280,0,0,0,0,0,0,0,0,0,8,4,4,50,0,7,26,2,0,0,0,0,6,0,2,1,1,3,1,0,0,1,0,1,0,0,0,0,1,0,0,0,6,1,4,0,0,0,0,0,0,4,0,0,1,0,0,3,0,0,0,0,0,0,0,7,0,1,2,0,0,0,3,0,0,1,0,0,0,0,0,0,0,0,0,0,0,0,0,0,0,0,0,0,0,0,0,1,1,0,0,0,0
"OX9  3",8958,8772,0,0,0,0,0,0,0,0,0,30,1,22,75,7,13,29,2,0,2,4,0,3,0,1,4,6,2,2,0,0,0,0,1,0,0,0,0,1,0,0,0,4,2,1,0,0,0,0,0,0,23,2,0,1,0,7,2,2,0,8,0,0,0,1,24,0,5,10,2,0,1,2,3,1,0,0,0,0,0,0,3,0,0,0,0,0,0,0,0,0,0,1,2,0,0,0,0,0,0,0,0,0
"OX9  7",999,974,0,0,0,0,0,0,0,0,0,1,5,1,12,0,4,2,0,0,0,1,0,0,0,0,5,0,0,0,0,0,0,0,1,0,0,0,0,1,0,0,0,2,0,0,0,0,0,0,0,0,0,0,0,0,0,0,0,0,0,0,0,0,0,0,3,0,0,0,0,0,0,1,2,0,0,0,0,0,0,0,0,0,0,0,0,0,0,0,0,0,0,0,0,0,0,0,0,0,0,0,0,0
"PE1  1",643,448,0,0,0,0,0,0,0,0,0,2,3,5,83,5,4,40,7,0,1,16,7,0,0,2,1,0,0,0,0,0,0,0,4,3,0,1,0,0,0,0,0,13,0,11,14,0,10,4,0,0,49,5,5,8,0,17,3,0,1,6,2,0,0,2,6,1,3,1,0,0,0,1,0,0,0,0,0,0,0,0,4,0,0,1,0,0,0,0,0,0,0,0,0,0,3,0,1,1,0,0,0,0
"PE1  2",10613,5093,0,0,0,0,0,0,0,0,0,12,422,7,2060,63,8,646,193,108,9,644,355,26,2,3,2,0,1,0,0,0,0,0,12,1,3,2,0,6,0,0,0,87,3,88,429,0,118,87,223,1,2170,801,12,1088,138,28,47,0,3,10,1,0,3,39,139,3,5,13,5,0,3,8,11,10,81,0,0,0,0,0,45,2,4,3,1,3,1,4,2,0,0,3,0,8,4,10,14,14,32,11,21,0
"PE1  3",12966,8587,0,1,0,0,0,0,0,1,0,13,248,9,2468,42,4,977,251,143,10,778,244,6,4,3,1,0,1,0,2,1,1,0,9,2,1,5,0,1,0,0,0,102,10,31,245,0,142,51,49,3,1132,557,12,413,49,5,54,0,0,8,9,0,6,19,39,5,2,13,2,1,0,3,1,9,3,0,1,0,0,0,48,1,3,0,0,1,1,0,5,0,0,14,6,4,4,9,13,13,10,4,6,0
"PE1  4",14058,10939,0,0,0,0,0,0,0,0,0,11,266,18,1676,35,9,847,101,42,5,446,127,32,19,1,7,0,0,1,2,1,1,0,24,10,1,2,11,0,0,0,0,52,15,37,217,0,117,71,29,0,655,203,10,253,15,13,111,5,2,6,4,0,8,25,77,11,7,29,2,1,2,3,0,20,2,0,0,0,0,0,47,0,6,0,0,3,2,0,4,0,0,11,1,0,1,19,6,6,18,13,3,2
"PE1  5",8232,5566,0,1,0,0,0,0,0,1,0,10,248,9,1346,43,4,698,104,53,13,323,92,3,10,1,1,0,0,0,0,0,1,0,11,5,0,6,0,0,0,0,0,48,19,43,208,1,69,107,28,3,638,187,13,215,13,13,140,1,2,18,7,1,1,27,55,4,18,13,0,0,2,12,0,5,1,0,0,0,0,0,20,1,1,0,0,2,0,0,3,0,0,4,0,2,1,6,4,4,6,4,2,0
"PE10 0",9846,9693,0,0,0,0,0,0,0,0,0,8,11,3,82,2,5,47,8,0,3,5,1,2,3,1,3,1,0,0,0,0,1,0,4,0,0,2,0,2,0,0,0,1,0,0,0,0,0,0,0,0,24,5,1,0,0,5,0,0,0,4,3,0,5,1,15,2,1,4,0,0,0,3,0,5,0,0,0,0,0,0,2,0,0,0,0,1,0,0,1,0,0,0,0,0,0,0,1,1,2,0,1,1
"PE10 9",11383,11093,1,0,0,0,0,0,0,0,0,7,17,4,155,3,4,99,2,3,2,22,0,7,4,0,4,1,1,2,1,0,0,0,7,2,0,0,0,5,0,0,0,9,1,3,1,0,1,0,0,0,21,0,2,0,0,0,3,0,0,3,3,0,10,0,49,4,3,14,0,0,1,2,1,22,2,0,0,0,0,0,15,0,0,0,0,2,0,0,1,0,0,6,0,0,0,6,0,0,0,0,0,0
"PE11 1",8084,6782,0,0,0,0,0,0,0,0,0,5,81,15,1059,8,7,590,21,8,6,275,123,7,2,1,3,4,2,1,1,0,0,0,4,0,1,1,1,1,0,0,0,64,7,1,3,0,3,0,0,0,17,2,0,3,0,0,0,0,0,10,2,0,0,0,38,0,3,5,0,0,2,2,2,23,1,0,0,0,0,0,4,0,0,0,0,0,0,0,1,0,0,0,2,0,0,1,2,2,2,2,0,0
"PE11 2",12458,10060,0,0,0,0,0,0,0,0,0,7,160,18,1975,3,8,1051,40,8,17,495,301,28,2,2,3,3,0,0,7,1,6,0,4,0,0,4,0,0,0,0,0,132,3,2,15,0,10,5,0,0,27,0,0,3,0,5,1,0,0,0,10,1,7,0,39,1,10,20,0,0,0,2,0,6,0,0,0,0,0,0,9,0,0,0,0,0,2,0,5,0,0,0,0,0,0,2,5,5,2,2,0,0
"PE11 3",12996,12180,2,0,0,0,0,0,0,0,0,4,45,8,669,6,3,471,16,5,9,119,24,6,3,1,3,0,1,0,1,0,1,0,0,0,0,0,0,0,0,0,0,22,1,1,1,0,1,0,0,0,22,1,1,3,0,0,5,0,0,0,8,0,4,0,32,4,7,7,2,0,0,5,0,7,0,0,0,0,0,0,4,0,0,0,0,1,0,0,0,0,0,0,2,0,0,1,0,0,5,5,0,0
"PE11 4",8226,8024,0,0,0,0,0,0,0,0,0,2,12,3,148,3,4,68,8,8,1,37,15,0,0,1,0,1,2,0,0,0,0,0,2,0,0,1,0,1,0,0,0,8,1,0,0,0,0,0,0,0,4,0,0,0,0,2,0,0,0,1,1,0,0,0,15,2,8,0,0,1,0,0,0,4,0,0,0,0,0,0,2,0,0,0,0,0,0,0,1,0,0,0,1,0,0,0,2,2,3,1,0,2
"PE12 0",6154,6067,1,0,0,0,0,0,0,0,0,1,10,2,51,1,5,26,0,0,0,6,6,2,0,0,4,1,0,0,0,0,0,0,4,1,0,2,0,1,0,0,0,4,1,0,0,0,0,0,0,0,5,2,0,1,0,1,0,0,0,0,0,0,1,0,7,0,0,3,1,0,0,0,1,1,1,0,0,0,0,0,0,0,0,0,0,0,0,0,0,0,0,0,0,0,0,0,0,0,1,0,0,1
"PE12 6",9170,8862,0,0,0,0,0,0,0,0,0,3,8,3,270,0,3,142,8,2,1,70,32,5,0,1,3,2,0,0,0,0,1,0,0,0,0,0,0,0,0,0,0,6,0,0,1,0,1,0,0,0,8,0,1,1,0,2,3,0,0,0,1,0,0,0,5,0,0,4,1,0,0,0,0,0,0,0,0,0,0,0,3,0,0,0,0,0,0,0,2,0,0,0,0,0,0,1,1,1,0,0,0,0
"PE12 7",7826,7409,1,1,0,0,0,0,0,1,0,2,17,6,298,1,1,198,5,0,3,52,27,9,0,1,0,0,1,0,0,0,0,0,1,0,0,0,0,1,0,0,0,28,3,0,1,0,1,0,0,0,22,0,1,0,0,3,0,0,0,0,14,1,3,0,23,0,6,7,0,0,0,8,0,1,1,0,0,0,0,0,9,0,0,0,0,0,0,0,0,0,0,0,6,0,2,1,1,1,4,4,0,0
"PE12 8",4456,4340,1,0,0,0,0,0,0,0,0,1,11,0,78,1,2,33,4,4,0,19,11,2,1,0,0,0,1,0,0,0,0,0,0,0,0,0,0,0,0,0,0,7,0,1,1,0,0,0,0,1,5,0,0,3,0,0,2,0,0,0,0,0,0,0,5,0,3,0,1,0,0,0,0,1,0,0,0,0,0,0,4,0,0,0,0,0,0,0,1,0,0,0,3,0,0,0,1,1,1,0,0,1
"PE12 9",11053,10646,1,1,1,0,0,0,0,0,0,7,48,3,284,4,6,148,4,4,3,52,44,5,4,6,4,0,0,0,0,0,0,0,1,0,0,1,0,0,0,0,0,18,0,0,0,0,0,0,0,0,14,0,0,0,0,7,4,0,0,0,1,0,0,2,14,0,0,7,0,0,0,1,0,4,2,0,0,0,0,0,12,0,0,0,0,0,0,0,1,0,0,0,8,1,0,2,4,4,0,0,0,0
"PE13 1",2913,2412,0,0,0,0,0,0,0,0,0,2,33,1,394,1,1,182,3,2,1,157,42,0,0,0,0,0,1,0,4,0,0,0,0,0,0,0,0,0,0,0,0,32,15,0,2,0,2,0,0,0,5,1,0,0,0,1,0,0,0,0,3,0,0,0,12,0,0,11,0,0,0,0,0,1,0,0,0,0,0,0,4,0,0,0,0,0,2,0,0,0,0,0,1,0,0,1,0,0,1,1,0,0
"PE13 2",8143,6924,0,0,0,0,0,0,0,0,0,8,67,3,954,3,5,438,25,2,2,343,120,1,3,2,1,1,0,0,7,0,1,0,1,0,0,1,0,0,0,0,0,118,2,1,4,0,3,1,0,0,31,0,0,2,1,2,4,0,0,2,15,2,1,2,18,0,3,8,0,0,1,3,1,1,1,0,0,0,0,0,6,0,1,0,0,0,0,1,0,0,0,0,1,0,0,3,1,1,5,5,0,0
"PE13 3",10705,8930,1,0,0,0,0,0,0,0,0,7,105,1,1435,7,5,587,25,15,3,586,179,1,5,2,1,0,0,0,14,0,5,0,1,0,0,1,0,0,0,0,0,110,2,1,2,0,0,0,0,2,42,4,4,7,0,3,13,0,0,5,6,0,0,0,56,7,2,9,2,0,0,2,0,33,1,0,0,0,0,0,7,0,0,0,0,2,0,0,0,0,0,0,3,1,1,0,4,4,1,1,0,0
"PE13 4",6392,6292,0,0,0,0,0,0,0,0,0,2,7,1,61,3,5,10,0,0,0,32,8,0,1,2,0,0,0,0,0,0,0,0,0,0,0,0,0,0,0,0,0,12,0,0,1,0,1,0,0,0,0,0,0,0,0,0,0,0,0,0,0,0,0,0,16,4,4,4,0,0,0,3,0,0,1,0,0,0,0,0,0,0,0,0,0,0,0,0,0,0,0,0,0,0,0,0,0,0,0,0,0,0
"PE13 5",5559,5459,1,0,0,0,0,0,0,0,0,0,14,1,67,1,1,23,1,1,1,27,9,0,0,0,1,1,1,0,0,0,0,0,0,0,0,0,0,0,0,0,0,4,1,0,0,0,0,0,0,0,6,0,0,0,0,0,6,0,0,0,0,0,0,0,3,1,0,0,0,0,0,1,0,1,0,0,0,0,0,0,3,0,0,0,0,0,0,0,0,0,0,3,0,0,0,0,0,0,0,0,0,0
"PE14 0",5315,5102,2,0,0,0,0,0,0,0,0,0,19,1,158,1,2,49,9,1,1,70,10,4,3,6,0,1,1,0,0,0,0,0,2,2,0,0,0,0,0,0,0,10,4,1,2,0,0,0,2,0,3,0,0,0,0,2,0,0,0,0,0,0,1,0,5,0,1,1,1,0,0,2,0,0,0,0,0,0,0,0,3,0,0,0,0,0,0,0,0,0,0,0,2,0,0,1,3,3,0,0,0,0
"PE14 7",5727,5652,0,0,0,0,0,0,0,0,0,1,3,2,40,1,0,15,0,1,0,12,7,0,0,1,2,1,0,0,0,0,0,0,0,0,0,0,0,0,0,0,0,4,0,0,0,0,0,0,0,0,8,0,0,3,0,0,1,0,0,4,0,0,0,0,13,0,2,4,1,1,0,2,0,1,2,0,0,0,0,0,1,0,0,0,0,0,0,0,0,0,0,0,1,0,0,0,0,0,3,2,0,1
"PE14 8",5145,5069,0,0,0,0,0,0,0,0,0,1,28,2,23,0,3,10,0,0,0,4,1,0,2,0,0,1,0,2,0,0,0,0,0,0,0,0,0,0,0,0,0,9,1,1,1,0,0,1,0,0,3,0,0,0,0,0,0,0,0,3,0,0,0,0,6,0,0,0,0,0,0,2,0,4,0,0,0,0,0,0,0,0,0,0,0,0,0,0,0,0,0,0,0,0,0,0,1,1,0,0,0,0
"PE14 9",3996,3944,0,0,0,0,0,0,0,0,0,1,5,1,26,3,1,10,0,0,0,5,4,0,1,1,0,0,1,0,0,0,0,0,0,0,0,0,0,0,0,0,0,5,0,0,1,0,1,0,0,0,2,0,0,0,0,0,0,0,0,2,0,0,0,0,10,3,3,1,0,0,0,3,0,0,0,0,0,0,0,0,1,0,0,0,0,0,0,0,0,0,0,1,0,0,0,0,0,0,0,0,0,0
"PE15 0",8900,8696,2,0,0,0,0,0,0,0,0,5,12,5,100,4,4,47,2,8,3,15,2,6,4,0,2,0,0,0,2,0,1,0,9,6,0,3,0,0,0,0,0,5,1,3,6,0,4,2,0,0,20,7,0,7,3,0,1,0,0,2,0,0,0,0,7,0,0,3,0,0,1,1,1,1,0,0,0,0,0,0,22,0,0,12,0,0,1,3,4,0,0,0,2,0,0,0,4,4,3,0,0,3
"PE15 8",10120,9651,1,0,0,0,0,0,0,0,0,2,19,4,311,6,4,99,5,1,6,126,48,3,8,1,0,2,1,0,0,0,0,1,3,2,0,1,0,0,0,0,0,40,5,2,5,0,1,2,0,2,36,0,0,0,0,13,4,0,0,14,3,2,0,0,38,7,1,12,1,0,0,4,0,13,0,0,0,0,0,0,2,0,0,0,0,1,0,0,0,0,0,0,1,0,0,0,0,0,1,0,0,1
"PE15 9",9936,9643,1,0,0,0,0,0,0,0,0,1,25,5,182,3,9,67,1,1,0,63,23,3,5,2,2,1,0,0,0,0,1,1,4,0,1,0,1,2,0,0,0,35,0,0,0,0,0,0,0,0,11,0,0,0,0,7,1,0,0,1,2,0,0,0,21,0,3,6,0,0,0,3,0,9,0,0,0,0,0,0,6,0,0,0,0,0,1,0,0,0,0,2,3,0,0,0,1,1,1,1,0,0
"PE16 6",10071,9717,2,0,0,0,0,0,0,0,0,2,21,3,247,4,9,90,1,1,1,106,18,4,2,0,8,1,0,0,0,0,2,0,0,0,0,0,0,0,0,0,0,12,4,0,0,0,0,0,0,0,14,0,0,1,0,0,5,0,0,8,0,0,0,0,33,2,2,5,0,0,0,7,0,17,0,0,1,0,0,0,11,0,0,0,0,1,1,0,1,0,0,3,2,1,2,0,2,2,2,1,0,1
"PE19 1",6550,6304,0,0,0,0,0,0,0,0,0,10,9,4,133,15,7,36,7,0,2,45,10,0,0,0,2,2,1,4,0,0,2,0,1,0,0,0,0,1,0,0,0,5,3,5,1,0,0,1,0,0,18,1,0,7,0,3,1,1,3,2,0,0,0,0,49,0,9,15,1,0,0,9,0,13,2,0,0,0,0,0,5,0,0,0,0,0,0,0,1,0,0,0,4,0,0,0,2,2,1,1,0,0
"PE19 2",9547,9205,1,0,0,0,0,0,0,0,0,11,10,15,169,13,9,83,5,0,0,31,11,4,0,2,4,3,1,1,2,0,0,0,6,0,6,0,0,0,0,0,0,10,12,4,0,0,0,0,0,0,20,2,2,0,0,3,4,0,0,0,0,5,0,4,61,2,7,32,2,0,0,4,3,7,4,0,0,0,0,0,13,0,0,0,0,1,0,0,0,0,0,6,5,0,0,1,4,4,6,3,1,2
"PE19 5",6682,6600,0,0,0,0,0,0,0,0,0,3,2,4,45,2,2,25,0,0,0,0,0,0,3,0,8,1,1,0,3,0,0,0,0,0,0,0,0,0,0,0,0,2,0,2,1,0,0,1,0,0,5,1,0,0,0,1,1,0,0,2,0,0,0,0,8,2,0,1,0,0,0,3,0,2,0,0,0,0,0,0,10,0,0,0,0,0,0,0,0,0,0,0,10,0,0,0,0,0,0,0,0,0
"PE19 6",7472,7307,2,0,0,0,0,0,0,0,0,12,6,5,83,7,9,50,1,0,4,1,4,2,1,2,1,1,0,0,0,0,0,0,3,0,0,0,0,3,0,0,0,3,3,7,4,0,1,3,0,0,5,1,0,0,0,0,0,0,0,0,2,2,0,0,20,1,0,5,3,1,0,4,1,4,1,0,0,0,0,0,8,0,0,0,0,0,0,0,0,0,0,7,1,0,0,0,2,2,2,0,2,0
"PE19 7",5185,5075,1,0,0,0,0,0,0,0,0,5,8,5,65,18,2,20,1,0,6,9,0,4,1,0,2,1,0,1,0,0,0,0,0,0,0,0,0,0,0,0,0,1,0,0,0,0,0,0,0,0,14,6,0,1,0,0,7,0,0,0,0,0,0,0,7,0,0,5,0,0,0,2,0,0,0,0,0,0,0,0,2,0,0,0,0,0,0,0,0,2,0,0,0,0,0,0,0,0,2,1,1,0
"PE19 8",6909,6659,4,0,0,0,0,0,0,0,0,4,6,1,175,9,1,106,5,2,4,20,10,10,2,0,3,1,1,0,0,1,0,0,1,1,0,0,0,0,0,0,0,1,4,0,3,0,0,2,0,1,27,0,0,5,0,0,9,5,0,5,2,1,0,0,21,1,0,5,0,1,4,2,0,7,1,0,0,0,0,0,1,0,0,0,0,0,0,0,0,0,0,0,0,0,0,1,1,1,1,0,0,1
"PE2  5",14250,12906,3,9,0,0,0,0,0,9,0,11,219,17,788,15,5,505,45,18,7,116,29,4,31,1,1,2,1,2,0,0,6,0,13,7,4,2,0,0,0,0,0,15,6,14,28,1,16,10,1,0,79,19,3,17,0,0,14,0,3,3,3,4,0,13,74,2,4,13,2,0,2,12,0,31,8,0,0,0,0,0,50,1,1,0,0,0,1,0,8,1,0,22,1,0,0,15,10,10,8,6,0,2
"PE2  6",2620,2495,0,0,0,0,0,0,0,0,0,3,6,3,52,4,3,27,1,3,1,8,0,0,0,2,2,1,0,0,0,0,0,0,0,0,0,0,0,0,0,0,0,1,1,2,0,0,0,0,0,0,37,0,0,13,0,0,15,0,0,7,0,0,0,2,15,0,2,11,0,0,0,1,0,1,0,0,0,0,0,0,4,0,0,0,0,0,0,0,0,0,0,0,3,0,0,1,0,0,1,0,1,0
"PE2  7",3298,3138,0,0,0,0,0,0,0,0,0,2,6,1,86,5,1,52,8,1,1,15,2,0,1,0,0,0,0,0,0,0,0,0,3,0,3,0,0,0,0,0,0,6,0,4,2,0,0,0,1,1,33,12,0,3,0,0,14,0,0,0,3,1,0,0,7,1,1,5,0,0,0,0,0,0,0,0,0,0,0,0,8,0,0,0,0,0,0,0,2,0,0,3,3,0,0,0,0,0,2,2,0,0
"PE2  8",12764,11591,0,0,0,0,0,0,0,0,0,15,46,11,832,199,4,471,10,14,4,92,13,9,7,1,3,2,2,0,0,0,1,0,8,2,3,2,0,1,0,0,0,16,0,11,17,0,5,9,3,0,127,19,1,37,0,3,25,5,6,12,0,1,15,3,41,3,7,10,0,1,0,9,1,5,5,0,0,0,0,0,31,0,1,0,0,1,1,0,1,0,0,11,0,2,3,11,7,7,11,9,1,1
"PE2  9",9570,8201,3,2,2,0,0,0,0,0,0,16,76,20,880,121,12,510,28,22,9,95,37,23,7,6,5,2,0,2,0,0,1,0,30,7,10,10,3,0,0,0,0,33,15,22,51,0,15,33,1,2,112,24,5,19,1,3,16,1,7,11,7,0,0,18,43,5,6,18,2,0,0,4,1,6,1,0,0,0,0,0,54,0,2,1,0,4,0,0,0,0,0,18,5,4,6,14,4,4,8,1,7,0
"PE20 1",6384,6009,0,0,0,0,0,0,0,0,0,1,37,2,295,0,2,175,2,10,0,61,25,4,2,2,3,8,1,0,0,0,0,0,0,0,0,0,0,0,0,0,0,11,3,2,1,0,1,0,0,0,10,2,0,0,0,0,4,4,0,0,0,0,0,0,10,0,0,4,0,0,0,2,0,1,3,0,0,0,0,0,1,0,0,0,0,0,0,0,1,0,0,0,0,0,0,0,2,2,0,0,0,0
"PE20 2",2864,2808,1,0,0,0,0,0,0,0,0,0,5,0,42,1,1,14,7,0,0,15,0,2,1,0,1,0,0,0,0,0,0,0,1,0,0,0,0,1,0,0,0,5,1,1,0,0,0,0,0,0,0,0,0,0,0,0,0,0,0,0,0,0,0,0,0,0,0,0,0,0,0,0,0,0,0,0,0,0,0,0,0,0,0,0,0,0,0,0,0,0,0,0,0,0,0,0,0,0,0,0,0,0
"PE20 3",4250,4153,0,0,0,0,0,0,0,0,0,1,8,4,72,0,4,33,2,3,0,14,14,0,0,1,1,0,0,0,0,0,0,0,0,0,0,0,0,0,0,0,0,7,0,0,0,0,0,0,0,0,0,0,0,0,0,0,0,0,0,0,0,0,0,0,3,0,0,0,0,0,0,3,0,0,0,0,0,0,0,0,0,0,0,0,0,0,0,0,0,0,0,0,0,0,0,0,2,2,0,0,0,0
"PE21 0",9257,8289,1,0,0,0,0,0,0,0,0,4,75,6,748,3,3,375,7,0,18,215,115,2,4,1,2,0,0,0,2,0,1,0,3,1,0,2,0,0,0,0,0,54,12,14,1,0,1,0,0,0,24,3,2,1,0,2,0,2,0,6,3,0,0,5,10,0,1,0,1,0,0,0,0,7,1,0,0,0,0,0,9,0,0,0,0,0,0,0,1,0,0,2,3,0,1,2,3,3,4,3,0,1
"PE21 6",2981,1839,0,0,0,0,0,0,0,0,0,3,95,0,868,2,7,394,10,7,31,250,161,0,3,1,0,0,0,1,1,0,0,0,3,0,0,3,0,0,0,0,0,112,4,5,5,0,2,1,2,0,11,5,0,3,0,0,0,0,0,0,0,3,0,0,31,1,10,14,0,0,0,0,0,6,0,0,0,0,0,0,0,0,0,0,0,0,0,0,0,0,0,0,0,0,0,0,4,4,1,0,1,0
"PE21 7",8614,7825,2,0,0,0,0,0,0,0,0,0,57,1,581,2,9,319,1,8,10,120,104,1,0,1,3,2,1,0,0,0,0,0,0,0,0,0,0,0,0,0,0,74,4,4,2,0,2,0,0,0,33,4,1,3,0,10,4,0,0,0,8,0,0,3,16,0,5,7,0,0,0,0,0,4,0,0,0,0,0,0,9,0,0,0,0,0,7,0,1,0,0,0,1,0,0,0,5,5,1,1,0,0
"PE21 8",11619,8094,0,0,0,0,0,0,0,0,0,6,303,8,2695,2,12,1282,9,10,9,787,561,8,8,1,1,3,0,0,2,0,0,0,4,0,0,4,0,0,0,0,0,352,14,17,9,0,7,1,0,1,76,16,3,5,0,29,2,0,1,0,13,0,7,0,20,0,7,2,0,0,0,6,1,1,3,0,0,0,0,0,6,0,0,0,0,0,1,0,0,0,0,0,1,0,1,3,6,6,9,5,3,1
"PE21 9",8593,7435,0,0,0,0,0,0,0,0,0,1,69,3,771,3,4,382,6,5,9,233,116,0,3,5,1,0,0,0,4,0,0,0,1,0,0,1,0,0,0,0,0,113,4,12,7,0,2,0,1,4,113,29,7,2,0,5,9,4,1,3,48,4,0,1,50,1,15,7,0,0,0,3,0,21,3,0,0,0,0,0,8,0,0,0,0,0,7,1,0,0,0,0,0,0,0,0,4,4,2,2,0,0
"PE22 0",5957,5848,3,0,0,0,0,0,0,0,0,2,5,1,66,0,1,43,0,0,7,11,1,1,0,0,2,0,0,0,0,0,0,0,0,0,0,0,0,0,0,0,0,6,2,0,1,0,1,0,0,0,15,2,3,0,0,4,0,0,2,0,2,0,0,2,4,0,0,0,0,0,0,0,0,4,0,0,0,0,0,0,3,0,0,2,0,0,0,0,0,0,0,0,1,0,0,0,0,0,1,0,0,1
"PE22 7",3341,3307,0,0,0,0,0,0,0,0,0,1,6,0,18,1,2,12,0,0,0,0,0,0,0,1,1,0,1,0,0,0,0,0,0,0,0,0,0,0,0,0,0,2,0,0,2,0,0,2,0,0,1,0,0,0,0,0,1,0,0,0,0,0,0,0,3,0,0,0,0,0,0,1,0,2,0,0,0,0,0,0,0,0,0,0,0,0,0,0,0,0,0,0,0,0,0,0,0,0,1,1,0,0
"PE22 8",3913,3894,0,0,0,0,0,0,0,0,0,1,0,0,10,0,1,8,0,0,0,1,0,0,0,0,0,0,0,0,0,0,0,0,0,0,0,0,0,0,0,0,0,0,0,0,0,0,0,0,0,0,7,3,0,1,0,3,0,0,0,0,0,0,0,0,1,0,0,0,0,1,0,0,0,0,0,0,0,0,0,0,0,0,0,0,0,0,0,0,0,0,0,0,0,0,0,0,0,0,0,0,0,0
"PE22 9",3327,3279,2,0,0,0,0,0,0,0,0,1,2,0,34,1,3,11,0,0,0,10,7,0,0,1,0,0,1,0,0,0,0,0,0,0,0,0,0,0,0,0,0,4,0,1,1,0,1,0,0,0,0,0,0,0,0,0,0,0,0,0,0,0,0,0,1,0,0,0,0,0,0,1,0,0,0,0,0,0,0,0,2,0,0,0,0,0,0,0,0,0,0,2,0,0,0,0,0,0,0,0,0,0
"PE23 4",2532,2507,0,0,0,0,0,0,0,0,0,0,0,0,12,0,1,5,0,0,1,0,2,0,0,0,0,1,2,0,0,0,0,0,0,0,0,0,0,0,0,0,0,2,0,0,0,0,0,0,0,0,9,1,0,2,0,0,0,0,0,0,6,0,0,0,1,0,0,0,0,0,0,1,0,0,0,0,0,0,0,0,0,0,0,0,0,0,0,0,0,0,0,0,0,0,0,0,0,0,1,1,0,0
"PE23 5",5727,5669,0,0,0,0,0,0,0,0,0,3,1,0,33,1,5,12,0,0,4,4,2,0,0,0,3,0,2,0,0,0,0,0,0,0,0,0,0,0,0,0,0,0,1,2,0,0,0,0,0,0,10,0,1,0,0,0,4,0,2,2,1,0,0,0,7,2,0,4,0,0,0,1,0,0,0,0,0,0,0,0,1,0,0,0,0,0,0,0,1,0,0,0,0,0,0,0,0,0,0,0,0,0
"PE24 4",4033,4014,0,0,0,0,0,0,0,0,0,0,1,2,5,1,0,1,0,0,1,0,0,0,0,0,0,1,0,1,0,0,0,0,2,1,0,1,0,0,0,0,0,1,0,0,0,0,0,0,0,0,1,0,0,1,0,0,0,0,0,0,0,0,0,0,5,2,0,2,0,0,0,1,0,0,0,0,0,0,0,0,0,0,0,0,0,0,0,0,0,0,0,0,0,0,0,0,0,0,2,2,0,0
"PE24 5",7559,7528,0,1,0,0,0,0,0,1,0,1,1,3,16,0,2,3,0,0,0,8,1,0,0,0,2,0,0,0,0,0,0,0,1,0,0,0,0,1,0,0,0,0,0,0,1,0,1,0,0,0,0,0,0,0,0,0,0,0,0,0,0,0,0,0,6,0,0,0,2,0,0,1,0,2,1,0,0,0,0,0,0,0,0,0,0,0,0,0,0,0,0,0,0,0,0,0,0,0,1,1,0,0
"PE25 1",7030,6744,0,0,0,0,0,0,0,0,0,5,3,3,241,2,2,108,4,2,2,9,4,105,3,0,0,0,0,0,0,0,0,0,1,0,0,1,0,0,0,0,0,0,2,2,2,0,1,1,0,0,18,8,0,0,0,10,0,0,0,0,0,0,0,0,7,0,0,5,0,0,0,2,0,0,0,0,0,0,0,0,0,0,0,0,0,0,0,0,0,0,0,0,0,0,0,0,1,1,1,0,0,1
"PE25 2",8482,8113,1,0,0,0,0,0,0,0,0,2,14,3,269,8,3,190,5,5,4,24,11,16,1,2,0,0,0,0,0,0,0,0,1,1,0,0,0,0,0,0,0,4,2,5,4,0,4,0,0,0,14,0,0,0,0,9,3,0,1,0,0,0,0,1,44,0,9,22,0,0,0,5,0,8,0,0,0,0,0,0,5,0,0,0,0,2,0,0,1,0,0,0,2,0,0,0,0,0,1,1,0,0
"PE25 3",5421,5206,0,0,0,0,0,0,0,0,0,4,1,1,173,1,4,138,0,1,10,3,7,0,4,0,2,0,3,0,0,0,0,0,5,2,1,2,0,0,0,0,0,5,3,1,0,0,0,0,0,0,8,3,0,2,0,0,3,0,0,0,0,0,0,0,14,0,0,7,3,0,0,2,0,1,1,0,0,0,0,0,0,0,0,0,0,0,0,0,0,0,0,0,0,0,0,0,0,0,0,0,0,0
"PE26 1",5463,5250,2,0,0,0,0,0,0,0,0,3,71,2,81,1,8,51,3,0,0,9,0,4,4,0,1,0,0,0,0,0,0,0,0,0,0,0,0,0,0,0,0,1,2,2,1,0,0,1,0,0,28,0,0,0,0,10,4,0,0,2,11,1,0,0,16,0,0,2,0,0,0,1,0,7,6,0,0,0,0,0,4,0,0,0,0,0,0,0,0,0,0,4,0,0,0,0,0,0,0,0,0,0
"PE26 2",6104,6017,1,0,0,0,0,0,0,0,0,5,11,3,36,0,3,16,0,0,4,2,0,3,0,0,2,0,1,4,0,0,1,0,0,0,0,0,0,0,0,0,0,2,2,2,1,0,0,1,0,0,10,1,0,5,0,0,0,0,0,4,0,0,0,0,5,0,0,2,0,0,0,0,0,3,0,0,0,0,0,0,6,0,0,0,0,0,2,0,0,0,0,1,3,0,0,0,0,0,3,1,0,2
"PE27 3",7340,6830,2,0,0,0,0,0,0,0,0,5,9,6,309,34,16,190,12,5,1,26,2,4,5,2,3,2,4,1,0,0,2,0,3,1,0,0,1,1,0,0,0,16,8,1,1,0,0,1,0,0,99,28,2,26,0,37,3,0,0,0,2,1,0,0,34,4,4,2,0,0,0,7,3,13,1,0,0,0,0,0,12,0,0,0,0,0,0,1,0,0,1,2,3,0,1,4,4,4,1,1,0,0
"PE27 4",2446,2417,2,0,0,0,0,0,0,0,0,4,0,0,13,4,2,1,0,0,0,0,0,2,0,1,0,0,0,0,0,0,3,0,0,0,0,0,0,0,1,1,0,0,0,0,0,0,0,0,0,0,1,0,0,1,0,0,0,0,0,0,0,0,0,0,5,0,0,2,0,0,0,1,0,2,0,0,0,0,0,0,3,0,0,0,0,0,0,0,0,0,0,0,3,0,0,0,0,0,0,0,0,0
"PE27 5",5064,4706,2,0,0,0,0,0,0,0,0,4,4,5,160,15,5,94,12,0,2,6,9,6,4,1,2,3,0,0,0,1,0,0,5,0,0,1,2,2,0,0,0,6,8,2,6,0,6,0,0,0,123,30,8,41,0,34,0,0,0,3,2,3,0,2,24,1,7,10,0,0,1,2,0,3,0,1,0,0,0,0,1,0,0,0,0,0,0,0,0,0,0,0,0,0,1,0,4,4,3,1,1,1
"PE27 6",4473,4303,0,0,0,0,0,0,0,0,0,5,0,3,71,6,4,39,0,1,0,6,12,0,1,2,0,0,0,0,0,0,0,0,6,4,1,0,0,1,0,0,0,4,1,1,4,1,1,1,1,0,63,3,0,28,0,25,1,0,0,5,0,0,0,1,10,1,0,2,1,0,0,2,0,2,2,0,0,0,0,0,1,0,0,0,0,0,0,0,0,0,0,0,1,0,0,0,0,0,1,0,0,1
"PE28 0",6360,6180,1,0,0,0,0,0,0,0,0,12,6,2,58,5,9,7,2,2,7,5,1,8,0,2,3,3,0,0,3,0,0,1,2,2,0,0,0,0,0,0,0,6,6,5,8,0,4,4,0,0,30,5,0,5,0,15,1,0,0,2,0,0,1,1,30,1,4,13,1,1,4,1,3,2,0,1,0,0,0,0,13,0,0,6,0,1,0,1,1,0,0,0,2,0,0,2,0,0,0,0,0,0
"PE28 2",8694,8440,0,0,0,0,0,0,0,0,0,10,11,6,121,0,9,75,4,1,6,7,0,7,2,0,2,3,2,2,0,0,1,0,0,0,0,0,0,0,0,0,0,0,3,0,0,0,0,0,0,0,62,9,0,2,0,2,5,0,0,1,6,0,37,0,30,3,5,10,2,0,0,3,1,6,0,0,0,0,0,0,10,0,0,0,0,0,0,0,0,1,0,7,2,0,0,0,0,0,1,0,0,1
"PE28 3",9254,9145,0,0,0,0,0,0,0,0,0,3,4,1,45,0,10,19,3,1,2,3,0,4,0,2,0,0,0,1,0,0,0,0,0,0,0,0,0,0,0,0,0,4,1,0,0,0,0,0,0,0,7,2,0,0,0,0,0,0,0,5,0,0,0,0,26,3,3,6,1,0,0,4,1,8,0,0,0,0,0,0,6,0,0,0,0,0,0,0,0,0,0,0,6,0,0,0,0,0,12,3,0,9
"PE28 4",8284,8112,0,1,0,0,0,1,0,0,0,4,2,11,69,3,6,25,3,2,5,7,0,4,0,3,6,2,1,1,0,0,1,0,7,1,0,1,2,3,0,0,0,9,8,2,1,1,0,0,0,0,21,6,3,0,0,5,2,0,0,1,2,0,2,0,30,0,4,6,2,4,1,1,0,12,0,0,0,0,0,0,5,0,0,0,0,0,1,0,1,0,0,1,2,0,0,0,1,1,1,1,0,0
"PE28 5",7331,7250,0,0,0,0,0,0,0,0,0,4,2,3,26,6,3,5,3,1,1,0,0,1,1,0,1,0,1,2,0,0,1,0,1,1,0,0,0,0,0,0,0,1,1,6,0,0,0,0,0,0,18,0,0,3,0,0,10,0,0,2,3,0,0,0,10,0,1,0,2,0,0,4,1,2,0,0,0,0,0,0,0,0,0,0,0,0,0,0,0,0,0,0,0,0,0,0,0,0,9,1,0,8
"PE28 9",6132,6029,0,0,0,0,0,0,0,0,0,5,7,2,48,3,8,20,0,0,0,6,1,2,0,0,2,0,6,0,0,0,0,0,2,0,2,0,0,0,0,0,0,6,0,4,2,0,0,2,0,0,15,3,0,6,0,2,0,0,0,2,0,0,1,1,11,1,0,1,0,0,0,5,0,4,0,0,0,0,0,0,1,0,0,0,0,1,0,0,0,0,0,0,0,0,0,0,0,0,0,0,0,0
"PE29 1",11619,10537,2,4,1,0,0,0,0,3,0,13,49,17,684,12,7,444,6,1,14,90,63,6,7,16,5,2,0,7,1,3,0,0,6,0,4,1,0,1,0,0,0,19,8,2,12,0,6,1,0,5,117,34,5,28,0,12,9,0,0,1,22,0,6,0,124,2,15,15,1,0,12,5,0,73,1,0,0,0,0,0,18,0,0,0,0,3,0,0,2,1,0,10,0,0,0,2,2,2,5,3,0,2
"PE29 2",6447,6181,0,0,0,0,0,0,0,0,0,14,19,17,139,3,4,81,8,6,5,7,7,7,0,4,3,4,0,0,0,0,0,0,4,0,0,0,0,4,0,0,0,5,1,2,2,0,0,2,0,0,16,2,1,0,0,1,3,0,0,0,6,0,1,2,34,10,4,6,3,2,0,1,0,8,0,0,0,0,0,0,4,0,0,0,0,0,1,0,1,0,0,0,1,0,0,1,1,1,8,6,2,0
"PE29 3",1758,1525,0,2,2,0,0,0,0,0,0,4,8,6,150,3,5,109,1,0,1,11,9,5,3,0,0,2,0,0,1,0,0,0,5,2,2,0,0,1,0,0,0,6,9,6,0,0,0,0,0,0,21,0,6,3,0,6,0,0,0,0,6,0,0,0,8,2,0,2,0,0,0,0,0,4,0,0,0,0,0,0,4,0,0,0,0,0,0,0,0,0,0,3,0,0,0,1,2,2,2,2,0,0
"PE29 6",5240,4721,0,0,0,0,0,0,0,0,0,5,6,12,281,6,12,203,3,10,8,21,7,1,0,2,2,3,3,0,0,0,0,0,4,0,2,0,0,2,0,0,0,7,14,18,3,0,0,3,0,0,80,10,5,2,0,18,5,0,10,8,17,1,0,4,71,1,4,21,1,0,0,1,1,39,3,0,0,0,0,0,15,1,0,0,0,1,1,0,0,0,0,2,0,0,2,8,2,2,1,1,0,0
"PE29 7",3405,2883,0,0,0,0,0,0,0,0,0,6,25,3,329,4,2,263,1,0,4,27,18,3,0,4,1,0,2,0,0,0,0,0,1,0,1,0,0,0,0,0,0,2,0,0,0,0,0,0,0,0,75,27,8,29,0,4,0,0,0,0,7,0,0,0,66,0,0,9,1,0,4,0,0,48,4,0,0,0,0,0,13,0,0,0,0,4,0,0,0,0,0,8,0,0,0,1,2,2,0,0,0,0
"PE3  6",5658,4527,0,1,1,0,0,0,0,0,0,7,21,11,406,28,9,170,20,6,4,113,34,8,3,4,3,0,1,0,1,0,2,0,2,1,0,0,1,0,0,0,0,20,2,20,38,1,18,11,8,0,531,212,14,151,25,23,46,0,13,16,10,0,0,21,52,3,8,26,0,1,0,3,1,9,1,0,0,0,0,0,17,0,0,0,0,0,1,0,1,0,0,4,2,3,0,6,2,2,1,1,0,0
"PE3  7",5976,4557,0,3,0,0,0,0,0,3,0,5,127,5,576,8,1,262,16,12,2,202,55,3,5,9,0,0,0,0,0,0,0,1,8,7,1,0,0,0,0,0,0,27,2,14,152,0,119,12,19,2,369,60,13,54,7,7,65,0,2,3,58,0,94,6,79,4,2,10,0,0,8,3,0,51,1,0,0,0,0,0,49,0,0,2,2,2,1,0,3,0,0,22,0,3,0,14,3,3,0,0,0,0
"PE3  8",6592,5654,1,1,0,0,0,0,0,1,0,7,127,2,536,4,5,284,23,5,1,195,12,0,2,2,0,0,1,0,1,0,1,0,14,3,0,8,3,0,0,0,0,19,7,11,33,0,25,0,8,0,116,35,1,11,3,2,46,0,0,2,6,0,5,5,38,4,9,3,1,0,0,3,0,17,1,0,0,0,0,0,19,0,0,3,0,0,0,0,2,0,0,7,2,0,1,4,1,1,6,5,1,0
"PE3  9",9402,8013,0,0,0,0,0,0,0,0,0,9,60,2,548,49,5,244,17,19,7,147,36,0,15,3,3,3,0,0,0,0,0,0,13,0,4,7,1,1,0,0,0,21,4,28,43,0,15,15,9,4,590,162,11,174,24,11,81,0,5,20,74,0,15,13,33,2,5,8,1,0,0,5,0,10,2,0,0,1,1,0,31,0,1,0,0,0,0,0,0,0,0,12,0,3,4,11,4,4,2,1,1,0
"PE30 1",1851,1428,1,1,1,0,0,0,0,0,0,3,32,10,261,1,8,52,16,3,0,122,32,8,11,4,0,3,0,0,1,0,0,0,2,1,0,1,0,0,0,0,0,63,3,1,3,0,2,1,0,0,16,1,0,0,0,2,0,0,0,6,3,0,4,0,27,3,17,3,0,0,0,1,0,3,0,0,0,0,0,0,0,0,0,0,0,0,0,0,0,0,0,0,0,0,0,0,0,0,0,0,0,0
"PE30 2",6694,5691,0,0,0,0,0,0,0,0,0,0,109,4,648,0,2,125,20,5,7,408,69,2,5,0,1,1,0,0,3,0,0,0,7,0,0,6,1,0,0,0,0,178,15,1,0,0,0,0,0,0,14,2,0,1,0,1,1,0,0,7,0,0,0,2,22,0,1,4,0,0,1,5,0,11,0,0,0,0,0,0,1,0,0,0,0,0,0,0,0,0,0,0,0,0,1,0,2,2,2,0,0,2
"PE30 3",13935,13581,0,2,0,1,0,0,0,1,0,7,11,9,158,1,15,33,9,1,2,66,6,0,1,5,8,6,2,2,0,0,1,0,6,5,0,1,0,0,0,0,0,36,3,8,3,1,0,1,1,0,41,18,2,1,0,0,7,1,1,7,3,0,1,0,54,4,19,21,1,0,0,7,0,2,0,0,0,0,0,0,9,0,0,0,0,0,2,2,0,0,0,0,1,3,0,1,0,0,7,7,0,0
"PE30 4",12329,10889,0,0,0,0,0,0,0,0,0,1,173,19,772,6,9,204,15,0,11,434,75,3,4,0,2,2,1,0,3,0,3,0,8,0,1,5,2,0,1,1,0,138,4,10,5,0,1,1,3,0,184,12,8,3,0,5,7,0,5,18,105,18,0,3,98,1,6,7,1,0,0,9,2,66,6,0,0,0,0,0,21,0,0,0,0,0,0,2,0,1,0,4,3,0,0,11,2,2,4,4,0,0
"PE30 5",7417,6312,0,0,0,0,0,0,0,0,0,3,85,9,759,2,9,162,40,10,5,407,107,1,5,2,3,2,4,0,0,0,0,0,8,5,0,2,1,0,0,0,0,190,11,4,2,0,1,0,0,1,5,0,0,0,0,4,0,0,1,0,0,0,0,0,23,1,6,6,0,0,0,4,0,3,3,0,0,0,0,0,2,0,0,0,0,0,0,0,1,0,0,0,0,0,0,1,2,2,2,2,0,0
"PE31 6",7739,7689,1,0,0,0,0,0,0,0,0,4,1,1,36,2,7,5,0,0,0,9,3,0,1,0,7,2,0,0,0,0,0,0,0,0,0,0,0,0,0,0,0,1,0,0,0,0,0,0,0,0,1,0,0,0,0,0,1,0,0,0,0,0,0,0,5,1,0,0,0,0,0,2,0,2,0,0,0,0,0,0,0,0,0,0,0,0,0,0,0,0,0,0,0,0,0,0,0,0,0,0,0,0
"PE31 7",7153,7101,0,1,1,0,0,0,0,0,0,0,0,2,22,0,9,4,1,0,2,2,0,0,0,0,2,0,1,1,0,0,0,0,2,0,0,0,0,2,0,0,0,3,0,0,0,0,0,0,0,0,9,0,0,2,0,0,1,0,0,4,2,0,0,0,11,1,2,3,1,0,0,2,0,2,0,0,0,0,0,0,1,0,0,0,0,0,0,1,0,0,0,0,0,0,0,0,0,0,1,1,0,0
"PE31 8",4668,4613,0,0,0,0,0,0,0,0,0,3,4,0,33,0,3,19,0,3,0,0,0,4,0,0,1,1,1,1,0,0,0,0,1,0,0,0,0,1,0,0,0,1,0,0,1,0,1,0,0,0,1,0,0,0,0,0,1,0,0,0,0,0,0,0,10,1,0,4,1,0,0,0,0,4,0,0,0,0,0,0,0,0,0,0,0,0,0,0,0,0,0,0,0,0,0,0,0,0,1,0,1,0
"PE32 1",8720,8594,0,0,0,0,0,0,0,0,0,0,12,4,74,1,7,25,6,0,0,18,2,0,0,1,9,1,1,3,0,0,0,0,1,0,0,0,0,1,0,0,0,8,3,1,0,0,0,0,0,0,7,0,4,2,0,0,0,0,0,1,0,0,0,0,12,1,1,2,0,0,0,6,0,2,0,0,0,0,0,0,2,0,0,0,0,0,0,0,0,0,0,0,2,0,0,0,1,1,1,0,0,1
"PE32 2",6183,6101,2,2,0,0,0,0,1,1,0,5,12,2,47,5,4,16,3,0,0,11,1,0,0,1,3,0,1,1,0,0,1,0,1,1,0,0,0,0,0,0,0,7,0,0,0,0,0,0,0,0,0,0,0,0,0,0,0,0,0,0,0,0,0,0,3,0,0,1,0,0,0,1,0,0,1,0,0,0,0,0,1,0,0,0,0,0,0,0,0,0,0,0,0,0,0,1,0,0,0,0,0,0
"PE33 0",7528,7415,0,0,0,0,0,0,0,0,0,4,8,0,48,0,12,10,0,0,0,11,1,0,0,4,5,0,0,0,5,0,0,0,1,0,0,0,0,1,0,0,0,2,2,4,0,0,0,0,0,0,13,0,2,3,0,0,1,0,0,3,3,0,1,0,21,0,5,5,0,0,0,5,1,5,0,1,0,0,0,0,6,0,3,0,0,1,0,0,0,0,0,0,0,0,0,2,0,0,3,2,0,1
"PE33 9",7836,7741,2,1,0,0,0,0,0,1,0,0,14,4,44,1,8,13,1,2,2,4,2,3,0,1,2,0,2,1,2,0,0,0,0,0,0,0,0,0,0,0,0,2,3,6,1,1,0,0,0,0,3,0,0,0,0,2,0,0,0,1,0,0,0,0,9,0,2,3,1,0,0,1,0,2,0,1,0,0,0,0,4,0,0,0,0,0,2,0,0,0,0,0,0,0,0,2,0,0,1,0,1,0
"PE34 3",5212,5117,0,0,0,0,0,0,0,0,0,1,6,1,71,0,3,19,2,2,0,37,5,1,0,0,1,0,0,0,1,0,0,0,0,0,0,0,0,0,0,0,0,6,1,0,1,0,1,0,0,0,2,0,0,1,0,0,1,0,0,0,0,0,0,0,5,0,0,0,0,0,0,4,0,1,0,0,0,0,0,0,1,0,0,0,0,0,0,0,0,0,0,0,1,0,0,0,0,0,0,0,0,0
"PE34 4",8726,8611,0,0,0,0,0,0,0,0,0,3,13,1,65,1,10,19,0,0,2,21,5,0,0,2,3,1,1,0,0,0,0,0,1,0,0,0,0,1,0,0,0,18,1,2,0,0,0,0,0,0,2,0,0,2,0,0,0,0,0,0,0,0,0,0,4,0,2,0,0,0,0,0,0,2,0,0,0,0,0,0,1,0,0,0,0,0,0,0,0,0,0,0,1,0,0,0,0,0,4,1,0,3
"PE36 5",3640,3575,1,2,0,0,0,0,0,2,0,2,2,1,33,0,1,11,0,0,1,12,2,1,1,0,2,1,0,0,1,0,0,0,2,0,2,0,0,0,0,0,0,3,9,0,0,0,0,0,0,0,3,1,1,0,0,0,0,0,0,0,1,0,0,0,7,0,0,4,0,0,0,1,1,0,1,0,0,0,0,0,0,0,0,0,0,0,0,0,0,0,0,0,0,0,0,0,0,0,0,0,0,0
"PE36 6",2756,2711,0,0,0,0,0,0,0,0,0,8,4,6,19,1,2,5,4,0,1,0,1,0,4,0,1,0,0,0,0,0,0,0,2,0,0,0,0,2,0,0,0,0,2,0,0,0,0,0,0,0,1,0,0,0,0,0,0,0,0,0,1,0,0,0,2,0,0,0,0,0,0,0,0,2,0,0,0,0,0,0,0,0,0,0,0,0,0,0,0,0,0,0,0,0,0,0,0,0,1,0,0,1
"PE37 7",6606,6333,0,0,0,0,0,0,0,0,0,0,87,0,116,1,3,58,0,1,2,39,9,1,0,0,0,1,0,0,0,0,1,0,2,2,0,0,0,0,0,0,0,11,4,1,0,0,0,0,0,0,24,0,1,0,0,2,0,0,0,0,21,0,0,0,25,0,0,4,0,0,0,2,2,16,1,0,0,0,0,0,2,0,0,0,0,0,0,0,0,0,0,0,2,0,0,0,0,0,1,1,0,0
"PE37 8",3330,3279,0,0,0,0,0,0,0,0,0,1,9,1,30,0,2,10,0,0,0,17,0,0,0,0,1,0,0,0,0,0,0,0,1,0,0,0,0,1,0,0,0,1,0,0,0,0,0,0,0,0,2,0,0,0,0,0,0,0,0,2,0,0,0,0,6,0,2,0,0,0,0,3,0,1,0,0,0,0,0,0,0,0,0,0,0,0,0,0,0,0,0,0,0,0,0,0,0,0,0,0,0,0
"PE38 0",4660,4595,0,0,0,0,0,0,0,0,0,6,2,0,37,1,2,18,0,0,0,12,1,1,0,0,0,0,2,0,0,0,0,0,1,0,0,0,0,1,0,0,0,6,1,1,0,0,0,0,0,0,4,0,0,1,0,0,0,0,0,0,0,0,3,0,3,0,0,0,0,0,0,1,0,2,0,0,0,0,0,0,4,0,0,0,0,0,0,0,0,0,0,4,0,0,0,0,0,0,0,0,0,0
"PE38 9",9680,9489,0,0,0,0,0,0,0,0,0,3,5,3,111,2,2,50,1,4,0,27,10,1,5,3,4,1,0,0,1,0,0,0,3,2,0,1,0,0,0,0,0,8,19,6,5,0,5,0,0,0,10,0,0,0,0,3,2,0,0,4,0,1,0,0,16,1,3,5,1,2,0,3,0,1,0,0,0,0,0,0,0,0,0,0,0,0,0,0,0,0,0,0,0,0,0,0,1,1,1,0,0,1
"PE4  5",5763,5525,0,0,0,0,0,0,0,0,0,6,5,4,132,6,1,82,8,4,4,14,3,3,0,3,1,2,0,0,1,0,0,0,1,0,0,1,0,0,0,0,0,10,0,1,4,0,0,0,3,1,38,8,1,0,0,2,23,0,0,0,2,0,0,2,22,0,4,12,1,0,0,1,0,4,0,0,0,0,0,0,14,0,0,0,0,0,0,0,0,0,0,2,6,0,5,1,0,0,1,0,1,0
"PE4  6",10733,10105,0,0,0,0,0,0,0,0,0,4,54,10,347,20,1,169,21,13,7,84,11,7,5,0,6,0,2,1,0,0,0,0,6,1,4,1,0,0,0,0,0,17,4,11,15,0,10,4,1,0,98,38,0,6,0,0,50,0,0,1,0,0,0,3,37,2,7,17,0,1,0,3,0,6,1,0,0,0,0,0,19,0,0,0,0,1,5,0,0,0,0,4,4,0,1,4,1,1,5,0,4,1
"PE4  7",10742,9846,0,0,0,0,0,0,0,0,0,5,71,5,509,12,7,297,29,12,1,105,24,16,2,0,4,0,0,0,0,0,0,0,6,3,2,1,0,0,0,0,0,20,16,14,62,0,28,16,18,0,84,8,0,18,1,5,41,0,0,0,2,0,0,9,40,4,6,13,1,1,0,4,0,6,5,0,0,0,0,0,46,0,5,0,0,5,0,0,1,0,0,20,0,1,0,14,2,2,16,13,2,1
"PE5  7",1555,1525,0,0,0,0,0,0,0,0,0,1,1,1,18,1,2,10,0,0,0,2,0,0,1,1,1,0,0,0,0,0,0,0,2,2,0,0,0,0,0,0,0,0,1,0,0,0,0,0,0,0,1,0,0,0,0,0,1,0,0,0,0,0,0,0,4,0,1,0,0,1,0,2,0,0,0,0,0,0,0,0,0,0,0,0,0,0,0,0,0,0,0,0,0,0,0,0,0,0,1,0,0,1
"PE6  0",6386,6271,0,0,0,0,0,0,0,0,0,0,10,1,78,2,0,34,3,0,4,26,1,0,0,1,2,0,0,5,0,0,0,0,0,0,0,0,0,0,0,0,0,8,1,0,0,0,0,0,0,0,2,0,0,2,0,0,0,0,0,0,0,0,0,0,11,1,2,6,1,0,0,1,0,0,0,0,0,0,0,0,3,0,0,0,0,0,0,1,0,0,0,1,0,0,1,0,1,1,0,0,0,0
"PE6  7",9281,9082,0,1,0,0,0,0,0,1,0,1,19,5,88,1,3,45,7,2,1,20,1,0,0,1,6,0,1,0,0,0,0,0,1,0,0,1,0,0,0,0,0,6,0,2,1,0,0,1,0,0,44,4,0,9,0,4,6,0,0,0,17,0,0,4,21,0,5,5,1,0,2,1,1,4,2,0,0,0,0,0,7,0,0,0,0,0,0,0,1,0,0,2,4,0,0,0,0,0,3,1,0,2
"PE6  8",12660,12487,2,0,0,0,0,0,0,0,0,2,10,1,81,5,7,41,10,0,2,3,1,3,0,2,1,2,1,3,0,0,0,0,0,0,0,0,0,0,0,0,0,4,0,1,0,0,0,0,0,0,17,0,0,0,0,0,3,2,1,0,8,2,1,0,31,0,6,13,1,0,1,0,0,7,3,0,0,0,0,0,4,0,0,0,0,0,3,0,0,0,0,0,0,0,0,1,0,0,20,5,12,3
"PE6  9",6124,6076,0,0,0,0,0,0,0,0,0,5,3,0,23,0,2,9,0,1,1,0,0,0,0,2,1,1,1,4,0,0,0,1,0,0,0,0,0,0,0,0,0,0,1,0,1,0,0,0,1,0,8,3,0,1,0,0,2,0,0,2,0,0,0,0,4,0,0,0,1,1,0,0,1,1,0,0,0,0,0,0,2,0,0,0,0,0,0,0,0,0,0,0,2,0,0,0,1,1,0,0,0,0
"PE7  0",159,128,0,0,0,0,0,0,0,0,0,0,2,0,28,2,0,21,0,0,0,5,0,0,0,0,0,0,0,0,0,0,0,0,0,0,0,0,0,0,0,0,0,0,0,0,0,0,0,0,0,0,0,0,0,0,0,0,0,0,0,0,0,0,0,0,0,0,0,0,0,0,0,0,0,0,0,0,0,0,0,0,1,0,0,0,0,0,0,0,0,0,0,0,0,0,1,0,0,0,0,0,0,0
"PE7  1",12367,12166,1,0,0,0,0,0,0,0,0,2,13,1,107,7,7,54,2,1,0,21,2,0,3,3,2,1,0,0,0,1,3,0,1,0,0,1,0,0,0,0,0,5,11,1,7,0,5,1,0,1,19,2,0,2,0,2,4,0,2,1,6,0,0,0,25,2,2,7,0,0,1,0,1,12,0,0,0,0,0,0,4,0,0,0,0,0,0,0,0,0,0,0,2,0,2,0,1,1,3,2,0,1
"PE7  2",2743,2712,0,0,0,0,0,0,0,0,0,0,0,1,15,1,0,6,2,0,0,4,1,1,0,0,0,0,0,0,0,0,0,0,0,0,0,0,0,0,0,0,0,0,3,1,0,0,0,0,0,0,4,0,0,4,0,0,0,0,0,0,0,0,0,0,6,0,0,4,1,0,1,0,0,0,0,0,0,0,0,0,0,0,0,0,0,0,0,0,0,0,0,0,0,0,0,0,0,0,1,1,0,0
"PE7  3",15522,15193,1,0,0,0,0,0,0,0,0,13,15,7,166,17,14,83,4,1,14,13,9,1,3,0,2,2,2,0,0,0,1,0,6,2,2,1,0,1,0,0,0,5,5,2,3,0,0,3,0,0,47,4,4,16,0,0,12,0,5,4,0,2,0,0,37,2,11,9,2,0,0,8,0,2,3,0,0,0,0,0,17,0,0,0,0,2,4,1,1,0,0,2,4,0,1,2,3,3,2,1,1,0
"PE7  8",9790,8697,0,1,1,0,0,0,0,0,0,22,76,22,555,26,18,314,30,21,5,109,12,2,7,2,3,0,5,1,0,0,0,0,12,3,1,4,1,3,0,0,0,24,24,13,24,0,5,9,10,0,171,52,14,38,1,4,23,4,9,9,10,1,1,5,78,3,21,36,6,3,3,0,0,4,2,0,1,0,0,0,55,2,8,4,0,2,0,2,1,0,0,14,11,0,4,7,6,6,9,8,1,0
"PE8  4",5612,5448,3,0,0,0,0,0,0,0,0,17,2,3,50,5,9,7,4,5,8,0,1,1,2,1,3,1,1,1,1,0,0,0,1,0,0,0,0,1,0,0,0,5,1,1,2,0,1,1,0,0,3,2,0,0,0,0,1,0,0,0,0,0,0,0,72,1,19,34,4,2,1,3,2,6,0,0,0,0,0,0,1,0,0,0,0,0,0,0,0,0,0,0,1,0,0,0,2,2,1,0,0,1
"PE8  5",3498,3397,0,0,0,0,0,0,0,0,0,4,0,2,80,2,4,44,2,0,10,9,0,2,2,0,4,1,0,0,0,0,0,0,2,0,0,0,0,2,0,0,0,1,0,0,5,0,0,0,0,5,1,1,0,0,0,0,0,0,0,0,0,0,0,0,3,0,0,0,1,0,0,1,0,0,1,0,0,0,0,0,2,0,0,0,0,0,0,0,0,0,0,1,1,0,0,0,1,1,0,0,0,0
"PE8  6",7808,7703,3,0,0,0,0,0,0,0,0,8,4,3,42,5,7,15,0,1,2,5,2,0,0,1,1,1,1,0,1,0,0,0,2,0,0,1,0,1,0,0,0,5,1,2,9,0,6,1,2,0,3,0,2,1,0,0,0,0,0,0,0,0,0,0,9,0,2,1,2,0,2,2,0,0,0,0,0,0,0,0,12,0,0,0,0,0,0,0,0,0,0,5,3,0,0,4,1,1,1,0,1,0
"PE9  1",9030,8712,0,0,0,0,0,0,0,0,0,14,10,9,188,2,5,102,16,1,1,9,12,25,1,4,4,1,1,0,0,0,3,1,1,1,0,0,0,0,0,0,0,1,0,5,1,0,0,1,0,0,34,1,6,6,0,8,1,0,1,1,10,0,0,0,42,0,5,10,2,1,0,9,1,13,1,0,0,0,0,0,8,0,0,0,0,0,0,0,4,0,0,0,0,0,0,4,2,2,3,0,2,1
"PE9  2",9413,9127,0,1,0,0,0,0,0,1,0,20,28,15,138,9,15,50,5,4,9,1,0,36,2,0,1,2,3,0,1,0,0,0,1,0,0,1,0,0,0,0,0,7,2,3,1,0,0,0,1,0,22,4,1,0,0,4,0,0,4,4,0,0,0,5,44,3,12,21,4,0,0,1,0,2,1,1,0,0,0,0,1,0,0,0,0,0,0,1,0,0,0,0,0,0,0,0,0,0,2,2,0,0
"PE9  3",5887,5836,0,1,0,0,0,0,0,1,0,3,1,1,27,1,9,6,0,1,0,1,1,6,0,0,1,0,1,0,0,0,0,0,2,0,1,0,0,1,0,0,0,0,1,2,1,0,1,0,0,0,8,3,0,4,0,0,1,0,0,0,0,0,0,0,3,0,0,0,0,0,0,0,0,3,0,0,0,0,0,0,1,0,0,0,0,0,0,0,0,0,0,0,1,0,0,0,0,0,0,0,0,0
"PE9  4",5884,5817,3,0,0,0,0,0,0,0,0,9,2,3,26,1,5,3,1,0,4,0,0,5,0,2,3,1,1,0,0,0,0,0,6,0,0,0,0,6,0,0,0,2,0,1,1,0,0,1,0,0,3,0,0,0,0,0,0,0,0,0,3,0,0,0,5,2,0,1,0,0,0,1,0,1,0,2,0,0,0,0,4,0,0,0,0,1,0,0,0,0,0,1,2,0,0,0,0,0,0,0,0,0
"PL1  1",749,648,0,0,0,0,0,0,0,0,0,5,2,0,46,1,4,15,0,2,3,0,0,0,0,21,0,0,0,0,0,0,0,0,4,0,4,0,0,0,0,0,0,2,2,8,6,0,5,1,0,0,0,0,0,0,0,0,0,0,0,0,0,0,0,0,21,1,0,18,0,0,0,0,0,2,0,0,0,0,0,0,5,0,0,2,0,0,0,0,0,0,0,0,0,1,0,2,0,0,0,0,0,0
"PL1  2",2274,2027,0,0,0,0,0,0,0,0,0,13,13,7,133,8,7,79,3,3,7,2,3,2,3,4,5,6,0,0,0,0,0,1,8,5,2,0,0,1,0,0,0,11,0,8,19,0,17,1,0,1,6,0,0,0,0,3,0,0,0,0,3,0,0,0,15,9,0,4,0,0,0,1,0,0,1,0,0,0,0,0,13,0,2,0,0,0,0,10,0,0,0,0,0,0,1,0,0,0,1,0,1,0
"PL1  3",4824,4325,0,0,0,0,0,0,0,0,0,16,28,26,250,3,11,176,6,14,10,7,1,6,2,13,0,0,1,0,0,0,0,0,3,0,0,0,0,3,0,0,0,15,7,25,38,0,22,13,1,2,25,3,0,0,0,10,2,0,0,4,0,1,5,0,47,12,0,27,0,0,2,2,0,2,2,3,0,0,0,0,7,0,0,0,0,0,0,0,0,0,0,2,2,0,0,3,7,7,2,2,0,0
"PL1  4",5429,5152,1,0,0,0,0,0,0,0,0,13,10,1,148,0,0,110,4,0,11,10,5,1,0,3,2,0,0,0,0,0,2,0,2,1,1,0,0,0,0,0,0,16,4,2,22,0,21,1,0,0,7,1,0,0,0,1,0,0,4,1,0,0,0,0,33,7,0,12,0,1,0,5,0,8,0,2,0,0,0,0,15,0,0,0,0,0,0,0,1,0,2,5,5,0,1,1,1,1,0,0,0,0
"PL1  5",8459,7451,1,0,0,0,0,0,0,0,0,26,52,14,424,9,19,233,4,36,27,32,16,5,10,16,8,3,0,1,0,2,2,1,20,2,6,4,0,8,0,0,0,33,12,52,79,0,55,21,2,1,79,5,5,0,0,22,0,2,4,12,16,0,13,0,172,13,26,93,4,1,4,2,4,23,2,5,0,0,0,0,31,7,5,2,0,0,0,1,5,0,0,1,2,0,0,8,5,5,3,3,0,0
"PL10 1",3543,3509,0,0,0,0,0,0,0,0,0,3,0,0,16,2,5,4,0,0,0,0,0,1,0,0,1,0,2,1,0,0,0,0,0,0,0,0,0,0,0,0,0,1,0,0,3,2,1,0,0,0,1,0,0,0,0,0,0,0,0,0,0,1,0,0,5,1,0,0,1,0,0,3,0,0,0,1,0,0,0,0,1,0,0,0,0,0,0,0,0,0,0,0,0,0,1,0,0,0,3,2,1,0
"PL11 2",7637,7561,1,1,0,0,0,0,0,1,0,0,8,4,24,0,3,16,0,0,0,2,0,0,0,0,0,1,0,2,0,0,0,0,0,0,0,0,0,0,0,0,0,4,1,3,1,0,0,1,0,0,3,0,0,0,0,2,0,0,0,0,1,0,0,0,19,1,0,10,4,0,0,2,1,1,0,2,0,0,0,0,0,0,0,0,0,0,0,0,0,0,0,0,0,0,0,0,1,1,4,2,2,0
"PL11 3",2419,2404,0,1,0,0,0,0,1,0,0,1,0,0,9,0,0,3,0,0,0,0,0,0,1,0,3,0,1,0,0,0,0,1,1,0,0,0,0,1,0,0,0,0,0,0,0,0,0,0,0,0,0,0,0,0,0,0,0,0,0,0,0,0,0,0,3,1,0,0,0,0,0,2,0,0,0,0,0,0,0,0,0,0,0,0,0,0,0,0,0,0,0,0,0,0,0,0,0,0,0,0,0,0
"PL12 4",10264,10188,1,2,0,0,0,0,2,0,0,5,1,3,28,0,6,10,4,2,0,0,0,0,0,3,0,1,2,0,0,0,0,0,1,0,0,0,0,1,0,0,0,6,2,2,3,0,0,3,0,0,2,0,2,0,0,0,0,0,0,0,0,0,0,0,13,1,7,3,1,0,0,1,0,0,0,0,0,0,0,0,3,1,0,0,0,0,0,0,0,0,0,0,0,0,0,2,0,0,4,4,0,0
"PL12 5",2399,2386,1,1,0,0,0,0,1,0,0,1,0,0,6,0,2,2,0,0,0,0,0,0,2,0,0,0,0,0,0,0,0,0,0,0,0,0,0,0,0,0,0,1,0,0,0,0,0,0,0,0,0,0,0,0,0,0,0,0,0,0,0,0,0,0,3,0,0,3,0,0,0,0,0,0,0,0,0,0,0,0,0,0,0,0,0,0,0,0,0,0,0,0,0,0,0,0,0,0,0,0,0,0
"PL12 6",8493,8403,1,3,0,0,0,0,3,0,0,5,2,4,54,2,7,33,1,2,0,0,0,4,0,0,4,0,1,0,0,0,0,0,1,0,0,1,0,0,0,0,0,1,4,0,3,1,0,2,0,0,0,0,0,0,0,0,0,0,0,0,0,0,0,0,11,1,2,0,1,0,0,7,0,0,0,0,0,0,0,0,0,0,0,0,0,0,0,0,0,0,0,0,0,0,0,0,0,0,1,1,0,0
"PL13 1",4131,4061,1,1,0,0,0,0,1,0,0,6,3,2,28,3,7,8,0,0,0,7,0,1,0,1,0,0,1,0,0,0,0,0,1,0,1,0,0,0,0,0,0,2,0,0,0,0,0,0,0,0,4,0,0,0,0,0,0,0,0,0,0,0,4,0,20,0,1,8,0,0,0,3,4,4,0,0,0,0,0,0,0,0,0,0,0,0,0,0,0,0,0,0,0,0,0,0,0,0,2,0,0,2
"PL13 2",5108,5077,0,1,0,0,0,1,0,0,0,0,0,1,9,0,3,0,0,0,0,2,0,0,0,0,2,0,2,0,0,0,0,0,0,0,0,0,0,0,0,0,0,1,1,0,0,0,0,0,0,0,2,0,0,1,0,1,0,0,0,0,0,0,0,0,16,0,0,0,1,0,0,3,0,12,0,0,0,0,0,0,0,0,0,0,0,0,0,0,0,0,0,0,0,0,0,0,0,0,0,0,0,0
"PL14 3",8034,7880,1,6,1,0,0,0,5,0,0,4,2,6,104,0,9,84,0,1,4,2,0,3,0,0,0,1,0,0,0,0,0,0,1,0,0,0,0,1,0,0,0,0,6,0,1,1,0,0,0,0,6,4,0,1,0,1,0,0,0,0,0,0,0,0,13,0,0,6,0,0,0,2,0,5,0,0,0,0,0,0,3,0,0,0,0,0,0,0,0,0,0,1,2,0,0,0,1,1,0,0,0,0
"PL14 4",5375,5315,0,3,0,0,0,1,2,0,0,3,0,0,32,1,7,20,0,0,0,2,0,0,0,1,1,0,0,0,0,0,0,0,0,0,0,0,0,0,0,0,0,4,0,0,0,0,0,0,0,0,4,4,0,0,0,0,0,0,0,0,0,0,0,0,13,0,3,5,2,0,0,2,0,1,0,0,0,0,0,0,1,0,0,0,0,0,0,0,0,0,0,0,1,0,0,0,0,0,0,0,0,0
"PL14 5",5456,5440,0,1,0,0,0,0,1,0,0,1,0,0,8,0,2,2,0,0,2,0,1,0,0,0,0,0,0,0,0,0,1,0,0,0,0,0,0,0,0,0,0,1,1,0,0,0,0,0,0,0,0,0,0,0,0,0,0,0,0,0,0,0,0,0,4,0,0,1,1,0,0,1,0,1,0,0,0,0,0,0,0,0,0,0,0,0,0,0,0,0,0,0,0,0,0,0,0,0,0,0,0,0
"PL14 6",3397,3380,1,3,0,0,0,0,3,0,0,0,6,0,3,1,0,0,0,0,0,1,0,0,0,0,1,0,0,0,0,0,0,0,0,0,0,0,0,0,0,0,0,0,1,0,0,0,0,0,0,0,1,0,0,0,0,0,0,0,0,0,0,0,1,0,2,0,0,0,1,0,0,1,0,0,0,0,0,0,0,0,0,0,0,0,0,0,0,0,0,0,0,0,0,0,0,0,0,0,0,0,0,0
"PL15 7",6173,6088,1,2,0,0,0,0,2,0,0,6,2,0,46,0,2,38,2,1,0,0,1,0,1,0,1,0,0,0,0,0,0,0,0,0,0,0,0,0,0,0,0,0,0,1,1,0,0,0,0,1,2,0,0,0,0,0,0,0,0,0,0,0,2,0,24,0,4,1,0,0,0,0,0,17,2,0,0,0,0,0,0,0,0,0,0,0,0,0,0,0,0,0,0,0,0,0,0,0,0,0,0,0
"PL15 8",6846,6623,2,0,0,0,0,0,0,0,0,4,3,2,153,0,1,123,4,3,10,0,7,1,4,0,0,0,0,0,0,0,0,0,4,4,0,0,0,0,0,0,0,4,2,1,1,0,1,0,0,0,11,0,0,0,0,7,0,0,0,3,1,0,0,0,25,0,0,1,0,0,0,1,0,22,1,0,0,0,0,0,4,0,0,0,0,0,0,0,0,0,0,0,0,1,0,3,0,0,7,1,0,6
"PL15 9",6264,5983,1,1,0,0,0,0,1,0,0,4,10,1,189,1,1,135,25,10,2,1,5,1,4,0,2,1,1,0,0,0,0,0,0,0,0,0,0,0,0,0,0,8,1,0,1,0,0,0,0,1,15,0,1,0,0,1,0,0,0,0,12,1,0,0,47,2,0,9,0,0,0,1,0,34,1,0,0,0,0,0,2,0,0,0,0,1,0,0,0,0,0,0,0,0,0,1,0,0,1,0,0,1
"PL16 0",1713,1699,1,1,1,0,0,0,0,0,0,1,1,0,6,0,1,4,0,0,0,0,0,0,0,0,0,0,0,1,0,0,0,0,0,0,0,0,0,0,0,0,0,0,0,1,0,0,0,0,0,0,0,0,0,0,0,0,0,0,0,0,0,0,0,0,1,0,0,0,0,0,0,0,0,1,0,0,0,0,0,0,0,0,0,0,0,0,0,0,0,0,0,0,0,0,0,0,0,0,2,2,0,0
"PL17 7",5634,5480,1,4,0,0,0,0,3,1,0,0,5,0,110,1,5,84,11,4,2,0,0,0,2,0,0,1,0,0,0,0,0,0,1,1,0,0,0,0,0,0,0,1,2,0,2,0,2,0,0,0,1,0,0,0,0,1,0,0,0,0,0,0,0,0,24,1,0,5,0,0,0,3,0,14,1,0,0,0,0,0,2,0,0,0,0,0,0,0,0,0,0,0,2,0,0,0,0,0,1,0,0,1
"PL17 8",4116,4073,0,0,0,0,0,0,0,0,0,3,0,0,23,2,2,14,2,0,0,1,0,0,0,0,1,0,0,0,0,0,0,1,1,1,0,0,0,0,0,0,0,0,1,2,1,1,0,0,0,0,0,0,0,0,0,0,0,0,0,0,0,0,0,0,11,0,0,0,0,0,0,3,0,8,0,0,0,0,0,0,1,0,0,0,0,0,0,0,0,0,0,0,0,0,0,1,0,0,0,0,0,0
"PL18 9",4697,4654,1,1,0,0,0,0,1,0,0,4,1,1,18,1,3,4,0,0,0,0,0,0,0,2,4,1,3,0,0,0,0,0,0,0,0,0,0,0,0,0,0,2,0,0,0,0,0,0,0,0,0,0,0,0,0,0,0,0,0,0,0,0,0,0,9,0,0,1,3,0,0,4,0,1,0,4,0,0,0,0,1,0,0,0,0,0,1,0,0,0,0,0,0,0,0,0,0,0,1,0,1,0
"PL19 0",2938,2884,0,0,0,0,0,0,0,0,0,3,1,3,18,1,3,7,3,1,0,0,0,1,1,0,0,0,0,0,0,0,1,0,1,0,0,0,1,0,0,0,0,3,1,0,0,0,0,0,0,0,1,0,0,0,0,0,0,0,0,0,1,0,0,0,20,0,11,6,0,1,0,0,0,2,0,0,0,0,0,0,0,0,0,0,0,0,0,0,0,0,0,0,0,0,0,0,1,1,2,1,0,1
"PL19 8",6007,5936,1,1,1,0,0,0,0,0,0,3,4,3,25,2,3,2,1,4,0,3,0,2,2,0,4,1,0,1,0,0,0,0,2,0,1,0,0,1,0,0,0,3,1,1,0,0,0,0,0,0,7,0,0,0,0,6,0,0,0,1,0,0,0,0,19,0,0,1,1,0,0,1,0,13,3,1,0,0,0,0,0,0,0,0,0,0,0,0,0,0,0,0,0,0,0,0,0,0,0,0,0,0
"PL19 9",7033,6989,1,0,0,0,0,0,0,0,0,3,3,7,15,1,2,2,0,0,2,5,0,0,0,1,0,1,0,0,0,0,0,1,3,3,0,0,0,0,0,0,0,1,0,1,0,0,0,0,0,0,2,0,0,0,0,1,0,1,0,0,0,0,0,0,3,0,0,0,0,0,0,0,0,3,0,0,0,0,0,0,3,0,0,0,0,0,0,0,0,0,0,2,1,0,0,0,0,0,2,1,0,1
"PL2  1",9591,9142,2,0,0,0,0,0,0,0,0,19,13,9,233,5,13,98,6,22,51,5,8,5,8,1,2,4,0,0,0,0,5,0,4,0,3,0,1,0,0,0,0,13,6,14,20,0,19,0,0,1,25,1,0,1,0,6,2,0,4,4,0,1,6,0,51,8,6,19,2,0,0,3,1,11,1,1,0,0,0,0,24,0,1,1,0,0,3,0,1,0,0,3,9,0,1,5,0,0,15,14,0,1
"PL2  2",10219,9978,1,3,0,0,0,0,1,2,0,1,10,5,117,1,3,77,3,1,6,9,12,1,0,3,0,0,0,0,0,0,1,0,0,0,0,0,0,0,1,1,0,9,1,2,11,0,9,2,0,0,34,8,2,0,0,0,0,0,0,4,0,2,5,13,27,0,5,12,0,0,0,3,2,5,0,6,0,0,0,0,7,0,0,0,0,1,0,0,1,0,0,3,0,2,0,0,1,1,5,3,1,1
"PL2  3",10292,10067,2,4,0,0,0,0,0,4,0,8,8,10,63,2,7,33,2,4,10,2,0,0,1,0,0,0,0,0,0,0,1,1,7,7,0,0,0,0,0,0,0,2,3,13,16,0,11,5,0,0,39,11,5,0,0,6,5,0,0,0,1,1,10,0,40,1,8,17,1,1,0,4,0,8,0,0,0,0,0,0,7,1,0,0,0,0,0,0,1,0,0,4,0,0,0,1,0,0,3,3,0,0
"PL20 6",5215,5106,2,1,0,0,0,0,0,1,0,6,0,2,47,5,7,17,0,2,5,5,1,1,0,2,1,0,1,0,0,0,0,0,2,1,0,0,0,1,0,0,0,1,2,9,4,0,2,2,0,0,16,2,0,5,0,4,0,0,0,1,3,0,1,0,12,2,0,2,0,0,6,0,0,2,0,0,0,0,0,0,2,0,0,2,0,0,0,0,0,0,0,0,0,0,0,0,3,3,0,0,0,0
"PL20 7",6564,6516,0,0,0,0,0,0,0,0,0,4,2,2,25,0,6,9,0,0,0,0,0,1,0,0,4,3,1,0,0,0,1,0,0,0,0,0,0,0,0,0,0,1,0,0,1,0,1,0,0,0,0,0,0,0,0,0,0,0,0,0,0,0,0,0,5,0,1,2,1,0,0,0,0,1,0,0,0,0,0,0,1,0,0,0,0,0,0,0,1,0,0,0,0,0,0,0,1,1,6,2,0,4
"PL21 0",9182,9113,2,0,0,0,0,0,0,0,0,13,2,5,29,3,4,5,2,4,1,0,0,1,3,2,2,2,0,0,0,0,0,0,2,0,0,0,0,2,0,0,0,0,1,1,0,0,0,0,0,0,8,0,0,0,0,8,0,0,0,0,0,0,0,0,4,0,0,0,0,0,0,1,0,3,0,0,0,0,0,0,1,0,0,0,0,0,0,0,0,0,0,0,1,0,0,0,1,1,0,0,0,0
"PL21 9",7634,7546,1,1,0,0,0,0,1,0,0,11,2,2,35,3,1,18,2,0,0,1,0,2,0,0,4,2,1,0,0,1,0,0,2,0,2,0,0,0,0,0,0,0,1,1,3,0,0,3,0,0,5,0,0,0,0,2,0,0,0,0,3,0,0,0,19,1,3,6,0,0,0,0,1,8,0,0,0,0,0,0,3,0,0,0,0,0,0,0,0,0,0,0,3,0,0,0,0,0,2,0,0,2
"PL22 0",3607,3564,1,6,0,0,0,0,6,0,0,2,10,1,19,1,2,10,0,1,0,0,1,0,0,0,3,0,1,0,0,0,0,0,1,0,0,0,0,1,0,0,0,0,0,0,0,0,0,0,0,0,1,0,1,0,0,0,0,0,0,0,0,0,0,0,2,0,0,2,0,0,0,0,0,0,0,0,0,0,0,0,0,0,0,0,0,0,0,0,0,0,0,0,0,0,0,0,0,0,0,0,0,0
"PL23 1",3454,3416,2,4,0,0,0,0,3,1,0,2,0,4,11,2,2,2,0,0,0,0,0,0,0,0,1,2,2,0,0,0,0,0,0,0,0,0,0,0,0,0,0,0,0,0,0,0,0,0,0,0,0,0,0,0,0,0,0,0,0,0,0,0,0,0,10,0,0,1,1,0,0,2,0,6,0,0,0,0,0,0,3,0,0,0,0,0,0,0,0,0,0,1,2,0,0,0,0,0,2,1,0,1
"PL24 2",9822,9747,1,2,0,0,0,0,2,0,0,5,8,3,38,4,6,6,4,0,3,1,4,7,0,1,0,1,0,0,0,1,0,0,3,2,0,0,0,1,0,0,0,3,0,2,0,0,0,0,0,0,2,0,0,0,0,0,0,0,1,0,0,0,1,0,4,0,0,1,0,0,0,2,0,1,0,0,0,0,0,0,2,0,0,0,0,0,0,0,0,0,0,0,2,0,0,0,0,0,2,2,0,0
"PL25 3",10649,10543,2,13,0,0,0,0,13,0,0,5,2,3,38,0,7,15,1,0,1,2,4,4,0,1,2,1,0,0,0,0,0,0,1,0,0,1,0,0,0,0,0,2,1,4,0,0,0,0,0,0,12,0,0,0,0,7,0,0,0,4,1,0,0,0,18,1,2,6,2,0,0,5,0,1,1,0,0,0,0,0,1,0,1,0,0,0,0,0,0,0,0,0,0,0,0,0,0,0,4,4,0,0
"PL25 4",8573,8419,0,10,0,0,0,1,7,2,0,9,9,0,72,2,6,21,3,0,3,16,6,10,2,1,1,1,0,0,0,0,0,0,1,0,1,0,0,0,0,0,0,3,4,1,0,0,0,0,0,0,16,0,0,0,0,11,1,0,0,0,0,0,0,4,21,0,2,13,0,0,0,1,1,4,0,0,0,0,0,0,2,0,0,0,0,0,0,0,1,0,0,0,0,0,0,1,1,1,5,2,0,3
"PL25 5",5454,5365,0,4,0,0,0,0,4,0,0,2,6,0,45,2,7,11,1,0,3,1,13,4,1,1,1,0,0,0,0,0,0,0,2,0,0,2,0,0,0,0,0,1,5,1,0,0,0,0,0,0,8,0,2,0,0,4,1,0,0,0,0,0,0,1,12,1,0,2,1,0,0,4,1,3,0,1,0,0,0,0,0,0,0,0,0,0,0,0,0,0,0,0,0,0,0,0,1,1,1,1,0,0
"PL26 6",5030,4989,0,3,0,0,0,0,3,0,0,8,2,1,22,0,5,5,0,0,3,0,2,5,0,1,1,0,0,0,0,0,0,0,0,0,0,0,0,0,0,0,0,1,0,0,0,0,0,0,0,0,0,0,0,0,0,0,0,0,0,0,0,0,0,0,3,0,0,2,0,0,0,0,0,1,0,0,0,0,0,0,0,0,0,0,0,0,0,0,0,0,0,0,0,0,0,0,1,1,0,0,0,0
"PL26 7",9281,9214,0,13,1,0,0,0,11,1,0,3,5,2,19,4,6,4,0,0,0,0,0,0,1,0,3,1,0,0,0,0,0,0,0,0,0,0,0,0,0,0,0,3,2,0,1,0,0,0,0,1,2,0,0,1,0,0,0,0,0,0,0,1,0,0,12,0,0,5,1,0,0,0,0,4,2,0,0,0,0,0,0,0,0,0,0,0,0,0,0,0,0,0,0,0,0,0,1,1,4,2,0,2
"PL26 8",11416,11169,2,9,0,0,0,0,9,0,0,5,106,3,69,5,3,38,0,6,0,7,3,1,2,1,2,0,0,0,0,0,0,1,1,0,0,1,0,0,0,0,0,2,0,0,0,0,0,0,0,0,6,0,0,1,0,2,0,0,0,0,3,0,0,0,35,1,7,10,1,0,0,1,0,15,0,6,0,0,0,0,0,0,0,0,0,0,0,0,0,0,0,0,0,0,0,0,1,1,2,0,0,2
"PL27 6",5227,5150,1,4,0,0,0,0,4,0,0,7,0,2,29,0,2,18,4,0,0,0,1,0,0,0,0,3,0,0,0,0,0,1,0,0,0,0,0,0,0,0,0,0,1,0,5,0,2,3,0,0,3,0,0,0,0,1,0,1,0,0,0,0,1,0,25,3,0,0,1,0,0,0,0,21,0,0,0,0,0,0,0,0,0,0,0,0,0,0,0,0,0,0,0,0,0,0,0,0,0,0,0,0
"PL27 7",6655,6573,1,4,0,0,0,0,4,0,0,2,1,0,49,1,5,29,4,2,0,1,0,0,0,2,1,3,1,0,0,0,0,0,2,0,0,0,0,2,0,0,0,1,1,0,2,0,0,2,0,0,4,0,0,0,0,4,0,0,0,0,0,0,0,0,9,0,0,4,0,0,0,2,0,3,0,0,0,0,0,0,1,0,0,0,0,0,0,0,0,0,0,0,1,0,0,0,1,1,4,1,1,2
"PL28 8",4323,4244,1,12,0,0,0,0,12,0,0,1,3,2,40,0,3,15,2,4,0,5,1,8,0,0,2,0,0,0,0,0,0,0,1,0,0,0,0,1,0,0,0,1,7,0,0,0,0,0,0,0,5,0,0,0,0,0,0,0,1,0,0,0,4,0,6,0,0,2,0,0,0,1,0,3,0,0,0,0,0,0,0,0,0,0,0,0,0,0,0,0,0,0,0,0,0,0,0,0,0,0,0,0
"PL29 3",1007,990,0,1,0,0,0,0,1,0,0,0,2,0,5,0,0,4,0,0,0,0,0,0,0,0,0,0,0,0,1,0,0,0,0,0,0,0,0,0,0,0,0,0,0,0,0,0,0,0,0,0,8,0,0,0,0,2,0,0,0,0,6,0,0,0,0,0,0,0,0,0,0,0,0,0,0,0,0,0,0,0,1,0,0,0,0,0,0,0,0,0,0,0,1,0,0,0,0,0,0,0,0,0
"PL3  4",9091,8678,0,1,1,0,0,0,0,0,0,25,6,10,172,6,14,97,7,5,2,3,4,6,1,8,7,7,2,1,0,2,0,0,14,8,0,0,0,6,0,0,0,18,3,21,32,0,17,14,1,0,40,2,2,5,0,2,0,0,0,4,17,1,7,0,66,5,13,27,2,0,0,11,0,8,0,0,0,0,0,0,4,0,0,0,0,0,0,1,1,0,0,2,0,0,0,0,1,1,0,0,0,0
"PL3  5",8995,8776,2,3,2,0,0,0,0,1,0,18,5,3,93,4,6,27,5,17,0,5,1,0,0,20,4,1,3,0,0,0,0,0,1,0,1,0,0,0,0,0,0,6,1,14,17,0,6,10,1,0,15,1,0,1,0,4,2,0,0,1,0,0,3,3,35,4,2,14,2,1,4,2,1,3,2,0,0,0,0,0,5,0,0,0,0,0,0,0,0,0,0,0,0,0,0,5,0,0,1,1,0,0
"PL3  6",11755,11536,1,0,0,0,0,0,0,0,0,10,10,11,102,1,6,76,2,1,7,6,0,0,0,2,0,0,1,0,0,0,0,0,7,2,0,1,2,2,0,0,0,6,1,4,14,0,6,8,0,0,12,0,0,0,0,4,0,0,0,1,4,0,3,0,23,0,5,1,3,0,3,8,0,3,0,2,0,0,0,0,8,2,1,0,0,0,0,0,0,4,0,0,0,1,0,0,0,0,8,5,0,3
"PL30 3",3484,3452,1,3,0,0,0,0,3,0,0,2,2,2,18,1,6,6,0,0,1,1,0,1,0,1,1,0,0,0,0,0,0,0,0,0,0,0,0,0,0,0,0,0,0,1,0,0,0,0,0,0,0,0,0,0,0,0,0,0,0,0,0,0,0,0,0,0,0,0,0,0,0,0,0,0,0,0,0,0,0,0,1,0,0,0,0,0,0,0,0,0,0,0,1,0,0,0,1,1,1,0,0,1
"PL30 4",2527,2511,0,1,0,0,0,0,1,0,0,3,0,1,11,1,5,4,0,0,0,1,0,0,0,0,0,0,0,0,0,0,0,0,0,0,0,0,0,0,0,0,0,0,0,0,0,0,0,0,0,0,0,0,0,0,0,0,0,0,0,0,0,0,0,0,0,0,0,0,0,0,0,0,0,0,0,0,0,0,0,0,0,0,0,0,0,0,0,0,0,0,0,0,0,0,0,0,0,0,0,0,0,0
"PL30 5",4257,4218,0,4,0,0,0,0,4,0,0,5,3,1,18,0,5,11,0,1,0,1,0,0,0,0,0,0,0,0,0,0,0,0,0,0,0,0,0,0,0,0,0,0,1,1,0,0,0,0,0,0,1,1,0,0,0,0,0,0,0,0,0,0,0,0,2,0,0,0,2,0,0,0,0,0,0,0,0,0,0,0,2,0,0,0,0,0,0,0,0,0,0,0,1,0,1,0,0,0,1,1,0,0
"PL31 1",7843,7624,0,10,0,0,0,0,10,0,0,1,49,2,121,2,4,69,13,0,0,2,15,12,0,2,1,0,0,1,0,0,0,0,0,0,0,0,0,0,0,0,0,3,0,0,0,0,0,0,0,0,3,0,1,0,0,0,0,0,0,0,0,0,0,2,25,0,2,3,2,0,0,2,3,12,1,0,0,0,0,0,0,0,0,0,0,0,0,0,0,0,0,0,0,0,0,0,0,0,5,3,0,2
"PL31 2",6285,5981,1,21,0,0,0,0,17,4,0,1,44,3,165,5,1,114,14,3,4,4,6,12,0,0,0,1,0,0,0,0,1,0,1,1,0,0,0,0,0,0,0,2,6,0,0,0,0,0,0,0,8,0,0,0,0,0,0,0,0,1,2,0,4,1,48,0,1,1,1,0,0,3,0,40,2,0,0,0,0,0,0,0,0,0,0,0,0,0,0,0,0,0,0,0,0,0,2,2,2,0,1,1
"PL32 9",4162,4120,0,8,0,0,0,0,8,0,0,2,0,2,15,1,4,6,0,0,1,0,0,0,1,0,2,0,0,0,0,0,0,0,1,0,1,0,0,0,0,0,0,1,0,0,0,0,0,0,0,0,2,0,0,0,0,0,0,0,0,0,0,0,2,0,5,0,0,5,0,0,0,0,0,0,0,0,0,0,0,0,5,0,0,0,0,0,0,0,0,0,0,0,3,0,1,1,0,0,1,1,0,0
"PL33 9",1581,1574,0,1,0,0,0,0,1,0,0,0,0,1,4,2,1,0,0,0,0,0,0,0,0,0,1,0,0,0,0,0,0,0,1,0,0,0,0,1,0,0,0,0,0,0,0,0,0,0,0,0,0,0,0,0,0,0,0,0,0,0,0,0,0,0,0,0,0,0,0,0,0,0,0,0,0,0,0,0,0,0,0,0,0,0,0,0,0,0,0,0,0,0,0,0,0,0,0,0,0,0,0,0
"PL34 0",1741,1720,0,0,0,0,0,0,0,0,0,1,0,0,15,3,1,7,3,0,0,0,1,0,0,0,0,0,0,0,0,0,0,0,0,0,0,0,0,0,0,0,0,1,1,0,0,0,0,0,0,0,2,0,0,0,0,2,0,0,0,0,0,0,0,0,1,0,0,0,0,0,0,1,0,0,0,0,0,0,0,0,0,0,0,0,0,0,0,0,0,0,0,0,0,0,0,0,0,0,0,0,0,0
"PL35 0",919,911,0,2,0,0,0,0,2,0,0,0,0,0,3,0,2,0,0,0,0,0,0,0,0,0,0,0,1,0,0,0,0,0,0,0,0,0,0,0,0,0,0,0,0,1,0,0,0,0,0,0,0,0,0,0,0,0,0,0,0,0,0,0,0,0,2,0,0,0,0,0,0,0,0,2,0,0,0,0,0,0,0,0,0,0,0,0,0,0,0,0,0,0,0,0,0,0,0,0,0,0,0,0
"PL4  0",2632,2413,1,2,0,0,0,0,0,2,0,10,6,11,99,3,1,37,7,7,5,5,3,6,0,19,4,0,1,0,1,0,0,0,4,0,0,0,0,4,0,0,0,9,8,16,19,0,16,3,0,0,8,0,0,1,0,5,0,0,0,0,2,0,0,0,21,1,7,9,0,0,0,1,0,3,0,0,0,0,0,0,5,0,0,0,0,0,1,0,0,0,0,0,0,0,0,4,0,0,0,0,0,0
"PL4  6",6489,5830,0,1,0,0,0,0,0,1,0,13,18,16,286,10,44,136,6,10,21,11,4,3,5,20,8,5,2,0,0,1,0,0,11,0,1,4,0,6,0,0,0,13,7,28,44,0,31,11,1,1,75,10,5,0,0,22,0,1,16,2,9,1,8,1,106,5,24,65,1,1,3,1,3,2,1,0,0,0,0,0,35,0,0,0,0,0,2,3,1,20,0,3,3,1,2,0,6,6,0,0,0,0
"PL4  7",8827,8155,2,1,1,0,0,0,0,0,0,25,29,27,352,15,25,235,11,13,24,1,11,2,0,9,0,2,1,2,0,0,1,0,9,4,0,0,0,5,0,0,0,17,6,20,45,0,35,9,1,0,40,9,5,0,0,8,1,0,0,5,5,0,7,0,74,5,6,43,1,0,3,1,3,11,1,2,0,0,0,0,17,0,2,0,0,1,0,1,1,4,0,0,1,2,1,4,5,5,1,0,0,1
"PL4  8",9966,9115,10,1,0,0,0,0,0,1,0,25,31,20,401,16,19,205,12,9,34,12,13,15,4,49,5,2,2,1,0,1,1,1,10,1,1,3,0,5,0,0,0,28,11,35,30,0,18,11,0,1,67,4,1,0,0,21,1,0,1,0,16,4,13,6,156,12,15,97,5,0,1,9,8,8,1,0,0,0,0,0,22,1,0,0,0,1,0,6,0,0,0,2,1,4,2,5,2,2,2,2,0,0
"PL4  9",7636,7070,2,1,0,0,0,0,1,0,0,15,35,4,287,3,15,159,10,16,33,13,7,5,2,14,1,4,1,3,0,0,1,0,9,6,1,1,0,1,0,0,0,10,10,18,36,0,26,5,5,0,43,3,0,0,0,23,0,0,0,4,0,3,7,3,78,10,9,50,1,0,0,3,1,3,1,0,0,0,0,0,15,0,1,0,0,0,0,0,1,0,0,3,1,0,0,9,2,2,1,0,0,1
"PL5  1",11684,11515,1,0,0,0,0,0,0,0,0,9,5,8,77,4,3,38,0,1,10,12,2,2,2,0,0,0,0,0,1,0,2,0,1,0,0,1,0,0,0,0,0,1,2,3,7,0,7,0,0,0,9,5,0,0,0,4,0,0,0,0,0,0,0,0,37,1,0,10,1,0,0,15,4,3,3,0,0,0,0,0,2,0,0,0,0,0,0,0,0,0,0,1,0,0,0,1,0,0,7,7,0,0
"PL5  2",9566,9445,0,1,0,0,0,0,0,1,0,2,9,10,60,5,3,27,0,0,0,11,8,0,1,1,1,1,0,0,0,0,2,0,2,2,0,0,0,0,0,0,0,0,2,2,7,0,3,2,0,2,9,1,0,0,0,7,0,0,0,0,0,0,1,0,11,0,2,0,0,0,0,0,0,5,4,0,0,0,0,0,2,0,0,0,0,0,0,0,2,0,0,0,0,0,0,0,0,0,4,4,0,0
"PL5  3",10778,10535,1,1,0,0,0,0,0,1,0,16,10,5,109,4,2,69,1,2,13,5,4,1,2,6,0,0,0,0,0,0,0,0,2,1,0,1,0,0,0,0,0,8,0,4,11,0,9,2,0,0,39,6,0,0,0,3,0,1,9,6,3,0,3,8,20,2,0,6,4,0,0,3,1,4,0,1,0,0,0,0,11,0,0,0,0,0,0,0,0,0,0,3,2,0,0,6,0,0,5,5,0,0
"PL5  4",8962,8785,0,0,0,0,0,0,0,0,0,4,9,1,104,4,5,74,1,5,5,6,1,0,1,1,1,0,0,0,0,0,0,0,1,1,0,0,0,0,0,0,0,1,0,3,4,0,4,0,0,0,8,5,0,0,0,0,2,0,0,0,0,1,0,0,35,1,2,1,0,0,0,5,0,25,1,0,0,0,0,0,4,0,0,0,0,0,0,0,0,0,2,0,1,0,0,1,1,1,2,1,1,0
"PL6  5",13018,12776,1,1,0,0,0,0,0,1,0,0,9,7,81,4,6,36,1,1,4,7,1,4,5,4,5,0,0,0,0,0,3,0,6,0,1,0,0,5,0,0,0,11,2,13,16,0,8,7,0,1,41,5,6,0,0,11,3,1,0,0,7,1,5,2,25,2,9,5,0,0,0,6,0,2,1,8,0,0,0,0,7,0,0,1,0,0,3,0,0,0,0,2,1,0,0,0,1,1,13,8,3,2
"PL6  6",8858,8723,1,3,0,0,0,0,3,0,0,4,4,7,44,2,4,26,3,2,0,1,0,0,1,1,0,3,0,0,0,0,1,0,3,0,0,0,0,3,0,0,0,1,1,7,11,0,3,5,0,3,12,1,0,0,0,3,0,0,0,6,2,0,0,0,28,0,4,6,0,0,0,2,4,10,2,0,0,0,0,0,3,0,0,0,0,0,0,0,0,0,0,0,1,0,2,0,0,0,6,6,0,0
"PL6  7",8135,7942,4,0,0,0,0,0,0,0,0,6,1,5,61,0,5,26,0,5,4,0,1,6,0,1,2,9,1,0,0,0,1,0,2,0,2,0,0,0,0,0,0,2,2,25,17,1,5,8,3,0,30,0,6,0,0,4,2,2,1,4,6,0,0,5,26,1,4,1,7,0,0,7,1,5,0,6,0,0,0,0,4,0,0,0,0,0,1,0,0,0,0,0,1,0,1,1,0,0,2,1,0,1
"PL6  8",9776,9531,0,1,0,0,0,0,0,1,0,3,3,5,74,1,7,33,0,0,6,5,2,1,0,4,1,3,1,2,0,6,2,0,2,0,0,1,0,1,0,0,0,0,2,10,10,0,5,3,0,2,35,1,0,0,0,4,0,1,0,2,27,0,0,0,90,2,0,11,3,0,0,7,65,2,0,1,0,0,0,0,3,0,0,0,0,0,0,0,0,0,0,0,2,1,0,0,0,0,6,4,2,0
"PL7  1",8654,8584,3,0,0,0,0,0,0,0,0,8,4,5,13,0,4,6,0,0,2,0,0,0,0,0,1,0,0,0,0,0,0,0,0,0,0,0,0,0,0,0,0,1,1,2,1,0,0,1,0,0,1,0,0,1,0,0,0,0,0,0,0,0,0,0,21,1,0,6,0,0,1,5,0,8,0,0,0,0,0,0,4,0,0,0,0,0,0,0,0,0,0,2,0,0,2,0,1,1,5,5,0,0
"PL7  2",10322,10233,1,1,0,0,0,0,0,1,0,6,8,6,37,2,4,16,1,1,6,0,1,1,0,0,2,1,0,1,0,0,1,0,1,0,0,1,0,0,0,0,0,1,0,0,0,0,0,0,0,0,16,0,0,0,0,3,1,0,0,4,4,0,4,0,7,0,0,1,0,0,0,5,0,1,0,0,0,0,0,0,1,0,0,0,0,0,0,0,0,0,0,0,0,1,0,0,0,0,4,3,1,0
"PL7  4",8906,8838,1,0,0,0,0,0,0,0,0,7,4,4,33,0,1,21,0,0,1,0,0,2,4,0,2,0,0,1,1,0,0,0,0,0,0,0,0,0,0,0,0,3,0,0,0,0,0,0,0,0,3,0,1,0,0,0,0,0,0,0,0,0,0,2,11,0,3,6,0,0,0,1,0,0,1,0,0,0,0,0,1,0,0,0,0,0,0,0,0,0,0,0,0,0,0,1,0,0,1,1,0,0
"PL7  5",2490,2473,1,0,0,0,0,0,0,0,0,1,0,1,6,0,1,3,0,0,1,0,0,0,1,0,0,0,0,0,0,0,0,0,0,0,0,0,0,0,0,0,0,0,1,1,1,0,0,1,0,0,1,0,1,0,0,0,0,0,0,0,0,0,0,0,0,0,0,0,0,0,0,0,0,0,0,1,0,0,0,0,0,0,0,0,0,0,0,0,0,0,0,0,0,0,0,0,0,0,3,3,0,0
"PL8  1",2386,2364,0,0,0,0,0,0,0,0,0,4,0,2,14,0,8,0,0,0,0,0,0,3,0,0,1,2,0,0,0,0,0,0,0,0,0,0,0,0,0,0,0,1,0,0,0,0,0,0,0,0,0,0,0,0,0,0,0,0,0,0,0,0,0,0,1,0,0,0,1,0,0,0,0,0,0,0,0,0,0,0,0,0,0,0,0,0,0,0,0,0,0,0,0,0,0,0,0,0,0,0,0,0
"PL8  2",3217,3192,2,0,0,0,0,0,0,0,0,6,0,1,12,0,2,2,0,0,1,0,0,0,0,0,1,5,0,0,0,0,1,0,0,0,0,0,0,0,0,0,0,1,0,0,0,0,0,0,0,0,0,0,0,0,0,0,0,0,0,0,0,0,0,0,3,0,0,0,1,0,0,1,1,0,0,0,0,0,0,0,0,0,0,0,0,0,0,0,0,0,0,0,0,0,0,0,0,0,0,0,0,0
"PL9  0",2697,2680,0,0,0,0,0,0,0,0,0,2,1,1,7,0,2,0,0,0,0,0,0,0,0,0,1,3,1,0,0,0,0,0,0,0,0,0,0,0,0,0,0,0,0,0,0,0,0,0,0,0,0,0,0,0,0,0,0,0,0,0,0,0,0,0,6,0,0,0,2,0,0,0,0,4,0,0,0,0,0,0,0,0,0,0,0,0,0,0,0,0,0,0,0,0,0,0,0,0,0,0,0,0
"PL9  7",5200,5140,2,1,0,0,0,0,0,0,1,3,5,3,14,2,1,3,1,0,1,1,0,1,0,1,1,1,0,0,0,0,1,0,0,0,0,0,0,0,0,0,0,3,1,5,0,0,0,0,0,0,9,1,0,0,0,3,0,0,0,0,5,0,0,0,6,3,0,0,0,0,0,3,0,0,0,0,0,0,0,0,1,0,0,0,0,0,0,0,0,0,0,0,0,0,0,1,0,0,7,6,1,0
"PL9  8",7798,7708,0,0,0,0,0,0,0,0,0,8,0,3,53,1,17,14,5,0,2,0,0,4,1,0,8,0,0,0,0,0,1,0,0,0,0,0,0,0,0,0,0,2,0,4,6,1,5,0,0,0,2,0,0,0,0,0,0,0,0,0,0,2,0,0,8,0,1,6,0,0,0,1,0,0,0,0,0,0,0,0,3,0,0,0,0,0,1,0,0,0,0,1,0,0,0,1,0,0,1,0,0,1
"PL9  9",11444,11341,1,1,0,0,0,0,0,0,1,6,7,1,43,3,10,14,2,0,4,0,2,2,1,0,0,2,0,0,0,0,2,1,3,0,1,0,0,2,0,0,0,1,1,0,10,0,5,5,0,0,4,2,0,0,0,0,0,0,0,0,0,0,2,0,6,0,3,1,1,0,0,1,0,0,0,8,0,0,0,0,9,0,0,0,0,1,0,2,1,1,0,0,1,1,0,2,0,0,2,1,0,1
"PO1  1",3942,3352,0,1,0,0,0,0,0,1,0,18,16,4,141,0,2,69,6,8,3,5,11,12,3,10,0,2,1,0,0,0,8,1,7,5,2,0,0,0,0,0,0,13,80,22,58,1,43,14,0,0,98,5,0,3,0,77,0,0,0,2,3,1,2,5,107,10,15,70,1,1,1,2,3,1,3,0,0,0,0,0,22,1,1,1,1,2,0,1,1,0,1,6,0,2,1,4,0,0,3,3,0,0
"PO1  2",4093,3782,0,0,0,0,0,0,0,0,0,22,5,6,80,1,4,15,2,4,5,7,5,1,13,16,2,0,1,1,2,0,1,0,8,1,0,0,0,7,0,0,0,6,3,51,7,1,0,3,1,2,27,1,0,0,0,14,5,0,0,5,0,0,1,1,89,13,5,50,1,2,3,0,13,1,1,0,0,0,0,0,6,0,0,1,0,0,0,0,1,0,0,1,0,0,0,3,0,0,1,1,0,0
"PO1  3",5632,4546,0,0,0,0,0,0,0,0,0,38,5,7,277,12,5,116,7,1,11,15,3,5,9,77,5,3,1,2,3,0,2,0,9,7,1,0,1,0,0,0,0,23,18,383,58,0,40,15,0,3,34,1,4,0,0,17,0,1,3,4,0,4,0,0,193,14,17,132,2,4,2,5,16,1,0,1,0,0,0,0,36,0,1,0,0,1,2,0,10,0,6,7,0,2,0,7,3,3,1,1,0,0
"PO1  4",4589,3979,0,0,0,0,0,0,0,0,0,13,6,12,115,5,3,67,2,3,7,10,2,4,1,6,1,0,0,0,1,0,3,0,6,6,0,0,0,0,0,0,0,10,8,36,85,1,57,22,1,4,147,12,1,1,0,116,5,0,0,0,9,0,1,2,125,5,8,55,1,0,9,8,8,4,27,0,0,0,0,0,44,4,10,1,0,1,2,2,2,0,2,9,0,2,2,7,2,2,1,1,0,0
"PO1  5",9324,8536,0,1,0,0,0,0,0,1,0,23,10,12,317,4,8,173,10,2,27,19,2,21,19,18,3,8,0,0,1,0,2,0,12,10,1,0,0,1,0,0,0,12,6,26,38,0,24,11,3,0,127,0,1,5,0,93,6,0,6,6,9,1,0,0,172,14,11,82,1,2,7,19,9,23,4,0,0,0,0,0,30,1,1,1,0,0,3,0,8,0,0,8,0,0,5,3,2,2,0,0,0,0
"PO10 7",9256,9129,3,0,0,0,0,0,0,0,0,16,0,5,44,3,14,13,2,2,4,0,0,1,0,1,3,0,0,1,0,0,0,0,4,0,2,1,0,1,1,1,0,4,4,3,0,0,0,0,0,0,18,0,2,1,0,6,2,0,0,1,2,0,4,0,17,1,2,3,1,0,0,5,0,5,0,0,0,0,0,0,6,0,0,0,0,0,0,0,0,0,0,0,6,0,0,0,1,1,1,1,0,0
"PO10 8",8551,8388,1,1,0,0,0,0,0,1,0,14,4,3,57,6,8,13,4,1,7,7,3,2,1,2,2,0,1,0,0,0,0,0,4,0,0,0,0,4,0,0,0,7,1,1,4,0,2,2,0,0,15,3,0,0,0,3,0,0,0,1,0,0,7,1,13,1,2,2,1,0,0,0,0,7,0,22,0,0,0,0,12,0,0,0,0,0,0,0,1,5,0,1,5,0,0,0,4,4,0,0,0,0
"PO11 0",7694,7564,0,1,0,0,0,0,0,1,0,13,2,9,67,3,9,15,5,1,20,4,0,3,0,2,4,1,0,0,0,0,0,0,2,0,0,0,0,2,0,0,0,5,5,0,1,0,1,0,0,0,5,2,0,0,0,0,2,0,0,1,0,0,0,0,15,0,3,8,0,0,2,1,0,1,0,0,0,0,0,0,2,0,0,0,0,0,0,0,0,0,0,0,1,0,0,1,0,0,3,1,0,2
"PO11 9",9303,9164,1,0,0,0,0,0,0,0,0,9,6,6,66,2,4,25,4,0,4,8,0,8,1,2,4,2,1,0,1,0,0,0,3,0,0,2,0,1,0,0,0,7,3,2,0,0,0,0,0,0,8,0,0,4,0,0,0,0,0,3,0,0,1,0,18,1,2,8,0,0,0,3,1,3,0,0,0,0,0,0,5,0,0,0,0,0,0,0,1,0,0,3,0,0,0,1,2,2,3,1,0,2
"PO12 1",8244,8012,2,2,0,0,0,0,0,0,2,12,3,10,107,1,8,72,3,1,5,3,2,3,2,0,2,3,0,1,0,0,1,0,0,0,0,0,0,0,0,0,0,3,9,4,6,0,6,0,0,0,36,1,2,0,0,25,0,0,0,3,5,0,0,0,24,4,2,8,0,0,0,5,0,4,1,0,0,0,0,0,13,0,0,0,0,1,0,0,0,0,0,7,3,0,0,2,1,1,0,0,0,0
"PO12 2",9472,9290,2,0,0,0,0,0,0,0,0,5,4,4,56,2,8,11,4,2,1,2,1,0,0,0,4,18,2,1,0,0,0,0,7,0,0,4,0,3,0,0,0,9,4,4,13,0,7,3,3,0,23,3,1,5,0,2,3,0,0,0,6,3,0,0,30,2,7,4,1,1,3,4,1,7,0,0,0,0,0,0,17,1,0,1,0,5,5,0,1,0,0,0,0,2,0,2,0,0,4,2,0,2
"PO12 3",11637,11430,2,1,0,0,0,0,0,1,0,5,2,7,86,3,5,55,0,1,1,0,0,3,5,6,3,1,0,0,0,0,2,1,2,0,0,0,0,2,0,0,0,8,4,1,10,1,8,0,0,1,42,0,0,1,0,2,12,0,2,3,19,2,1,0,28,0,4,8,0,0,4,3,0,9,0,0,0,0,0,0,6,0,0,0,0,0,0,0,0,0,0,0,3,0,0,3,0,0,3,2,0,1
"PO12 4",16701,16442,2,0,0,0,0,0,0,0,0,10,3,5,143,3,9,89,4,1,7,4,5,2,12,2,1,2,2,0,0,0,0,0,4,2,0,0,0,2,0,0,0,2,5,0,7,0,7,0,0,0,36,0,0,9,0,7,9,0,2,1,8,0,0,0,25,3,1,5,0,0,9,4,0,3,0,0,0,0,0,0,12,0,0,0,0,0,0,0,0,0,0,4,5,0,1,2,0,0,5,3,0,2
"PO13 0",15632,15400,0,0,0,0,0,0,0,0,0,7,5,8,79,5,11,37,6,2,0,0,7,0,4,1,0,0,0,0,0,0,6,0,2,0,1,1,0,0,0,0,0,20,10,2,3,0,0,3,0,0,43,0,3,2,0,5,6,0,0,3,23,1,0,0,39,1,8,14,1,0,0,8,1,1,5,0,0,0,0,0,5,0,0,0,0,0,0,0,1,0,0,1,0,0,0,3,1,1,8,7,0,1
"PO13 8",6958,6840,0,0,0,0,0,0,0,0,0,1,1,2,54,0,3,35,4,2,0,0,0,1,2,0,6,1,0,0,0,0,0,0,0,0,0,0,0,0,0,0,0,1,1,12,3,0,0,2,0,1,10,0,0,1,0,4,2,0,0,0,3,0,0,0,27,4,7,9,0,0,0,2,0,5,0,0,0,0,0,0,6,0,0,0,0,0,0,0,0,0,0,3,2,0,0,1,0,0,0,0,0,0
"PO13 9",10712,10451,1,0,0,0,0,0,0,0,0,12,5,14,98,1,13,53,5,3,5,2,0,3,2,2,5,3,0,0,0,0,1,0,3,1,0,0,0,2,0,0,0,7,14,11,5,0,3,0,2,0,24,0,0,0,0,2,0,0,0,5,9,0,8,0,39,5,4,8,0,0,0,7,0,14,1,10,0,0,0,0,14,0,0,0,0,7,0,1,0,0,0,2,0,0,0,4,3,3,1,1,0,0
"PO14 1",7445,7313,0,1,1,0,0,0,0,0,0,7,4,1,46,0,1,21,4,1,4,1,3,5,1,2,0,0,0,0,1,0,2,0,0,0,0,0,0,0,0,0,0,0,2,8,1,0,0,1,0,0,42,1,2,2,0,14,0,0,0,2,16,1,0,4,17,2,4,2,0,3,0,1,0,4,1,0,0,0,0,0,1,0,0,0,0,0,0,0,0,0,0,0,0,0,0,1,0,0,2,2,0,0
"PO14 2",7620,7548,0,0,0,0,0,0,0,0,0,4,1,4,25,0,11,5,0,0,0,2,0,0,2,0,0,4,0,1,0,0,0,0,0,0,0,0,0,0,0,0,0,1,1,8,3,0,0,3,0,0,7,0,0,1,0,0,0,0,0,3,0,0,0,3,13,1,1,4,2,0,1,4,0,0,0,0,0,0,0,0,0,0,0,0,0,0,0,0,0,0,0,0,0,0,0,0,0,0,5,4,0,1
"PO14 3",8357,8264,1,0,0,0,0,0,0,0,0,5,6,6,24,2,1,15,1,0,1,0,0,0,0,0,2,0,0,0,0,0,2,0,2,2,0,0,0,0,0,0,0,1,4,2,0,0,0,0,0,0,11,0,0,3,0,1,0,0,0,3,4,0,0,0,22,0,3,11,1,0,1,2,0,3,1,0,0,0,0,0,2,0,0,0,0,0,0,0,0,0,0,0,1,0,1,0,3,3,4,4,0,0
"PO14 4",7767,7647,1,0,0,0,0,0,0,0,0,9,1,11,48,3,6,11,7,2,4,1,0,0,4,1,3,1,1,3,1,0,0,0,2,1,0,0,0,1,0,0,0,0,3,3,2,0,0,2,0,0,13,1,0,1,0,2,1,1,0,2,5,0,0,0,21,1,7,5,3,0,0,4,0,0,1,0,0,0,0,0,5,0,1,0,0,0,0,0,0,0,0,3,1,0,0,0,0,0,1,1,0,0
"PO15 5",7087,6985,1,0,0,0,0,0,0,0,0,5,3,3,34,1,2,13,1,1,2,1,2,0,2,0,4,3,0,0,0,0,2,0,6,0,0,0,0,6,0,0,0,3,0,5,2,0,0,1,1,0,8,0,0,1,0,5,2,0,0,0,0,0,0,0,25,0,8,7,2,0,1,5,0,2,0,0,0,0,0,0,4,0,0,0,0,0,0,0,0,2,0,1,0,0,0,1,0,0,3,0,0,3
"PO15 6",8088,7956,0,2,0,0,0,0,0,1,1,5,4,1,62,0,6,28,0,3,5,8,0,7,1,0,2,0,0,0,0,0,2,0,1,1,0,0,0,0,0,0,0,2,2,4,1,0,0,0,0,1,20,0,0,0,0,2,2,3,0,1,12,0,0,0,20,2,2,5,1,0,0,0,0,7,3,0,0,0,0,0,3,0,0,0,0,0,0,0,0,0,0,0,1,0,1,1,1,1,4,3,0,1
"PO15 7",6867,6674,1,0,0,0,0,0,0,0,0,13,1,13,67,0,7,24,10,2,3,4,0,6,0,2,4,2,2,1,0,0,0,0,2,0,0,1,0,1,1,1,0,7,3,3,8,0,0,5,0,3,44,5,3,4,0,10,8,1,0,1,3,0,4,5,15,0,0,9,0,1,0,3,1,1,0,0,0,0,0,0,15,0,0,0,0,0,0,0,0,0,0,0,15,0,0,0,0,0,0,0,0,0
"PO16 0",5439,5237,2,0,0,0,0,0,0,0,0,3,0,4,92,5,3,50,6,0,3,0,6,9,0,3,1,1,1,2,1,0,1,0,2,2,0,0,0,0,0,0,0,2,0,8,9,0,0,9,0,0,34,5,13,0,0,5,1,0,0,0,10,0,0,0,30,2,4,16,1,0,0,4,0,3,0,0,0,0,0,0,14,0,0,0,0,0,4,0,0,0,0,0,1,0,1,8,0,0,2,1,0,1
"PO16 7",7521,7373,2,3,0,0,0,0,0,3,0,5,10,4,47,4,1,22,7,0,1,0,0,6,1,1,2,1,0,1,0,0,0,0,5,0,0,0,0,5,0,0,0,1,0,3,2,0,0,2,0,0,20,9,1,0,0,4,0,0,0,2,3,1,0,0,30,2,5,10,2,0,4,3,2,2,0,1,0,0,0,0,10,0,0,0,0,2,1,0,0,0,0,0,2,0,0,5,0,0,5,3,0,2
"PO16 8",10483,10341,0,1,0,0,0,1,0,0,0,10,1,4,23,2,4,11,1,0,1,0,0,0,0,1,0,0,0,3,0,0,0,0,3,1,1,0,0,1,0,0,0,3,1,5,3,0,0,2,1,0,38,5,0,0,0,6,4,0,0,4,16,1,0,2,38,2,5,20,0,0,3,3,0,2,3,0,0,0,0,0,7,0,0,0,0,1,0,0,0,0,0,4,0,0,0,2,0,0,5,3,0,2
"PO16 9",8343,8273,0,1,0,0,0,1,0,0,0,5,0,1,26,3,1,6,0,2,2,2,1,2,4,0,2,1,0,0,0,0,0,0,1,0,0,1,0,0,0,0,0,2,4,1,3,0,0,1,0,2,9,0,1,2,0,0,0,0,0,2,0,0,0,4,11,0,1,3,2,0,0,4,0,1,0,0,0,0,0,0,1,0,0,0,0,0,1,0,0,0,0,0,0,0,0,0,0,0,5,1,2,2
"PO17 5",4474,4385,0,0,0,0,0,0,0,0,0,12,0,8,26,2,0,12,1,0,2,0,0,2,0,2,4,0,1,0,0,0,0,0,0,0,0,0,0,0,0,0,0,3,0,1,3,0,0,2,0,1,12,2,0,5,0,3,0,0,0,0,2,0,0,0,13,0,4,1,3,0,0,4,0,1,0,0,0,0,0,0,6,0,0,0,0,0,3,0,0,0,0,1,1,0,0,1,0,0,5,2,1,2
"PO17 6",1815,1787,0,0,0,0,0,0,0,0,0,1,0,1,14,1,0,4,0,0,0,3,0,0,0,0,6,0,0,0,0,0,0,0,2,0,0,2,0,0,0,0,0,0,0,6,0,0,0,0,0,0,1,0,0,0,0,0,0,0,0,0,0,0,1,0,2,0,0,0,1,0,0,0,0,1,0,1,0,0,0,0,0,0,0,0,0,0,0,0,0,0,0,0,0,0,0,0,0,0,0,0,0,0
"PO18 0",4467,4375,0,0,0,0,0,0,0,0,0,3,11,2,45,1,10,23,0,0,1,1,0,1,0,0,8,0,0,0,0,0,0,0,2,0,1,0,0,1,0,0,0,1,0,8,3,2,0,1,0,0,1,0,0,0,0,1,0,0,0,0,0,0,0,0,8,0,1,0,0,3,1,2,0,0,1,0,0,0,0,0,8,0,0,0,0,0,0,0,0,5,0,0,0,2,1,0,0,0,0,0,0,0
"PO18 8",6522,6400,1,1,0,0,0,0,0,1,0,3,9,4,51,10,4,10,1,0,2,13,2,3,1,1,2,1,0,0,1,0,0,0,1,0,0,0,0,1,0,0,0,7,1,2,0,0,0,0,0,0,19,0,1,0,0,0,1,0,0,0,14,0,3,0,16,0,2,9,0,0,0,4,0,0,1,2,0,0,0,0,3,0,0,0,0,0,0,0,0,0,0,0,3,0,0,0,2,2,0,0,0,0
"PO18 9",1693,1661,0,0,0,0,0,0,0,0,0,3,4,3,16,1,2,6,1,1,3,0,0,0,0,0,0,0,0,0,2,0,0,0,0,0,0,0,0,0,0,0,0,4,0,0,0,0,0,0,0,0,0,0,0,0,0,0,0,0,0,0,0,0,0,0,0,0,0,0,0,0,0,0,0,0,0,0,0,0,0,0,1,0,0,0,0,0,0,0,0,0,0,0,1,0,0,0,1,1,0,0,0,0
"PO19 1",1611,1451,0,0,0,0,0,0,0,0,0,2,4,5,45,1,5,16,1,3,0,1,2,1,0,10,1,2,1,1,0,0,0,0,0,0,0,0,0,0,0,0,0,2,2,3,0,0,0,0,0,0,14,2,2,0,0,3,0,0,1,2,0,4,0,0,74,3,17,27,1,0,19,0,0,7,0,5,0,0,0,0,3,0,0,0,0,0,0,0,0,0,0,0,1,0,0,2,1,1,0,0,0,0
"PO19 3",6032,5869,0,0,0,0,0,0,0,0,0,12,6,13,77,3,11,27,1,4,0,6,3,7,5,5,3,2,0,0,0,0,0,0,1,0,0,0,0,1,0,0,0,0,5,1,2,0,0,0,2,0,9,0,2,0,0,1,1,1,0,0,3,0,1,0,28,0,3,14,0,1,3,2,1,4,0,1,0,0,0,0,5,0,0,0,0,0,1,0,1,0,0,0,1,0,0,2,3,3,0,0,0,0
"PO19 5",2341,2268,2,0,0,0,0,0,0,0,0,3,0,2,33,3,14,5,1,0,1,2,1,0,1,3,0,2,0,0,0,0,0,0,0,0,0,0,0,0,0,0,0,2,0,4,4,0,0,4,0,0,10,2,2,0,0,0,0,0,0,0,1,3,2,0,10,0,3,2,1,0,0,2,1,1,0,0,0,0,0,0,3,0,0,0,0,0,0,0,0,0,0,3,0,0,0,0,0,0,0,0,0,0
"PO19 6",6652,6237,2,0,0,0,0,0,0,0,0,19,24,14,171,6,41,80,1,5,4,6,4,4,2,7,8,1,1,0,0,1,0,0,1,0,0,1,0,0,0,0,0,7,4,11,5,0,0,5,0,0,70,3,1,0,0,22,7,0,1,6,17,6,2,5,59,3,2,14,3,1,0,0,0,34,2,10,0,0,0,0,15,0,0,0,0,0,1,0,1,0,0,0,4,0,4,5,2,2,1,0,1,0
"PO19 7",7310,6894,1,0,0,0,0,0,0,0,0,12,27,23,177,8,18,94,5,4,11,11,5,5,5,4,1,1,0,2,0,0,0,3,2,0,0,0,0,2,0,0,0,5,4,1,17,1,0,13,3,0,54,3,2,0,0,15,4,0,0,5,19,0,2,4,88,1,5,30,4,3,5,7,0,31,2,0,0,0,0,0,3,0,0,0,0,0,0,0,0,0,0,1,1,0,0,1,0,0,2,2,0,0
"PO19 8",5327,5128,0,0,0,0,0,0,0,0,0,7,5,12,89,1,7,59,4,0,0,7,0,2,4,1,1,2,0,1,0,0,0,0,4,0,0,0,0,4,0,0,0,5,5,1,4,0,0,4,0,0,28,0,1,0,0,7,6,0,0,0,9,3,0,2,31,1,2,10,2,0,1,1,0,12,2,0,0,0,0,0,5,0,0,0,0,0,0,0,0,1,0,0,2,0,0,2,3,3,0,0,0,0
"PO2  0",12540,11896,2,2,0,0,0,0,0,2,0,13,8,11,192,1,13,122,8,2,12,10,3,11,5,3,2,0,0,0,0,0,0,0,8,6,0,0,2,0,0,0,0,7,5,21,12,0,7,5,0,0,171,9,2,10,0,129,7,0,0,1,10,0,1,2,157,1,25,37,1,0,7,5,2,75,4,4,0,0,0,0,19,2,0,0,0,2,0,0,1,0,0,6,2,0,2,4,9,9,3,2,1,0
"PO2  7",12166,11161,0,1,0,0,0,0,0,1,0,32,11,16,355,2,14,195,5,1,44,37,22,12,12,3,3,1,1,0,2,0,1,0,8,7,0,0,0,1,0,0,0,20,11,21,58,0,40,14,4,0,220,15,8,2,0,145,8,0,1,5,25,1,9,1,174,16,21,65,1,0,2,13,0,50,6,0,0,0,0,0,73,3,12,0,0,1,9,2,4,0,0,18,2,0,1,21,0,0,5,5,0,0
"PO2  8",7644,7293,0,0,0,0,0,0,0,0,0,7,1,8,166,11,4,112,4,2,4,6,7,5,3,0,1,4,0,0,0,0,3,0,3,3,0,0,0,0,0,0,0,9,3,24,16,0,5,10,1,0,41,0,1,0,0,25,5,0,0,4,4,1,0,1,45,1,1,10,2,0,3,8,7,13,0,0,0,0,0,0,25,0,1,0,0,0,3,0,3,0,0,6,0,0,0,12,1,1,2,2,0,0
"PO2  9",7642,7230,1,0,0,0,0,0,0,0,0,16,5,13,124,5,5,65,1,3,12,11,3,10,0,2,0,1,0,0,4,0,2,0,2,0,1,0,0,1,0,0,0,4,9,18,27,0,7,19,1,0,100,4,3,3,0,82,2,0,0,0,3,2,1,0,66,3,19,19,1,0,3,3,0,17,1,1,0,0,0,0,15,0,0,0,0,1,3,0,1,1,0,0,1,1,3,4,7,7,4,2,0,2
"PO20 0",8350,8146,3,0,0,0,0,0,0,0,0,8,15,3,129,1,9,93,6,1,2,3,5,3,0,1,1,1,0,1,0,0,1,1,1,0,0,0,0,1,0,0,0,4,1,0,0,0,0,0,0,0,21,0,0,1,0,15,2,0,0,0,2,0,0,1,18,0,2,3,0,0,0,3,0,10,0,0,0,0,0,0,1,0,0,0,0,0,0,0,0,0,0,0,0,0,0,1,0,0,0,0,0,0
"PO20 1",2379,2324,1,0,0,0,0,0,0,0,0,3,3,0,31,0,2,10,0,1,1,1,1,1,5,0,8,0,1,0,0,0,0,0,0,0,0,0,0,0,0,0,0,1,2,0,0,0,0,0,0,0,7,0,0,0,0,4,0,0,0,0,2,0,1,0,5,0,0,3,0,0,1,1,0,0,0,0,0,0,0,0,1,0,0,0,0,0,0,0,0,0,0,0,0,0,1,0,0,0,1,0,0,1
"PO20 2",3537,3410,0,0,0,0,0,0,0,0,0,9,6,4,77,2,20,42,1,1,0,0,1,3,2,0,4,1,0,0,0,0,0,0,1,0,0,0,0,1,0,0,0,0,0,1,0,0,0,0,0,0,8,0,0,0,0,1,4,0,0,0,0,3,0,0,16,3,3,2,0,0,2,0,0,6,0,0,0,0,0,0,5,0,0,0,0,0,1,0,0,0,0,2,1,0,0,1,0,0,0,0,0,0
"PO20 3",4196,4125,2,0,0,0,0,0,0,0,0,4,0,3,38,0,7,19,0,0,0,3,1,1,1,0,6,0,0,0,0,0,0,0,0,0,0,0,0,0,0,0,0,0,1,1,0,0,0,0,0,0,7,0,0,0,0,2,2,1,0,0,1,0,0,1,12,1,0,2,2,0,0,1,1,5,0,0,0,0,0,0,2,0,0,0,0,0,0,0,2,0,0,0,0,0,0,0,1,1,0,0,0,0
"PO20 7",3490,3428,0,0,0,0,0,0,0,0,0,6,2,9,33,1,10,8,2,1,1,2,1,1,0,0,4,1,1,0,0,0,0,0,0,0,0,0,0,0,0,0,0,2,0,0,0,0,0,0,0,0,1,0,0,0,0,0,0,0,0,1,0,0,0,0,7,0,0,5,2,0,0,0,0,0,0,0,0,0,0,0,1,0,0,0,0,0,0,0,0,0,0,0,1,0,0,0,0,0,1,0,0,1
"PO20 8",7184,7070,0,0,0,0,0,0,0,0,0,10,2,1,60,4,6,31,1,1,4,2,5,0,5,0,0,0,1,0,0,0,0,0,1,0,0,0,0,1,0,0,0,5,6,0,2,0,0,2,0,0,4,1,0,0,0,1,1,0,0,1,0,0,0,0,18,0,3,9,0,0,1,3,0,2,0,0,0,0,0,0,0,0,0,0,0,0,0,0,0,0,0,0,0,0,0,0,2,2,3,1,0,2
"PO20 9",2127,2032,0,0,0,0,0,0,0,0,0,0,14,1,60,0,0,26,3,0,1,20,6,0,0,0,1,0,1,0,0,1,1,0,0,0,0,0,0,0,0,0,0,6,0,0,0,0,0,0,0,0,3,2,0,0,0,0,0,0,0,0,1,0,0,0,8,0,0,0,0,0,0,0,0,6,2,2,0,0,0,0,0,0,0,0,0,0,0,0,0,0,0,0,0,0,0,0,1,1,0,0,0,0
"PO21 1",5946,4638,1,1,0,0,0,0,0,1,0,6,36,5,1030,2,15,684,19,6,29,92,78,73,25,1,2,0,1,0,2,0,0,1,6,1,3,2,0,0,0,0,0,75,11,3,5,0,2,2,0,1,49,2,4,2,0,17,5,0,0,10,6,1,0,2,67,4,0,24,3,1,1,2,0,31,1,0,0,0,0,0,8,0,0,0,0,0,0,0,0,0,0,4,1,0,0,3,4,4,1,1,0,0
"PO21 2",9581,8285,1,0,0,0,0,0,0,0,0,16,52,19,960,3,19,700,13,17,21,75,49,25,27,0,8,0,0,0,0,0,0,3,9,0,2,6,0,1,0,0,0,67,13,9,5,0,4,1,0,0,65,4,2,0,1,27,9,0,0,8,9,1,1,3,63,2,12,22,5,0,0,4,1,13,4,1,0,0,0,0,12,0,0,0,0,0,2,0,1,0,0,3,0,0,1,5,3,3,1,0,0,1
"PO21 3",7798,7598,0,2,0,0,0,0,0,0,2,2,12,2,117,2,12,76,2,1,5,10,3,0,0,1,2,0,1,2,0,0,0,0,5,0,0,5,0,0,0,0,0,16,7,0,0,0,0,0,0,0,10,1,0,0,0,2,2,1,0,4,0,0,0,0,26,3,6,10,1,0,0,4,0,1,1,0,0,0,0,0,0,0,0,0,0,0,0,0,0,0,0,0,0,0,0,0,0,0,1,1,0,0
"PO21 4",7104,6990,2,0,0,0,0,0,0,0,0,6,8,4,71,2,10,39,0,0,3,8,0,2,0,1,4,2,0,0,0,0,0,0,0,0,0,0,0,0,0,0,0,1,1,0,2,0,0,2,0,0,6,0,0,0,0,2,4,0,0,0,0,0,0,0,7,0,0,0,0,0,0,4,3,0,0,0,0,0,0,0,3,0,0,0,0,0,0,0,0,0,0,0,0,0,0,3,1,1,2,2,0,0
"PO21 5",8595,8171,0,0,0,0,0,0,0,0,0,2,17,1,274,1,3,208,6,2,10,19,15,1,1,4,0,1,0,0,0,1,2,0,7,0,5,0,1,1,0,0,0,20,8,1,3,0,3,0,0,0,51,0,0,0,0,44,2,0,0,0,3,0,0,2,27,1,0,6,1,0,2,3,0,12,2,0,0,0,0,0,7,0,0,0,0,1,0,1,1,0,0,1,3,0,0,0,0,0,6,3,2,1
"PO22 0",3706,3633,0,0,0,0,0,0,0,0,0,3,3,2,27,1,3,15,0,0,3,0,2,0,0,0,3,0,0,0,0,0,0,0,0,0,0,0,0,0,0,0,0,6,0,3,1,0,1,0,0,0,16,3,1,0,0,10,0,0,0,0,0,0,1,1,9,0,0,0,0,0,0,1,0,7,1,0,0,0,0,0,1,0,0,0,0,0,0,0,0,0,0,0,1,0,0,0,2,2,0,0,0,0
"PO22 6",5656,5584,0,1,0,0,0,0,0,1,0,5,5,3,45,0,6,30,0,2,2,1,0,0,2,0,1,0,0,0,0,0,1,0,2,0,0,0,0,2,0,0,0,5,0,0,0,0,0,0,0,0,0,0,0,0,0,0,0,0,0,0,0,0,0,0,5,0,0,1,0,0,0,4,0,0,0,0,0,0,0,0,1,0,0,0,0,0,0,0,0,0,0,0,1,0,0,0,0,0,0,0,0,0
"PO22 7",5512,5443,0,0,0,0,0,0,0,0,0,3,7,1,29,1,8,13,1,0,2,0,0,1,0,0,1,0,0,1,0,0,0,1,4,0,2,1,1,0,0,0,0,0,0,0,1,0,0,1,0,0,5,0,0,0,0,1,1,0,0,3,0,0,0,0,13,0,3,7,0,0,0,3,0,0,0,0,0,0,0,0,4,0,0,0,0,0,0,0,0,0,0,1,2,0,0,1,1,1,1,0,0,1
"PO22 8",5568,5425,0,0,0,0,0,0,0,0,0,1,8,5,93,1,3,76,0,2,1,3,2,2,1,0,1,0,0,0,0,1,0,0,6,0,0,3,3,0,0,0,0,3,0,0,0,0,0,0,0,0,6,0,0,0,0,2,1,0,0,1,2,0,0,0,9,0,0,7,1,0,0,1,0,0,0,0,0,0,0,0,10,0,0,0,0,0,0,0,0,0,0,9,1,0,0,0,0,0,2,1,0,1
"PO22 9",7070,6576,0,0,0,0,0,0,0,0,0,3,34,9,342,4,4,274,5,2,0,20,22,2,3,0,2,0,0,0,3,0,1,0,7,0,0,7,0,0,0,0,0,20,5,3,3,0,2,0,1,0,38,1,0,0,0,22,4,0,0,8,0,0,3,0,19,1,4,9,0,0,0,3,1,0,1,0,0,0,0,0,7,0,0,0,0,0,0,0,0,0,0,0,5,0,2,0,1,1,3,1,1,1
"PO3  5",7328,7080,1,0,0,0,0,0,0,0,0,5,10,9,68,6,1,24,2,0,17,3,0,8,1,3,1,0,0,0,0,0,2,0,1,0,0,0,0,1,0,0,0,5,7,3,14,0,8,6,0,0,34,8,0,0,0,16,0,0,0,2,7,0,0,1,81,5,22,24,2,0,1,4,1,19,3,0,0,0,0,0,7,0,0,0,0,2,2,0,0,0,0,1,0,0,0,2,0,0,3,2,0,1
"PO3  6",11185,10903,0,0,0,0,0,0,0,0,0,12,10,15,91,2,4,51,0,0,7,9,0,4,4,0,4,1,1,0,0,0,3,1,2,1,1,0,0,0,0,0,0,4,5,7,11,0,7,2,2,0,55,1,0,2,0,27,2,0,0,0,5,0,17,1,46,3,10,15,2,2,0,8,0,4,2,0,0,0,0,0,18,0,0,0,0,1,0,1,0,0,0,10,0,0,0,6,2,2,4,3,0,1
"PO30 1",6923,6785,1,0,0,0,0,0,0,0,0,6,0,7,57,3,3,13,4,1,1,5,0,8,10,0,1,1,0,0,7,0,0,0,0,0,0,0,0,0,0,0,0,0,4,2,1,0,0,0,0,1,12,0,0,0,0,1,0,0,1,4,6,0,0,0,35,0,2,8,1,0,0,2,0,20,2,0,0,0,0,0,1,0,0,0,0,0,0,0,0,0,0,1,0,0,0,0,1,1,11,3,1,7
"PO30 2",5166,5090,0,0,0,0,0,0,0,0,0,3,1,3,25,1,1,12,0,0,6,1,0,3,1,0,0,0,0,0,0,0,0,0,2,0,0,2,0,0,0,0,0,1,3,0,0,0,0,0,0,0,6,0,1,0,0,3,0,0,0,0,2,0,0,0,27,0,0,0,3,0,0,1,0,22,1,0,0,0,0,0,1,0,0,0,0,0,1,0,0,0,0,0,0,0,0,0,0,0,4,2,0,2
"PO30 3",2275,2241,0,0,0,0,0,0,0,0,0,3,0,2,18,0,4,5,0,0,0,5,1,0,2,0,0,1,0,0,0,0,0,0,0,0,0,0,0,0,0,0,0,0,0,2,0,0,0,0,0,0,2,0,0,0,0,0,0,0,0,0,2,0,0,0,6,0,1,1,2,0,0,0,2,0,0,0,0,0,0,0,0,0,0,0,0,0,0,0,0,0,0,0,0,0,0,0,0,0,1,0,1,0
"PO30 4",3053,3031,0,0,0,0,0,0,0,0,0,0,1,1,14,0,3,3,1,0,0,0,0,0,4,0,3,0,0,0,0,0,0,0,0,0,0,0,0,0,0,0,0,2,0,1,1,0,0,0,1,0,0,0,0,0,0,0,0,0,0,0,0,0,0,0,2,0,0,1,0,0,0,1,0,0,0,0,0,0,0,0,0,0,0,0,0,0,0,0,0,0,0,0,0,0,0,0,0,0,0,0,0,0
"PO30 5",12003,11694,2,5,0,0,0,2,0,3,0,23,8,16,101,9,7,42,2,2,20,2,4,9,0,1,1,1,1,0,0,0,0,0,3,3,0,0,0,0,0,0,0,4,11,9,4,0,3,0,1,0,41,9,3,3,0,17,0,0,2,4,0,0,0,3,64,1,2,9,3,0,2,5,0,42,0,0,0,0,0,0,10,2,0,2,0,0,0,0,0,0,0,0,0,2,2,2,3,3,5,0,1,4
"PO31 7",8302,8075,0,0,0,0,0,0,0,0,0,17,14,6,99,5,28,24,4,0,5,1,0,7,7,7,3,3,1,2,0,0,0,2,2,1,0,0,0,1,0,0,0,2,2,2,2,1,0,1,0,0,15,3,0,0,0,8,0,0,0,4,0,0,0,0,59,1,4,5,3,0,1,2,5,38,0,0,0,0,0,0,7,0,0,0,0,0,0,0,0,0,0,0,6,0,1,0,0,0,0,0,0,0
"PO31 8",5642,5555,0,0,0,0,0,0,0,0,0,13,3,4,39,2,9,10,1,1,1,0,0,1,0,0,3,8,0,0,0,0,3,0,2,0,0,0,0,2,0,0,0,0,1,0,3,0,0,2,1,0,7,0,1,0,0,4,0,0,0,0,2,0,0,0,12,0,0,1,2,0,0,0,4,4,1,0,0,0,0,0,1,0,0,0,0,0,0,0,0,0,0,0,1,0,0,0,2,2,0,0,0,0
"PO32 6",7817,7713,1,0,0,0,0,0,0,0,0,9,5,7,40,6,7,13,2,0,1,5,0,0,0,2,1,1,1,0,0,0,1,0,1,0,0,1,0,0,0,0,0,1,1,2,2,0,0,0,2,0,11,0,2,0,0,0,1,0,6,0,2,0,0,0,24,1,2,3,2,0,0,1,5,9,1,0,0,0,0,0,0,0,0,0,0,0,0,0,0,0,0,0,0,0,0,0,0,0,0,0,0,0
"PO33 1",8382,8229,0,0,0,0,0,0,0,0,0,14,1,1,70,1,14,20,6,0,8,6,1,6,0,3,2,1,0,2,0,0,0,0,5,1,1,1,1,1,0,0,0,4,1,1,1,1,0,0,0,0,28,2,3,3,0,4,1,0,0,5,10,0,0,0,23,0,0,11,0,0,0,5,2,4,1,0,0,0,0,0,1,0,0,0,0,0,0,0,0,0,0,0,0,0,1,0,1,1,2,2,0,0
"PO33 2",7367,7114,0,0,0,0,0,0,0,0,0,10,1,4,125,7,10,60,3,3,17,1,2,3,5,5,4,1,2,0,2,0,0,0,3,0,0,2,0,1,0,0,0,2,5,0,4,0,0,3,1,0,42,10,1,0,0,13,0,2,0,9,6,0,0,1,47,1,2,10,0,2,0,1,1,29,1,0,0,0,0,0,3,0,0,0,0,0,0,0,0,0,0,0,1,0,0,2,2,2,5,2,1,2
"PO33 3",9098,8956,1,1,0,0,0,1,0,0,0,9,1,6,63,0,8,39,5,0,0,0,1,0,0,1,2,5,1,1,0,0,0,0,2,0,0,1,0,1,0,0,0,6,1,4,1,0,1,0,0,0,5,0,0,0,0,5,0,0,0,0,0,0,0,0,23,1,0,0,2,0,0,3,2,15,0,0,0,0,0,0,4,0,0,0,0,0,0,1,0,0,0,1,2,0,0,0,0,0,15,7,1,7
"PO33 4",5226,5141,0,0,0,0,0,0,0,0,0,2,1,4,37,3,12,14,0,1,1,0,0,6,0,0,0,0,0,0,0,0,0,0,1,1,0,0,0,0,0,0,0,0,1,0,7,0,0,7,0,0,10,2,0,0,0,0,4,0,0,1,3,0,0,0,15,0,4,2,1,0,0,0,1,7,0,0,0,0,0,0,6,1,0,0,0,0,0,0,0,0,0,0,3,0,0,2,0,0,1,1,0,0
"PO34 5",2057,2036,2,0,0,0,0,0,0,0,0,1,1,1,11,0,1,6,0,0,0,0,0,3,0,0,0,0,1,0,0,0,0,0,1,0,0,0,0,1,0,0,0,0,0,1,1,0,0,0,0,1,0,0,0,0,0,0,0,0,0,0,0,0,0,0,2,0,1,0,0,0,0,0,0,1,0,0,0,0,0,0,0,0,0,0,0,0,0,0,0,0,0,0,0,0,0,0,0,0,0,0,0,0
"PO35 5",3633,3560,0,0,0,0,0,0,0,0,0,3,6,4,52,2,1,27,1,1,8,0,2,0,2,1,3,3,1,0,0,0,0,0,1,0,0,0,0,1,0,0,0,0,0,0,0,0,0,0,0,0,0,0,0,0,0,0,0,0,0,0,0,0,0,0,6,1,0,0,0,1,0,1,0,1,2,0,0,0,0,0,0,0,0,0,0,0,0,0,0,0,0,0,0,0,0,0,0,0,1,0,1,0
"PO36 0",4573,4534,0,0,0,0,0,0,0,0,0,3,5,2,21,1,0,10,0,1,0,0,0,0,0,1,4,0,4,0,0,0,0,0,0,0,0,0,0,0,0,0,0,1,0,0,1,0,0,0,1,0,1,0,0,0,0,0,1,0,0,0,0,0,0,0,3,0,0,1,0,0,0,0,0,1,1,0,0,0,0,0,0,0,0,0,0,0,0,0,0,0,0,0,0,0,0,0,1,1,1,0,0,1
"PO36 8",5111,4973,0,0,0,0,0,0,0,0,0,4,1,3,81,2,3,56,3,0,6,0,0,7,2,0,0,1,0,1,0,0,0,0,0,0,0,0,0,0,0,0,0,1,6,6,2,0,0,0,1,1,13,0,0,0,0,0,11,0,2,0,0,0,0,0,19,0,3,4,1,0,0,4,1,5,1,0,0,0,0,0,1,0,0,0,0,0,0,0,1,0,0,0,0,0,0,0,0,0,1,0,0,1
"PO36 9",6850,6750,0,0,0,0,0,0,0,0,0,3,5,2,53,5,1,29,2,0,4,0,0,7,2,0,1,2,0,0,0,0,0,0,0,0,0,0,0,0,0,0,0,1,4,3,1,0,0,1,0,0,8,3,0,1,0,1,0,0,0,3,0,0,0,0,17,0,0,4,2,0,0,5,0,6,0,0,0,0,0,0,2,0,0,0,0,0,0,0,0,0,0,0,2,0,0,0,0,0,1,0,0,1
"PO37 6",3358,3265,0,0,0,0,0,0,0,0,0,1,4,4,61,3,23,19,3,3,0,0,2,6,0,1,0,1,0,0,0,0,0,0,0,0,0,0,0,0,0,0,0,0,4,3,2,1,0,0,1,0,0,0,0,0,0,0,0,0,0,0,0,0,0,0,11,1,3,0,0,0,0,3,0,4,0,0,0,0,0,0,0,0,0,0,0,0,0,0,0,0,0,0,0,0,0,0,1,1,2,0,0,2
"PO37 7",5493,5395,0,0,0,0,0,0,0,0,0,11,1,9,50,1,4,31,1,0,6,0,0,1,0,2,3,0,1,0,0,0,0,0,0,0,0,0,0,0,0,0,0,2,3,0,2,0,0,2,0,0,2,0,0,0,0,2,0,0,0,0,0,0,0,0,14,0,9,0,1,0,0,2,0,2,0,0,0,0,0,0,1,0,0,0,0,0,0,0,0,0,0,0,1,0,0,0,0,0,3,2,0,1
"PO38 1",5839,5742,1,0,0,0,0,0,0,0,0,5,1,5,58,6,8,15,0,2,2,7,3,2,0,0,8,2,1,1,0,0,1,0,1,0,0,1,0,0,0,0,0,0,2,2,0,0,0,0,0,0,6,0,1,0,0,1,3,0,0,0,1,0,0,0,9,2,1,3,1,0,0,0,1,1,0,0,0,0,0,0,7,0,0,0,0,0,0,0,0,0,0,0,7,0,0,0,0,0,0,0,0,0
"PO38 2",2666,2641,1,0,0,0,0,0,0,0,0,1,1,0,15,4,7,3,0,0,0,0,0,0,0,0,1,0,0,0,0,0,0,0,1,0,0,0,0,1,0,0,0,1,0,0,4,0,0,0,0,4,0,0,0,0,0,0,0,0,0,0,0,0,0,0,1,0,0,1,0,0,0,0,0,0,0,0,0,0,0,0,0,0,0,0,0,0,0,0,0,0,0,0,0,0,0,0,0,0,0,0,0,0
"PO38 3",3772,3740,0,0,0,0,0,0,0,0,0,0,2,3,14,0,4,8,0,0,1,0,0,0,0,0,0,1,0,0,0,0,0,0,0,0,0,0,0,0,0,0,0,1,3,1,0,0,0,0,0,0,0,0,0,0,0,0,0,0,0,0,0,0,0,0,8,1,0,2,0,0,0,0,1,4,0,0,0,0,0,0,0,0,0,0,0,0,0,0,0,0,0,0,0,0,0,0,0,0,0,0,0,0
"PO39 0",2591,2531,0,0,0,0,0,0,0,0,0,2,4,1,12,3,4,3,0,2,0,0,0,0,0,0,0,0,0,0,0,0,0,0,0,0,0,0,0,0,0,0,0,0,1,1,0,0,0,0,0,0,4,0,0,0,0,0,0,0,0,3,0,0,1,0,34,2,0,5,2,0,0,2,1,14,8,0,0,0,0,0,1,0,0,0,0,0,0,0,0,0,0,0,1,0,0,0,0,0,0,0,0,0
"PO4  0",13898,12782,6,1,0,0,0,0,0,1,0,55,18,42,373,24,30,144,11,10,17,23,15,19,28,25,8,7,4,3,1,0,3,1,24,6,3,5,0,10,0,0,0,21,17,47,75,0,29,27,17,2,196,17,4,16,0,123,16,0,2,8,2,3,4,1,193,12,27,95,6,3,2,12,9,24,3,0,0,0,0,0,38,0,3,0,0,1,3,3,4,2,1,4,0,5,5,7,7,7,3,3,0,0
"PO4  8",13921,13216,1,2,0,0,0,0,0,2,0,27,11,11,245,13,23,87,7,7,15,11,9,11,21,22,3,4,6,0,0,0,6,0,13,4,4,1,1,3,1,1,0,20,9,17,31,0,9,18,0,4,110,1,11,6,0,47,9,4,2,9,1,6,14,0,153,6,11,67,4,5,5,10,29,15,1,0,0,0,0,0,47,0,0,2,0,4,1,3,5,0,6,15,0,3,0,8,2,2,5,2,0,3
"PO4  9",14640,13949,1,0,0,0,0,0,0,0,0,37,30,20,287,16,27,109,8,8,32,22,4,18,14,12,4,3,5,1,0,0,3,1,8,4,1,1,1,1,0,0,0,21,11,31,36,0,9,15,8,4,81,0,7,3,0,43,10,0,0,3,0,8,7,0,81,4,11,30,3,1,1,8,3,17,3,3,0,0,0,0,40,2,0,0,0,5,5,0,4,1,3,3,6,1,0,10,2,2,2,1,0,1
"PO40 9",5325,5281,2,0,0,0,0,0,0,0,0,2,3,4,20,1,7,5,0,0,0,0,0,2,0,0,1,1,1,2,0,0,0,0,0,0,0,0,0,0,1,1,0,0,1,0,0,0,0,0,0,0,3,2,1,0,0,0,0,0,0,0,0,0,0,0,7,0,2,1,0,0,0,0,0,4,0,0,0,0,0,0,0,0,0,0,0,0,0,0,0,0,0,0,0,0,0,0,0,0,1,1,0,0
"PO41 0",1981,1961,0,0,0,0,0,0,0,0,0,1,0,1,9,0,2,2,1,0,1,0,0,0,0,0,0,2,0,1,0,0,0,0,1,0,0,0,0,1,0,0,0,0,1,1,1,0,0,1,0,0,0,0,0,0,0,0,0,0,0,0,0,0,0,0,3,1,0,0,1,0,0,0,1,0,0,0,0,0,0,0,0,0,0,0,0,0,0,0,0,0,0,0,0,0,0,0,0,0,2,2,0,0
"PO5  1",9062,7958,0,0,0,0,0,0,0,0,0,58,20,29,389,28,31,135,9,11,13,12,8,29,34,58,6,8,1,2,0,0,4,0,7,5,0,0,0,2,0,0,0,13,26,55,44,0,23,15,1,5,215,6,4,4,5,169,2,1,0,12,1,3,2,6,209,15,18,119,6,2,5,15,16,11,2,0,0,0,0,0,37,1,1,0,1,2,7,6,2,0,1,3,1,2,5,5,2,2,0,0,0,0
"PO5  2",7274,6473,4,1,0,0,0,0,0,1,0,50,52,18,293,17,23,106,13,7,28,3,5,22,21,31,2,10,0,2,1,0,0,2,14,6,3,0,0,5,1,1,0,29,13,54,45,0,6,34,2,3,108,8,3,2,0,59,6,0,0,15,0,3,8,4,86,8,5,24,8,3,10,12,5,6,5,0,0,0,0,0,29,3,1,0,0,0,3,2,5,0,0,10,0,1,3,1,0,0,4,1,0,3
"PO5  3",5619,4838,0,2,2,0,0,0,0,0,0,28,66,25,226,11,20,48,4,8,21,4,5,17,16,63,5,3,0,0,1,0,0,0,13,3,2,1,0,7,0,0,0,16,18,55,34,0,23,9,0,2,59,1,1,3,0,26,4,4,12,1,0,2,5,0,217,4,55,114,7,3,7,7,11,5,4,0,0,0,0,0,21,4,4,0,0,1,0,1,3,0,1,3,1,0,1,2,1,1,0,0,0,0
"PO5  4",6986,5618,0,0,0,0,0,0,0,0,0,34,43,10,285,6,10,115,8,20,10,16,10,6,16,57,5,0,1,0,4,0,1,0,39,34,2,0,0,3,0,0,0,18,34,80,233,0,190,38,2,3,279,4,5,5,0,230,14,0,1,6,0,7,2,5,244,17,17,124,6,1,16,30,15,15,3,0,0,1,1,0,55,3,16,0,0,1,3,0,9,0,0,7,1,3,3,9,10,10,3,3,0,0
"PO6  1",8248,8089,1,1,0,0,0,1,0,0,0,8,2,4,56,5,6,19,10,1,2,0,1,0,3,3,0,1,0,1,0,0,3,1,1,0,1,0,0,0,0,0,0,0,1,1,19,0,4,6,6,3,40,4,2,0,0,12,5,0,3,8,6,0,0,0,20,0,3,10,1,0,1,2,1,1,1,0,0,0,0,0,1,0,0,0,0,0,0,0,0,0,0,0,1,0,0,0,0,0,4,3,0,1
"PO6  2",11054,10757,0,0,0,0,0,0,0,0,0,5,6,6,101,3,4,48,7,2,8,7,0,6,4,5,2,2,1,0,0,0,2,0,4,3,1,0,0,0,0,0,0,4,7,3,12,0,7,4,0,1,94,6,0,0,0,47,11,0,0,2,15,0,10,3,34,2,5,8,0,1,4,5,0,9,0,0,0,0,0,0,13,0,0,0,0,0,0,2,0,0,0,3,2,2,0,4,1,1,7,5,0,2
"PO6  3",9460,9078,0,0,0,0,0,0,0,0,0,4,5,7,93,0,3,55,3,1,15,3,0,4,3,2,3,1,0,0,0,0,0,0,6,0,2,3,0,1,0,0,0,11,4,4,9,0,2,6,0,1,94,4,8,0,0,10,2,0,4,4,54,2,5,1,117,4,6,9,0,0,3,6,0,84,5,0,0,0,0,0,16,0,0,1,0,0,1,0,0,0,0,11,0,0,0,3,1,1,11,9,1,1
"PO6  4",10138,9865,1,0,0,0,0,0,0,0,0,5,10,5,85,2,3,39,2,2,9,5,1,4,4,1,4,4,0,0,0,1,4,0,2,2,0,0,0,0,0,0,0,2,1,20,4,0,1,2,0,1,35,1,3,5,0,10,3,0,0,3,5,0,4,1,77,1,5,21,0,0,6,5,1,37,1,7,0,1,0,1,8,0,0,0,0,1,0,0,1,0,0,2,1,0,0,3,4,4,6,6,0,0
"PO7  4",1138,1126,0,0,0,0,0,0,0,0,0,1,1,0,8,0,0,3,0,0,5,0,0,0,0,0,0,0,0,0,0,0,0,0,0,0,0,0,0,0,0,0,0,1,0,0,0,0,0,0,0,0,0,0,0,0,0,0,0,0,0,0,0,0,0,0,1,0,0,0,0,0,0,1,0,0,0,0,0,0,0,0,0,0,0,0,0,0,0,0,0,0,0,0,0,0,0,0,0,0,0,0,0,0
"PO7  5",11250,11086,1,0,0,0,0,0,0,0,0,3,6,7,70,0,5,26,0,2,7,0,24,3,0,0,0,1,0,0,1,0,1,0,2,0,0,0,0,2,0,0,0,3,4,8,3,0,0,3,0,0,16,6,0,0,0,3,0,0,0,0,7,0,0,0,35,0,3,6,0,0,0,5,0,17,4,0,0,0,0,0,3,0,0,0,0,0,0,0,0,0,0,2,1,0,0,0,3,3,0,0,0,0
"PO7  6",9623,9526,0,0,0,0,0,0,0,0,0,3,1,6,24,1,2,4,0,1,1,0,0,2,2,0,4,3,0,1,0,0,3,0,4,0,0,0,1,3,0,0,0,9,1,3,0,0,0,0,0,0,24,2,0,3,0,10,0,0,0,1,0,0,8,0,18,0,7,4,0,1,0,4,0,1,1,0,0,0,0,0,1,0,0,0,0,0,0,0,0,0,0,0,1,0,0,0,0,0,3,0,1,2
"PO7  7",8789,8630,0,1,0,0,0,0,0,1,0,11,6,7,52,2,9,22,2,0,9,1,1,4,0,0,0,0,0,1,0,0,0,1,0,0,0,0,0,0,0,0,0,1,4,0,1,0,1,0,0,0,27,4,6,0,0,0,3,0,0,1,13,0,0,0,37,1,13,10,6,0,0,1,0,6,0,0,0,0,0,0,7,0,0,0,0,0,0,0,1,0,0,0,6,0,0,0,0,0,5,2,0,3
"PO7  8",8167,8026,0,2,0,0,0,0,0,2,0,1,6,8,38,1,2,13,3,1,11,1,1,2,0,0,1,0,0,0,0,0,2,0,5,4,0,0,0,1,0,0,0,1,2,0,5,0,2,2,0,1,21,1,1,1,0,0,6,0,0,0,12,0,0,0,42,4,5,13,2,0,2,5,0,11,0,0,0,0,0,0,4,0,0,0,0,0,0,0,0,0,0,0,3,1,0,0,2,2,4,3,0,1
"PO8  0",9371,9263,0,0,0,0,0,0,0,0,0,8,3,3,32,0,9,2,3,0,2,1,0,7,4,1,0,1,0,1,0,0,1,0,2,0,0,0,0,2,0,0,0,1,0,6,4,0,4,0,0,0,24,1,2,2,0,6,2,0,0,0,6,0,5,0,19,1,3,8,1,2,0,3,0,1,0,0,0,0,0,0,2,0,0,0,0,0,0,0,0,0,0,0,2,0,0,0,0,0,4,3,1,0
"PO8  8",9223,9123,1,0,0,0,0,0,0,0,0,6,2,5,37,1,7,5,1,0,5,0,0,5,7,2,1,0,0,0,1,0,2,0,1,1,0,0,0,0,0,0,0,5,1,0,3,0,0,3,0,0,14,1,3,2,0,5,0,0,0,0,3,0,0,0,16,0,3,4,1,1,0,4,0,3,0,0,0,0,0,0,7,0,0,0,0,0,1,0,0,0,0,2,2,0,0,2,1,1,1,0,0,1
"PO8  9",14246,14078,0,2,0,0,0,0,0,1,1,14,7,8,51,2,9,17,3,0,2,1,1,2,0,0,1,2,3,1,0,0,7,0,5,0,3,1,0,1,0,0,0,0,4,13,1,0,1,0,0,0,24,0,0,2,0,13,0,0,0,2,0,0,7,0,34,2,4,18,0,2,0,1,0,7,0,1,0,0,0,0,1,0,0,0,0,0,0,0,0,0,0,0,1,0,0,0,0,0,3,3,0,0
"PO9  1",5108,4965,2,0,0,0,0,0,0,0,0,9,3,8,44,2,2,20,0,1,5,3,3,0,4,0,2,1,0,0,0,0,0,1,2,0,0,0,1,1,0,0,0,5,8,4,0,0,0,0,0,0,24,0,0,0,0,10,3,0,0,0,11,0,0,0,33,2,10,10,0,1,0,3,0,5,2,0,0,0,0,0,1,0,0,0,0,0,0,0,0,0,0,1,0,0,0,0,0,0,0,0,0,0
"PO9  2",10052,9957,0,0,0,0,0,0,0,0,0,8,5,8,19,0,4,3,4,0,0,2,1,3,0,0,0,0,1,0,0,0,1,0,0,0,0,0,0,0,0,0,0,2,4,3,1,0,0,1,0,0,15,0,0,6,0,3,0,0,0,0,4,2,0,0,16,0,3,5,1,0,0,3,0,4,0,0,0,0,0,0,7,1,0,0,0,0,0,0,2,0,0,3,1,0,0,0,1,1,6,4,0,2
"PO9  3",9787,9657,0,0,0,0,0,0,0,0,0,5,4,12,31,4,4,11,0,1,3,1,2,2,0,0,1,0,0,1,0,0,1,0,0,0,0,0,0,0,0,0,0,5,1,3,2,1,1,0,0,0,35,1,0,1,0,20,7,0,0,1,5,0,0,0,21,0,1,3,1,0,0,4,1,11,0,0,0,0,0,0,6,0,0,0,0,0,0,0,0,0,0,5,1,0,0,0,1,1,4,4,0,0
"PO9  4",10027,9929,0,0,0,0,0,0,0,0,0,6,1,8,44,3,2,21,0,0,3,0,0,0,3,0,0,4,3,0,0,0,5,0,0,0,0,0,0,0,0,0,0,0,1,1,7,0,5,2,0,0,8,0,1,0,0,0,2,0,3,1,1,0,0,0,14,0,2,2,2,0,0,4,0,4,0,0,0,0,0,0,4,0,0,0,0,0,0,0,0,0,0,0,0,0,0,4,0,0,4,3,0,1
"PO9  5",8899,8799,0,0,0,0,0,0,0,0,0,4,3,7,28,1,8,10,1,0,2,0,0,4,0,0,1,0,0,0,0,0,1,0,2,1,0,0,0,1,0,0,0,5,2,5,5,0,1,3,1,0,11,0,4,1,0,2,1,0,0,0,3,0,0,0,20,0,2,1,0,0,2,3,0,11,1,0,0,0,0,0,1,0,0,0,0,0,0,0,0,0,0,0,1,0,0,0,5,5,2,2,0,0
"PO9  6",2794,2767,1,0,0,0,0,0,0,0,0,7,1,0,6,1,1,2,0,0,0,0,0,0,0,1,0,1,0,0,0,0,0,0,1,0,0,0,0,1,0,0,0,2,1,1,1,0,0,0,0,1,0,0,0,0,0,0,0,0,0,0,0,0,0,0,6,1,0,3,0,2,0,0,0,0,0,0,0,0,0,0,0,0,0,0,0,0,0,0,0,0,0,0,0,0,0,0,0,0,0,0,0,0
"PR1  0",9394,9263,0,1,0,0,0,0,0,1,0,5,2,1,35,8,5,7,0,0,0,0,6,3,1,2,2,1,0,0,0,0,0,0,1,0,0,1,0,0,0,0,0,2,0,8,1,0,0,0,0,1,41,3,2,1,0,0,30,0,0,0,0,1,0,4,30,0,9,10,1,0,0,2,0,8,0,0,0,0,0,0,1,0,0,0,0,0,0,0,0,0,0,0,0,0,0,1,0,0,3,1,1,1
"PR1  1",3612,2939,1,1,0,0,0,0,0,1,0,4,3,6,156,6,3,100,3,2,0,6,6,8,0,19,0,2,0,1,0,0,0,0,1,1,0,0,0,0,0,0,0,4,0,54,17,0,3,9,5,0,255,31,3,48,0,0,162,0,1,2,1,0,0,7,157,8,8,136,3,0,0,0,1,1,0,0,0,0,0,0,6,0,0,0,0,0,1,0,1,0,0,1,0,0,1,2,0,0,8,8,0,0
"PR1  2",1568,1239,2,2,2,0,0,0,0,0,0,10,4,8,89,0,11,26,1,2,3,0,0,2,3,41,0,0,0,0,0,0,0,0,1,0,1,0,0,0,0,0,0,3,1,52,10,0,8,2,0,0,31,6,5,4,0,4,6,2,0,3,0,0,0,1,107,4,8,91,0,0,2,1,1,0,0,0,0,0,0,0,0,0,0,0,0,0,0,0,0,0,0,0,0,0,0,0,2,2,7,7,0,0
"PR1  3",3319,2503,3,0,0,0,0,0,0,0,0,10,8,5,285,18,5,191,7,0,9,2,13,26,0,7,5,2,0,0,0,0,0,0,3,3,0,0,0,0,0,0,0,5,2,83,26,0,18,6,1,1,291,32,10,4,0,26,197,3,7,8,1,1,0,2,79,1,3,53,1,0,0,3,1,7,10,0,4,0,0,0,4,0,0,0,0,0,1,0,0,0,0,0,0,0,1,2,1,1,7,7,0,0
"PR1  4",8319,6300,0,2,1,0,0,0,0,1,0,2,8,4,455,15,2,360,6,2,1,2,16,42,3,2,1,2,0,0,0,0,1,0,5,1,0,2,0,2,0,0,0,7,2,38,103,1,15,12,61,14,1326,232,11,165,3,47,819,0,17,5,13,0,1,13,30,0,4,7,1,0,0,4,0,1,13,0,11,0,0,0,23,0,0,16,0,0,0,0,0,0,0,3,0,4,0,0,0,0,3,3,0,0
"PR1  5",8556,7008,1,2,0,0,0,0,0,2,0,2,5,4,419,7,8,357,9,1,2,6,6,13,1,4,1,0,0,0,0,0,0,4,10,8,0,0,0,2,0,0,0,8,3,30,61,0,14,17,28,2,940,225,4,208,12,17,390,0,37,6,34,1,0,6,20,0,0,4,0,4,1,4,3,0,4,0,2,0,0,0,2,0,0,0,0,0,0,0,0,0,0,0,0,1,1,0,3,3,36,31,4,1
"PR1  6",10355,7770,2,2,0,0,0,1,0,1,0,6,12,6,331,14,6,239,2,2,20,10,9,18,6,0,0,1,1,1,0,1,1,0,23,21,2,0,0,0,0,0,0,15,1,41,104,0,32,42,14,16,1923,170,31,156,3,7,1465,0,15,5,51,0,2,18,63,0,1,32,1,1,1,2,14,8,3,0,15,0,0,0,26,3,0,2,0,3,0,3,0,0,0,4,0,1,1,9,7,7,8,6,2,0
"PR1  7",6267,5575,7,4,0,0,0,0,0,4,0,13,12,6,191,8,8,99,4,1,3,9,5,24,1,20,2,4,0,0,1,0,1,1,7,4,2,0,0,1,0,0,0,7,0,25,19,1,1,14,2,1,186,32,17,14,0,1,82,6,6,8,13,0,3,4,184,11,5,155,1,0,1,1,3,7,0,0,1,0,0,0,16,0,0,2,0,0,0,0,0,0,1,3,0,5,2,3,4,4,10,8,0,2
"PR1  8",5347,4280,1,1,1,0,0,0,0,0,0,15,10,16,312,16,8,194,6,3,10,12,13,32,4,8,1,1,0,0,0,2,1,1,8,6,0,2,0,0,0,0,0,14,3,46,19,0,9,9,0,1,481,37,13,43,0,21,318,12,16,7,5,4,2,3,127,5,11,105,3,1,0,2,0,0,0,0,3,0,0,0,5,0,1,0,0,0,0,1,0,0,0,0,0,0,0,3,1,1,5,4,1,0
"PR1  9",11871,11634,0,1,0,0,0,0,0,1,0,3,3,5,99,16,8,48,0,0,3,7,0,7,4,2,1,0,1,0,0,0,1,1,2,0,0,2,0,0,0,0,0,5,6,11,4,0,0,2,0,2,41,6,0,4,0,0,25,0,2,2,0,0,0,2,47,0,14,13,2,0,0,4,1,13,0,0,0,0,0,0,2,0,0,0,0,0,0,0,1,0,0,1,0,0,0,0,1,1,7,6,0,1
"PR2  1",14474,14047,2,4,1,0,0,0,0,1,2,2,7,6,214,16,3,168,0,2,6,1,4,2,0,1,6,0,0,0,1,0,3,1,5,0,2,1,0,2,0,0,0,15,1,5,2,0,2,0,0,0,112,7,4,21,0,2,71,1,3,0,2,0,0,1,41,6,4,18,3,0,0,5,0,5,0,0,0,0,0,0,5,0,0,0,0,0,0,0,0,1,0,3,0,0,0,1,0,0,6,6,0,0
"PR2  2",8066,7504,4,0,0,0,0,0,0,0,0,10,6,1,211,8,18,123,6,1,6,9,3,22,2,9,1,0,0,1,0,0,2,0,1,0,0,0,0,1,0,0,0,13,4,22,16,0,3,7,6,0,136,17,1,9,0,4,77,0,3,2,11,0,7,5,112,4,11,76,2,0,0,8,0,11,0,0,0,0,0,0,9,0,0,0,0,0,3,1,0,0,0,2,0,0,1,2,1,1,16,14,2,0
"PR2  3",14434,13749,0,2,1,0,0,0,0,1,0,6,5,5,203,7,6,134,3,1,17,1,3,20,1,6,0,0,1,1,0,0,2,0,1,1,0,0,0,0,0,0,0,2,3,7,7,1,2,4,0,0,358,40,13,56,0,10,170,0,7,6,46,0,1,9,68,1,4,40,0,0,0,5,1,16,1,0,0,0,0,0,10,0,0,0,0,0,2,0,0,0,0,3,0,0,0,5,1,1,7,7,0,0
"PR2  5",2749,2722,0,0,0,0,0,0,0,0,0,1,1,1,9,4,0,1,0,1,1,0,1,0,0,0,0,0,0,0,0,0,1,0,0,0,0,0,0,0,0,0,0,3,2,1,1,1,0,0,0,0,6,0,0,0,0,2,4,0,0,0,0,0,0,0,1,0,0,0,0,0,0,1,0,0,0,0,0,0,0,0,0,0,0,0,0,0,0,0,0,0,0,0,0,0,0,0,0,0,1,1,0,0
"PR2  6",14867,14090,0,6,4,0,0,0,0,2,0,2,1,4,340,9,7,269,4,4,9,10,0,25,0,1,2,0,0,0,0,0,0,0,0,0,0,0,0,0,0,0,0,7,7,4,20,0,0,7,11,2,327,69,18,57,0,6,123,0,12,3,37,0,0,2,29,2,12,3,0,0,1,7,1,2,1,0,1,0,0,0,24,0,0,0,0,4,0,0,0,0,0,12,0,3,3,2,2,2,3,2,0,1
"PR2  7",4094,3929,0,0,0,0,0,0,0,0,0,0,5,1,94,3,0,82,0,1,0,0,0,2,2,0,1,2,0,0,0,0,1,0,1,0,0,0,0,1,0,0,0,3,1,1,1,0,0,1,0,0,25,3,0,0,0,0,6,0,5,3,2,0,5,1,14,0,0,8,0,0,0,0,0,6,0,0,0,0,0,0,1,0,0,0,0,0,0,0,0,0,0,0,0,0,0,1,3,3,15,13,2,0
"PR2  8",6631,6060,1,1,0,0,0,0,0,1,0,7,4,7,72,4,1,42,2,2,2,10,0,6,0,0,0,0,0,2,0,0,0,1,4,2,0,0,0,2,0,0,0,10,2,39,13,0,0,7,5,1,380,71,11,43,2,10,221,0,7,7,4,0,0,4,24,2,2,9,0,0,0,1,8,1,1,0,1,0,0,0,4,0,0,0,0,0,0,0,0,0,0,3,0,0,1,0,0,0,2,2,0,0
"PR2  9",10793,10179,2,1,0,0,0,0,0,0,1,1,1,8,83,12,5,29,0,6,8,0,1,14,0,1,2,2,1,0,1,0,1,0,1,0,0,0,0,1,0,0,0,1,1,28,12,0,1,7,1,3,422,51,20,40,0,23,177,1,22,31,37,0,3,17,34,2,7,15,2,0,0,2,5,1,0,0,1,0,0,0,11,0,0,0,0,0,0,0,0,0,0,6,1,0,0,4,1,1,6,6,0,0
"PR25 1",8291,8161,1,1,0,0,0,0,0,1,0,2,4,8,81,2,3,55,1,1,3,2,6,4,0,0,2,0,0,0,0,0,2,0,0,0,0,0,0,0,0,0,0,3,2,2,0,0,0,0,0,0,8,1,0,2,0,3,2,0,0,0,0,0,0,0,10,0,1,2,0,0,3,2,0,1,1,1,0,0,0,0,0,0,0,0,0,0,0,0,0,0,0,0,0,0,0,0,2,2,5,3,2,0
"PR25 2",4949,4869,1,0,0,0,0,0,0,0,0,0,0,1,42,2,3,26,0,0,0,0,1,7,0,1,2,0,0,0,0,0,0,0,0,0,0,0,0,0,0,0,0,4,0,3,3,1,0,0,0,2,2,0,0,1,0,0,0,0,0,1,0,0,0,0,19,6,2,6,0,1,3,1,0,0,0,0,0,0,0,0,1,0,0,0,0,0,0,0,0,0,1,0,0,0,0,0,0,0,4,4,0,0
"PR25 3",6469,6354,1,0,0,0,0,0,0,0,0,2,0,1,59,1,1,40,0,1,2,0,2,9,0,1,1,0,0,0,0,0,1,0,6,5,0,1,0,0,0,0,0,3,2,0,2,1,0,1,0,0,16,1,0,0,0,2,13,0,0,0,0,0,0,0,16,2,6,6,0,0,0,1,0,1,0,0,0,0,0,0,0,0,0,0,0,0,0,0,0,0,0,0,0,0,0,0,1,1,6,6,0,0
"PR25 4",5790,5726,0,0,0,0,0,0,0,0,0,1,1,5,34,3,0,24,0,0,0,0,6,0,0,0,0,1,0,0,0,0,0,0,0,0,0,0,0,0,0,0,0,4,3,0,0,0,0,0,0,0,7,2,0,2,0,0,1,0,0,2,0,0,0,0,9,2,1,5,1,0,0,0,0,0,0,0,0,0,0,0,0,0,0,0,0,0,0,0,0,0,0,0,0,0,0,0,0,0,0,0,0,0
"PR25 5",4123,4093,0,2,0,0,0,0,0,1,1,1,1,0,15,2,1,7,0,0,0,1,2,1,0,0,0,1,0,0,0,0,0,0,0,0,0,0,0,0,0,0,0,1,0,1,0,0,0,0,0,0,2,0,0,0,0,0,0,0,0,1,0,0,0,1,3,0,2,1,0,0,0,0,0,0,0,0,0,0,0,0,0,0,0,0,0,0,0,0,0,0,0,0,0,0,0,0,0,0,4,4,0,0
"PR26 6",2817,2799,0,1,0,0,0,0,0,1,0,0,0,1,0,0,0,0,0,0,0,0,0,0,0,0,0,0,0,0,0,0,0,0,0,0,0,0,0,0,0,0,0,1,2,0,0,0,0,0,0,0,5,0,2,3,0,0,0,0,0,0,0,0,0,0,7,2,0,0,0,0,0,2,0,2,1,0,0,0,0,0,0,0,0,0,0,0,0,0,0,0,0,0,0,0,0,0,0,0,1,1,0,0
"PR26 7",6165,6105,0,1,0,0,0,0,0,1,0,2,0,1,32,1,4,17,0,0,2,0,0,4,0,0,0,3,0,0,0,0,1,0,0,0,0,0,0,0,0,0,0,1,0,4,0,0,0,0,0,0,1,0,0,1,0,0,0,0,0,0,0,0,0,0,16,2,4,7,0,0,0,1,0,2,0,0,0,0,0,0,1,0,0,0,0,0,0,0,0,0,0,0,1,0,0,0,1,1,0,0,0,0
"PR26 8",2645,2530,1,4,1,0,0,0,0,3,0,3,8,5,21,1,4,4,0,1,2,5,0,0,0,0,3,0,0,0,1,0,0,0,2,2,0,0,0,0,0,0,0,2,1,1,14,0,5,3,4,2,29,14,2,7,0,4,1,0,0,1,0,0,0,0,11,3,4,2,0,0,1,0,1,0,0,0,0,0,0,0,11,0,1,1,0,0,0,1,0,0,0,0,0,0,1,7,1,1,1,1,0,0
"PR26 9",3483,3458,1,0,0,0,0,0,0,0,0,3,0,0,8,1,0,3,0,3,0,0,0,0,0,0,0,0,0,1,0,0,0,0,0,0,0,0,0,0,0,0,0,1,0,0,0,0,0,0,0,0,7,3,2,0,0,0,2,0,0,0,0,0,0,0,4,0,0,0,0,0,0,1,0,1,2,0,0,0,0,0,0,0,0,0,0,0,0,0,0,0,0,0,0,0,0,0,1,1,0,0,0,0
"PR3  0",7284,7222,2,1,0,0,0,0,0,0,1,2,0,3,25,1,4,8,1,0,1,2,0,0,4,2,0,1,1,0,0,0,0,0,2,0,0,0,0,2,0,0,0,4,0,0,0,0,0,0,0,0,2,0,0,0,0,0,2,0,0,0,0,0,0,0,15,0,0,2,0,0,1,4,0,8,0,1,0,0,0,0,0,0,0,0,0,0,0,0,0,0,0,0,0,0,0,0,1,1,4,3,0,1
"PR3  1",10012,9916,1,0,0,0,0,0,0,0,0,5,0,1,35,8,1,11,2,1,0,0,2,0,6,1,1,2,0,0,0,0,0,0,2,0,0,1,0,1,0,0,0,1,3,3,1,0,0,1,0,0,16,1,0,0,0,0,3,0,2,6,0,3,0,1,22,0,0,10,2,1,0,0,1,8,0,0,0,0,0,0,3,0,0,0,0,0,0,0,0,0,0,1,1,0,0,1,0,0,3,3,0,0
"PR3  2",5429,5374,0,0,0,0,0,0,0,0,0,3,0,7,30,5,2,13,0,0,1,0,0,5,0,0,1,0,0,0,0,0,3,0,0,0,0,0,0,0,0,0,0,1,1,0,1,0,0,1,0,0,3,0,0,0,0,0,3,0,0,0,0,0,0,0,6,0,4,0,1,0,0,1,0,0,0,0,0,0,0,0,0,0,0,0,0,0,0,0,0,0,0,0,0,0,0,0,3,3,0,0,0,0
"PR3  3",8702,8611,3,0,0,0,0,0,0,0,0,1,1,2,64,4,6,48,0,0,1,0,0,0,1,0,0,1,0,0,0,0,0,3,2,0,2,0,0,0,0,0,0,0,1,0,0,0,0,0,0,0,3,0,0,1,0,0,0,0,0,2,0,0,0,0,12,3,0,1,0,0,0,6,0,2,0,0,0,0,0,0,0,0,0,0,0,0,0,0,0,0,0,0,0,0,0,0,1,1,1,1,0,0
"PR3  5",2956,2929,2,0,0,0,0,0,0,0,0,0,3,1,5,3,1,0,0,0,0,0,0,0,0,0,0,1,0,0,0,0,0,0,0,0,0,0,0,0,0,0,0,0,0,3,1,0,1,0,0,0,10,2,3,0,0,0,5,0,0,0,0,0,0,0,2,0,1,0,0,0,0,0,0,1,0,0,0,0,0,0,0,0,0,0,0,0,0,0,0,0,0,0,0,0,0,0,0,0,0,0,0,0
"PR3  6",2590,2577,1,2,1,0,0,0,0,1,0,2,0,0,3,0,1,1,0,0,0,0,0,0,0,0,0,1,0,0,0,0,0,0,0,0,0,0,0,0,0,0,0,0,1,2,0,0,0,0,0,0,2,2,0,0,0,0,0,0,0,0,0,0,0,0,0,0,0,0,0,0,0,0,0,0,0,0,0,0,0,0,0,0,0,0,0,0,0,0,0,0,0,0,0,0,0,0,0,0,0,0,0,0
"PR4  0",6975,6874,1,0,0,0,0,0,0,0,0,1,4,4,17,0,1,6,2,0,2,0,2,0,0,2,2,0,0,0,0,0,0,0,2,0,0,0,0,2,0,0,0,3,0,11,2,0,0,2,0,0,39,5,4,12,0,0,15,0,0,2,0,0,0,1,12,0,4,2,0,0,0,2,0,3,1,0,0,0,0,0,3,0,0,0,0,0,0,0,0,0,0,0,3,0,0,0,0,0,2,2,0,0
"PR4  1",9194,9104,2,0,0,0,0,0,0,0,0,1,0,1,54,4,11,23,0,0,3,2,4,1,1,1,3,0,1,0,0,0,0,0,0,0,0,0,0,0,0,0,0,4,0,3,0,0,0,0,0,0,12,4,0,1,0,0,0,0,0,0,1,0,0,6,11,0,3,5,0,0,0,2,0,1,0,2,0,0,0,0,0,0,0,0,0,0,0,0,0,0,0,0,0,0,0,0,0,0,0,0,0,0
"PR4  2",8355,8167,3,1,0,0,0,1,0,0,0,2,1,2,78,2,2,31,2,0,0,0,34,0,5,0,1,1,0,0,0,0,0,0,2,1,0,0,0,1,0,0,0,43,0,1,1,0,0,0,1,0,16,5,0,1,0,0,4,1,0,1,2,0,2,0,30,0,16,8,0,0,0,4,0,1,1,4,0,0,0,0,1,0,0,0,0,0,0,0,0,0,0,0,0,0,0,1,1,1,2,2,0,0
"PR4  3",8050,7875,2,0,0,0,0,0,0,0,0,2,1,2,66,1,2,16,1,2,0,0,39,0,0,0,4,0,0,1,0,0,0,0,4,0,0,1,0,3,0,0,0,44,0,2,3,0,1,0,0,2,17,7,2,2,0,0,0,0,0,0,0,2,3,1,21,0,2,9,0,0,0,3,5,0,2,6,0,0,0,0,3,0,0,0,0,0,0,0,0,0,0,0,2,0,0,1,1,1,1,1,0,0
"PR4  4",5994,5943,0,0,0,0,0,0,0,0,0,0,0,2,18,4,1,5,0,0,0,0,0,4,0,0,3,0,1,0,0,0,0,0,0,0,0,0,0,0,0,0,0,1,0,4,0,0,0,0,0,0,10,0,0,1,0,3,4,0,0,0,0,2,0,0,15,2,0,7,0,0,0,0,0,6,0,0,0,0,0,0,0,0,0,0,0,0,0,0,0,0,0,0,0,0,0,0,1,1,0,0,0,0
"PR4  5",7978,7909,0,1,0,0,0,0,0,1,0,0,1,1,35,2,1,9,8,0,0,1,1,10,0,0,0,0,2,0,0,1,0,0,1,0,0,0,1,0,0,0,0,2,2,7,0,0,0,0,0,0,4,3,1,0,0,0,0,0,0,0,0,0,0,0,9,2,1,2,0,0,0,2,0,2,0,0,0,0,0,0,2,0,0,0,0,0,0,0,0,0,1,0,0,0,1,0,0,0,4,2,1,1
"PR4  6",9440,9249,2,0,0,0,0,0,0,0,0,1,82,8,75,2,4,29,1,4,2,12,1,17,1,0,1,0,0,0,0,1,0,0,1,0,0,0,0,1,0,0,0,0,0,3,4,0,0,2,0,2,3,0,2,0,0,0,0,0,1,0,0,0,0,0,10,0,0,3,2,0,0,2,0,3,0,0,0,0,0,0,1,0,0,0,0,0,0,0,0,0,0,0,1,0,0,0,1,1,0,0,0,0
"PR5  0",5444,5422,1,0,0,0,0,0,0,0,0,0,1,0,9,1,0,2,0,0,2,0,0,3,0,0,0,1,0,0,0,0,0,0,0,0,0,0,0,0,0,0,0,0,0,0,0,0,0,0,0,0,4,3,0,0,0,0,1,0,0,0,0,0,0,0,5,0,0,2,0,1,0,1,0,0,1,0,0,0,0,0,0,0,0,0,0,0,0,0,0,0,0,0,0,0,0,0,0,0,2,0,1,1
"PR5  4",10734,10570,2,1,0,0,0,1,0,0,0,5,0,5,77,15,6,34,0,1,0,1,0,9,0,2,1,4,1,0,1,1,0,1,0,0,0,0,0,0,0,0,0,6,5,3,1,0,0,1,0,0,33,5,0,8,0,0,11,0,3,0,3,0,0,3,13,0,6,2,0,0,0,1,2,2,0,0,0,0,0,0,2,0,0,0,0,0,0,0,1,0,0,0,1,0,0,0,2,2,9,7,2,0
"PR5  5",9704,9599,2,0,0,0,0,0,0,0,0,3,2,1,45,2,4,23,1,0,8,2,0,0,1,1,0,1,1,0,0,0,1,0,0,0,0,0,0,0,0,0,0,0,1,0,5,0,0,5,0,0,20,1,0,2,0,1,7,5,0,0,4,0,0,0,14,3,6,1,0,0,0,2,0,1,1,0,0,0,0,0,0,0,0,0,0,0,0,0,0,0,0,0,0,0,0,0,0,0,12,10,1,1
"PR5  6",8871,8670,1,0,0,0,0,0,0,0,0,1,4,6,120,5,3,99,1,0,0,1,8,1,0,0,0,0,1,1,0,0,0,0,0,0,0,0,0,0,0,0,0,2,0,1,4,0,0,3,0,1,24,7,3,4,0,1,1,0,6,2,0,0,0,0,28,1,4,5,0,0,0,3,0,15,0,0,1,0,0,0,0,0,0,0,0,0,0,0,0,0,0,0,0,0,0,0,0,0,9,6,3,0
"PR5  8",4939,4750,0,0,0,0,0,0,0,0,0,1,3,4,135,0,0,112,3,0,1,0,10,8,0,1,0,0,0,0,0,0,0,0,1,0,0,1,0,0,0,0,0,0,2,1,4,0,1,2,1,0,11,2,3,3,0,2,0,0,0,0,1,0,0,0,9,0,0,3,1,0,3,2,0,0,0,0,0,0,0,0,1,0,0,0,0,0,0,0,0,0,0,0,1,0,0,0,1,1,16,12,4,0
"PR6  0",9784,9422,0,1,0,0,0,0,0,0,1,3,11,3,118,2,2,77,7,1,7,2,5,8,3,0,1,3,0,0,0,0,0,0,3,1,1,0,1,0,0,0,0,5,3,8,0,0,0,0,0,0,178,55,1,24,5,36,48,0,1,4,4,0,0,0,25,2,4,8,1,0,2,4,0,4,0,0,0,1,1,0,1,1,0,0,0,0,0,0,0,0,0,0,0,0,0,0,1,1,1,1,0,0
"PR6  7",9868,9735,4,1,1,0,0,0,0,0,0,8,2,4,55,9,3,28,1,2,1,1,0,6,0,1,1,0,2,0,0,0,0,0,2,0,0,0,0,2,0,0,0,1,1,4,1,0,0,1,0,0,27,6,0,1,0,2,7,0,2,3,2,0,2,2,10,0,0,1,0,0,1,1,3,2,2,0,0,1,1,0,5,0,0,0,0,0,0,2,0,0,0,0,2,0,0,1,0,0,7,5,0,2
"PR6  8",6499,6462,1,1,0,0,0,0,0,1,0,2,0,0,12,2,2,5,0,0,1,0,0,0,0,1,1,0,0,0,0,0,0,0,0,0,0,0,0,0,0,0,0,2,0,0,0,0,0,0,0,0,14,2,0,2,0,7,1,0,0,0,2,0,0,0,5,0,1,0,0,0,2,1,0,1,0,0,0,0,0,0,0,0,0,0,0,0,0,0,0,0,0,0,0,0,0,0,0,0,0,0,0,0
"PR6  9",7333,7256,1,0,0,0,0,0,0,0,0,2,0,3,37,7,5,12,0,0,5,0,4,0,0,0,1,1,0,0,0,0,2,0,3,0,0,1,0,2,0,0,0,3,0,1,0,0,0,0,0,0,10,1,2,0,0,1,5,0,0,0,1,0,0,0,15,1,5,5,0,0,0,1,0,3,0,0,0,0,0,0,2,0,0,0,0,0,1,0,0,0,0,0,0,0,0,1,0,0,0,0,0,0
"PR7  1",6448,6290,1,2,1,0,0,0,0,1,0,3,4,5,77,3,3,37,4,0,20,0,0,7,2,0,1,0,0,0,0,0,0,0,2,0,0,2,0,0,0,0,0,4,0,11,1,0,1,0,0,0,29,12,1,1,0,4,3,0,0,2,6,0,0,0,17,4,5,0,0,0,0,5,2,1,0,0,0,0,0,0,1,0,0,0,0,0,0,0,1,0,0,0,0,0,0,0,0,0,1,0,1,0
"PR7  2",9291,9089,0,0,0,0,0,0,0,0,0,1,0,5,109,4,6,81,3,0,0,7,0,3,0,1,2,0,0,0,1,1,0,0,1,0,0,0,0,1,0,0,0,0,4,8,0,0,0,0,0,0,41,4,5,0,0,2,19,2,2,0,4,0,0,3,24,0,4,7,0,0,1,10,2,0,0,0,1,0,0,0,4,0,0,0,0,0,1,0,0,0,0,0,2,0,0,1,0,0,4,4,0,0
"PR7  3",8244,8139,1,0,0,0,0,0,0,0,0,2,0,5,32,4,2,19,0,3,0,0,0,3,0,0,1,0,0,0,0,0,0,0,2,1,0,1,0,0,0,0,0,0,3,0,3,1,0,1,1,0,23,4,0,7,0,5,2,2,0,1,0,0,0,2,30,3,4,8,0,0,2,11,0,2,0,0,0,0,0,0,1,0,0,0,0,0,0,0,0,0,0,0,1,0,0,0,0,0,3,2,1,0
"PR7  4",6776,6722,0,0,0,0,0,0,0,0,0,2,0,1,28,3,0,11,2,0,3,0,4,0,1,2,2,0,0,0,0,0,0,0,0,0,0,0,0,0,0,0,0,4,3,1,0,0,0,0,0,0,10,3,0,1,0,0,5,0,0,1,0,0,0,0,1,0,0,0,0,0,0,0,0,1,0,0,0,0,0,0,0,0,0,0,0,0,0,0,0,0,0,0,0,0,0,0,0,0,4,3,1,0
"PR7  5",10143,10068,4,0,0,0,0,0,0,0,0,4,0,5,27,1,5,12,1,0,0,0,0,6,0,1,0,0,0,0,1,0,0,0,1,1,0,0,0,0,0,0,0,2,1,0,0,0,0,0,0,0,8,0,0,3,0,1,3,0,0,1,0,0,0,0,18,1,4,13,0,0,0,0,0,0,0,0,0,0,0,0,0,0,0,0,0,0,0,0,0,0,0,0,0,0,0,0,0,0,5,1,2,2
"PR7  6",8501,8424,2,0,0,0,0,0,0,0,0,1,0,7,17,5,1,4,0,0,0,0,5,0,0,0,0,1,0,0,0,0,1,0,0,0,0,0,0,0,0,0,0,3,2,13,0,0,0,0,0,0,11,3,2,1,0,0,2,0,2,0,1,0,0,0,14,0,0,7,0,0,0,0,0,5,2,0,0,0,0,0,4,2,0,0,0,0,1,0,1,0,0,0,0,0,0,0,0,0,3,3,0,0
"PR7  7",3924,3844,3,0,0,0,0,0,0,0,0,2,0,2,30,2,4,4,1,0,0,5,8,0,0,4,1,0,0,0,0,0,1,0,1,1,0,0,0,0,0,0,0,1,0,13,1,0,0,0,1,0,12,2,1,1,0,0,4,0,2,0,0,0,2,0,13,0,6,6,0,0,0,1,0,0,0,0,0,0,0,0,0,0,0,0,0,0,0,0,0,0,0,0,0,0,0,0,0,0,2,2,0,0
"PR8  1",2940,2540,0,0,0,0,0,0,0,0,0,2,23,5,266,3,1,175,4,0,10,32,32,3,5,0,1,0,0,0,0,0,0,0,5,4,1,0,0,0,0,0,0,7,3,8,12,0,12,0,0,0,30,0,0,0,0,15,1,0,1,0,13,0,0,0,36,1,3,12,0,0,0,1,0,19,0,0,0,0,0,0,0,0,0,0,0,0,0,0,0,0,0,0,0,0,0,0,1,1,2,0,0,2
"PR8  2",8779,8583,4,0,0,0,0,0,0,0,0,10,12,9,88,5,9,40,0,0,8,2,13,0,0,1,5,0,0,1,3,0,1,0,5,0,0,2,0,3,0,0,0,3,1,5,2,0,0,2,0,0,17,0,2,2,0,4,0,0,0,2,7,0,0,0,33,0,0,24,2,0,1,0,0,6,0,0,0,0,0,0,3,0,0,0,0,0,0,0,0,0,0,0,0,0,0,3,0,0,4,2,1,1
"PR8  3",11712,11577,2,0,0,0,0,0,0,0,0,8,4,12,53,1,3,12,5,0,1,7,8,3,0,11,1,0,0,0,0,0,0,1,0,0,0,0,0,0,0,0,0,1,9,7,0,0,0,0,0,0,1,0,0,0,0,1,0,0,0,0,0,0,0,0,28,0,6,11,2,0,0,5,0,2,2,0,0,0,0,0,2,0,0,0,0,0,0,0,1,0,0,1,0,0,0,0,2,2,6,5,0,1
"PR8  4",10817,10671,2,0,0,0,0,0,0,0,0,11,10,6,66,8,5,31,2,2,3,3,8,0,0,2,0,1,0,1,0,0,0,0,1,0,0,1,0,0,0,0,0,3,2,2,4,0,0,4,0,0,10,0,3,2,0,1,0,0,0,2,0,2,0,0,25,1,4,8,0,0,2,5,0,3,2,0,0,0,0,0,1,0,0,0,0,0,0,0,1,0,0,0,0,0,0,0,0,0,3,3,0,0
"PR8  5",5944,5645,2,0,0,0,0,0,0,0,0,3,12,13,167,4,6,101,0,1,6,12,28,4,1,0,1,1,0,1,0,0,1,0,0,0,0,0,0,0,0,0,0,8,2,8,10,0,6,1,0,3,22,1,4,0,0,3,3,0,3,2,6,0,0,0,40,0,10,18,0,0,0,4,0,8,0,0,0,0,0,0,7,0,0,0,0,0,0,0,0,0,1,5,0,0,1,0,2,2,3,2,1,0
"PR8  6",11716,11277,4,0,0,0,0,0,0,0,0,5,20,10,224,8,5,128,6,4,12,22,22,6,0,3,4,0,0,0,4,0,0,0,13,10,2,0,0,1,0,0,0,24,10,4,10,0,9,1,0,0,64,2,2,2,0,36,3,0,2,5,12,0,0,0,41,0,9,17,0,0,0,4,0,7,4,0,0,0,0,0,3,0,0,0,0,0,0,0,0,0,0,2,0,0,0,1,1,1,6,3,0,3
"PR9  0",6931,5959,1,0,0,0,0,0,0,0,0,8,108,19,649,11,4,446,21,4,17,39,72,17,10,1,3,0,0,1,2,0,1,0,2,2,0,0,0,0,0,0,0,21,1,20,29,0,25,2,1,1,33,7,4,0,0,10,2,2,0,1,7,0,0,0,59,4,4,32,2,0,0,4,0,11,2,0,0,0,0,0,9,0,0,0,0,0,0,0,0,0,0,2,1,0,0,6,5,5,8,4,0,4
"PR9  7",10893,10676,2,2,0,0,0,0,0,2,0,3,11,10,104,8,7,54,1,0,1,8,16,6,1,0,2,0,0,0,0,0,0,0,1,0,1,0,0,0,0,0,0,3,2,3,4,0,0,2,0,2,24,0,1,1,0,15,0,0,0,3,0,0,0,4,28,10,2,6,0,0,0,5,0,5,0,0,0,0,0,0,8,0,0,0,0,0,0,0,1,0,5,1,1,0,0,0,0,0,12,8,4,0
"PR9  8",9844,9716,2,0,0,0,0,0,0,0,0,2,8,4,77,6,1,55,0,0,4,0,5,1,4,0,0,0,0,0,0,0,1,0,2,0,0,1,0,1,0,0,0,2,2,4,5,0,0,0,0,5,2,1,0,0,0,0,1,0,0,0,0,0,0,0,8,0,1,3,0,0,0,2,0,2,0,0,0,0,0,0,3,0,0,0,0,0,0,0,0,0,0,0,1,0,0,2,1,1,6,5,0,1
"PR9  9",13908,13502,4,0,0,0,0,0,0,0,0,12,30,14,239,6,12,147,2,3,4,18,33,8,3,1,2,0,0,0,0,0,0,0,6,0,0,3,0,3,0,0,0,10,11,15,1,0,0,1,0,0,22,0,0,3,0,11,1,0,0,0,7,0,0,0,33,0,4,5,2,0,2,9,0,9,2,0,0,0,0,0,6,0,0,0,0,0,0,0,0,0,0,3,0,1,0,2,2,2,1,0,0,1
"RG1  1",419,273,0,0,0,0,0,0,0,0,0,10,10,5,41,5,11,11,0,2,3,0,0,2,2,3,1,0,0,1,0,0,0,0,3,1,0,1,0,1,0,0,0,0,2,12,6,0,0,3,1,2,36,6,5,2,0,2,0,0,2,12,3,0,4,0,12,6,0,0,1,0,0,4,1,0,0,0,0,0,0,0,9,0,0,0,0,0,0,0,1,0,0,3,1,0,0,4,0,0,0,0,0,0
"RG1  2",3825,2758,0,0,0,0,0,0,0,0,0,31,34,40,301,20,17,129,12,12,13,4,11,21,3,39,6,4,0,4,3,2,0,1,10,7,2,0,0,1,0,0,0,16,12,45,25,0,0,12,3,10,413,46,26,21,0,22,10,13,28,49,8,3,161,26,99,6,9,29,2,1,0,6,1,42,3,0,0,0,0,0,34,4,0,0,1,4,1,0,8,1,0,2,4,0,6,3,4,4,3,3,0,0
"RG1  3",6961,4695,1,1,1,0,0,0,0,0,0,45,21,38,329,27,24,170,16,7,14,8,7,11,12,13,10,4,2,1,3,0,0,0,22,9,3,6,1,3,0,0,0,24,6,54,53,0,0,10,39,4,1447,307,35,181,5,47,12,4,6,26,29,1,767,27,100,6,4,23,6,2,5,8,8,37,1,0,0,1,1,0,118,0,3,0,5,33,4,9,18,3,0,13,1,3,9,17,6,6,0,0,0,0
"RG1  4",2483,1899,0,1,1,0,0,0,0,0,0,23,15,30,178,25,12,90,7,7,9,3,1,4,1,9,0,3,1,4,0,0,0,2,13,3,9,1,0,0,0,0,0,8,3,32,5,0,0,3,2,0,208,13,47,9,0,13,5,4,44,19,4,1,37,12,41,6,1,15,11,4,1,2,0,1,0,0,0,0,0,0,26,0,0,1,0,1,0,0,5,0,0,5,1,2,6,5,0,0,1,0,0,1
"RG1  5",9158,7545,7,0,0,0,0,0,0,0,0,60,44,49,463,45,54,157,11,10,23,15,6,19,23,77,10,5,2,3,0,0,0,3,24,8,7,3,1,5,0,0,0,24,18,68,22,0,0,9,6,7,498,138,48,64,5,18,5,17,9,26,16,8,123,21,243,5,12,108,16,7,4,27,24,30,10,0,0,0,0,0,80,1,1,3,0,10,5,0,12,2,0,7,1,4,11,23,8,8,5,0,4,1
"RG1  6",8347,6784,1,1,1,0,0,0,0,0,0,45,57,68,428,29,27,244,9,7,17,14,10,24,6,24,6,3,2,3,1,0,1,1,24,13,3,6,0,2,0,0,0,12,7,45,40,2,0,18,16,4,594,130,80,62,3,15,28,29,44,37,27,9,99,31,90,10,11,14,18,1,3,10,2,20,1,1,0,0,0,0,138,3,0,0,4,21,7,4,49,1,1,22,4,1,8,13,6,6,6,3,2,1
"RG1  7",6710,4727,1,0,0,0,0,0,0,0,0,72,74,35,733,34,27,500,42,14,16,10,3,32,8,19,5,8,2,5,0,0,1,7,23,7,7,6,1,2,0,0,0,25,14,52,63,1,0,23,24,15,667,148,66,62,0,21,14,9,65,60,22,5,169,26,122,7,4,40,9,0,3,19,7,32,1,0,0,0,0,0,96,0,0,0,3,13,6,3,39,1,0,9,4,0,3,15,5,5,1,1,0,0
"RG1  8",2405,1816,2,1,0,0,0,1,0,0,0,15,12,22,148,24,6,61,5,7,12,9,3,11,2,4,1,0,2,1,0,0,0,0,12,7,0,1,1,3,0,0,0,10,6,25,12,1,2,4,4,1,273,46,24,26,0,18,6,4,11,20,2,0,114,2,40,1,5,10,10,0,2,4,4,4,0,0,0,0,0,0,7,0,0,0,0,0,0,1,1,0,0,1,1,0,0,3,3,3,1,0,0,1
"RG10 0",5490,5352,2,0,0,0,0,0,0,0,0,17,4,5,72,2,4,23,2,7,4,0,0,3,1,0,7,12,0,7,0,0,0,0,4,0,0,2,1,1,2,2,0,1,0,5,0,0,0,0,0,0,10,0,4,4,0,0,1,0,0,0,0,0,1,0,8,0,1,0,1,0,0,4,0,2,0,0,0,0,0,0,7,1,0,0,0,0,0,0,0,0,0,2,4,0,0,0,0,0,1,1,0,0
"RG10 8",3526,3427,0,0,0,0,0,0,0,0,0,4,1,3,73,8,4,35,0,4,4,1,7,1,2,0,3,1,2,0,1,0,0,0,0,0,0,0,0,0,0,0,0,4,0,0,1,1,0,0,0,0,7,1,0,0,0,0,4,0,0,2,0,0,0,0,4,0,0,0,2,0,0,1,0,1,0,0,0,0,0,0,1,0,0,0,0,0,0,0,1,0,0,0,0,0,0,0,1,1,0,0,0,0
"RG10 9",8525,8296,0,2,1,0,0,1,0,0,0,19,6,12,89,11,12,32,1,0,5,1,3,2,3,0,12,2,1,1,0,0,2,1,6,4,2,0,0,0,0,0,0,9,7,4,1,1,0,0,0,0,48,3,5,16,0,5,8,0,0,4,6,1,0,0,24,4,4,0,9,1,0,0,1,4,1,0,0,0,0,0,1,0,0,0,0,0,0,0,0,0,0,0,1,0,0,0,1,1,0,0,0,0
"RG12 0",7111,6687,2,1,0,0,0,0,0,1,0,18,22,30,173,12,17,62,22,13,8,5,0,12,8,2,3,1,0,2,5,1,0,0,6,0,3,1,2,0,0,0,0,14,4,3,2,0,0,1,0,1,70,22,5,4,0,6,7,2,2,6,1,10,1,4,57,0,8,15,0,1,1,15,0,16,1,0,0,0,0,0,20,0,1,0,0,3,0,0,0,2,0,6,3,1,1,3,0,0,2,1,0,1
"RG12 2",5355,4888,0,0,0,0,0,0,0,0,0,12,18,12,169,18,7,66,10,4,2,9,5,26,9,2,4,2,3,0,2,0,0,0,3,1,0,0,1,1,0,0,0,23,3,8,2,0,0,1,0,1,120,10,5,11,0,1,5,0,3,6,1,21,56,1,76,6,7,6,1,3,0,5,0,48,0,1,0,0,0,0,18,1,0,0,0,8,0,0,1,0,0,2,4,0,0,2,0,0,2,2,0,0
"RG12 7",16643,15578,1,0,0,0,0,0,0,0,0,38,46,46,408,30,25,176,45,16,20,18,4,28,9,8,19,5,1,2,1,0,1,0,21,3,6,3,2,7,0,0,0,30,11,11,22,2,0,13,6,1,230,29,18,3,0,11,29,12,11,11,9,16,74,7,86,4,9,11,6,2,2,17,1,28,6,0,0,0,0,0,96,0,0,0,0,22,4,0,4,0,0,29,8,0,2,27,11,11,8,4,1,3
"RG12 8",10681,10017,3,0,0,0,0,0,0,0,0,20,16,37,212,3,10,103,15,1,6,13,12,21,12,1,2,4,4,2,3,0,0,0,10,0,3,3,0,4,0,0,0,14,5,10,2,0,0,0,1,1,163,21,15,5,0,7,31,2,0,4,0,8,68,2,79,2,17,15,1,0,2,10,1,31,0,0,0,0,0,0,90,0,0,0,0,18,4,0,3,5,0,24,17,0,2,17,1,1,2,1,0,1
"RG12 9",9530,8774,1,0,0,0,0,0,0,0,0,26,33,25,288,8,24,108,17,8,27,11,3,43,13,3,13,6,1,3,0,0,0,0,11,2,4,1,3,1,2,2,0,16,8,13,7,0,0,5,1,1,130,13,6,18,0,11,9,0,3,11,12,11,35,1,116,8,7,8,5,4,5,14,3,62,0,0,0,0,0,0,74,0,0,0,0,24,2,1,5,1,0,6,14,6,0,15,1,1,5,4,1,0
"RG14 1",6186,5813,1,0,0,0,0,0,0,0,0,13,29,11,165,7,11,83,14,12,4,5,3,19,3,1,2,1,0,0,0,0,0,0,1,0,0,0,0,1,0,0,0,12,8,7,4,0,2,2,0,0,82,6,18,1,0,24,1,2,3,18,5,0,0,4,34,2,3,8,6,3,1,3,2,6,0,0,0,0,0,0,5,0,0,0,0,0,0,0,2,0,0,0,3,0,0,0,1,1,0,0,0,0
"RG14 2",7861,7344,2,1,1,0,0,0,0,0,0,11,43,17,271,7,18,161,30,7,4,4,2,23,7,0,3,1,0,3,0,0,1,0,5,2,1,2,0,0,0,0,0,8,4,7,7,0,0,2,5,0,63,8,13,1,0,14,0,2,4,4,15,1,0,1,51,0,2,17,3,0,0,14,4,11,0,0,0,0,0,0,23,0,0,0,0,0,0,0,7,2,0,4,3,2,0,5,0,0,4,1,0,3
"RG14 3",866,799,0,0,0,0,0,0,0,0,0,3,0,0,9,0,1,2,3,0,0,0,0,3,0,0,0,0,0,0,0,0,0,0,2,0,0,0,0,2,0,0,0,1,0,0,0,0,0,0,0,0,0,0,0,0,0,0,0,0,0,0,0,0,0,0,7,0,0,5,1,0,0,1,0,0,0,0,0,0,0,0,7,0,0,0,0,0,0,0,0,0,0,0,6,0,0,1,2,2,36,34,1,1
"RG14 5",4187,3817,1,0,0,0,0,0,0,0,0,9,24,7,174,3,9,113,14,6,5,6,0,1,3,1,3,8,1,1,0,0,0,0,9,1,5,2,0,1,0,0,0,12,3,6,1,0,1,0,0,0,75,2,34,7,0,2,0,0,8,16,3,0,0,3,39,3,14,8,2,1,0,3,0,8,0,0,0,0,0,0,10,0,0,0,0,4,0,0,4,0,0,1,0,0,0,1,0,0,0,0,0,0
"RG14 6",8352,8117,2,0,0,0,0,0,0,0,0,20,19,6,113,8,7,61,12,4,0,1,2,3,1,2,6,4,1,1,0,0,0,0,5,2,0,0,0,3,0,0,0,8,1,2,2,0,0,2,0,0,23,1,3,1,0,0,6,2,0,7,3,0,0,0,27,0,2,5,3,1,0,6,1,6,3,0,0,0,0,0,6,0,0,0,0,1,0,0,0,0,0,0,1,1,0,3,1,1,0,0,0,0
"RG14 7",8728,8277,2,2,0,0,0,0,0,2,0,17,35,10,214,9,10,132,12,5,6,13,0,13,1,3,1,2,0,3,4,0,0,0,5,2,2,0,0,1,1,0,1,13,7,8,6,2,0,1,0,3,87,13,15,5,0,5,2,4,8,18,4,4,6,3,32,1,6,10,3,0,0,5,2,4,1,0,0,0,0,0,11,0,0,0,0,0,0,0,2,0,0,1,3,0,0,5,0,0,1,1,0,0
"RG17 0",5885,5741,1,0,0,0,0,0,0,0,0,3,3,8,65,5,9,19,2,2,11,0,1,4,4,0,2,3,2,0,1,0,0,0,3,0,0,0,0,3,0,0,0,5,1,1,3,0,0,2,1,0,14,1,2,0,0,0,4,0,0,3,2,0,2,0,26,0,2,6,1,0,0,1,0,15,1,0,0,0,0,0,8,0,0,0,0,0,0,0,1,0,0,0,5,0,0,2,1,1,2,1,0,1
"RG17 7",2386,2341,0,0,0,0,0,0,0,0,0,1,1,0,21,0,4,7,2,3,0,0,0,0,0,0,2,2,1,0,0,0,0,0,1,0,0,0,0,1,0,0,0,1,0,0,0,0,0,0,0,0,14,1,11,1,0,0,0,0,0,1,0,0,0,0,0,0,0,0,0,0,0,0,0,0,0,0,0,0,0,0,6,0,0,0,0,0,0,0,0,0,0,0,6,0,0,0,0,0,0,0,0,0
"RG17 8",3000,2907,0,0,0,0,0,0,0,0,0,11,4,1,35,1,3,18,2,4,0,0,0,4,0,1,0,1,1,0,0,0,0,0,8,0,0,8,0,0,0,0,0,2,0,0,1,1,0,0,0,0,24,0,18,0,0,0,0,0,1,5,0,0,0,0,4,0,0,1,0,0,0,2,1,0,0,0,0,0,0,0,0,0,0,0,0,0,0,0,0,0,0,0,0,0,0,0,2,2,1,0,0,1
"RG17 9",3267,3199,1,0,0,0,0,0,0,0,0,7,3,5,32,2,4,7,3,4,1,1,0,0,2,0,1,1,2,3,1,0,0,0,0,0,0,0,0,0,0,0,0,1,0,1,0,0,0,0,0,0,9,1,0,2,0,2,0,0,0,4,0,0,0,0,4,0,0,0,0,0,0,3,0,1,0,0,0,0,0,0,4,0,0,0,0,0,0,0,0,0,0,0,3,1,0,0,0,0,1,0,0,1
"RG18 0",1157,1148,0,0,0,0,0,0,0,0,0,2,0,0,4,0,1,1,0,0,2,0,0,0,0,0,0,0,0,0,0,0,0,0,0,0,0,0,0,0,0,0,0,0,0,0,1,1,0,0,0,0,1,0,1,0,0,0,0,0,0,0,0,0,0,0,1,0,0,0,0,0,0,0,0,0,1,0,0,0,0,0,0,0,0,0,0,0,0,0,0,0,0,0,0,0,0,0,0,0,0,0,0,0
"RG18 3",6534,6357,2,2,1,0,0,0,0,1,0,8,22,5,90,7,4,52,7,1,11,0,0,5,1,0,2,0,0,0,0,0,0,0,1,0,0,1,0,0,0,0,0,3,0,2,5,0,2,0,3,0,16,1,2,0,0,11,2,0,0,0,0,0,0,0,9,0,3,4,0,0,0,0,0,1,1,0,0,0,0,0,11,0,0,0,0,0,1,0,2,0,0,6,1,0,0,1,0,0,1,1,0,0
"RG18 4",4538,4409,2,0,0,0,0,0,0,0,0,5,10,7,49,4,2,21,3,2,2,3,0,4,0,3,3,2,0,0,0,0,0,0,6,4,1,1,0,0,0,0,0,1,3,0,3,0,3,0,0,0,16,0,0,4,0,7,0,0,0,0,0,4,0,1,16,1,0,9,0,0,0,3,2,1,0,0,0,0,0,0,5,0,0,0,0,0,0,0,0,0,0,2,1,0,1,1,0,0,6,6,0,0
"RG18 9",6035,5879,6,1,0,0,0,0,0,1,0,9,4,5,64,5,7,28,1,8,2,1,1,2,2,1,1,1,2,0,0,0,1,1,2,0,0,1,0,1,0,0,0,7,1,0,2,0,1,0,0,1,18,0,5,2,0,2,1,0,0,0,0,0,8,0,24,1,5,4,0,6,2,5,0,1,0,0,0,0,0,0,10,0,1,0,0,0,0,0,0,0,0,1,7,0,0,1,1,1,2,0,1,1
"RG19 3",6919,6691,1,2,0,0,0,1,0,1,0,7,20,3,124,1,4,84,4,11,4,2,0,4,4,1,2,0,2,0,0,0,1,0,0,0,0,0,0,0,0,0,0,2,4,5,5,0,2,3,0,0,9,2,2,1,0,3,0,0,0,0,0,0,1,0,24,1,1,10,2,0,0,7,0,3,0,0,0,0,0,0,20,0,0,1,0,0,0,0,0,0,0,6,2,0,0,11,1,1,1,0,0,1
"RG19 4",6846,6645,2,0,0,0,0,0,0,0,0,15,6,6,94,5,6,61,3,7,3,2,0,5,0,2,0,0,0,0,0,0,0,0,4,1,1,0,0,2,0,0,0,5,6,4,3,0,0,3,0,0,22,9,2,2,0,3,1,4,0,0,0,0,1,0,27,4,1,15,1,0,2,2,0,2,0,0,0,0,0,0,6,0,0,0,0,0,0,0,2,0,0,2,2,0,0,0,0,0,1,0,1,0
"RG19 8",3096,3018,0,0,0,0,0,0,0,0,0,3,9,0,32,3,4,9,0,4,0,6,0,1,0,0,0,0,5,0,0,0,0,0,2,1,0,1,0,0,0,0,0,2,1,0,1,1,0,0,0,0,14,0,2,0,0,7,3,0,0,2,0,0,0,0,12,0,2,5,0,0,1,4,0,0,0,0,0,0,0,0,2,0,0,0,0,0,0,0,0,0,0,0,0,0,0,2,0,0,0,0,0,0
"RG2  0",5316,4129,1,2,2,0,0,0,0,0,0,27,23,45,385,19,16,231,11,7,17,18,11,14,10,11,5,3,4,6,0,0,0,2,39,23,13,0,0,3,0,0,0,11,6,23,31,0,4,14,8,5,435,65,41,34,0,18,10,4,13,21,12,3,186,28,86,8,11,27,6,0,5,10,1,11,7,0,0,0,0,0,70,0,0,0,0,10,0,0,39,1,0,8,4,1,4,3,3,3,0,0,0,0
"RG2  7",10909,9292,2,1,1,0,0,0,0,0,0,43,43,22,412,53,40,168,20,5,7,7,0,7,7,67,13,10,4,2,0,2,0,0,25,15,5,1,0,4,0,0,0,20,16,70,33,1,6,18,3,5,532,143,25,92,0,33,18,2,12,20,14,7,143,23,216,12,20,125,9,6,2,10,21,7,4,0,0,0,0,0,167,6,0,1,10,36,5,3,43,4,0,15,1,6,21,16,10,10,5,5,0,0
"RG2  8",11758,10758,0,1,1,0,0,0,0,0,0,34,44,17,242,18,11,145,3,6,3,27,0,13,9,2,4,1,0,0,0,0,0,0,6,4,1,0,0,1,0,0,0,9,24,27,21,0,0,5,16,0,345,145,7,40,10,30,17,2,0,17,4,2,64,7,87,8,7,14,4,4,6,6,3,32,3,1,0,1,1,0,133,2,0,0,1,35,10,0,33,6,0,15,6,2,8,15,5,5,3,3,0,0
"RG2  9",7688,7223,2,0,0,0,0,0,0,0,0,22,10,31,105,9,21,30,3,7,5,3,0,2,2,8,7,2,1,5,0,0,0,0,4,0,4,0,0,0,0,0,0,8,10,36,21,6,0,13,0,2,147,23,16,15,0,4,2,4,6,10,4,0,54,9,52,1,0,19,1,3,1,7,1,19,0,0,0,0,0,0,10,2,0,0,0,1,0,0,0,0,0,1,4,0,2,0,3,3,4,3,0,1
"RG20 0",2161,2120,0,0,0,0,0,0,0,0,0,3,2,1,24,3,3,3,0,1,1,1,0,3,0,0,1,0,7,1,0,0,0,0,3,0,3,0,0,0,0,0,0,1,0,0,1,0,0,0,0,1,3,0,0,0,0,0,0,0,0,0,0,0,3,0,3,0,0,0,0,0,0,0,0,2,1,0,0,0,0,0,0,0,0,0,0,0,0,0,0,0,0,0,0,0,0,0,0,0,0,0,0,0
"RG20 4",996,985,0,0,0,0,0,0,0,0,0,1,0,2,4,0,0,2,0,0,0,1,0,0,0,0,0,0,1,0,0,0,0,0,0,0,0,0,0,0,0,0,0,1,2,1,0,0,0,0,0,0,0,0,0,0,0,0,0,0,0,0,0,0,0,0,0,0,0,0,0,0,0,0,0,0,0,0,0,0,0,0,0,0,0,0,0,0,0,0,0,0,0,0,0,0,0,0,0,0,0,0,0,0
"RG20 5",3053,3003,2,0,0,0,0,0,0,0,0,1,1,3,19,0,2,16,0,0,0,0,1,0,0,0,0,0,0,0,0,0,0,0,1,0,0,1,0,0,0,0,0,0,2,0,0,0,0,0,0,0,16,1,1,1,0,2,1,0,0,0,0,0,10,0,3,2,0,0,0,0,0,0,0,1,0,0,0,0,0,0,1,0,0,0,0,0,0,0,0,0,0,0,0,0,0,1,1,1,0,0,0,0
"RG20 6",1514,1481,2,0,0,0,0,0,0,0,0,2,0,2,11,2,3,0,0,0,0,0,0,0,0,2,0,0,3,0,1,0,0,0,0,0,0,0,0,0,0,0,0,1,0,1,4,4,0,0,0,0,7,1,3,1,0,0,0,0,2,0,0,0,0,0,2,0,0,0,0,0,0,1,0,0,1,0,0,0,0,0,1,0,0,0,0,0,0,0,0,0,0,0,1,0,0,0,0,0,0,0,0,0
"RG20 7",1988,1946,0,0,0,0,0,0,0,0,0,6,0,1,18,0,1,3,5,1,1,3,0,1,0,0,2,0,1,0,0,0,0,0,5,0,0,3,0,2,0,0,0,2,0,1,0,0,0,0,0,0,2,1,1,0,0,0,0,0,0,0,0,0,0,0,5,0,0,0,1,0,0,0,0,3,1,0,0,0,0,0,2,0,0,0,0,0,0,0,0,0,0,0,2,0,0,0,0,0,0,0,0,0
"RG20 8",3530,3495,1,1,0,0,0,0,0,1,0,4,2,4,19,1,3,9,1,1,0,0,0,2,0,1,0,0,1,0,0,0,0,0,0,0,0,0,0,0,0,0,0,0,0,0,0,0,0,0,0,0,1,0,0,0,0,1,0,0,0,0,0,0,0,0,1,0,0,1,0,0,0,0,0,0,0,0,0,0,0,0,1,0,0,0,0,0,0,0,0,0,0,1,0,0,0,0,1,1,0,0,0,0
"RG20 9",5003,4906,1,1,0,0,0,0,0,1,0,12,7,4,45,2,12,4,3,7,0,0,1,2,1,0,8,3,1,0,0,0,1,0,3,0,0,0,0,3,0,0,0,1,2,0,2,2,0,0,0,0,2,0,0,0,0,1,0,0,0,0,0,0,1,0,14,1,0,4,0,2,0,1,0,5,1,0,0,0,0,0,3,0,0,0,0,0,0,0,1,0,0,0,2,0,0,0,0,0,0,0,0,0
"RG21 3",7665,7109,1,0,0,0,0,0,0,0,0,20,16,19,200,12,6,142,8,5,7,3,2,6,4,2,2,0,1,0,0,0,0,0,5,0,0,3,0,2,0,0,0,8,11,4,10,0,0,8,1,1,156,1,10,10,0,18,16,5,10,33,4,6,38,5,78,5,18,40,1,2,0,3,1,5,3,0,0,0,0,0,25,0,2,0,0,0,0,0,3,0,0,4,8,0,0,8,1,1,2,1,0,1
"RG21 4",3011,2671,0,0,0,0,0,0,0,0,0,6,17,6,162,2,4,117,7,8,0,11,3,4,0,1,3,0,0,0,0,0,0,2,2,0,1,0,0,1,0,0,0,5,7,3,0,0,0,0,0,0,84,2,4,0,0,6,2,1,5,12,0,1,48,3,41,5,2,22,0,0,0,1,0,11,0,0,0,0,0,0,5,0,0,0,0,0,0,0,0,0,0,4,0,0,0,1,2,2,0,0,0,0
"RG21 5",7462,6827,0,1,1,0,0,0,0,0,0,11,15,12,187,17,7,116,12,7,6,10,0,2,2,2,2,1,0,1,2,0,0,0,1,0,0,1,0,0,0,0,0,7,7,7,11,0,0,3,1,7,270,13,5,2,0,11,18,3,3,6,34,0,166,9,75,4,3,19,3,0,3,2,1,38,2,0,0,0,0,0,21,0,6,0,0,0,1,1,0,1,0,7,0,0,0,5,4,4,6,3,2,1
"RG21 6",454,404,0,0,0,0,0,0,0,0,0,0,1,1,19,3,1,12,1,0,0,0,0,0,0,1,1,0,0,0,0,0,0,0,0,0,0,0,0,0,0,0,0,2,0,0,0,0,0,0,0,0,11,0,2,0,0,1,0,0,2,4,0,0,0,2,16,1,0,11,2,0,0,0,0,0,2,0,0,0,0,0,0,0,0,0,0,0,0,0,0,0,0,0,0,0,0,0,0,0,0,0,0,0
"RG21 7",3426,2558,0,0,0,0,0,0,0,0,0,11,17,11,232,16,9,130,21,6,7,1,6,11,6,9,2,5,0,0,0,0,3,0,2,1,0,0,0,1,0,0,0,8,7,6,3,0,0,2,0,1,275,7,42,0,0,27,8,27,30,33,12,0,71,18,282,13,2,247,2,0,2,7,0,9,0,0,0,0,0,0,13,0,0,0,0,0,1,0,0,0,0,0,1,0,0,11,0,0,1,1,0,0
"RG21 8",3804,3135,0,0,0,0,0,0,0,0,0,5,10,6,230,14,7,147,20,2,0,16,1,11,7,0,1,1,2,0,1,0,0,0,1,1,0,0,0,0,0,0,0,15,25,10,0,0,0,0,0,0,323,9,9,3,0,16,5,4,9,33,8,0,219,8,36,1,0,20,1,0,0,3,1,4,6,0,0,0,0,0,3,0,0,0,0,0,0,0,1,0,0,1,1,0,0,0,0,0,5,3,1,1
"RG22 4",19899,19035,4,1,1,0,0,0,0,0,0,38,52,22,354,23,13,230,8,10,8,6,0,13,8,5,11,5,4,6,1,0,2,1,5,0,2,1,1,1,0,0,0,13,5,18,4,0,1,2,0,1,213,16,12,21,0,17,24,4,6,13,5,11,82,2,89,7,18,39,0,2,0,3,2,15,3,0,0,0,0,0,33,0,0,0,0,6,3,1,1,0,0,12,6,1,1,2,2,2,11,10,0,1
"RG22 5",10039,9751,1,1,1,0,0,0,0,0,0,10,13,10,115,7,9,66,6,3,0,9,0,3,3,2,2,2,2,1,0,0,0,0,4,0,1,0,1,2,0,0,0,14,1,6,3,1,0,2,0,0,73,28,5,2,0,11,4,2,2,2,0,0,15,2,27,0,7,6,0,0,2,2,0,8,2,0,0,0,0,0,8,0,0,0,0,0,0,0,1,0,0,2,3,0,0,2,0,0,2,0,1,1
"RG22 6",9996,9438,0,1,1,0,0,0,0,0,0,11,15,18,271,10,3,179,17,3,7,1,8,11,19,4,6,0,0,0,1,0,2,0,4,0,0,0,1,3,0,0,0,5,2,4,2,0,0,2,0,0,146,10,4,5,0,17,4,3,3,3,7,8,80,2,52,11,7,10,0,0,2,4,0,18,0,0,0,0,0,0,17,0,0,0,0,2,0,0,1,0,0,9,1,0,0,4,0,0,10,4,4,2
"RG23 7",5158,5102,1,0,0,0,0,0,0,0,0,2,3,3,20,3,6,6,0,1,0,2,0,0,1,0,1,0,0,0,0,0,0,0,3,1,0,1,0,1,0,0,0,1,0,2,1,0,0,1,0,0,13,0,1,2,0,7,2,0,0,0,0,0,0,1,4,2,0,1,0,1,0,0,0,0,0,0,0,0,0,0,3,0,0,0,0,0,0,0,0,0,0,0,3,0,0,0,0,0,0,0,0,0
"RG23 8",6765,6486,0,0,0,0,0,0,0,0,0,11,6,18,111,10,3,67,11,2,3,0,2,3,7,0,2,1,0,0,0,0,0,0,1,0,0,0,0,1,0,0,0,4,3,4,3,0,0,1,1,1,74,5,2,5,0,0,4,0,0,9,1,0,44,4,24,0,0,4,2,0,2,3,1,10,2,0,0,0,0,0,16,0,0,0,0,5,0,0,0,0,0,5,0,0,2,4,0,0,4,1,1,2
"RG24 7",3934,3870,1,0,0,0,0,0,0,0,0,1,4,2,19,4,1,6,0,1,1,1,0,0,0,2,1,0,2,0,0,0,0,0,2,0,0,2,0,0,0,0,0,2,1,1,0,0,0,0,0,0,6,0,0,0,0,2,4,0,0,0,0,0,0,0,21,0,5,11,2,0,0,0,0,1,2,0,0,0,0,0,4,0,0,0,0,0,0,0,0,0,0,0,1,0,2,1,0,0,0,0,0,0
"RG24 8",10700,10225,0,1,1,0,0,0,0,0,0,20,17,17,213,7,16,139,9,5,5,2,4,3,4,3,7,2,2,2,0,0,2,1,9,2,6,0,0,1,0,0,0,4,12,3,9,1,0,5,1,2,90,6,10,18,0,8,7,3,6,10,0,4,15,3,55,2,5,12,6,0,1,6,4,16,3,0,0,0,0,0,21,0,0,0,0,0,2,0,5,0,0,3,7,0,2,2,1,1,3,1,0,2
"RG24 9",15083,13783,4,0,0,0,0,0,0,0,0,26,26,29,541,23,10,387,39,14,15,14,6,7,3,5,7,2,3,4,0,1,0,1,10,4,3,1,1,1,0,0,0,19,25,22,13,0,2,8,1,2,356,23,14,9,0,26,2,0,11,24,63,8,168,8,149,12,4,29,4,2,1,10,4,79,4,0,0,0,0,0,69,0,0,0,0,8,5,3,2,0,0,18,9,2,2,20,3,3,8,7,0,1
"RG25 2",4059,3991,1,0,0,0,0,0,0,0,0,4,2,4,31,0,4,4,4,2,1,0,0,4,1,0,4,2,2,3,0,0,0,0,0,0,0,0,0,0,0,0,0,6,2,1,0,0,0,0,0,0,10,0,2,0,0,0,0,0,1,2,0,0,5,0,6,0,0,2,0,0,0,0,0,2,2,0,0,0,0,0,1,0,0,0,0,0,0,0,0,0,0,0,0,0,0,1,0,0,0,0,0,0
"RG25 3",4357,4265,0,0,0,0,0,0,0,0,0,7,2,3,34,0,6,12,2,2,0,0,0,2,1,0,5,1,3,0,0,0,0,0,0,0,0,0,0,0,0,0,0,2,2,2,0,0,0,0,0,0,22,0,1,0,0,4,0,0,0,0,11,0,6,0,15,1,1,0,1,0,0,0,1,9,2,0,0,0,0,0,1,0,0,0,0,0,0,0,0,0,0,0,1,0,0,0,1,1,1,0,0,1
"RG26 3",8195,8051,1,1,0,0,0,0,0,1,0,9,6,3,68,9,7,29,2,2,4,0,0,1,10,0,2,0,0,0,1,0,1,0,3,0,2,1,0,0,0,0,0,0,5,0,0,0,0,0,0,0,20,1,4,6,0,5,0,0,0,0,0,0,4,0,19,0,9,5,0,0,1,1,0,2,1,0,0,0,0,0,8,0,0,0,0,0,2,0,0,0,0,0,6,0,0,0,0,0,1,1,0,0
"RG26 4",4387,4345,1,1,1,0,0,0,0,0,0,2,0,0,17,4,3,2,0,0,0,1,0,1,0,3,0,1,1,1,0,0,0,0,0,0,0,0,0,0,0,0,0,0,0,1,0,0,0,0,0,0,10,0,0,0,0,1,0,0,0,1,0,0,8,0,6,1,0,0,0,0,0,4,0,1,0,0,0,0,0,0,3,0,0,0,0,0,0,0,1,0,0,1,1,0,0,0,0,0,1,0,0,1
"RG26 5",8777,8635,3,0,0,0,0,0,0,0,0,12,6,7,46,2,10,17,1,2,2,0,0,3,1,1,3,1,1,1,0,0,1,0,8,3,2,0,0,3,0,0,0,2,2,2,3,0,0,3,0,0,25,0,2,0,0,4,5,0,1,1,0,0,11,1,20,1,0,2,1,1,1,3,1,10,0,0,0,0,0,0,6,0,0,0,0,2,0,0,1,0,0,1,1,0,0,1,0,0,0,0,0,0
"RG27 0",5250,5126,0,0,0,0,0,0,0,0,0,13,5,6,62,5,4,26,3,1,8,1,1,3,1,1,1,3,2,0,2,0,0,0,2,0,0,1,0,1,0,0,0,0,2,2,5,0,0,3,1,1,9,2,0,0,0,2,3,0,0,2,0,0,0,0,14,0,0,1,2,0,0,6,1,1,3,0,0,0,0,0,3,0,0,0,0,0,0,0,1,0,0,0,2,0,0,0,0,0,1,0,0,1
"RG27 8",6330,6219,2,0,0,0,0,0,0,0,0,12,7,6,51,8,10,7,8,2,10,0,0,1,1,0,1,1,1,0,0,0,0,1,1,0,0,0,0,1,0,0,0,2,1,0,1,0,0,0,0,1,10,0,2,3,0,3,0,0,0,0,0,0,2,0,10,0,0,2,2,0,0,4,1,0,1,0,0,0,0,0,7,0,0,0,0,0,0,0,0,0,0,0,7,0,0,0,1,1,0,0,0,0
"RG27 9",8720,8470,2,0,0,0,0,0,0,0,0,14,9,11,119,6,11,52,6,3,6,0,2,12,4,4,4,0,1,3,0,0,5,0,4,2,0,0,0,2,0,0,0,8,3,3,1,0,0,0,0,1,42,2,2,7,0,2,2,3,6,13,0,0,2,3,23,0,6,10,2,0,0,3,1,1,0,0,0,0,0,0,11,0,0,0,0,0,0,0,0,0,0,1,8,0,2,0,0,0,0,0,0,0
"RG28 7",5559,5456,1,1,0,0,0,1,0,0,0,6,9,6,41,2,2,17,5,3,0,1,3,0,0,1,2,0,1,1,3,0,0,0,2,0,1,0,0,1,0,0,0,8,4,0,0,0,0,0,0,0,3,1,0,0,0,0,2,0,0,0,0,0,0,0,18,2,0,2,3,0,0,0,0,11,0,0,0,0,0,0,4,0,0,0,0,0,0,0,0,0,0,4,0,0,0,0,0,0,0,0,0,0
"RG29 1",6862,6734,6,0,0,0,0,0,0,0,0,4,0,4,56,4,16,9,3,0,2,1,1,7,0,2,4,3,4,0,0,0,0,0,3,0,0,0,0,3,0,0,0,1,0,0,1,0,0,1,0,0,28,0,0,0,0,1,0,0,0,2,0,1,24,0,23,2,5,10,2,0,1,2,0,1,0,0,0,0,0,0,2,0,0,0,0,0,0,0,0,0,0,0,1,0,0,1,0,0,0,0,0,0
"RG30 1",4601,3246,0,0,0,0,0,0,0,0,0,18,63,16,549,29,12,412,23,14,5,26,6,6,4,1,8,0,1,0,1,0,1,0,30,21,4,4,0,1,0,0,0,7,5,6,30,0,6,4,12,8,493,163,16,49,0,18,6,5,10,22,2,4,191,7,53,6,5,8,0,0,3,4,0,25,2,0,0,0,0,0,82,2,0,1,3,10,0,2,30,3,0,16,0,0,6,9,3,3,0,0,0,0
"RG30 2",11681,9581,2,1,0,0,0,0,0,1,0,52,82,37,1011,23,28,784,21,15,11,33,10,45,6,11,11,2,3,2,2,0,3,1,32,18,6,4,0,4,0,0,0,31,20,31,51,0,6,22,17,6,484,121,32,62,0,22,16,13,6,33,8,8,151,12,110,11,9,29,4,1,2,8,2,41,3,0,1,0,0,0,146,2,2,0,7,23,4,8,38,1,0,21,9,4,13,14,2,2,7,6,0,1
"RG30 3",8151,7530,1,1,1,0,0,0,0,0,0,9,23,6,182,4,13,129,3,8,3,5,5,5,0,1,1,2,1,1,0,0,0,1,28,26,0,1,0,1,0,0,0,11,6,38,24,0,8,9,7,0,168,39,6,28,0,31,18,2,2,6,13,0,18,5,42,5,4,4,3,1,0,3,0,21,1,0,0,0,0,0,75,0,0,0,0,4,2,0,34,0,0,12,3,0,3,17,3,3,4,4,0,0
"RG30 4",11482,10772,0,2,1,0,0,0,0,1,0,20,23,14,208,10,10,142,9,4,5,7,2,10,2,1,4,0,2,0,0,0,0,0,21,14,5,2,0,0,0,0,0,9,15,6,37,3,9,10,14,1,236,63,6,34,1,25,12,0,5,35,2,0,52,1,36,3,3,9,0,3,3,4,3,8,0,0,2,0,0,0,77,0,1,0,0,6,2,2,29,2,0,9,3,0,6,17,3,3,1,1,0,0
"RG30 6",5914,5457,0,0,0,0,0,0,0,0,0,14,29,6,127,10,5,82,11,2,9,1,0,3,0,1,0,0,1,2,0,0,0,0,7,5,1,0,0,1,0,0,0,16,6,12,11,0,0,4,6,1,152,47,6,23,1,20,5,1,0,9,4,0,36,0,47,0,4,7,0,0,0,7,1,27,1,0,0,0,0,0,21,1,2,0,0,0,0,2,1,0,0,10,1,0,4,0,7,7,2,1,1,0
"RG31 4",4320,4196,0,1,1,0,0,0,0,0,0,7,2,7,41,3,1,22,2,0,1,0,0,3,4,2,2,0,0,0,0,1,0,0,2,1,1,0,0,0,0,0,0,0,5,0,3,3,0,0,0,0,44,5,0,10,0,1,2,2,6,6,10,0,0,2,8,1,0,1,2,0,0,0,0,4,0,0,0,0,0,0,1,0,0,0,0,0,0,0,1,0,0,0,0,0,0,0,0,0,3,3,0,0
"RG31 5",6442,6278,1,0,0,0,0,0,0,0,0,13,4,6,34,2,5,18,0,4,2,0,0,0,0,1,0,0,0,0,1,0,1,0,2,2,0,0,0,0,0,0,0,0,3,6,3,0,0,2,1,0,51,12,0,7,0,3,3,3,0,10,0,0,10,3,16,2,3,1,2,1,0,2,0,4,1,0,0,0,0,0,13,0,0,0,0,0,0,0,9,0,0,0,1,0,0,3,0,0,12,2,10,0
"RG31 6",9240,8954,0,0,0,0,0,0,0,0,0,29,14,13,106,2,10,49,8,4,4,4,1,6,0,0,12,3,2,1,0,0,0,0,3,0,1,2,0,0,0,0,0,1,3,6,18,0,6,12,0,0,55,12,7,6,0,11,8,0,3,0,0,0,4,4,27,1,5,5,4,0,0,4,0,6,2,0,0,0,0,0,9,0,0,0,0,1,0,0,4,0,0,2,1,1,0,0,0,0,2,1,0,1
"RG31 7",6284,5979,2,1,0,0,0,0,0,1,0,9,17,7,86,10,10,49,3,2,2,2,0,1,3,1,2,0,0,0,0,0,0,1,5,0,3,0,0,2,0,0,0,5,4,2,2,0,0,2,0,0,99,10,7,7,0,12,8,10,2,10,23,0,8,2,25,2,3,11,0,2,2,2,1,2,0,0,0,0,0,0,29,3,1,0,0,1,0,0,0,0,0,0,2,0,6,16,0,0,12,12,0,0
"RG4  5",6407,5923,1,0,0,0,0,0,0,0,0,24,21,19,165,8,16,75,6,6,10,1,1,11,3,11,9,2,1,3,0,0,1,1,19,13,5,1,0,0,0,0,0,24,4,10,10,1,0,6,0,3,126,31,16,18,1,14,0,2,7,5,3,4,18,7,38,4,8,14,4,0,0,4,2,2,0,0,0,0,0,0,22,2,0,0,1,2,0,3,6,1,0,3,1,0,2,1,0,0,1,1,0,0
"RG4  6",6918,6431,1,1,0,0,0,0,0,1,0,9,11,29,137,7,16,55,6,6,3,3,0,21,2,4,0,9,1,0,1,2,0,1,6,3,1,0,1,1,0,0,0,9,8,14,25,0,0,18,3,4,181,45,14,49,0,16,9,5,2,20,4,3,12,2,30,0,7,9,5,0,0,3,0,6,0,0,0,0,0,0,24,1,0,0,0,7,0,0,6,0,0,0,10,0,0,0,0,0,2,1,0,1
"RG4  7",8689,8379,1,0,0,0,0,0,0,0,0,17,5,24,95,22,8,17,2,9,0,0,1,6,0,5,5,4,8,4,1,1,0,2,9,0,6,0,0,3,0,0,0,11,1,9,15,0,0,12,0,3,68,12,8,8,3,2,5,3,7,13,0,0,5,2,44,3,7,10,10,0,1,11,0,1,1,0,0,0,0,0,8,0,0,0,0,2,0,0,2,0,0,0,0,0,0,4,1,1,2,2,0,0
"RG4  8",9910,9265,2,1,1,0,0,0,0,0,0,23,18,36,221,19,29,96,4,11,9,6,2,16,1,3,6,7,5,3,3,0,1,0,14,3,2,4,2,3,0,0,0,34,8,12,34,1,0,28,1,4,160,19,35,30,1,8,6,4,3,25,4,2,18,5,66,4,16,21,1,5,2,6,1,9,1,0,0,0,0,0,9,0,0,0,0,1,0,0,2,0,0,0,4,2,0,0,4,4,3,3,0,0
"RG4  9",5597,5471,0,0,0,0,0,0,0,0,0,15,3,9,69,3,12,31,5,1,4,0,2,4,0,2,1,2,1,0,0,0,0,1,1,0,1,0,0,0,0,0,0,4,1,0,3,0,0,2,0,1,1,0,0,1,0,0,0,0,0,0,0,0,0,0,12,0,0,7,3,0,1,0,0,1,0,0,0,0,0,0,0,0,0,0,0,0,0,0,0,0,0,0,0,0,0,0,0,0,8,0,0,8
"RG40 1",7404,7100,1,2,0,0,0,0,0,2,0,23,14,15,114,12,8,55,3,2,4,2,0,7,2,2,7,1,2,1,6,0,0,0,14,2,4,6,0,2,0,0,0,13,7,9,7,6,0,1,0,0,38,9,4,1,0,11,2,0,4,2,0,0,5,0,38,0,8,16,2,7,0,3,0,2,0,0,0,1,0,1,5,0,0,0,0,1,0,0,0,0,0,0,4,0,0,0,0,0,3,3,0,0
"RG40 2",4393,4238,0,0,0,0,0,0,0,0,0,14,2,6,71,9,10,16,2,1,14,0,0,6,2,1,3,2,2,2,0,0,0,1,5,2,2,0,0,1,1,1,0,1,1,2,3,0,0,1,0,2,20,3,6,1,0,5,0,0,1,2,0,2,0,0,18,1,3,7,4,1,0,0,0,1,1,0,0,0,0,0,7,0,1,0,0,0,0,0,0,0,0,0,6,0,0,0,1,1,3,2,0,1
"RG40 3",4536,4391,0,1,0,0,0,0,0,1,0,9,5,10,60,4,11,9,1,1,4,1,8,0,8,0,3,0,10,0,0,0,0,0,2,0,0,1,0,1,0,0,0,9,3,4,0,0,0,0,0,0,25,4,0,3,0,11,6,0,0,0,0,0,0,1,13,1,1,3,3,0,0,4,1,0,0,0,0,0,0,0,3,0,0,0,0,0,0,0,0,0,0,0,3,0,0,0,0,0,1,1,0,0
"RG40 4",7501,7310,2,0,0,0,0,0,0,0,0,19,3,9,64,5,8,12,3,4,1,1,0,10,5,0,5,2,7,1,0,0,0,0,0,0,0,0,0,0,0,0,0,9,4,4,12,4,0,7,0,1,35,7,2,12,0,6,0,0,0,2,0,0,6,0,21,2,4,9,3,0,0,1,0,0,2,0,0,0,0,0,9,0,0,0,0,0,0,0,1,0,0,0,8,0,0,0,0,0,0,0,0,0
"RG40 5",1686,1623,0,2,2,0,0,0,0,0,0,7,4,2,25,3,4,4,0,1,3,5,0,2,1,0,1,1,0,0,0,0,0,0,2,1,0,0,0,1,0,0,0,1,0,2,8,4,0,4,0,0,2,0,0,2,0,0,0,0,0,0,0,0,0,0,3,0,0,1,1,0,0,1,0,0,0,0,0,0,0,0,5,0,0,0,0,0,0,4,1,0,0,0,0,0,0,0,0,0,0,0,0,0
"RG41 1",3610,3483,1,0,0,0,0,0,0,0,0,4,0,6,41,5,7,12,1,1,0,2,0,1,8,3,1,0,0,0,0,0,0,0,6,5,0,1,0,0,0,0,0,3,3,3,0,0,0,0,0,0,42,4,4,8,0,9,10,3,0,1,0,0,0,3,12,1,0,1,1,0,0,2,0,5,2,0,0,0,0,0,6,0,0,0,1,2,0,0,0,0,0,3,0,0,0,0,0,0,0,0,0,0
"RG41 2",4580,4364,1,0,0,0,0,0,0,0,0,7,3,6,64,6,9,17,7,2,9,2,0,3,4,1,0,2,1,0,1,0,0,0,11,0,4,2,3,2,0,0,0,12,2,7,4,0,0,3,0,1,36,7,3,2,0,0,4,4,0,3,2,2,4,5,58,0,10,18,4,8,0,8,0,10,0,0,0,0,0,0,4,0,0,0,0,0,0,0,0,0,0,1,3,0,0,0,0,0,1,1,0,0
"RG41 3",6264,6046,3,0,0,0,0,0,0,0,0,19,4,10,55,9,8,14,0,2,2,2,0,7,1,1,2,0,6,1,0,0,0,0,1,0,0,0,0,1,0,0,0,5,5,12,7,4,2,0,0,1,65,15,1,13,0,6,14,2,2,8,4,0,0,0,21,6,0,8,2,0,2,1,1,1,0,0,0,0,0,0,8,0,0,0,0,0,0,0,0,0,0,0,8,0,0,0,0,0,3,3,0,0
"RG41 4",3790,3701,0,0,0,0,0,0,0,0,0,4,4,12,42,6,3,10,0,2,3,0,0,1,1,1,9,1,1,4,0,0,0,0,1,0,0,0,1,0,0,0,0,0,0,1,5,0,0,5,0,0,7,2,1,3,0,0,1,0,0,0,0,0,0,0,11,0,0,7,2,0,0,1,1,0,0,0,0,0,0,0,1,0,0,0,0,0,0,0,1,0,0,0,0,0,0,0,0,0,1,0,0,1
"RG41 5",8887,8506,2,0,0,0,0,0,0,0,0,4,11,14,88,8,11,26,5,8,2,2,0,6,3,9,5,2,1,0,0,0,0,0,6,1,0,5,0,0,6,6,0,10,5,12,7,4,0,3,0,0,140,35,21,50,1,3,7,3,0,3,3,0,6,8,54,5,7,7,13,6,0,9,0,5,2,0,0,0,0,0,10,0,0,0,0,0,0,0,0,0,0,4,3,0,1,2,9,9,3,1,2,0
"RG42 1",4473,4212,1,0,0,0,0,0,0,0,0,14,11,10,100,2,4,34,4,12,7,10,0,16,0,0,2,2,0,0,5,2,0,0,12,1,7,0,2,2,0,0,0,7,2,2,1,0,0,1,0,0,63,5,0,4,0,2,11,0,2,8,0,0,25,6,17,2,0,3,4,0,0,2,2,3,1,0,0,0,0,0,19,0,0,1,0,2,2,0,1,0,0,4,5,0,1,3,2,2,0,0,0,0
"RG42 2",6079,5801,3,0,0,0,0,0,0,0,0,19,14,17,94,8,3,38,5,2,11,4,8,1,0,3,1,1,5,1,1,0,2,0,15,0,13,0,0,2,0,0,0,10,3,5,1,0,0,1,0,0,49,8,8,0,0,6,4,0,8,4,0,0,11,0,25,0,0,6,4,2,0,6,2,5,0,0,0,0,0,0,21,0,0,1,0,5,0,0,1,0,0,3,7,0,1,3,0,0,2,0,0,2
"RG42 3",5650,5415,2,0,0,0,0,0,0,0,0,25,5,16,69,7,11,26,4,2,0,0,0,6,4,2,3,2,1,0,0,0,0,1,4,2,0,1,0,1,0,0,0,13,1,1,0,0,0,0,0,0,55,10,4,6,0,5,7,0,7,7,0,0,4,5,31,3,1,9,7,2,0,3,0,5,1,0,0,0,0,0,12,0,0,0,0,2,0,0,1,1,0,0,7,0,0,1,0,0,1,0,0,1
"RG42 4",4096,3827,1,0,0,0,0,0,0,0,0,36,5,14,106,5,6,18,6,0,8,3,4,26,4,2,9,9,3,1,0,2,0,0,27,2,18,0,5,2,1,1,0,10,0,6,2,1,0,1,0,0,7,0,2,1,0,0,0,0,0,2,1,0,1,0,22,1,7,4,1,4,0,0,1,4,0,0,0,0,0,0,28,0,0,0,0,2,0,4,3,0,0,1,1,1,0,16,3,3,1,0,0,1
"RG42 5",1585,1548,1,0,0,0,0,0,0,0,0,5,0,4,15,0,8,0,0,0,2,0,0,0,2,0,0,1,0,1,0,0,0,1,1,0,0,0,0,1,0,0,0,0,4,1,1,0,0,0,0,1,3,0,0,0,0,3,0,0,0,0,0,0,0,0,1,0,0,0,0,0,0,0,0,1,0,0,0,0,0,0,1,0,0,0,0,0,0,0,0,0,0,1,0,0,0,0,0,0,0,0,0,0
"RG42 6",1388,1335,1,0,0,0,0,0,0,0,0,5,3,1,32,1,7,7,3,0,3,0,3,1,1,0,3,2,0,0,1,0,0,0,0,0,0,0,0,0,0,0,0,5,0,0,0,0,0,0,0,0,4,0,0,0,0,0,1,0,0,0,0,0,3,0,2,0,0,1,0,0,0,0,0,1,0,0,0,0,0,0,0,0,0,0,0,0,0,0,0,0,0,0,0,0,0,0,0,0,0,0,0,0
"RG42 7",1662,1610,1,0,0,0,0,0,0,0,0,4,2,1,19,1,2,4,0,0,1,0,0,4,4,0,0,2,1,0,0,0,0,0,0,0,0,0,0,0,0,0,0,0,1,0,2,0,0,2,0,0,14,0,7,3,0,0,0,0,0,0,0,0,4,0,2,0,2,0,0,0,0,0,0,0,0,0,0,0,0,0,6,0,0,0,0,0,0,0,0,0,0,0,6,0,0,0,0,0,0,0,0,0
"RG45 6",8355,8121,1,0,0,0,0,0,0,0,0,15,1,13,55,5,6,11,2,6,6,2,0,2,1,3,3,3,2,3,0,0,0,0,4,0,1,0,0,3,0,0,0,4,2,6,6,3,0,2,0,1,18,0,2,6,0,0,2,0,0,4,2,0,2,0,95,0,2,5,6,0,0,1,0,81,0,0,0,0,0,0,7,0,0,0,0,0,1,0,0,0,0,1,4,0,0,1,0,0,7,0,0,7
"RG45 7",5810,5528,0,0,0,0,0,0,0,0,0,7,2,9,73,5,18,16,6,4,3,0,2,5,3,0,8,0,3,0,0,0,0,0,2,0,0,1,0,1,0,0,0,9,3,1,2,0,0,1,0,1,21,0,0,4,0,0,1,0,0,0,3,1,12,0,124,3,3,13,4,6,0,4,0,87,4,0,0,0,0,0,25,0,0,1,0,1,1,0,0,0,0,3,2,0,1,16,2,2,2,1,0,1
"RG5  3",10532,9960,0,0,0,0,0,0,0,0,0,15,9,7,116,18,18,37,7,1,1,6,0,2,10,4,8,2,1,0,0,0,1,0,10,3,6,0,0,1,0,0,0,1,13,24,13,3,0,4,6,0,283,114,20,80,0,14,13,0,1,11,15,1,4,10,51,1,6,22,2,6,1,4,2,7,0,0,0,0,0,0,27,0,0,2,0,2,0,0,0,2,0,7,1,3,3,7,1,1,2,1,1,0
"RG5  4",13789,13287,2,1,1,0,0,0,0,0,0,17,3,16,115,26,10,32,6,7,2,3,1,3,1,5,9,4,3,2,0,0,1,0,9,2,5,0,2,0,0,0,0,9,11,12,17,1,0,7,1,8,195,36,9,94,0,9,15,9,1,6,5,0,1,10,70,4,7,24,1,12,2,6,1,11,2,0,0,0,0,0,12,0,0,0,0,0,1,0,1,0,0,3,1,0,4,2,4,4,9,9,0,0
"RG6  1",8296,7171,3,1,1,0,0,0,0,0,0,24,17,29,221,16,24,92,9,9,4,9,5,13,8,13,7,3,2,5,0,2,0,0,17,7,6,0,0,4,1,1,0,15,10,40,13,1,0,1,11,0,594,236,18,201,2,22,10,2,4,27,10,0,53,9,111,6,3,65,8,1,0,7,7,10,4,0,0,0,0,0,25,0,0,1,0,2,0,0,16,0,0,0,1,0,2,3,4,4,0,0,0,0
"RG6  3",5804,5309,3,0,0,0,0,0,0,0,0,9,10,12,103,11,7,37,4,5,7,2,0,7,5,4,9,3,0,0,0,1,1,0,2,0,1,0,0,1,0,0,0,4,5,21,7,5,0,2,0,0,244,32,55,32,0,16,21,14,11,21,10,6,2,24,64,7,2,27,8,9,1,1,0,9,0,1,0,0,0,0,7,0,0,0,1,0,0,0,1,0,0,1,3,0,0,1,1,1,2,1,1,0
"RG6  4",7346,6672,2,0,0,0,0,0,0,0,0,9,5,21,117,14,11,44,2,9,2,6,0,10,5,5,2,2,0,1,0,0,3,1,4,0,2,1,0,1,0,0,0,9,11,87,16,0,2,4,7,3,267,32,40,54,0,10,26,21,22,25,5,5,0,27,110,6,6,46,20,8,0,13,8,3,0,0,0,0,0,0,13,0,0,0,0,0,0,0,2,0,0,0,6,2,3,0,0,0,3,3,0,0
"RG6  5",6331,5729,1,0,0,0,0,0,0,0,0,17,5,23,113,12,18,35,4,3,3,2,1,10,5,6,7,1,3,3,0,0,0,0,4,3,0,0,0,1,0,0,0,8,4,34,32,8,1,15,4,4,205,22,29,60,0,16,11,13,8,31,4,1,5,5,109,15,8,59,5,9,0,4,3,6,0,0,0,0,0,0,44,3,0,0,0,0,1,0,4,0,0,13,0,4,4,15,0,0,3,2,1,0
"RG6  6",1176,969,1,0,0,0,0,0,0,0,0,7,2,3,52,3,4,2,0,1,1,1,0,0,2,36,1,0,1,0,0,0,0,0,3,0,2,1,0,0,0,0,0,5,4,9,2,0,0,1,0,1,13,0,7,1,0,0,1,1,1,1,0,0,0,1,99,7,24,51,1,0,0,10,5,0,1,0,0,0,0,0,7,0,0,0,3,1,0,0,0,0,0,0,1,2,0,0,0,0,0,0,0,0
"RG6  7",7593,6985,1,0,0,0,0,0,0,0,0,24,10,22,102,17,22,32,1,1,2,0,0,9,2,4,3,3,3,3,0,0,0,0,12,0,8,0,0,4,0,0,0,19,8,26,13,1,0,11,1,0,263,66,42,70,0,20,3,4,17,6,2,0,23,10,76,2,6,42,9,0,1,7,5,4,0,0,0,0,0,0,30,0,1,0,0,1,1,0,6,1,0,9,4,6,0,1,0,0,2,2,0,0
"RG7  1",6415,6256,3,0,0,0,0,0,0,0,0,15,3,5,57,5,4,15,5,3,2,2,0,5,7,0,1,2,2,3,1,0,0,0,4,3,0,1,0,0,0,0,0,3,1,12,1,1,0,0,0,0,25,5,3,9,0,2,4,0,0,0,0,0,1,1,16,4,1,3,3,0,1,2,0,2,0,0,0,0,0,0,11,0,0,0,0,0,0,0,0,0,0,0,10,0,0,1,0,0,3,3,0,0
"RG7  2",1958,1923,0,0,0,0,0,0,0,0,0,1,1,5,20,1,0,7,3,3,2,0,0,1,0,0,0,3,0,0,0,0,0,0,0,0,0,0,0,0,0,0,0,0,0,1,0,0,0,0,0,0,0,0,0,0,0,0,0,0,0,0,0,0,0,0,1,0,0,1,0,0,0,0,0,0,0,0,0,0,0,0,4,0,0,0,0,0,0,0,0,0,0,4,0,0,0,0,0,0,2,1,0,1
"RG7  3",9645,9467,0,0,0,0,0,0,0,0,0,12,6,8,67,4,12,18,4,6,2,0,1,3,3,4,9,0,1,0,0,0,0,0,1,0,0,1,0,0,0,0,0,8,2,6,0,0,0,0,0,0,23,0,2,2,0,16,1,0,1,0,0,0,1,0,22,1,1,5,1,0,0,7,1,4,2,0,0,0,0,0,18,0,0,0,0,1,1,0,0,0,0,2,12,0,0,2,1,1,4,2,1,1
"RG7  4",2970,2836,0,0,0,0,0,0,0,0,0,2,4,2,29,1,8,9,4,1,4,0,0,0,0,2,0,0,0,0,0,0,0,0,6,1,1,2,0,2,0,0,0,2,1,3,4,0,0,0,2,2,10,1,0,0,0,0,0,0,0,0,5,0,4,0,68,7,3,39,1,5,8,4,0,0,1,0,0,0,0,0,0,0,0,0,0,0,0,0,0,0,0,0,0,0,0,0,0,0,3,3,0,0
"RG7  5",5407,5252,0,0,0,0,0,0,0,0,0,2,2,13,64,7,4,28,4,3,3,2,0,5,1,0,2,0,0,1,0,1,2,1,4,1,0,0,0,3,0,0,0,4,0,4,6,0,4,0,0,2,7,0,0,1,0,3,0,0,0,0,0,0,1,2,34,0,4,19,4,2,2,3,0,0,0,0,0,0,0,0,14,0,0,0,0,3,0,0,0,0,0,4,7,0,0,0,1,1,0,0,0,0
"RG7  6",4348,4245,0,0,0,0,0,0,0,0,0,8,1,6,38,1,26,5,0,1,0,3,0,0,0,0,0,1,0,1,0,0,0,0,0,0,0,0,0,0,0,0,0,15,0,0,0,0,0,0,0,0,3,0,0,0,0,0,2,0,0,0,0,0,1,0,30,3,2,9,2,2,1,9,2,0,0,0,0,0,0,0,0,0,0,0,0,0,0,0,0,0,0,0,0,0,0,0,0,0,2,1,0,1
"RG8  0",5236,5100,4,0,0,0,0,0,0,0,0,13,1,16,57,3,14,14,2,8,2,0,0,6,0,0,0,5,2,1,0,0,0,0,2,0,1,0,0,1,0,0,0,3,1,3,0,0,0,0,0,0,7,4,1,2,0,0,0,0,0,0,0,0,0,0,26,0,7,11,0,2,0,5,1,0,0,0,0,0,0,0,0,0,0,0,0,0,0,0,0,0,0,0,0,0,0,0,2,2,1,0,0,1
"RG8  7",4387,4304,0,0,0,0,0,0,0,0,0,17,1,10,35,2,6,6,0,4,6,0,0,2,0,0,2,0,5,1,1,0,0,0,1,0,1,0,0,0,0,0,0,1,1,1,2,0,0,2,0,0,4,0,0,4,0,0,0,0,0,0,0,0,0,0,8,2,0,1,4,0,0,1,0,0,0,0,0,0,0,0,2,0,0,0,0,0,0,0,2,0,0,0,0,0,0,0,0,0,0,0,0,0
"RG8  8",5717,5554,1,0,0,0,0,0,0,0,0,10,6,11,64,2,23,13,2,8,5,1,0,2,1,1,0,2,2,1,0,0,1,0,5,0,4,1,0,0,0,0,0,3,1,4,2,1,0,1,0,0,22,4,3,2,0,3,4,1,0,0,0,0,5,0,27,0,5,8,5,0,0,4,0,5,0,0,0,0,0,0,4,0,0,0,0,1,0,1,0,0,0,0,1,1,0,0,0,0,3,2,1,0
"RG8  9",3008,2947,0,0,0,0,0,0,0,0,0,10,4,1,29,0,7,2,2,4,3,3,1,4,0,0,1,0,1,0,0,1,0,0,0,0,0,0,0,0,0,0,0,0,0,2,1,0,0,1,0,0,6,1,0,0,0,3,1,0,0,0,0,0,0,1,6,0,0,1,2,0,0,1,0,2,0,0,0,0,0,0,2,0,0,0,0,0,0,0,0,0,0,0,0,1,0,1,0,0,0,0,0,0
"RG9  1",8768,8224,4,2,1,0,0,0,0,1,0,34,35,27,316,9,38,139,20,4,29,6,2,24,1,3,8,15,11,2,1,0,4,0,11,6,0,0,3,2,0,0,0,14,8,4,7,0,0,6,0,1,40,2,1,3,0,11,3,0,0,3,5,0,12,0,37,2,1,6,6,0,2,5,2,13,0,0,0,0,0,0,3,0,0,0,1,0,0,0,0,0,0,0,1,1,0,0,1,1,1,0,0,1
"RG9  2",2391,2236,0,0,0,0,0,0,0,0,0,4,10,8,90,9,4,26,9,2,5,0,0,12,1,4,8,7,3,0,0,0,0,0,2,0,0,0,0,2,0,0,0,5,2,0,0,0,0,0,0,0,16,0,0,2,0,3,0,0,0,0,0,0,11,0,14,0,0,8,2,1,0,0,0,3,0,0,0,0,0,0,3,0,0,0,0,0,0,0,0,0,0,0,3,0,0,0,0,0,1,0,1,0
"RG9  3",1927,1872,2,0,0,0,0,0,0,0,0,5,2,0,23,0,1,6,1,0,2,0,0,1,0,0,1,5,6,0,0,0,0,0,0,0,0,0,0,0,0,0,0,1,0,1,1,0,0,0,0,1,15,2,0,13,0,0,0,0,0,0,0,0,0,0,4,0,0,0,2,0,0,0,1,0,1,0,0,0,0,0,1,0,0,0,0,0,0,0,0,0,0,0,1,0,0,0,0,0,0,0,0,0
"RG9  4",2067,1991,0,0,0,0,0,0,0,0,0,15,2,6,29,0,6,12,1,0,1,1,0,2,0,1,2,0,0,0,0,3,0,0,3,0,2,0,0,1,0,0,0,2,0,0,0,0,0,0,0,0,3,0,0,0,0,0,0,3,0,0,0,0,0,0,14,0,0,5,0,1,0,2,0,4,2,0,0,0,0,0,2,0,0,0,0,0,0,0,0,0,0,0,1,1,0,0,0,0,0,0,0,0
"RG9  5",4123,4012,1,0,0,0,0,0,0,0,0,7,2,2,46,1,9,14,0,4,8,3,0,0,0,0,3,2,2,0,0,0,0,0,6,1,0,1,1,3,0,0,0,4,3,2,0,0,0,0,0,0,7,0,3,1,0,1,0,0,0,2,0,0,0,0,28,1,0,1,3,0,0,3,1,17,2,0,0,0,0,0,2,0,0,1,0,0,0,0,0,0,0,0,0,0,0,1,1,1,0,0,0,0
"RG9  6",3100,2990,1,0,0,0,0,0,0,0,0,10,15,5,49,4,4,18,1,6,1,5,0,4,1,0,0,1,3,0,0,0,0,1,1,0,1,0,0,0,0,0,0,1,0,1,0,0,0,0,0,0,2,1,0,0,0,0,0,0,0,0,0,0,0,1,16,2,0,6,3,1,0,1,0,3,0,0,0,0,0,0,8,0,0,0,0,0,1,0,0,0,0,5,1,0,0,1,1,1,0,0,0,0
"RH1  1",4896,4084,1,0,0,0,0,0,0,0,0,33,71,32,208,13,9,91,10,5,26,9,2,17,11,2,3,4,2,1,1,0,2,0,11,6,3,0,1,1,0,0,0,19,0,28,19,0,5,7,0,7,239,40,32,13,0,28,5,16,17,52,24,9,0,3,121,10,27,22,1,1,0,8,0,47,5,0,0,0,0,0,27,0,0,0,2,2,6,0,3,0,0,7,5,0,0,2,1,1,2,2,0,0
"RH1  2",7090,6530,0,0,0,0,0,0,0,0,0,13,37,24,162,35,13,50,2,4,7,13,4,7,7,0,8,1,5,4,0,0,1,1,5,4,0,0,1,0,0,0,0,8,8,14,3,0,0,2,0,1,159,47,2,20,0,21,21,1,8,19,13,2,3,2,106,2,12,18,3,2,0,6,2,45,16,0,0,0,0,0,15,0,0,0,0,0,1,0,1,0,0,0,4,0,3,6,5,5,1,1,0,0
"RH1  3",8095,7688,0,0,0,0,0,0,0,0,0,25,52,17,79,8,2,33,2,1,2,1,1,7,4,7,4,4,1,0,0,0,1,1,5,2,1,0,0,2,0,0,0,4,7,7,8,0,0,3,0,5,110,19,1,9,0,37,7,0,3,15,12,6,1,0,67,0,6,2,4,0,0,3,1,39,12,1,0,0,0,0,13,0,0,0,0,0,0,1,0,0,0,7,3,0,0,2,4,4,8,7,0,1
"RH1  4",5642,5458,1,0,0,0,0,0,0,0,0,15,3,8,83,7,7,25,3,3,19,1,1,6,0,2,4,3,2,0,0,0,0,0,2,1,1,0,0,0,0,0,0,10,3,0,2,0,2,0,0,0,18,8,0,2,0,1,0,0,0,6,0,0,1,0,31,7,3,1,4,0,0,4,0,12,0,0,0,0,0,0,5,0,0,0,0,0,0,0,0,0,0,0,4,1,0,0,0,0,3,2,0,1
"RH1  5",8026,7605,1,0,0,0,0,0,0,0,0,20,22,12,102,21,7,19,12,1,20,6,0,5,0,2,3,4,2,0,0,0,0,0,3,1,1,1,0,0,0,0,0,3,1,12,1,0,0,1,0,0,128,28,3,13,0,9,2,0,0,25,35,4,9,0,69,4,2,10,2,0,0,5,2,40,4,0,0,0,0,0,44,0,0,0,0,0,5,0,5,0,0,26,3,0,0,5,1,1,2,0,2,0
"RH1  6",10220,9411,3,0,0,0,0,0,0,0,0,44,37,25,273,21,23,102,5,7,38,7,4,38,3,11,7,2,1,3,0,0,1,0,4,0,0,2,0,2,0,0,0,18,15,10,8,0,0,6,0,2,213,47,15,18,0,24,4,7,14,28,31,4,11,10,93,4,14,11,4,5,0,15,2,38,0,0,0,0,0,0,54,4,0,0,1,5,2,0,0,2,0,7,20,0,5,8,7,7,5,4,0,1
"RH10 1",6366,5318,2,0,0,0,0,0,0,0,0,24,34,24,356,18,11,173,20,9,22,28,12,43,8,0,2,4,3,2,0,0,1,0,16,1,3,10,0,2,0,0,0,20,14,17,29,0,3,8,15,3,408,74,23,57,0,24,48,15,3,153,2,5,0,4,47,7,2,13,3,0,5,2,0,15,0,0,0,0,0,0,16,0,0,0,0,0,0,2,0,0,0,3,1,1,0,9,39,39,2,2,0,0
"RH10 3",11698,11007,3,1,0,0,0,1,0,0,0,21,16,36,249,24,15,77,20,9,13,21,12,29,3,2,5,1,6,1,11,0,0,0,12,0,1,10,0,1,0,0,0,18,8,13,14,1,1,12,0,0,215,56,17,48,0,14,39,1,2,27,0,1,6,4,45,0,19,10,2,0,0,8,4,1,1,0,0,0,0,0,31,0,0,0,0,0,0,0,2,1,0,7,8,1,1,11,2,2,7,2,0,5
"RH10 4",6889,6692,4,0,0,0,0,0,0,0,0,7,5,15,92,6,44,4,2,5,8,2,4,7,0,3,4,2,0,0,0,0,0,1,1,0,0,1,0,0,0,0,0,7,7,2,4,3,0,0,0,1,15,8,1,1,0,1,1,0,0,3,0,0,0,0,36,0,3,21,1,3,1,2,0,4,1,0,0,0,0,0,2,0,0,0,0,0,0,0,0,0,0,0,0,0,1,1,0,0,0,0,0,0
"RH10 5",5825,5379,0,0,0,0,0,0,0,0,0,10,26,20,121,19,4,53,4,3,14,11,2,8,2,0,0,0,0,1,0,0,0,0,3,0,1,1,1,0,1,1,0,7,4,7,7,0,0,2,5,0,180,44,3,26,0,19,41,0,0,37,7,2,0,1,14,1,0,6,5,0,0,1,0,0,1,0,0,0,0,0,20,0,0,0,0,5,1,0,1,4,0,4,0,0,1,4,20,20,6,6,0,0
"RH10 6",9162,8166,0,0,0,0,0,0,0,0,0,12,46,17,359,30,13,170,22,6,18,28,6,44,6,2,1,4,6,0,3,0,0,0,8,1,1,4,0,2,0,0,0,14,3,18,15,0,0,9,3,3,386,114,8,45,1,9,92,0,5,91,10,6,0,5,45,2,3,9,1,0,2,6,5,17,0,0,3,0,0,0,33,0,0,0,0,0,0,0,3,1,0,5,2,0,13,9,32,32,5,3,1,1
"RH10 7",16762,15608,0,3,0,0,0,0,0,3,0,58,60,50,327,28,19,110,16,9,28,30,14,25,21,4,7,5,6,1,1,1,2,0,22,4,8,5,0,5,0,0,0,19,16,26,25,4,0,12,5,4,364,76,14,59,0,34,80,4,12,67,8,4,1,5,80,2,11,45,6,0,0,2,1,12,1,1,0,0,0,0,61,0,0,0,0,1,1,0,5,4,0,14,10,0,13,13,33,33,9,7,1,1
"RH10 8",5795,4622,0,2,1,0,0,0,0,1,0,28,59,26,354,24,12,166,17,6,9,44,24,29,4,1,10,4,1,0,0,0,3,0,11,3,1,7,0,0,0,0,0,27,9,16,26,0,0,10,14,2,509,93,29,42,0,31,94,3,4,195,3,8,0,7,47,0,1,8,0,0,3,5,2,25,3,0,0,0,0,0,24,2,0,0,0,0,1,7,2,2,0,1,2,0,2,5,35,35,0,0,0,0
"RH11 0",9117,8493,1,0,0,0,0,0,0,0,0,22,53,19,207,21,6,102,9,4,6,23,3,6,10,3,6,1,0,0,3,0,4,0,1,0,0,0,0,1,0,0,0,7,12,20,7,0,0,0,6,1,177,34,6,19,0,16,50,0,0,38,6,4,0,4,34,1,5,8,1,0,0,3,0,16,0,0,0,0,0,0,29,0,0,0,0,0,0,2,0,0,0,7,3,0,2,15,29,29,6,2,0,4
"RH11 6",2724,2377,0,0,0,0,0,0,0,0,0,8,42,5,66,8,5,25,4,0,0,18,2,3,1,0,0,0,0,0,0,0,0,0,1,0,1,0,0,0,0,0,0,5,5,15,6,0,0,0,6,0,106,22,0,12,1,4,52,0,0,14,0,0,0,1,3,1,1,0,0,0,0,0,0,0,1,0,1,0,0,0,24,0,0,1,0,0,0,2,1,0,0,5,0,0,6,9,58,58,2,2,0,0
"RH11 7",12507,9790,0,1,0,0,0,0,0,1,0,70,87,35,698,54,15,298,52,5,24,107,58,62,8,0,7,2,5,1,0,0,0,0,20,8,1,8,0,3,1,1,0,22,16,40,135,0,12,13,101,9,1284,335,46,148,5,36,413,1,3,237,15,17,5,23,101,9,15,10,1,0,7,22,2,34,1,0,2,0,0,0,99,0,1,8,0,3,0,2,12,7,0,11,4,0,23,28,93,93,13,10,3,0
"RH11 8",15020,12771,0,0,0,0,0,0,0,0,0,92,305,46,583,24,21,291,24,11,19,66,28,57,12,8,3,6,5,1,4,0,3,0,13,2,1,8,2,0,0,0,0,21,19,42,40,0,1,6,31,2,705,144,22,48,0,34,278,2,3,135,12,15,5,7,51,2,5,13,1,0,1,8,1,17,3,0,1,2,0,2,131,0,0,4,0,1,0,7,7,5,0,20,6,0,30,51,194,194,4,2,2,0
"RH11 9",13738,11643,1,0,0,0,0,0,0,0,0,86,240,42,450,17,5,244,13,7,22,43,10,46,17,9,6,4,2,0,5,0,0,0,13,2,0,4,6,1,0,0,0,21,27,39,85,1,0,2,81,1,653,240,8,78,2,52,179,1,0,48,5,4,9,27,66,1,11,8,1,4,0,5,0,35,1,0,0,0,0,0,170,0,1,0,0,5,0,4,16,15,2,36,1,0,45,45,199,199,3,2,1,0
"RH12 1",6938,6454,0,0,0,0,0,0,0,0,0,20,10,19,215,27,15,41,9,6,26,7,6,46,1,8,9,5,6,1,0,0,1,1,4,2,1,0,0,1,0,0,0,5,3,6,7,0,0,5,0,2,91,6,2,2,0,12,6,0,0,4,55,0,4,0,84,9,8,19,5,2,0,10,0,30,1,0,0,0,0,0,18,1,0,0,0,6,0,4,0,0,0,0,0,2,4,1,0,0,2,2,0,0
"RH12 2",7423,7143,0,0,0,0,0,0,0,0,0,20,3,24,140,26,11,28,9,4,18,2,1,9,5,5,13,8,1,0,0,0,0,0,4,1,0,0,1,2,0,0,0,4,3,6,2,1,0,1,0,0,17,4,2,0,0,1,1,3,1,3,0,0,0,2,41,0,4,2,6,0,0,6,0,18,5,0,0,0,0,0,15,0,0,0,0,0,0,5,2,0,0,0,2,0,0,6,0,0,1,0,0,1
"RH12 3",8442,8116,0,1,0,0,0,1,0,0,0,14,4,11,114,8,9,17,12,2,26,1,1,8,3,0,13,6,4,0,3,1,0,0,3,0,1,0,0,2,2,2,0,5,0,4,8,0,0,8,0,0,16,1,0,0,0,1,6,0,0,0,5,2,1,0,139,2,4,16,100,1,0,3,0,12,1,0,0,0,0,0,4,0,0,0,0,0,0,1,0,0,0,2,0,0,0,1,0,0,1,0,1,0
"RH12 4",9732,9432,0,0,0,0,0,0,0,0,0,23,3,9,112,18,8,28,15,6,15,5,0,7,6,1,2,0,0,0,0,0,0,1,4,1,2,1,0,0,0,0,0,7,4,12,1,1,0,0,0,0,40,7,0,1,0,20,3,0,0,4,5,0,0,0,64,7,3,5,3,0,0,5,0,38,3,0,0,0,0,0,11,0,0,1,0,3,0,0,0,0,0,0,7,0,0,0,6,6,4,2,1,1
"RH12 5",9742,9471,2,0,0,0,0,0,0,0,0,21,1,23,96,13,14,25,6,3,6,1,0,5,0,1,15,2,2,0,2,0,1,0,2,0,0,1,0,1,0,0,0,7,2,3,5,0,0,5,0,0,24,2,0,6,0,6,3,0,0,4,3,0,0,0,63,3,8,14,1,0,0,4,2,29,2,0,0,0,0,0,16,0,0,0,1,0,0,0,2,0,0,0,11,0,1,1,2,2,4,3,0,1
"RH13 0",4933,4822,1,0,0,0,0,0,0,0,0,5,2,4,57,4,13,6,10,4,0,0,0,11,2,1,4,0,2,0,0,0,0,0,1,0,1,0,0,0,1,1,0,3,1,2,0,0,0,0,0,0,5,0,0,0,0,0,0,0,0,0,5,0,0,0,19,0,0,8,9,1,0,1,0,0,0,0,0,0,0,0,8,0,0,0,0,1,3,0,0,0,0,0,4,0,0,0,2,2,0,0,0,0
"RH13 5",8929,8465,1,1,1,0,0,0,0,0,0,26,17,18,174,24,13,50,17,2,8,9,4,26,1,4,9,3,1,0,2,0,1,0,12,2,4,3,0,3,3,3,0,2,5,1,4,2,0,1,1,0,98,6,3,5,0,10,11,3,0,0,59,0,1,0,82,2,6,15,6,0,1,6,3,42,1,0,0,0,0,0,17,0,0,0,0,1,0,0,0,0,1,4,8,0,1,2,1,1,2,2,0,0
"RH13 6",8091,7866,1,0,0,0,0,0,0,0,0,16,8,14,90,7,11,15,5,3,8,3,0,10,2,1,8,14,2,1,0,0,0,0,2,1,0,0,0,1,0,0,0,0,5,5,4,0,0,4,0,0,23,1,0,0,0,13,0,4,0,3,2,0,0,0,52,2,2,13,1,0,0,5,0,28,1,0,0,0,0,0,5,0,0,0,0,0,0,0,0,0,0,0,4,1,0,0,0,0,0,0,0,0
"RH13 8",6191,6115,1,0,0,0,0,0,0,0,0,4,6,7,30,2,1,15,2,2,1,0,1,2,0,0,3,1,0,0,0,0,0,0,1,0,0,1,0,0,0,0,0,0,1,3,0,0,0,0,0,0,5,1,1,0,0,2,0,0,0,0,1,0,0,0,9,0,2,1,2,0,0,4,0,0,0,0,0,0,0,0,8,0,0,0,0,0,0,0,0,0,0,0,2,0,0,6,0,0,1,1,0,0
"RH13 9",8703,8570,0,0,0,0,0,0,0,0,0,6,0,12,55,7,1,9,1,2,2,1,0,14,1,0,2,1,10,4,0,0,0,0,7,0,0,1,0,6,0,0,0,5,5,0,3,0,0,3,0,0,10,2,0,5,0,0,1,0,1,1,0,0,0,0,24,1,3,10,2,0,0,4,1,1,2,0,0,0,0,0,4,0,0,0,0,0,0,2,0,0,0,0,1,0,1,0,0,0,2,0,2,0
"RH14 0",5693,5641,0,0,0,0,0,0,0,0,0,2,2,2,29,2,3,6,2,0,0,1,0,0,1,0,4,2,4,4,0,0,0,0,1,0,1,0,0,0,0,0,0,0,0,0,0,0,0,0,0,0,3,0,0,0,0,0,3,0,0,0,0,0,0,0,11,1,2,1,4,0,0,2,1,0,0,0,0,0,0,0,2,0,0,0,0,0,0,0,0,1,0,0,1,0,0,0,0,0,0,0,0,0
"RH14 9",7900,7773,0,0,0,0,0,0,0,0,0,13,2,8,43,3,3,15,0,4,4,1,2,5,0,0,3,2,0,0,0,0,1,0,3,0,2,0,0,1,0,0,0,1,0,1,1,1,0,0,0,0,13,1,0,0,0,5,0,0,0,3,3,0,0,1,36,3,3,5,1,0,1,4,0,16,3,0,0,0,0,0,5,0,0,0,0,0,2,1,0,0,0,0,2,0,0,0,1,1,0,0,0,0
"RH15 0",10627,10277,1,4,4,0,0,0,0,0,0,16,10,16,108,13,12,27,0,5,5,0,4,11,7,3,6,3,3,2,7,0,0,0,3,0,0,0,0,3,0,0,0,14,7,3,1,0,0,1,0,0,64,1,6,0,0,15,5,0,4,9,17,4,0,3,82,1,20,33,1,0,2,8,0,17,0,0,0,0,0,0,9,0,0,0,0,0,2,0,1,0,0,0,0,0,5,1,6,6,6,5,1,0
"RH15 8",11210,10848,3,1,0,0,0,0,0,1,0,27,7,22,88,22,13,20,0,4,4,1,3,3,8,0,1,7,1,0,1,0,0,0,2,0,0,0,2,0,0,0,0,7,12,3,3,0,0,3,0,0,109,9,10,1,0,29,6,2,4,13,27,6,0,2,55,0,8,8,1,0,0,6,1,29,2,0,0,0,0,0,12,0,0,0,0,1,0,0,1,0,0,0,6,0,1,3,4,4,7,7,0,0
"RH15 9",8540,8232,0,0,0,0,0,0,0,0,0,16,11,11,107,4,7,67,3,8,3,1,0,1,1,0,4,3,4,0,0,0,0,1,4,0,0,2,0,2,0,0,0,3,13,4,1,0,0,1,0,0,78,4,6,0,0,30,4,2,8,9,11,0,0,4,45,3,0,12,2,0,2,5,2,18,1,0,0,0,0,0,12,0,0,0,0,0,0,0,0,0,0,4,3,0,1,4,1,1,2,1,0,1
"RH16 1",6814,6492,1,0,0,0,0,0,0,0,0,16,5,20,103,8,10,22,6,5,9,5,1,0,14,4,8,2,6,3,0,0,0,0,2,0,2,0,0,0,0,0,0,4,1,4,4,0,0,3,0,1,86,2,0,4,0,11,20,0,0,7,39,2,1,0,62,1,10,14,4,1,2,1,0,28,1,0,0,0,0,0,7,0,0,0,0,0,0,1,1,0,0,0,1,0,2,2,6,6,1,1,0,0
"RH16 2",7006,6891,0,0,0,0,0,0,0,0,0,16,7,8,50,4,7,12,1,2,1,2,0,0,4,2,8,3,3,1,0,0,0,0,6,1,0,0,0,5,0,0,0,2,0,0,2,0,0,1,0,1,7,2,0,0,0,0,0,0,0,0,0,2,0,3,11,0,3,1,2,0,1,3,0,0,1,0,0,0,0,0,4,0,0,0,0,0,0,0,1,0,0,0,3,0,0,0,0,0,2,1,1,0
"RH16 3",9766,9178,0,2,0,0,0,1,0,1,0,24,10,30,160,18,10,42,6,13,11,5,8,4,27,0,8,4,1,1,0,0,2,0,6,0,3,1,0,2,0,0,0,7,15,7,9,0,5,2,2,0,180,0,9,0,0,18,11,0,0,11,124,7,0,0,113,5,2,6,2,0,0,4,1,89,4,0,0,0,0,0,15,0,0,0,0,0,2,0,0,0,0,0,0,0,5,8,6,6,4,2,2,0
"RH16 4",8636,8196,1,0,0,0,0,0,0,0,0,20,12,25,155,14,12,41,15,6,19,3,0,5,11,3,6,5,11,3,0,0,1,0,1,1,0,0,0,0,0,0,0,4,12,7,6,0,6,0,0,0,97,2,8,0,0,12,9,0,5,8,44,8,0,1,72,9,5,13,1,0,0,7,1,34,2,0,0,0,0,0,7,0,0,1,0,0,1,0,1,2,0,0,0,0,1,1,12,12,9,4,5,0
"RH17 5",6605,6493,0,0,0,0,0,0,0,0,0,14,6,12,49,7,5,2,8,4,4,0,0,3,0,0,5,2,8,0,0,1,0,0,2,0,0,0,0,2,0,0,0,1,3,1,4,0,2,1,0,1,3,2,0,0,0,1,0,0,0,0,0,0,0,0,10,0,1,0,2,0,0,3,0,4,0,0,0,0,0,0,6,0,0,0,0,0,0,0,0,0,0,0,5,0,1,0,0,0,1,1,0,0
"RH17 6",5293,5093,0,0,0,0,0,0,0,0,0,14,1,8,110,3,32,25,1,3,9,7,2,8,3,1,4,2,8,0,1,0,0,1,6,1,3,2,0,0,0,0,0,4,1,2,3,1,0,0,0,2,8,6,0,0,0,0,0,0,0,2,0,0,0,0,41,2,11,20,0,1,0,2,0,5,0,0,0,0,0,0,2,0,0,0,0,0,0,0,0,0,0,1,1,0,0,0,0,0,0,0,0,0
"RH17 7",6796,6689,1,0,0,0,0,0,0,0,0,5,14,11,60,5,4,12,5,2,5,0,1,7,0,0,7,2,8,0,2,0,0,0,2,1,0,0,0,1,0,0,0,1,0,0,2,0,0,1,0,1,5,0,0,0,0,0,4,0,0,1,0,0,0,0,3,0,0,2,0,0,0,0,1,0,0,0,0,0,0,0,2,0,0,0,0,0,0,0,0,0,0,1,1,0,0,0,0,0,1,0,1,0
"RH18 5",4363,4153,0,0,0,0,0,0,0,0,0,17,11,18,103,13,45,3,2,2,13,0,0,6,0,0,16,1,1,0,0,1,0,0,10,0,2,0,0,8,0,0,0,4,1,1,9,5,0,3,0,1,10,0,0,0,0,8,1,0,0,1,0,0,0,0,20,0,1,7,2,6,0,2,0,0,2,0,0,0,0,0,5,0,0,0,0,0,0,0,0,1,0,0,3,0,1,0,1,1,0,0,0,0
"RH19 1",6882,6520,1,0,0,0,0,0,0,0,0,10,10,17,172,13,23,63,12,7,4,4,1,24,10,1,5,0,1,2,2,0,0,0,3,0,0,2,0,1,0,0,0,8,1,4,3,1,0,2,0,0,37,5,3,0,0,6,1,0,0,10,10,0,2,0,80,1,5,14,6,0,0,9,1,44,0,0,0,0,0,0,9,0,0,0,0,0,0,0,4,0,0,2,2,0,1,0,1,1,6,5,1,0
"RH19 2",6990,6807,0,1,0,0,0,1,0,0,0,9,2,8,65,9,13,11,5,3,1,2,0,13,0,0,5,1,0,2,0,0,0,0,1,0,0,0,0,1,3,3,0,2,6,6,6,2,0,4,0,0,18,4,5,1,0,5,2,0,0,0,0,1,0,0,37,1,2,1,0,2,0,4,0,26,1,0,0,0,0,0,14,0,0,0,0,0,0,0,1,0,0,1,12,0,0,0,1,1,4,2,0,2
"RH19 3",10666,10197,1,0,0,0,0,0,0,0,0,25,19,24,191,20,33,63,5,2,15,1,1,30,4,0,5,1,8,3,0,0,0,0,8,1,2,3,1,1,0,0,0,9,14,5,6,2,0,2,0,2,50,0,0,5,0,16,13,0,0,10,5,1,0,0,104,1,6,9,9,4,0,7,0,64,4,0,0,0,0,0,8,0,0,0,0,2,1,0,0,0,0,1,2,0,2,0,3,3,2,2,0,0
"RH19 4",7882,7603,2,0,0,0,0,0,0,0,0,12,6,13,155,19,28,20,6,6,21,2,3,25,3,5,12,1,2,2,0,0,0,0,3,0,1,0,0,2,0,0,0,5,8,2,8,6,0,1,1,0,26,5,0,1,0,6,3,0,0,1,8,2,0,0,16,0,2,4,1,1,0,0,0,8,0,0,0,0,0,0,17,0,0,2,0,0,0,0,1,0,0,0,8,0,2,4,3,3,3,0,0,3
"RH2  0",7582,7243,2,0,0,0,0,0,0,0,0,33,16,33,93,11,24,19,1,7,3,4,1,5,1,3,6,6,0,1,0,0,1,0,7,5,0,0,0,2,0,0,0,3,10,7,6,1,2,2,0,1,83,12,13,2,0,7,5,0,1,2,0,4,37,0,30,0,11,10,1,0,0,6,2,0,0,0,0,1,1,0,5,0,0,0,0,0,0,0,0,0,0,0,3,0,0,2,4,4,6,5,1,0
"RH2  7",6981,6778,0,1,1,0,0,0,0,0,0,25,7,15,69,12,10,15,1,2,2,2,2,2,5,6,1,5,3,1,0,0,0,0,11,7,1,0,0,3,0,0,0,4,6,7,5,2,0,1,2,0,15,1,0,0,0,0,3,0,0,6,0,1,4,0,23,0,0,7,3,1,0,10,0,2,0,0,0,0,0,0,12,0,0,0,0,0,0,0,1,1,0,4,5,0,1,0,0,0,3,3,0,0
"RH2  8",6825,6645,1,0,0,0,0,0,0,0,0,7,12,4,79,12,8,33,0,1,4,2,1,3,5,2,4,2,2,0,0,0,0,0,0,0,0,0,0,0,0,0,0,3,4,2,3,0,0,3,0,0,41,9,0,0,0,15,3,0,0,7,0,0,7,0,18,0,6,0,1,0,2,5,0,4,0,0,0,0,0,0,3,0,0,0,0,0,0,1,0,0,0,0,2,0,0,0,1,1,2,2,0,0
"RH2  9",3795,3613,1,0,0,0,0,0,0,0,0,23,11,8,74,5,7,17,4,3,2,0,0,22,0,1,5,2,6,0,0,0,0,0,2,2,0,0,0,0,0,0,0,4,1,5,1,0,0,0,0,1,23,2,2,3,0,3,7,0,0,2,1,2,1,0,28,2,6,7,1,0,0,2,0,10,0,0,0,0,0,0,1,0,0,0,0,0,0,0,0,0,0,0,0,0,0,1,0,0,0,0,0,0
"RH20 1",4883,4808,2,0,0,0,0,0,0,0,0,8,0,2,41,1,9,7,1,6,0,0,0,8,0,0,6,3,0,0,0,0,0,0,1,0,0,0,0,1,1,1,0,2,0,0,0,0,0,0,0,0,2,0,0,0,0,0,0,0,0,2,0,0,0,0,14,1,2,6,1,0,0,2,1,1,0,0,0,0,0,0,2,0,0,0,0,0,0,0,1,0,0,0,1,0,0,0,0,0,0,0,0,0
"RH20 2",6643,6555,1,0,0,0,0,0,0,0,0,8,2,4,39,2,8,3,0,5,4,0,0,7,0,0,5,2,3,0,0,0,0,0,0,0,0,0,0,0,0,0,0,0,0,4,7,0,0,2,4,1,11,2,0,1,0,2,0,0,0,1,0,5,0,0,7,0,2,1,2,0,0,0,0,2,0,0,0,0,0,0,3,0,0,0,0,0,0,0,1,0,0,0,2,0,0,0,2,2,0,0,0,0
"RH20 3",6252,6182,1,0,0,0,0,0,0,0,0,11,0,2,32,3,2,1,5,3,0,1,0,1,0,0,10,4,0,2,0,0,0,0,3,0,0,0,0,3,0,0,0,4,0,1,0,0,0,0,0,0,2,2,0,0,0,0,0,0,0,0,0,0,0,0,12,1,0,1,2,0,0,3,0,5,0,0,0,0,0,0,1,0,0,0,0,1,0,0,0,0,0,0,0,0,0,0,0,0,1,0,1,0
"RH20 4",6556,6450,0,0,0,0,0,0,0,0,0,9,6,9,48,2,9,11,0,5,2,1,2,2,0,0,8,1,5,0,0,0,0,0,0,0,0,0,0,0,0,0,0,9,1,1,0,0,0,0,0,0,5,0,0,1,0,1,2,0,0,0,0,0,0,1,16,0,1,3,2,3,0,4,0,3,0,0,0,0,0,0,1,0,0,0,0,0,0,0,0,0,0,0,0,0,1,0,0,0,1,0,1,0
"RH3  7",4259,4210,0,0,0,0,0,0,0,0,0,1,2,3,33,2,3,13,0,0,7,1,0,1,0,0,3,2,1,0,0,0,0,0,0,0,0,0,0,0,0,0,0,1,1,0,1,0,0,0,0,1,5,1,1,0,0,0,2,0,0,0,1,0,0,0,1,0,0,0,0,0,0,0,0,1,0,0,0,0,0,0,0,0,0,0,0,0,0,0,0,0,0,0,0,0,0,0,1,1,0,0,0,0
"RH4  1",5023,4820,1,0,0,0,0,0,0,0,0,4,6,9,88,4,15,40,6,2,0,2,0,8,3,2,2,1,3,0,0,0,0,0,2,1,0,0,0,1,0,0,0,8,3,2,4,0,0,1,0,3,30,0,3,0,0,10,4,3,0,5,4,1,0,0,39,4,0,3,2,1,0,3,2,24,0,0,0,0,0,0,5,0,0,0,0,0,0,0,0,0,0,2,1,0,1,1,2,2,0,0,0,0
"RH4  2",4797,4504,0,0,0,0,0,0,0,0,0,20,21,8,129,6,10,62,14,6,0,5,2,7,5,5,4,1,2,0,0,0,0,0,7,6,0,0,0,1,0,0,0,5,1,8,3,0,0,3,0,0,55,2,5,0,0,26,2,2,0,10,7,0,1,0,24,0,0,5,0,2,4,1,0,12,0,0,0,0,0,0,6,0,0,0,0,1,1,0,0,0,0,3,1,0,0,0,6,6,0,0,0,0
"RH4  3",5059,4898,0,0,0,0,0,0,0,0,0,10,3,10,70,4,9,23,0,4,2,0,1,12,3,2,3,4,0,2,0,0,0,1,1,0,1,0,0,0,0,0,0,2,8,3,2,1,0,1,0,0,24,0,1,0,0,9,4,0,0,7,2,0,1,0,24,0,0,3,2,3,0,5,0,10,1,0,0,0,0,0,4,0,0,0,0,0,0,0,1,0,0,1,2,0,0,0,0,0,0,0,0,0
"RH5  4",6878,6778,1,0,0,0,0,0,0,0,0,9,4,6,34,0,1,16,2,5,2,0,0,4,0,0,2,1,0,1,0,0,0,0,0,0,0,0,0,0,0,0,0,3,1,4,3,3,0,0,0,0,17,6,0,0,0,7,0,0,0,3,0,1,0,0,11,0,0,2,2,3,0,0,0,4,0,0,0,0,0,0,6,0,0,0,0,0,0,0,0,0,0,0,5,0,0,1,1,1,0,0,0,0
"RH5  5",5169,5095,0,0,0,0,0,0,0,0,0,5,2,3,38,0,3,16,6,2,1,3,0,1,2,0,2,1,0,0,0,0,1,0,0,0,0,0,0,0,0,0,0,1,2,1,1,0,0,1,0,0,8,2,0,2,0,0,0,0,0,1,3,0,0,0,6,0,0,0,0,0,0,2,0,4,0,0,0,0,0,0,7,0,0,0,0,0,0,0,0,0,0,0,7,0,0,0,0,0,0,0,0,0
"RH5  6",4016,3718,0,0,0,0,0,0,0,0,0,8,3,7,101,7,44,18,0,1,2,2,2,6,6,3,2,2,1,1,0,0,1,3,14,0,1,8,0,5,0,0,0,46,1,3,9,0,0,3,0,6,0,0,0,0,0,0,0,0,0,0,0,0,0,0,98,1,4,57,9,7,0,5,1,14,0,0,0,0,0,0,5,0,0,0,0,0,2,0,0,0,0,0,2,0,0,1,2,2,1,0,0,1
"RH6  0",2563,2501,0,0,0,0,0,0,0,0,0,2,0,3,24,0,5,2,3,0,2,5,3,2,0,0,0,2,0,0,0,0,0,0,0,0,0,0,0,0,0,0,0,1,0,0,2,0,0,2,0,0,18,0,1,0,0,4,0,0,0,0,0,0,10,3,6,0,2,4,0,0,0,0,0,0,0,0,0,1,0,1,2,0,0,1,0,0,0,0,0,0,0,0,1,0,0,0,1,1,2,1,1,0
"RH6  7",5761,5279,1,0,0,0,0,0,0,0,0,15,37,26,190,12,7,76,16,3,6,10,6,12,22,4,4,8,0,0,0,0,3,1,7,4,0,1,0,2,0,0,0,18,2,9,10,0,1,8,0,1,94,5,6,5,0,19,15,0,1,31,1,5,6,0,51,8,4,12,2,0,3,6,2,13,1,1,0,0,0,0,10,0,0,0,0,0,0,3,0,0,0,4,0,0,0,3,7,7,4,2,0,2
"RH6  8",8645,8320,1,0,0,0,0,0,0,0,0,20,28,17,110,8,13,44,2,3,7,4,7,9,4,3,3,0,0,0,3,0,0,0,3,0,1,0,1,1,0,0,0,6,12,5,5,0,0,0,2,3,57,18,0,3,0,15,6,0,2,4,3,3,1,2,30,8,3,4,0,0,0,4,0,11,0,0,0,0,0,0,26,4,0,0,0,0,0,5,0,0,0,9,0,1,6,1,4,4,1,1,0,0
"RH6  9",11236,10840,1,0,0,0,0,0,0,0,0,19,21,24,170,15,9,43,10,7,9,7,9,11,28,8,6,2,2,2,0,0,2,0,2,1,0,0,1,0,0,0,0,8,5,13,0,0,0,0,0,0,59,11,4,3,0,18,5,0,0,7,5,4,2,0,42,4,8,17,3,0,3,0,0,5,2,4,0,0,0,0,22,5,0,0,0,0,1,0,4,0,0,3,6,0,0,3,3,3,3,1,1,1
"RH7  6",8932,8697,1,2,0,0,0,0,1,0,1,15,9,17,108,8,9,66,7,1,1,0,1,1,2,1,8,0,1,2,0,0,0,0,5,0,2,0,0,3,0,0,0,3,0,1,1,0,1,0,0,0,31,1,3,1,0,7,3,0,0,1,10,0,5,0,32,2,1,6,1,0,0,9,0,13,0,0,0,0,0,0,4,0,0,0,0,1,0,0,0,1,0,0,1,1,0,0,4,4,2,1,1,0
"RH8  0",9392,9133,1,0,0,0,0,0,0,0,0,13,15,16,95,11,12,21,3,0,7,3,5,9,6,6,9,1,2,0,0,0,0,0,2,0,0,0,0,2,0,0,0,5,1,2,4,0,1,2,0,1,48,0,1,0,0,4,4,0,0,0,1,6,30,2,42,0,0,13,3,0,0,4,0,22,0,0,0,0,0,0,11,1,0,0,0,0,0,0,0,0,0,1,5,0,1,3,2,2,2,0,2,0
"RH8  9",5647,5546,0,0,0,0,0,0,0,0,0,9,1,4,33,0,4,4,2,1,6,0,0,6,5,0,3,1,1,0,0,0,0,0,0,0,0,0,0,0,0,0,0,10,2,1,0,0,0,0,0,0,18,0,0,0,0,4,5,0,0,6,0,2,1,0,17,0,2,2,2,2,0,4,1,2,2,0,0,0,0,0,4,0,0,0,0,0,0,0,0,0,0,0,3,0,0,1,2,2,0,0,0,0
"RH9  8",5257,5168,1,0,0,0,0,0,0,0,0,8,1,5,37,0,1,11,2,5,4,0,0,4,0,3,5,0,1,0,0,1,0,0,0,0,0,0,0,0,0,0,0,0,1,1,0,0,0,0,0,0,24,0,0,0,0,1,3,0,0,0,2,5,13,0,6,0,0,0,0,0,0,2,0,1,3,0,0,0,0,0,1,0,0,0,0,0,0,0,0,0,0,0,1,0,0,0,1,1,3,1,0,2
"RM1  1",1447,1164,0,3,3,0,0,0,0,0,0,11,10,7,88,3,3,30,1,4,7,21,5,1,7,0,1,1,0,0,0,0,2,2,9,5,2,0,0,2,0,0,0,7,30,5,5,0,3,2,0,0,69,8,11,0,0,17,12,0,2,17,0,2,0,0,30,0,1,12,1,0,0,0,1,14,1,0,0,0,0,0,9,0,0,0,0,2,2,0,1,0,0,2,1,0,0,1,0,0,0,0,0,0
"RM1  2",4084,3657,0,0,0,0,0,0,0,0,0,22,20,8,178,7,6,48,2,2,30,35,15,16,15,2,0,0,0,0,0,0,0,0,14,13,0,0,0,1,0,0,0,4,13,12,6,0,0,6,0,0,61,13,0,5,0,20,7,0,0,7,0,1,0,8,61,6,5,23,0,0,1,3,0,20,3,0,0,0,0,0,22,0,0,0,0,4,3,0,3,0,0,3,3,4,0,2,2,2,4,3,1,0
"RM1  3",1763,1589,0,0,0,0,0,0,0,0,0,4,6,10,56,1,2,21,0,2,4,18,1,4,0,2,0,1,0,0,0,0,0,0,5,4,0,0,0,1,0,0,0,4,11,5,14,0,1,12,0,1,26,6,0,2,0,9,2,0,0,1,1,4,0,1,18,1,0,7,1,0,1,2,1,5,0,0,0,0,0,0,14,0,0,0,2,2,5,0,1,0,0,0,1,1,0,2,0,0,1,1,0,0
"RM1  4",11576,11111,1,0,0,0,0,0,0,0,0,8,5,12,167,5,5,56,0,2,15,36,5,8,23,8,2,0,0,1,0,0,1,0,4,2,2,0,0,0,0,0,0,7,19,6,14,0,0,13,0,1,106,18,4,43,0,12,15,0,0,2,2,8,1,1,67,1,6,25,0,0,0,0,0,33,2,0,0,0,0,0,33,0,0,0,0,3,6,5,0,0,3,9,1,0,2,4,3,3,13,6,2,5
"RM10 7",10361,9111,0,4,0,0,0,0,0,0,4,72,73,2,378,2,8,49,10,0,40,224,4,8,19,7,3,1,0,2,1,0,0,0,70,67,2,1,0,0,0,0,0,37,24,16,39,1,5,21,10,2,225,28,7,24,0,111,14,0,1,30,5,4,0,1,81,3,10,22,1,0,2,3,0,37,3,0,0,0,0,0,219,4,0,13,2,31,64,28,16,7,8,12,0,16,14,4,2,2,8,6,1,1
"RM10 8",13889,11971,0,1,1,0,0,0,0,0,0,70,103,38,728,17,5,132,2,2,80,410,7,1,60,6,5,0,0,0,0,1,0,0,56,49,2,5,0,0,0,0,0,37,44,27,32,0,6,17,5,4,387,40,8,48,0,206,7,0,9,15,30,7,16,1,141,5,7,23,0,0,5,20,0,81,0,0,0,0,0,0,240,7,3,6,1,33,59,39,29,7,9,7,1,12,5,22,9,9,5,5,0,0
"RM10 9",11647,9748,1,1,0,0,0,0,0,1,0,86,115,26,694,14,17,123,2,5,101,355,10,0,48,8,10,1,0,0,0,0,0,0,66,60,2,4,0,0,0,0,0,44,40,14,24,8,9,1,0,6,342,52,14,65,0,118,20,0,5,24,20,3,13,8,89,1,3,24,0,1,4,11,2,43,0,0,0,0,0,0,335,4,3,16,4,38,96,34,43,10,20,24,1,13,9,20,15,15,7,7,0,0
"RM11 1",11174,10744,1,0,0,0,0,0,0,0,0,12,4,9,114,12,2,31,7,1,12,33,0,5,2,1,2,1,2,1,0,0,2,0,15,10,1,4,0,0,0,0,0,6,9,8,7,0,3,3,0,1,133,10,6,32,0,23,31,0,1,21,2,6,0,1,70,2,14,26,3,0,0,3,1,21,0,0,0,0,0,0,32,0,0,0,0,4,4,1,1,0,0,15,6,1,0,0,4,4,6,4,1,1
"RM11 2",9351,8998,1,0,0,0,0,0,0,0,0,5,3,6,63,8,3,10,0,3,3,19,0,1,5,7,0,0,1,0,2,0,1,0,0,0,0,0,0,0,1,1,0,4,13,2,8,0,2,6,0,0,180,29,8,41,0,22,48,2,5,16,0,5,0,4,40,2,6,16,1,0,3,5,1,6,0,0,0,0,0,0,24,0,0,5,0,9,1,3,0,0,0,0,3,1,0,2,0,0,3,1,0,2
"RM11 3",10336,9950,0,0,0,0,0,0,0,0,0,6,3,13,70,7,4,20,2,0,12,9,0,3,2,5,1,1,0,2,1,0,1,0,3,1,0,2,0,0,0,0,0,11,18,13,12,0,2,9,0,1,185,30,13,67,0,16,19,0,1,24,6,7,0,2,33,2,15,10,1,0,2,3,0,0,0,0,0,0,0,0,14,0,0,0,0,1,2,1,0,2,0,1,5,0,1,1,1,1,4,3,0,1
"RM12 4",15665,15001,1,0,0,0,0,0,0,0,0,10,9,18,206,7,8,49,4,2,31,66,4,9,14,5,1,1,1,2,0,1,1,0,28,21,2,4,0,1,1,1,0,11,18,10,16,2,1,13,0,0,191,25,1,38,0,46,24,2,0,28,16,4,1,6,88,3,9,34,1,0,2,6,4,28,1,0,0,0,0,0,43,2,0,6,0,2,2,1,2,2,0,12,8,0,1,5,6,6,8,6,1,1
"RM12 5",9562,9243,0,0,0,0,0,0,0,0,0,13,4,6,95,3,4,24,1,0,16,27,3,0,13,1,2,0,0,0,0,0,1,0,10,9,0,1,0,0,3,3,0,8,4,4,1,0,0,1,0,0,87,10,0,22,0,16,17,0,0,6,16,0,0,0,41,1,16,10,0,0,1,3,0,10,0,0,0,0,0,0,38,1,0,0,0,3,15,4,0,2,0,6,2,3,2,0,1,1,4,4,0,0
"RM12 6",8091,7814,3,2,0,0,0,1,0,1,0,6,6,11,62,5,8,15,2,1,3,19,0,3,0,2,1,1,0,0,0,0,2,0,7,7,0,0,0,0,0,0,0,6,20,0,3,0,0,3,0,0,61,1,0,11,0,3,13,0,4,8,16,3,0,2,74,19,15,12,2,0,0,4,5,17,0,0,0,0,0,0,6,0,0,0,0,0,0,0,0,0,0,4,1,0,0,1,1,1,9,8,1,0
"RM13 7",8740,8419,0,0,0,0,0,0,0,0,0,14,22,3,96,7,1,26,1,5,6,37,4,0,4,1,2,2,0,0,0,0,0,0,15,3,12,0,0,0,0,0,0,0,14,1,0,0,0,0,0,0,64,11,0,13,0,17,11,0,0,12,0,0,0,0,27,0,11,6,0,0,1,6,0,2,1,0,0,0,0,0,63,0,0,0,0,19,13,6,2,2,0,9,3,2,5,2,1,1,1,1,0,0
"RM13 8",7120,6657,0,4,4,0,0,0,0,0,0,23,15,5,151,5,4,29,0,9,4,59,21,3,13,1,2,1,0,0,0,0,0,0,25,9,12,1,3,0,0,0,0,18,28,8,6,0,2,4,0,0,79,18,0,11,0,35,8,0,0,2,1,2,0,2,28,0,4,12,0,0,0,5,1,6,0,0,0,0,0,0,65,0,1,1,0,9,10,9,6,1,0,17,0,2,3,6,1,1,7,6,1,0
"RM13 9",12015,11421,2,1,0,0,0,0,0,1,0,17,8,6,201,9,10,22,10,1,17,83,20,4,7,5,9,0,1,0,0,0,3,0,12,11,0,0,0,1,0,0,0,7,22,9,7,0,4,2,0,1,184,12,4,121,0,17,18,2,1,5,2,1,0,1,35,0,4,5,3,0,0,14,0,9,0,0,0,0,0,0,74,0,0,0,0,7,32,11,0,2,4,8,2,4,2,2,3,3,6,3,1,2
"RM14 1",10976,10740,2,0,0,0,0,0,0,0,0,13,12,12,63,4,7,10,1,1,5,18,1,6,2,3,4,0,0,0,0,0,1,0,3,2,1,0,0,0,0,0,0,9,10,7,4,0,1,1,1,1,54,2,1,12,0,13,11,0,0,6,9,0,0,0,39,2,13,14,3,2,0,3,0,2,0,0,0,0,0,0,4,0,0,0,0,1,0,0,0,0,0,1,1,0,0,1,0,0,4,3,0,1
"RM14 2",8127,7936,0,0,0,0,0,0,0,0,0,8,3,8,65,11,7,15,0,1,4,13,1,0,4,5,0,2,0,1,0,0,0,1,2,1,1,0,0,0,0,0,0,10,16,1,8,0,0,3,4,1,34,1,0,6,0,12,9,1,0,0,0,5,0,0,29,1,12,9,2,0,2,1,2,0,0,0,0,0,0,0,3,1,0,0,0,2,0,0,0,0,0,0,0,0,0,0,3,3,1,0,0,1
"RM14 3",7262,7146,2,0,0,0,0,0,0,0,0,5,3,1,29,6,3,2,0,0,3,1,2,0,0,5,1,2,1,1,0,0,2,0,3,2,1,0,0,0,0,0,0,2,1,0,0,0,0,0,0,0,37,2,0,4,0,12,5,4,0,2,6,2,0,0,25,2,5,11,4,0,0,2,0,1,0,0,0,0,0,0,3,2,0,0,0,0,1,0,0,0,0,0,0,0,0,0,3,3,2,2,0,0
"RM15 4",7674,7499,0,0,0,0,0,0,0,0,0,6,4,7,74,4,3,12,0,2,8,24,0,0,11,0,4,1,1,2,0,0,2,0,7,5,2,0,0,0,0,0,0,0,6,6,7,0,0,7,0,0,17,1,1,5,0,7,2,0,0,1,0,0,0,0,8,0,0,5,0,0,0,2,0,0,1,0,0,0,0,0,28,0,0,0,0,7,8,0,3,0,0,7,1,1,0,1,3,3,2,2,0,0
"RM15 5",10709,10237,0,0,0,0,0,0,0,0,0,6,27,7,155,2,8,55,2,0,11,53,0,11,3,4,2,0,1,0,0,1,2,0,57,18,39,0,0,0,3,3,0,11,16,2,15,0,1,14,0,0,22,1,0,7,0,2,6,0,0,2,0,4,0,0,71,4,15,30,0,0,6,7,0,9,0,0,0,0,0,0,69,0,0,0,0,8,26,4,0,0,0,20,3,0,4,4,4,4,7,4,3,0
"RM15 6",7881,7578,2,1,1,0,0,0,0,0,0,13,11,8,86,3,1,40,0,0,6,24,1,6,3,0,1,1,0,0,0,0,0,0,28,13,15,0,0,0,0,0,0,4,10,10,5,0,0,5,0,0,24,2,0,3,0,3,5,0,0,6,0,2,3,0,53,6,9,10,0,0,3,10,0,15,0,0,0,0,0,0,42,0,0,1,0,7,8,2,0,0,0,9,4,1,5,5,2,2,4,2,1,1
"RM16 2",11853,11520,0,3,0,0,0,0,0,3,0,6,7,15,77,10,1,44,1,2,5,3,0,0,0,1,8,1,0,0,0,0,1,0,21,20,0,0,0,1,0,0,0,5,5,5,8,0,1,7,0,0,134,8,2,61,0,44,3,0,0,11,4,1,0,0,31,0,5,11,0,0,0,12,1,2,0,0,0,0,0,0,10,0,0,0,0,3,4,0,0,0,0,0,0,2,0,1,1,1,5,3,0,2
"RM16 3",3455,3379,0,0,0,0,0,0,0,0,0,0,2,1,28,3,2,4,1,0,0,3,1,0,0,0,12,1,0,0,1,0,0,0,8,5,0,1,0,2,0,0,0,0,4,0,3,0,0,3,0,0,9,0,0,7,0,0,1,0,0,1,0,0,0,0,6,0,2,2,0,0,0,1,0,1,0,0,0,0,0,0,11,0,0,0,0,2,0,0,0,0,0,0,4,5,0,0,1,1,3,1,1,1
"RM16 4",9440,9194,0,1,0,0,0,0,0,1,0,2,8,5,121,6,3,54,5,1,9,32,0,10,0,0,1,0,0,0,0,0,0,0,5,5,0,0,0,0,0,0,0,2,11,1,14,0,0,12,0,2,16,0,0,10,0,1,2,0,0,3,0,0,0,0,19,0,0,5,0,0,2,5,1,6,0,0,0,0,0,0,30,0,0,0,0,4,10,1,1,0,0,8,1,4,0,1,1,1,10,8,2,0
"RM16 5",721,690,0,0,0,0,0,0,0,0,0,2,0,2,1,0,0,1,0,0,0,0,0,0,0,0,0,0,0,0,0,0,0,0,1,1,0,0,0,0,0,0,0,0,0,0,1,0,0,1,0,0,23,3,0,9,0,5,4,0,0,2,0,0,0,0,0,0,0,0,0,0,0,0,0,0,0,0,0,0,0,0,1,0,0,0,0,0,0,0,0,0,0,0,0,1,0,0,0,0,0,0,0,0
"RM16 6",13718,12500,1,0,0,0,0,0,0,0,0,28,42,38,433,19,11,169,50,7,30,80,1,16,32,4,2,4,3,0,0,1,4,0,17,13,2,0,0,2,0,0,0,29,30,26,17,0,3,14,0,0,275,60,13,59,0,26,37,13,1,41,11,8,0,6,132,7,30,67,2,0,2,8,2,10,4,0,1,0,0,0,135,1,0,0,0,11,29,7,5,3,0,26,25,2,6,20,8,8,6,5,1,0
"RM17 5",11888,10758,0,0,0,0,0,0,0,0,0,15,24,18,479,8,10,288,62,3,29,50,2,8,6,4,2,5,0,0,1,0,1,0,37,33,1,0,2,1,0,0,0,14,7,7,38,0,12,16,9,1,350,19,3,83,0,78,17,2,0,20,3,10,111,4,40,0,5,12,0,0,3,9,2,8,1,0,0,0,0,0,95,1,0,1,0,8,38,4,4,2,0,18,4,1,0,14,1,1,5,3,0,2
"RM17 6",14124,11860,1,0,0,0,0,0,0,0,0,27,45,26,1183,16,11,760,155,13,52,114,7,22,17,2,9,2,1,1,0,0,1,0,112,103,7,1,0,1,1,1,0,28,12,21,53,1,3,32,14,3,518,38,5,72,0,85,11,2,4,29,12,10,248,2,73,7,5,18,3,0,1,20,3,12,4,0,0,0,0,0,141,0,0,0,0,8,64,13,2,1,0,17,5,15,0,16,16,16,7,3,2,2
"RM18 7",4389,4050,0,0,0,0,0,0,0,0,0,9,11,10,179,3,1,94,4,1,38,26,0,2,0,0,9,0,0,0,0,0,1,0,5,3,2,0,0,0,0,0,0,2,4,3,0,0,0,0,0,0,50,2,0,2,0,14,2,0,0,1,14,0,15,0,20,0,0,5,0,0,0,0,1,14,0,0,0,0,0,0,42,0,0,0,0,6,21,2,0,0,0,4,2,4,2,1,2,2,2,1,0,1
"RM18 8",11394,10978,0,1,0,0,0,0,0,1,0,6,20,5,170,7,1,97,7,0,8,31,0,4,8,3,1,0,0,0,0,0,3,0,19,9,6,2,0,2,0,0,0,4,10,4,2,0,0,0,2,0,50,7,0,3,0,11,6,3,0,1,12,3,3,1,23,0,6,9,1,0,0,2,1,3,1,0,0,0,0,0,95,0,0,0,0,1,52,8,5,0,0,15,4,6,2,2,3,3,4,3,1,0
"RM19 1",6003,5221,0,0,0,0,0,0,0,0,0,16,22,7,454,11,8,219,44,10,31,83,15,16,8,3,2,1,1,1,0,0,1,0,21,16,0,4,0,1,0,0,0,22,12,2,18,0,0,11,6,1,64,23,1,13,0,2,4,0,0,13,2,2,4,0,50,1,12,18,0,2,4,3,0,9,1,0,0,0,0,0,90,0,0,0,1,11,31,11,3,0,0,13,5,1,2,12,2,2,2,1,1,0
"RM2  5",6371,6197,1,0,0,0,0,0,0,0,0,8,6,4,48,4,2,9,1,1,2,18,2,3,4,1,1,0,0,0,0,0,0,0,1,0,1,0,0,0,0,0,0,6,4,4,7,0,1,1,0,5,63,6,4,12,0,4,23,0,0,7,2,2,0,3,14,0,0,8,2,0,0,1,0,3,0,0,0,0,0,0,6,0,1,0,0,0,0,0,0,0,0,1,3,0,0,1,1,1,1,1,0,0
"RM2  6",6338,6093,1,0,0,0,0,0,0,0,0,4,2,4,66,1,5,9,1,0,10,12,0,0,13,5,7,0,0,2,0,0,1,0,6,4,0,2,0,0,0,0,0,7,9,6,5,0,3,2,0,0,88,16,4,17,0,7,30,0,0,4,7,2,0,1,30,0,3,15,1,0,0,3,0,8,0,0,0,0,0,0,12,0,0,0,0,2,1,0,0,0,4,3,1,1,0,0,0,0,5,5,0,0
"RM20 3",1837,1595,1,0,0,0,0,0,0,0,0,2,7,4,146,5,1,80,19,3,16,20,0,0,2,0,0,0,0,0,0,0,0,0,6,4,2,0,0,0,0,0,0,1,13,0,5,0,0,5,0,0,15,6,1,4,0,0,4,0,0,0,0,0,0,0,14,4,2,6,0,0,0,1,0,1,0,0,0,0,0,0,26,0,0,0,0,2,13,2,0,0,0,6,1,1,1,0,1,1,1,1,0,0
"RM20 4",2779,2372,2,0,0,0,0,0,0,0,0,5,15,1,251,4,1,156,23,10,11,41,2,0,1,0,2,0,0,0,0,0,0,0,9,7,2,0,0,0,0,0,0,6,4,2,6,0,2,4,0,0,72,13,2,30,0,2,2,0,0,21,0,1,1,0,11,1,1,7,1,0,0,1,0,0,0,0,0,0,0,0,22,0,0,0,0,0,8,0,1,0,0,3,1,5,2,2,1,1,0,0,0,0
"RM3  0",9919,9555,0,1,0,0,0,1,0,0,0,18,8,6,112,8,8,43,4,1,13,20,4,2,3,1,2,2,0,1,0,0,0,0,10,10,0,0,0,0,1,1,0,15,7,5,9,0,0,6,3,0,111,12,6,22,0,5,19,4,6,23,7,3,4,0,36,3,5,14,1,0,1,4,0,7,1,0,0,0,0,0,19,0,1,0,0,0,1,0,0,0,0,6,11,0,0,0,2,2,4,4,0,0
"RM3  7",8755,8272,0,0,0,0,0,0,0,0,0,23,7,7,193,4,7,64,6,1,28,65,1,3,2,6,2,2,0,0,0,0,2,0,17,12,5,0,0,0,0,0,0,14,15,10,6,0,0,6,0,0,61,11,2,10,0,13,2,0,0,9,1,7,4,2,52,0,6,17,1,0,0,8,0,19,1,0,0,0,0,0,70,0,0,0,2,9,30,3,0,3,1,11,4,2,1,4,4,4,4,4,0,0
"RM3  8",10055,9430,0,0,0,0,0,0,0,0,0,28,16,9,224,11,5,67,0,1,24,97,0,0,10,4,3,1,0,1,0,0,0,0,52,34,9,8,0,1,0,0,0,25,23,8,7,0,4,1,0,2,94,28,3,16,0,15,14,0,1,4,4,0,7,2,51,1,6,6,1,0,4,3,0,29,1,0,0,0,0,0,82,2,2,0,0,8,32,5,0,3,2,13,5,2,3,5,3,3,3,2,0,1
"RM3  9",10011,9550,0,1,1,0,0,0,0,0,0,7,6,14,185,5,5,70,0,1,13,59,5,5,9,1,2,5,0,1,2,0,1,1,20,13,3,4,0,0,0,0,0,17,22,16,5,0,0,2,3,0,52,14,1,4,0,14,8,0,0,1,2,0,8,0,66,6,10,12,1,0,3,3,0,30,1,0,0,1,1,0,40,0,0,0,1,11,12,0,1,0,2,10,1,0,0,2,3,3,6,3,2,1
"RM4  1",4086,3997,0,0,0,0,0,0,0,0,0,3,6,3,24,2,1,2,0,2,4,6,0,0,2,1,0,1,1,0,2,0,0,0,2,0,1,0,0,1,0,0,0,2,2,0,5,2,0,3,0,0,15,1,4,3,0,2,3,0,2,0,0,0,0,0,17,2,0,4,1,0,0,4,0,3,3,0,0,0,0,0,7,0,0,0,0,0,0,0,0,0,0,1,5,0,0,1,2,2,1,1,0,0
"RM5  2",8496,8181,0,0,0,0,0,0,0,0,0,12,12,3,104,5,2,17,4,2,22,22,0,4,15,4,5,1,1,0,0,0,0,0,8,6,2,0,0,0,0,0,0,5,25,1,6,0,2,4,0,0,68,11,0,9,0,15,8,0,3,11,8,0,0,3,33,0,1,15,0,0,1,9,0,7,0,0,0,0,0,0,31,0,0,0,0,5,9,2,0,1,0,6,3,1,2,2,5,5,2,1,0,1
"RM5  3",9204,8863,1,1,0,0,0,1,0,0,0,12,5,6,110,5,6,25,2,0,15,43,0,0,6,4,3,0,0,0,0,0,1,0,13,8,4,1,0,0,0,0,0,12,11,5,10,0,0,10,0,0,95,28,2,7,0,25,23,0,0,7,2,1,0,0,29,0,5,5,1,0,1,6,1,8,2,0,0,0,0,0,25,0,0,0,0,5,10,1,0,0,0,2,1,2,0,4,4,4,2,0,0,2
"RM6  4",10891,8547,0,0,0,0,0,0,0,0,0,51,43,38,309,14,6,109,2,3,43,77,11,5,23,4,2,1,5,3,1,0,0,0,66,48,14,1,2,1,0,0,0,29,32,34,61,0,4,29,26,2,1447,308,71,296,0,354,173,6,36,162,20,10,0,11,58,3,5,8,5,1,1,3,1,31,0,0,1,0,0,0,153,0,0,33,0,11,27,11,28,1,4,16,2,3,7,10,17,17,5,3,2,0
"RM6  5",11190,9584,0,3,0,0,0,1,0,0,2,65,51,19,245,4,6,65,4,1,51,82,8,1,12,4,4,0,0,0,0,0,3,0,66,56,6,3,0,1,0,0,0,33,38,22,53,0,12,26,14,1,771,172,29,147,1,249,71,5,6,68,13,7,0,3,57,3,2,21,0,0,0,4,0,24,3,0,0,0,0,0,161,3,1,26,2,10,28,22,21,14,4,9,3,8,3,7,14,14,8,6,0,2
"RM6  6",8864,7361,1,0,0,0,0,0,0,0,0,38,31,28,320,11,8,93,3,0,49,109,4,4,16,13,7,2,0,0,0,0,1,0,17,10,3,4,0,0,0,0,0,19,36,15,33,1,2,11,16,3,793,172,31,184,0,179,108,3,18,68,10,1,0,19,53,2,12,17,0,0,0,6,0,13,3,0,0,0,0,0,97,0,2,15,2,13,12,6,12,5,5,11,0,7,1,6,11,11,11,8,0,3
"RM7  0",10388,9440,2,1,1,0,0,0,0,0,0,24,53,17,256,18,5,69,2,2,55,70,2,5,8,7,6,1,1,2,0,0,3,0,33,25,4,1,0,3,1,1,0,2,30,15,25,0,0,14,5,6,229,42,5,21,0,64,8,3,3,29,42,11,0,1,155,1,15,14,0,1,1,14,0,101,8,0,0,0,0,0,88,0,3,6,0,20,11,4,7,4,1,9,7,5,0,11,8,8,9,8,0,1
"RM7  7",4745,4416,2,0,0,0,0,0,0,0,0,21,7,4,91,10,4,34,0,1,8,22,1,2,2,2,2,0,2,0,0,0,1,0,11,8,0,3,0,0,0,0,0,4,10,6,14,0,0,12,2,0,47,13,0,9,0,6,6,0,0,5,2,1,4,1,78,2,7,3,1,2,2,3,2,49,7,0,0,0,0,0,30,0,0,1,1,5,4,1,5,0,0,5,6,1,0,1,3,3,1,1,0,0
"RM7  8",7258,6906,2,1,0,0,0,1,0,0,0,4,12,2,113,2,5,13,4,1,26,35,0,7,15,0,3,0,1,0,0,0,0,1,15,10,4,0,0,1,0,0,0,13,11,10,6,0,0,4,0,2,101,24,8,25,0,10,14,0,0,10,8,2,0,0,42,0,15,6,0,0,2,6,0,13,0,0,0,0,0,0,11,0,0,0,0,0,3,0,1,0,0,5,0,0,0,2,3,3,6,4,2,0
"RM7  9",5275,4847,0,0,0,0,0,0,0,0,0,14,12,6,114,3,2,20,1,0,24,39,4,0,11,7,1,0,0,1,1,0,0,0,17,12,0,4,0,1,0,0,0,9,24,6,15,0,4,3,7,1,127,25,4,18,0,40,13,0,2,8,8,7,1,1,33,3,0,8,2,0,1,6,0,12,1,0,0,0,0,0,45,3,0,0,0,0,11,11,0,1,0,12,1,1,4,1,4,4,2,2,0,0
"RM8  1",10742,8895,0,0,0,0,0,0,0,0,0,62,107,18,428,12,6,75,6,6,80,201,4,8,14,3,3,2,0,0,1,0,6,1,75,66,4,5,0,0,0,0,0,32,27,8,66,0,1,27,37,1,752,190,42,159,0,203,69,3,2,38,16,11,8,11,64,2,7,23,2,0,6,4,0,20,0,0,0,0,0,0,190,5,2,22,0,29,25,21,23,4,8,17,0,3,15,16,12,12,6,4,2,0
"RM8  2",14925,12452,0,0,0,0,0,0,0,0,0,98,94,33,725,11,16,153,1,2,90,379,6,2,46,7,8,2,0,1,1,0,0,0,113,102,4,6,1,0,1,1,0,54,50,37,77,0,7,39,22,9,697,207,15,108,1,199,49,5,5,47,10,21,8,22,172,9,14,69,5,2,5,7,5,43,13,0,0,0,0,0,302,5,2,27,1,56,58,35,42,11,13,9,3,10,2,28,11,11,9,8,1,0
"RM8  3",11122,9742,0,1,0,0,0,1,0,0,0,57,48,26,424,9,11,65,1,11,33,235,5,5,37,3,1,1,0,4,1,0,2,0,92,82,1,7,2,0,0,0,0,22,26,21,18,0,1,12,3,2,391,124,9,71,0,128,23,0,4,15,5,6,4,2,63,6,4,18,1,0,1,8,0,24,1,3,0,0,0,0,174,5,1,8,3,24,35,28,21,1,7,17,0,9,3,12,9,9,5,4,0,1
"RM9  4",12139,10189,0,0,0,0,0,0,0,0,0,76,167,32,687,6,12,141,8,11,105,331,4,4,47,7,3,2,1,0,3,0,2,0,109,96,10,3,0,0,1,1,0,36,46,42,17,0,0,4,13,0,388,102,7,48,0,139,10,0,11,24,29,4,10,4,80,6,11,20,0,0,0,2,1,38,2,0,0,0,0,0,255,5,1,3,5,32,49,28,52,1,17,5,0,23,13,21,8,8,6,5,0,1
"RM9  5",11331,9865,0,0,0,0,0,0,0,0,0,55,67,9,579,4,18,95,2,1,65,302,9,4,59,2,6,1,0,2,8,0,1,0,59,50,5,4,0,0,0,0,0,36,48,24,22,0,4,9,4,5,232,50,1,9,0,113,5,0,3,9,16,6,16,4,103,0,4,22,1,2,4,11,0,59,0,0,0,0,0,0,216,0,0,8,2,35,64,23,30,4,11,6,1,8,17,7,8,8,8,7,1,0
"RM9  6",10600,9112,0,0,0,0,0,0,0,0,0,63,54,16,600,12,17,134,0,3,104,261,2,14,39,4,3,0,0,2,3,0,2,0,75,73,1,1,0,0,0,0,0,41,26,11,22,1,2,9,7,3,254,38,5,14,0,116,3,0,3,46,29,0,0,0,109,2,12,24,0,1,0,8,0,54,8,0,0,0,0,0,199,3,2,6,1,32,59,16,21,6,5,13,0,11,16,8,7,7,11,10,1,0
"S1   2",1310,1052,1,0,0,0,0,0,0,0,0,3,4,9,52,4,3,3,0,1,12,11,0,0,1,15,0,2,0,0,0,0,0,0,1,0,0,0,0,1,0,0,0,1,1,62,12,0,2,3,0,7,43,20,2,0,0,0,14,0,1,5,0,0,0,1,63,9,1,49,0,0,0,2,1,1,0,0,0,0,0,0,5,0,1,3,0,0,0,0,0,0,0,0,0,0,0,1,1,1,0,0,0,0
"S1   3",242,103,0,0,0,0,0,0,0,0,0,0,0,3,8,0,0,5,0,0,2,0,1,0,0,0,0,0,0,0,0,0,0,0,0,0,0,0,0,0,0,0,0,1,1,8,0,0,0,0,0,0,5,0,1,0,0,0,4,0,0,0,0,0,0,0,113,2,0,110,1,0,0,0,0,0,0,0,0,0,0,0,0,0,0,0,0,0,0,0,0,0,0,0,0,0,0,0,0,0,0,0,0,0
"S1   4",9003,6917,0,0,0,0,0,0,0,0,0,35,21,65,412,29,31,94,3,4,26,12,5,4,26,148,12,8,1,1,1,1,1,5,4,0,3,1,0,0,0,0,0,21,12,240,85,0,21,61,0,3,196,30,39,2,1,19,22,9,11,20,11,12,12,8,951,71,41,755,18,9,5,11,35,2,4,0,0,0,0,0,38,2,12,16,0,0,2,1,0,0,0,1,0,0,1,3,5,5,1,1,0,0
"S10  1",14977,14108,6,0,0,0,0,0,0,0,0,36,22,62,228,20,33,37,11,10,22,13,4,19,14,16,8,8,5,2,2,0,1,3,4,0,2,0,0,2,0,0,0,34,15,71,31,0,7,17,5,2,96,17,16,8,0,8,2,6,5,13,4,2,2,13,234,16,15,144,10,25,5,5,5,5,4,0,0,0,0,0,26,0,2,8,0,0,0,0,3,0,0,1,1,0,2,9,1,1,3,3,0,0
"S10  2",5625,4728,3,0,0,0,0,0,0,0,0,19,10,32,132,18,16,20,9,5,5,7,3,11,6,16,9,3,2,0,1,0,1,0,2,1,1,0,0,0,0,0,0,19,9,115,48,0,9,27,10,2,139,31,15,21,4,21,6,4,9,4,8,3,3,10,269,23,13,112,4,2,0,6,107,0,2,0,0,0,0,0,97,1,1,66,0,1,2,1,0,0,0,5,0,6,7,7,3,3,0,0,0,0
"S10  3",10659,10046,6,0,0,0,0,0,0,0,0,29,6,28,130,12,20,20,13,7,11,3,0,6,5,12,8,4,0,2,4,2,0,1,8,0,1,1,0,6,0,0,0,8,15,41,42,1,5,30,0,6,92,21,17,10,0,6,9,2,2,4,8,10,1,2,196,29,18,92,8,28,1,3,7,4,6,0,0,0,0,0,11,0,1,1,0,0,1,0,2,0,0,0,0,1,0,5,1,1,0,0,0,0
"S10  4",6690,6393,2,0,0,0,0,0,0,0,0,8,2,20,59,6,16,9,5,2,1,2,0,7,0,0,5,6,0,0,0,0,0,0,7,0,1,4,0,2,0,0,0,9,1,30,14,0,0,14,0,0,61,21,8,6,0,3,0,1,2,12,6,0,0,2,71,1,11,24,1,30,0,1,0,1,2,0,0,0,0,0,12,0,1,3,0,0,4,0,0,0,0,2,0,0,0,2,0,0,1,0,0,1
"S10  5",8352,7949,2,0,0,0,0,0,0,0,0,19,10,14,86,4,13,22,12,2,3,1,1,2,13,7,4,2,0,0,0,0,0,0,4,0,0,0,1,3,0,0,0,12,15,37,21,0,2,19,0,0,62,12,6,2,0,15,0,1,2,8,4,5,0,7,108,17,9,41,8,23,0,1,3,5,1,0,0,0,0,0,9,0,1,0,0,0,1,0,1,0,0,4,1,0,0,1,2,2,2,0,1,1
"S11  7",10207,9959,2,0,0,0,0,0,0,0,0,12,0,16,82,17,19,12,8,1,0,0,1,8,0,5,4,4,0,3,0,0,0,0,6,0,3,2,0,1,0,0,0,11,9,12,12,0,0,6,1,5,38,16,2,5,0,6,0,0,4,0,1,0,1,3,40,4,9,17,8,0,0,0,1,0,1,0,0,0,0,0,2,0,0,0,0,0,0,2,0,0,0,0,0,0,0,0,1,1,5,5,0,0
"S11  8",13485,12128,9,0,0,0,0,0,0,0,0,35,28,50,226,28,27,69,20,5,13,6,3,14,6,11,8,5,5,0,3,0,0,3,27,19,3,1,0,4,0,0,0,13,17,129,128,0,84,35,8,1,279,102,27,43,0,42,8,10,10,16,5,9,1,6,213,33,49,93,2,4,0,17,2,3,10,0,0,0,0,0,191,10,38,90,0,1,3,2,4,2,0,13,0,3,0,25,2,2,10,7,1,2
"S11  9",9685,9321,2,1,0,0,0,0,0,0,1,9,6,14,58,5,7,15,3,3,6,0,0,6,3,3,4,1,0,1,0,0,0,1,2,0,2,0,0,0,0,0,0,6,3,27,23,0,0,16,0,7,142,56,7,29,7,4,11,3,0,6,8,0,4,7,64,2,9,34,5,5,1,6,2,0,0,0,0,0,0,0,7,1,0,1,0,0,0,0,0,0,0,3,2,0,0,0,0,0,0,0,0,0
"S12  2",11569,11406,0,0,0,0,0,0,0,0,0,2,1,2,48,1,6,23,7,6,1,0,0,4,0,0,0,0,0,0,0,0,0,0,3,1,0,2,0,0,0,0,0,3,9,6,5,0,4,1,0,0,14,1,5,1,0,5,0,0,0,0,2,0,0,0,51,5,7,17,1,0,1,3,0,12,5,0,0,0,0,0,16,0,0,0,0,0,2,2,0,0,0,6,0,0,0,6,0,0,3,3,0,0
"S12  3",8461,8375,0,0,0,0,0,0,0,0,0,0,2,4,30,2,3,13,1,2,1,0,2,1,0,4,0,0,0,0,0,0,0,1,1,0,1,0,0,0,0,0,0,6,1,3,9,0,6,1,2,0,12,2,0,2,0,8,0,0,0,0,0,0,0,0,6,1,0,5,0,0,0,0,0,0,0,0,0,0,0,0,5,0,0,0,0,0,0,0,0,0,0,4,0,0,0,1,1,1,6,6,0,0
"S12  4",13243,13026,1,1,0,0,0,1,0,0,0,4,5,13,84,2,1,52,3,1,0,0,4,4,0,0,11,2,1,2,0,0,1,0,1,0,1,0,0,0,0,0,0,5,4,12,6,0,0,6,0,0,21,2,0,16,0,3,0,0,0,0,0,0,0,0,47,2,8,11,1,0,0,0,0,21,4,1,0,0,0,0,8,0,1,0,0,0,0,2,1,1,0,3,0,0,0,0,1,1,3,3,0,0
"S13  7",9330,9169,0,0,0,0,0,0,0,0,0,2,2,17,24,1,2,10,5,0,1,0,0,0,0,2,1,2,0,0,0,0,0,0,5,2,0,1,0,2,0,0,0,4,4,4,13,0,8,4,0,1,29,1,3,13,4,7,0,0,0,0,1,0,0,0,19,5,0,4,0,0,0,0,2,8,0,0,0,0,0,0,28,2,1,1,0,1,0,0,0,0,1,13,0,0,0,9,1,1,9,7,0,2
"S13  8",12832,12507,0,1,0,0,0,0,0,1,0,5,6,3,96,1,3,56,17,5,2,5,2,5,0,0,0,0,0,0,0,0,0,0,0,0,0,0,0,0,0,0,0,2,16,12,21,0,3,17,0,1,52,14,2,11,0,20,0,0,4,0,0,0,0,1,45,12,3,15,2,0,0,0,0,11,2,0,0,0,0,0,54,3,5,12,0,0,6,0,0,1,6,3,1,1,1,15,2,2,10,9,1,0
"S13  9",7445,7308,0,0,0,0,0,0,0,0,0,6,4,1,20,1,1,9,3,1,0,1,0,1,1,1,0,0,0,0,0,0,1,0,0,0,0,0,0,0,0,0,0,8,4,8,8,0,1,1,3,3,38,11,0,1,1,20,1,0,0,0,4,0,0,0,12,0,5,3,0,0,0,0,0,0,4,0,0,0,0,0,25,0,0,10,0,0,1,0,0,0,0,11,0,0,1,2,0,0,3,3,0,0
"S14  1",9258,8686,0,2,0,0,0,0,0,2,0,37,21,6,96,1,2,49,7,1,0,21,5,2,0,3,3,1,0,0,0,0,0,1,13,11,0,0,0,2,0,0,0,4,18,33,80,0,34,36,6,4,40,21,0,8,1,6,2,0,0,1,0,0,0,1,76,6,8,11,3,0,0,3,0,4,41,1,0,0,0,0,141,9,19,24,0,2,0,0,5,1,2,18,0,6,10,45,0,0,4,4,0,0
"S17  3",7229,7089,3,0,0,0,0,0,0,0,0,8,4,4,49,3,5,15,5,1,0,0,2,9,0,1,1,4,2,0,1,0,0,0,2,0,1,0,0,1,0,0,0,2,2,9,5,1,0,4,0,0,31,12,1,3,0,3,8,0,0,3,1,0,0,0,8,5,0,1,0,0,0,2,0,0,0,0,0,0,0,0,11,0,0,7,0,0,0,2,0,0,0,0,0,2,0,0,0,0,2,2,0,0
"S17  4",7943,7804,0,0,0,0,0,0,0,0,0,8,3,3,27,2,4,12,0,0,0,0,1,0,1,1,2,2,0,1,1,0,0,0,1,0,1,0,0,0,0,0,0,4,6,7,13,0,4,6,1,2,43,16,0,11,1,4,4,0,1,5,0,0,0,1,18,0,0,14,0,0,0,3,0,1,0,0,0,0,0,0,5,0,1,4,0,0,0,0,0,0,0,0,0,0,0,0,1,1,0,0,0,0
"S18  1",6804,6760,1,0,0,0,0,0,0,0,0,2,0,2,22,6,3,10,0,1,0,0,0,0,0,2,0,0,0,0,0,0,0,0,1,0,1,0,0,0,0,0,0,1,2,1,0,0,0,0,0,0,4,0,0,0,0,0,2,0,0,0,2,0,0,0,4,0,0,3,0,0,1,0,0,0,0,0,0,0,0,0,0,0,0,0,0,0,0,0,0,0,0,0,0,0,0,0,0,0,4,2,1,1
"S18  2",5767,5702,0,0,0,0,0,0,0,0,0,1,2,4,18,2,4,7,1,0,1,2,0,0,0,0,1,0,0,0,0,0,0,0,5,0,0,5,0,0,0,0,0,5,1,1,1,0,1,0,0,0,12,0,0,5,0,0,3,0,0,0,4,0,0,0,11,1,3,3,1,0,0,0,1,2,0,0,0,0,0,0,0,0,0,0,0,0,0,0,0,0,0,0,0,0,0,0,1,1,3,2,1,0
"S18  3",1608,1599,0,0,0,0,0,0,0,0,0,1,0,0,2,0,2,0,0,0,0,0,0,0,0,0,0,0,0,0,0,0,0,0,0,0,0,0,0,0,0,0,0,0,0,4,1,0,0,1,0,0,0,0,0,0,0,0,0,0,0,0,0,0,0,0,1,0,0,0,0,0,0,0,1,0,0,0,0,0,0,0,0,0,0,0,0,0,0,0,0,0,0,0,0,0,0,0,0,0,0,0,0,0
"S18  4",1539,1518,0,0,0,0,0,0,0,0,0,1,0,0,6,0,0,4,0,0,0,0,0,0,0,2,0,0,0,0,0,0,0,0,0,0,0,0,0,0,0,0,0,0,0,0,0,0,0,0,0,0,12,0,0,0,0,12,0,0,0,0,0,0,0,0,1,1,0,0,0,0,0,0,0,0,0,0,0,0,0,0,1,0,0,0,0,0,0,0,0,0,0,0,0,0,1,0,0,0,0,0,0,0
"S18  7",1847,1838,2,0,0,0,0,0,0,0,0,1,0,0,3,0,1,2,0,0,0,0,0,0,0,0,0,0,0,0,0,0,0,0,0,0,0,0,0,0,0,0,0,0,1,0,0,0,0,0,0,0,0,0,0,0,0,0,0,0,0,0,0,0,0,0,2,0,0,0,0,0,0,2,0,0,0,0,0,0,0,0,0,0,0,0,0,0,0,0,0,0,0,0,0,0,0,0,0,0,0,0,0,0
"S18  8",6529,6493,1,0,0,0,0,0,0,0,0,2,1,0,17,0,9,7,0,0,0,0,0,0,0,1,0,0,0,0,0,0,0,0,0,0,0,0,0,0,0,0,0,0,2,1,1,0,0,1,0,0,4,0,0,2,0,0,0,0,0,0,2,0,0,0,6,0,2,1,0,0,0,2,0,1,0,0,0,0,0,0,1,0,0,0,0,0,0,0,0,1,0,0,0,0,0,0,0,0,0,0,0,0
"S2   1",9187,8529,0,0,0,0,0,0,0,0,0,13,15,7,258,7,7,138,59,8,9,6,9,3,0,4,0,5,0,3,0,0,0,0,13,8,2,1,2,0,0,0,0,11,17,58,46,0,30,9,7,0,57,29,2,7,0,12,0,0,3,1,1,0,0,2,64,15,6,24,0,2,2,0,1,2,12,0,0,0,0,0,95,18,27,13,0,0,8,0,2,0,3,13,0,0,4,7,0,0,4,2,0,2
"S2   2",10701,9760,2,0,0,0,0,0,0,0,0,37,30,12,205,15,4,105,22,7,3,8,3,9,14,12,2,0,0,1,0,0,0,0,30,17,8,0,0,5,0,0,0,15,8,84,60,0,17,23,16,4,215,67,7,65,5,11,3,1,18,15,7,7,1,8,118,9,19,65,0,1,6,7,1,6,4,0,0,0,0,0,112,6,20,26,0,3,5,5,0,0,3,23,0,1,7,13,2,2,11,5,6,0
"S2   3",7861,7106,0,0,0,0,0,0,0,0,0,21,9,21,174,10,11,93,10,11,7,4,14,4,2,3,1,1,0,0,0,0,3,0,12,7,0,5,0,0,0,0,0,15,21,110,31,0,17,14,0,0,113,47,10,4,2,17,4,0,5,12,0,11,1,0,122,18,18,64,0,0,0,4,6,8,4,0,0,0,0,0,100,11,7,38,0,0,2,4,5,0,3,12,1,0,5,12,1,1,5,4,0,1
"S2   4",6399,5200,0,0,0,0,0,0,0,0,0,19,5,10,153,6,10,61,5,5,16,13,11,1,8,8,4,2,2,0,0,0,0,1,14,5,3,5,0,1,0,0,0,2,8,56,76,0,55,16,2,3,396,121,31,49,3,74,7,12,32,18,8,26,0,15,354,27,37,252,0,0,12,5,7,11,3,0,1,0,0,0,100,5,11,41,0,0,8,10,1,0,0,1,0,5,4,14,3,3,2,2,0,0
"S2   5",8382,7326,0,0,0,0,0,0,0,0,0,45,28,9,323,11,13,196,44,12,3,7,7,10,6,8,2,0,0,1,0,0,0,3,35,32,1,0,0,2,0,0,0,27,17,109,75,0,16,49,8,2,110,36,11,17,0,9,2,3,18,2,4,1,0,7,138,20,0,94,1,1,1,4,0,8,9,0,0,1,1,0,126,3,13,33,0,19,0,0,3,0,4,39,0,0,4,8,8,8,5,4,1,0
"S20  1",6641,6564,1,0,0,0,0,0,0,0,0,1,2,1,26,0,3,16,0,5,0,0,0,1,0,0,1,0,0,0,0,0,0,0,1,1,0,0,0,0,0,0,0,2,0,8,4,2,1,1,0,0,13,3,1,6,0,0,0,0,0,3,0,0,0,0,8,3,0,0,0,0,1,1,0,2,1,0,0,0,0,0,5,1,0,0,0,0,0,0,0,0,0,4,0,0,0,0,0,0,5,4,0,1
"S20  2",3780,3715,0,0,0,0,0,0,0,0,0,1,0,1,18,2,1,10,1,0,0,0,0,1,0,0,2,0,0,0,0,0,1,0,0,0,0,0,0,0,0,0,0,2,0,24,1,0,0,1,0,0,9,5,1,2,0,1,0,0,0,0,0,0,0,0,8,0,3,2,0,0,0,0,0,3,0,0,0,0,0,0,1,0,0,0,0,0,0,0,0,0,0,0,0,0,0,1,0,0,0,0,0,0
"S20  3",321,315,0,0,0,0,0,0,0,0,0,1,0,0,0,0,0,0,0,0,0,0,0,0,0,0,0,0,0,0,0,0,0,0,0,0,0,0,0,0,0,0,0,0,0,0,0,0,0,0,0,0,5,0,0,5,0,0,0,0,0,0,0,0,0,0,0,0,0,0,0,0,0,0,0,0,0,0,0,0,0,0,0,0,0,0,0,0,0,0,0,0,0,0,0,0,0,0,0,0,0,0,0,0
"S20  4",3841,3795,0,0,0,0,0,0,0,0,0,1,2,1,20,0,0,16,0,0,0,0,0,4,0,0,0,0,0,0,0,0,0,0,0,0,0,0,0,0,0,0,0,0,4,0,1,0,1,0,0,0,2,0,0,0,0,0,0,0,0,0,2,0,0,0,9,0,0,6,0,0,0,2,0,0,1,0,0,0,0,0,4,0,0,0,0,0,0,0,0,0,0,2,2,0,0,0,0,0,2,2,0,0
"S20  5",5410,5362,0,0,0,0,0,0,0,0,0,0,2,3,13,0,0,12,0,0,0,0,0,1,0,0,0,0,0,0,0,0,0,0,7,2,4,1,0,0,0,0,0,0,0,2,3,0,3,0,0,0,5,1,0,3,0,0,1,0,0,0,0,0,0,0,9,0,3,3,1,0,0,1,0,1,0,0,0,0,0,0,0,0,0,0,0,0,0,0,0,0,0,0,0,0,0,0,2,2,2,2,0,0
"S20  6",2525,2473,0,0,0,0,0,0,0,0,0,0,2,1,9,0,0,5,0,0,0,0,0,0,1,0,0,0,0,2,0,0,0,1,0,0,0,0,0,0,0,0,0,1,1,1,6,0,0,5,0,1,8,1,1,1,0,4,1,0,0,0,0,0,0,0,16,1,1,12,0,0,0,1,0,1,0,0,0,0,0,0,4,0,0,0,0,0,0,0,0,0,0,0,0,0,4,0,0,0,3,2,1,0
"S20  7",3879,3819,0,0,0,0,0,0,0,0,0,1,1,1,25,1,0,19,1,0,0,0,1,0,0,0,1,0,1,0,0,0,0,1,0,0,0,0,0,0,0,0,0,1,0,4,1,1,0,0,0,0,3,0,0,0,0,2,0,0,0,0,1,0,0,0,19,2,7,4,0,0,0,2,0,4,0,0,0,0,0,0,2,0,0,0,0,0,0,0,0,0,0,2,0,0,0,0,1,1,1,1,0,0
"S20  8",3912,3766,0,0,0,0,0,0,0,0,0,2,3,4,71,5,1,39,15,0,0,4,0,5,0,0,0,1,0,0,0,0,0,1,0,0,0,0,0,0,0,0,0,1,2,16,1,0,1,0,0,0,16,11,0,3,0,0,0,0,0,0,0,0,0,2,15,2,0,10,0,0,0,1,0,2,0,0,0,0,0,0,11,4,0,0,2,1,0,0,0,0,0,2,0,0,1,1,0,0,4,4,0,0
"S21  1",7763,7687,0,0,0,0,0,0,0,0,0,5,0,3,29,0,0,25,1,1,0,0,0,0,0,0,1,1,0,0,0,0,0,0,0,0,0,0,0,0,0,0,0,0,2,1,0,0,0,0,0,0,10,0,0,8,0,0,0,0,0,0,0,0,0,2,25,0,11,11,0,0,0,3,0,0,0,0,0,0,0,0,1,0,0,0,0,0,0,0,0,0,0,0,0,0,1,0,0,0,0,0,0,0
"S21  2",1402,1398,0,0,0,0,0,0,0,0,0,0,0,0,4,0,0,4,0,0,0,0,0,0,0,0,0,0,0,0,0,0,0,0,0,0,0,0,0,0,0,0,0,0,0,0,0,0,0,0,0,0,0,0,0,0,0,0,0,0,0,0,0,0,0,0,0,0,0,0,0,0,0,0,0,0,0,0,0,0,0,0,0,0,0,0,0,0,0,0,0,0,0,0,0,0,0,0,0,0,0,0,0,0
"S21  3",2880,2836,0,0,0,0,0,0,0,0,0,1,0,2,15,1,2,10,2,0,0,0,0,0,0,0,0,0,0,0,0,0,0,0,0,0,0,0,0,0,0,0,0,0,3,0,0,0,0,0,0,0,3,0,0,2,0,0,1,0,0,0,0,0,0,0,20,0,10,10,0,0,0,0,0,0,0,0,0,0,0,0,0,0,0,0,0,0,0,0,0,0,0,0,0,0,0,0,0,0,0,0,0,0
"S21  4",7193,7139,0,1,1,0,0,0,0,0,0,1,0,3,27,1,0,16,0,0,0,2,4,0,0,2,0,0,1,0,0,0,1,0,0,0,0,0,0,0,0,0,0,1,2,0,2,0,1,1,0,0,10,5,0,3,0,0,2,0,0,0,0,0,0,0,7,0,1,3,1,0,0,0,0,2,0,0,0,0,0,0,0,0,0,0,0,0,0,0,0,0,0,0,0,0,0,0,0,0,0,0,0,0
"S21  5",1171,1163,0,0,0,0,0,0,0,0,0,1,0,1,0,0,0,0,0,0,0,0,0,0,0,0,0,0,0,0,0,0,0,0,0,0,0,0,0,0,0,0,0,1,0,0,0,0,0,0,0,0,0,0,0,0,0,0,0,0,0,0,0,0,0,0,0,0,0,0,0,0,0,0,0,0,0,0,0,0,0,0,5,0,0,0,0,0,0,0,0,0,0,0,0,0,5,0,0,0,0,0,0,0
"S25  1",1205,1189,0,0,0,0,0,0,0,0,0,0,0,0,9,0,0,3,4,0,0,0,0,0,0,1,1,0,0,0,0,0,0,0,0,0,0,0,0,0,0,0,0,0,0,1,0,0,0,0,0,0,0,0,0,0,0,0,0,0,0,0,0,0,0,0,3,0,0,0,0,0,0,3,0,0,0,1,0,0,0,0,1,1,0,0,0,0,0,0,0,0,0,0,0,0,0,0,0,0,1,0,0,1
"S25  2",8394,8305,0,0,0,0,0,0,0,0,0,2,0,2,50,1,6,26,8,1,0,0,0,5,0,1,2,0,0,0,0,0,0,0,1,1,0,0,0,0,0,0,0,1,2,3,1,0,0,1,0,0,2,2,0,0,0,0,0,0,0,0,0,0,0,0,13,3,0,2,0,1,0,3,1,3,0,0,0,0,0,0,7,0,0,0,0,0,0,0,0,0,0,4,0,0,2,1,1,1,4,4,0,0
"S25  3",1882,1839,0,0,0,0,0,0,0,0,0,0,1,0,24,0,1,14,5,0,1,0,1,0,0,0,2,0,0,0,0,0,0,0,0,0,0,0,0,0,0,0,0,1,0,5,1,0,0,1,0,0,4,0,0,1,0,0,0,0,0,2,1,0,0,0,6,0,0,1,0,0,0,5,0,0,0,0,0,0,0,0,0,0,0,0,0,0,0,0,0,0,0,0,0,0,0,0,0,0,1,1,0,0
"S25  4",6412,6373,0,0,0,0,0,0,0,0,0,1,0,2,20,0,2,9,2,0,3,0,0,0,0,0,2,1,0,1,0,0,0,0,1,1,0,0,0,0,0,0,0,0,0,2,0,0,0,0,0,0,7,0,0,4,0,1,0,0,0,0,0,0,0,2,4,0,1,2,0,0,0,1,0,0,0,0,0,0,0,0,0,0,0,0,0,0,0,0,0,0,0,0,0,0,0,0,0,0,2,1,0,1
"S25  5",2451,2428,0,0,0,0,0,0,0,0,0,0,0,1,7,0,1,5,0,0,0,0,0,0,0,1,0,0,0,0,0,0,0,0,0,0,0,0,0,0,0,0,0,4,0,0,0,0,0,0,0,0,6,0,1,2,0,0,0,0,0,3,0,0,0,0,4,0,3,0,0,0,0,0,0,1,0,0,0,0,0,0,0,0,0,0,0,0,0,0,0,0,0,0,0,0,0,0,0,0,1,1,0,0
"S26  1",1609,1601,0,0,0,0,0,0,0,0,0,0,0,0,6,0,0,5,0,0,0,1,0,0,0,0,0,0,0,0,0,0,0,0,0,0,0,0,0,0,0,0,0,0,0,0,0,0,0,0,0,0,1,0,0,0,0,1,0,0,0,0,0,0,0,0,1,0,0,0,0,0,0,0,0,1,0,0,0,0,0,0,0,0,0,0,0,0,0,0,0,0,0,0,0,0,0,0,0,0,0,0,0,0
"S26  2",6672,6605,1,0,0,0,0,0,0,0,0,1,1,0,20,2,2,10,2,0,0,3,0,1,0,0,0,0,0,0,0,0,0,0,2,2,0,0,0,0,0,0,0,2,1,2,2,0,2,0,0,0,19,5,0,6,0,0,3,3,0,0,0,0,0,2,15,0,1,9,0,0,0,3,0,2,0,0,0,0,0,0,0,0,0,0,0,0,0,0,0,0,0,0,0,0,0,0,0,0,1,1,0,0
"S26  3",2469,2451,0,0,0,0,0,0,0,0,0,1,1,0,4,0,0,0,0,0,0,0,0,1,0,2,0,1,0,0,0,0,0,0,1,1,0,0,0,0,0,0,0,0,1,0,1,0,1,0,0,0,6,0,2,3,1,0,0,0,0,0,0,0,0,0,1,0,0,1,0,0,0,0,0,0,0,0,0,0,0,0,2,0,0,0,0,0,0,0,0,0,0,2,0,0,0,0,0,0,0,0,0,0
"S26  4",5617,5540,0,4,1,0,0,0,0,3,0,2,2,4,28,0,2,11,5,5,0,1,0,3,1,0,0,0,0,0,0,0,0,0,0,0,0,0,0,0,0,0,0,0,0,6,3,0,0,1,2,0,16,2,0,10,0,3,0,0,0,0,0,0,0,1,4,0,3,1,0,0,0,0,0,0,0,0,0,0,0,0,6,0,1,0,0,0,0,0,2,0,0,0,0,0,0,3,1,1,1,0,0,1
"S26  5",3153,3112,0,0,0,0,0,0,0,0,0,0,0,1,23,0,0,15,3,0,0,1,1,2,0,0,0,0,0,1,0,0,0,0,3,0,2,0,0,1,0,0,0,1,3,1,1,0,1,0,0,0,0,0,0,0,0,0,0,0,0,0,0,0,0,0,7,1,2,0,3,0,0,1,0,0,0,0,0,0,0,0,1,0,0,0,0,0,0,0,0,0,0,1,0,0,0,0,0,0,0,0,0,0
"S26  6",3630,3586,0,0,0,0,0,0,0,0,0,0,0,3,14,0,2,9,1,0,0,0,0,0,0,1,1,0,0,0,0,0,0,0,2,0,2,0,0,0,0,0,0,2,2,5,1,0,0,1,0,0,6,4,0,1,0,0,0,0,0,0,0,0,1,0,7,0,0,4,0,0,0,2,0,1,0,0,0,0,0,0,0,0,0,0,0,0,0,0,0,0,0,0,0,0,0,0,1,1,1,0,0,1
"S26  7",1842,1830,0,0,0,0,0,0,0,0,0,1,0,1,3,0,1,0,0,0,1,0,0,0,0,0,1,0,0,0,0,0,0,0,2,0,2,0,0,0,0,0,0,0,0,0,0,0,0,0,0,0,0,0,0,0,0,0,0,0,0,0,0,0,0,0,5,0,0,3,0,0,0,2,0,0,0,0,0,0,0,0,0,0,0,0,0,0,0,0,0,0,0,0,0,0,0,0,0,0,0,0,0,0
"S3   7",10616,6564,2,0,0,0,0,0,0,0,0,74,21,78,365,12,19,66,10,3,38,37,7,8,19,118,9,6,4,5,0,1,1,2,15,10,2,3,0,0,0,0,0,31,62,633,263,0,84,151,11,17,273,89,43,14,1,20,7,7,14,29,10,19,5,15,1805,115,55,1367,31,16,22,29,152,4,14,0,0,1,1,0,417,10,28,305,1,1,8,10,8,4,2,8,1,7,4,20,7,7,5,4,1,0
"S3   8",3009,1999,1,0,0,0,0,0,0,0,0,9,11,12,138,3,9,39,8,3,10,7,3,14,3,29,4,2,2,2,0,0,0,0,6,2,0,4,0,0,0,0,0,9,2,101,49,0,25,21,3,0,57,12,8,1,0,4,9,1,10,6,3,1,2,0,589,27,11,529,8,1,4,4,1,0,4,0,0,0,0,0,26,2,5,3,0,1,2,0,6,0,0,1,2,0,0,4,0,0,0,0,0,0
"S3   9",5044,3330,0,0,0,0,0,0,0,0,0,23,21,11,109,1,1,38,42,8,3,7,1,1,0,2,3,0,1,0,0,1,0,0,13,8,0,3,0,2,0,0,0,8,19,446,134,0,78,31,21,4,305,149,1,124,10,1,0,0,5,4,0,4,0,7,69,8,3,26,6,0,0,2,3,0,21,0,0,0,0,0,548,18,61,401,0,1,2,1,14,1,5,20,0,7,2,15,2,2,6,6,0,0
"S32  1",1962,1947,0,0,0,0,0,0,0,0,0,2,0,3,10,1,1,3,0,3,1,0,0,1,0,0,0,0,0,0,0,0,0,0,0,0,0,0,0,0,0,0,0,0,0,0,0,0,0,0,0,0,0,0,0,0,0,0,0,0,0,0,0,0,0,0,0,0,0,0,0,0,0,0,0,0,0,0,0,0,0,0,0,0,0,0,0,0,0,0,0,0,0,0,0,0,0,0,0,0,0,0,0,0
"S32  2",896,888,2,0,0,0,0,0,0,0,0,1,1,0,4,0,1,1,0,0,0,0,0,1,0,0,1,0,0,0,0,0,0,0,0,0,0,0,0,0,0,0,0,0,0,0,0,0,0,0,0,0,0,0,0,0,0,0,0,0,0,0,0,0,0,0,0,0,0,0,0,0,0,0,0,0,0,0,0,0,0,0,0,0,0,0,0,0,0,0,0,0,0,0,0,0,0,0,0,0,0,0,0,0
"S32  3",1316,1303,1,0,0,0,0,0,0,0,0,1,0,0,1,0,0,0,0,0,0,0,0,0,0,1,0,0,0,0,0,0,0,0,0,0,0,0,0,0,0,0,0,0,0,0,0,0,0,0,0,0,0,0,0,0,0,0,0,0,0,0,0,0,0,0,8,1,0,0,0,2,0,4,1,0,0,0,0,0,0,0,2,0,0,0,0,0,1,0,0,0,0,0,0,1,0,0,0,0,0,0,0,0
"S32  4",460,456,1,0,0,0,0,0,0,0,0,0,0,0,3,0,0,0,0,3,0,0,0,0,0,0,0,0,0,0,0,0,0,0,0,0,0,0,0,0,0,0,0,0,0,0,0,0,0,0,0,0,0,0,0,0,0,0,0,0,0,0,0,0,0,0,0,0,0,0,0,0,0,0,0,0,0,0,0,0,0,0,0,0,0,0,0,0,0,0,0,0,0,0,0,0,0,0,0,0,0,0,0,0
"S32  5",946,935,1,0,0,0,0,0,0,0,0,1,1,0,6,0,0,6,0,0,0,0,0,0,0,0,0,0,0,0,0,0,0,0,0,0,0,0,0,0,0,0,0,0,0,0,0,0,0,0,0,0,2,0,0,2,0,0,0,0,0,0,0,0,0,0,0,0,0,0,0,0,0,0,0,0,0,0,0,0,0,0,0,0,0,0,0,0,0,0,0,0,0,0,0,0,0,0,0,0,0,0,0,0
"S33  0",1487,1475,0,0,0,0,0,0,0,0,0,0,0,0,7,0,0,2,0,0,0,0,0,1,0,0,0,1,2,1,0,0,0,0,0,0,0,0,0,0,0,0,0,0,0,1,0,0,0,0,0,0,0,0,0,0,0,0,0,0,0,0,0,0,0,0,3,0,0,0,0,0,0,2,0,1,0,0,0,0,0,0,0,0,0,0,0,0,0,0,0,0,0,0,0,0,0,0,0,0,1,1,0,0
"S33  6",990,980,0,0,0,0,0,0,0,0,0,0,0,1,2,0,0,0,0,0,0,0,0,2,0,0,0,0,0,0,0,0,0,0,0,0,0,0,0,0,0,0,0,0,0,0,0,0,0,0,0,0,2,0,0,0,0,0,2,0,0,0,0,0,0,0,4,0,0,3,0,0,0,0,0,0,1,0,0,0,0,0,0,0,0,0,0,0,0,0,0,0,0,0,0,0,0,0,0,0,1,1,0,0
"S33  7",345,338,0,0,0,0,0,0,0,0,0,1,0,0,4,0,2,0,0,0,0,0,1,0,0,0,0,0,1,0,0,0,0,0,0,0,0,0,0,0,0,0,0,0,0,0,0,0,0,0,0,0,2,2,0,0,0,0,0,0,0,0,0,0,0,0,0,0,0,0,0,0,0,0,0,0,0,0,0,0,0,0,0,0,0,0,0,0,0,0,0,0,0,0,0,0,0,0,0,0,0,0,0,0
"S33  8",630,622,0,0,0,0,0,0,0,0,0,0,0,0,5,0,0,0,0,0,0,0,2,0,0,0,1,0,2,0,0,0,0,0,0,0,0,0,0,0,0,0,0,1,0,0,0,0,0,0,0,0,2,0,0,0,0,0,0,0,0,2,0,0,0,0,0,0,0,0,0,0,0,0,0,0,0,0,0,0,0,0,0,0,0,0,0,0,0,0,0,0,0,0,0,0,0,0,0,0,0,0,0,0
"S33  9",1379,1372,0,0,0,0,0,0,0,0,0,0,0,0,4,0,2,1,0,1,0,0,0,0,0,0,0,0,0,0,0,0,0,0,0,0,0,0,0,0,0,0,0,0,0,0,0,0,0,0,0,0,0,0,0,0,0,0,0,0,0,0,0,0,0,0,3,0,0,0,0,0,0,3,0,0,0,0,0,0,0,0,0,0,0,0,0,0,0,0,0,0,0,0,0,0,0,0,0,0,0,0,0,0
"S35  0",6326,6273,0,0,0,0,0,0,0,0,0,7,1,2,12,0,3,2,2,0,2,1,0,1,0,0,1,0,0,0,0,0,0,0,3,2,0,0,0,1,0,0,0,3,0,1,3,0,2,1,0,0,6,1,0,0,0,0,3,0,0,0,0,0,0,2,11,0,0,8,0,0,0,0,2,1,0,0,0,0,0,0,2,0,0,0,0,0,0,0,0,0,0,2,0,0,0,0,0,0,2,1,0,1
"S35  1",7079,7017,0,0,0,0,0,0,0,0,0,2,2,0,18,0,2,0,1,0,1,1,5,6,0,0,2,0,0,0,0,0,0,0,2,0,1,1,0,0,0,0,0,1,1,2,5,0,0,5,0,0,8,1,3,0,1,2,0,0,0,1,0,0,0,0,13,1,4,0,2,1,0,2,0,1,2,0,0,0,0,0,5,0,0,0,0,0,3,0,0,0,0,2,0,0,0,0,0,0,3,2,0,1
"S35  2",5950,5898,0,0,0,0,0,0,0,0,0,0,1,2,14,0,2,4,5,1,0,0,0,1,0,0,1,0,0,0,0,0,0,0,0,0,0,0,0,0,0,0,0,0,4,4,0,0,0,0,0,0,7,3,0,0,0,4,0,0,0,0,0,0,0,0,15,2,5,0,0,0,1,3,0,4,0,0,0,0,0,0,3,0,0,0,0,0,1,0,0,0,0,1,1,0,0,0,0,0,2,0,0,2
"S35  3",3194,3166,0,0,0,0,0,0,0,0,0,2,1,1,9,0,0,4,3,0,0,0,0,1,0,1,0,0,0,0,0,0,0,0,1,0,0,0,0,1,0,0,0,0,1,0,1,0,0,0,1,0,4,0,0,0,0,4,0,0,0,0,0,0,0,0,7,0,1,2,1,0,0,1,1,0,1,0,0,0,0,0,1,0,0,0,0,0,0,0,0,0,0,0,1,0,0,0,0,0,0,0,0,0
"S35  4",6149,6091,0,0,0,0,0,0,0,0,0,4,0,2,25,0,0,7,6,0,0,1,0,6,0,5,0,0,0,0,0,0,0,0,0,0,0,0,0,0,0,0,0,1,2,0,2,0,0,2,0,0,10,5,3,2,0,0,0,0,0,0,0,0,0,0,5,0,0,5,0,0,0,0,0,0,0,0,0,0,0,0,2,0,0,0,0,0,0,0,2,0,0,0,0,0,0,0,1,1,4,1,0,3
"S35  7",2868,2848,0,0,0,0,0,0,0,0,0,2,0,0,12,0,2,6,0,0,0,0,3,0,0,1,0,0,0,0,0,0,0,0,1,0,1,0,0,0,0,0,0,1,0,2,0,0,0,0,0,0,0,0,0,0,0,0,0,0,0,0,0,0,0,0,2,0,0,1,0,0,0,1,0,0,0,0,0,0,0,0,0,0,0,0,0,0,0,0,0,0,0,0,0,0,0,0,0,0,0,0,0,0
"S35  8",4417,4371,0,1,1,0,0,0,0,0,0,0,0,0,6,0,1,3,0,0,0,0,0,0,0,0,1,0,1,0,0,0,0,0,0,0,0,0,0,0,0,0,0,0,1,2,0,0,0,0,0,0,25,8,0,14,0,0,0,2,0,1,0,0,0,0,10,5,0,2,0,0,0,3,0,0,0,0,0,0,0,0,0,0,0,0,0,0,0,0,0,0,0,0,0,0,0,0,1,1,0,0,0,0
"S35  9",4221,4151,0,1,1,0,0,0,0,0,0,1,0,0,19,0,0,8,4,0,0,0,0,3,0,1,3,0,0,0,0,0,0,0,0,0,0,0,0,0,0,0,0,0,0,15,6,0,1,3,2,0,14,5,1,1,0,1,1,0,0,1,4,0,0,0,9,3,0,2,0,0,0,4,0,0,0,0,0,0,0,0,1,0,0,0,0,0,0,0,0,0,1,0,0,0,0,0,0,0,4,4,0,0
"S36  1",6740,6685,0,0,0,0,0,0,0,0,0,1,3,1,15,0,3,10,0,1,0,0,0,0,0,1,0,0,0,0,0,0,0,0,0,0,0,0,0,0,0,0,0,1,0,4,3,0,0,3,0,0,4,0,0,0,0,0,0,0,0,2,2,0,0,0,7,0,0,3,1,0,0,3,0,0,0,0,0,0,0,0,16,0,0,0,0,0,0,0,0,0,0,10,0,0,0,6,0,0,0,0,0,0
"S36  2",5897,5864,0,0,0,0,0,0,0,0,0,1,0,1,14,0,5,5,1,0,2,0,0,0,0,1,0,0,0,0,0,0,0,0,0,0,0,0,0,0,0,0,0,0,0,1,1,0,1,0,0,0,4,3,0,0,0,0,0,0,0,1,0,0,0,0,9,0,3,4,1,0,0,1,0,0,0,0,0,0,0,0,1,1,0,0,0,0,0,0,0,0,0,0,0,0,0,0,0,0,1,1,0,0
"S36  3",373,370,0,0,0,0,0,0,0,0,0,0,0,0,1,0,1,0,0,0,0,0,0,0,0,0,0,0,0,0,0,0,0,0,0,0,0,0,0,0,0,0,0,0,0,0,0,0,0,0,0,0,0,0,0,0,0,0,0,0,0,0,0,0,0,0,1,0,0,0,1,0,0,0,0,0,0,0,0,0,0,0,1,0,0,0,0,0,0,0,0,0,0,0,0,0,0,1,0,0,0,0,0,0
"S36  4",692,671,0,0,0,0,0,0,0,0,0,0,0,1,9,0,0,4,0,0,0,0,0,5,0,0,0,0,0,0,0,0,0,0,0,0,0,0,0,0,0,0,0,0,0,10,0,0,0,0,0,0,0,0,0,0,0,0,0,0,0,0,0,0,0,0,1,0,0,0,0,0,0,1,0,0,0,0,0,0,0,0,0,0,0,0,0,0,0,0,0,0,0,0,0,0,0,0,0,0,0,0,0,0
"S36  6",6491,6450,0,1,0,0,0,1,0,0,0,1,2,3,18,1,0,3,1,0,7,0,3,1,0,0,0,1,0,1,0,0,0,0,0,0,0,0,0,0,0,0,0,2,0,1,2,0,0,2,0,0,0,0,0,0,0,0,0,0,0,0,0,0,0,0,10,0,0,2,0,2,0,5,0,1,0,0,0,0,0,0,0,0,0,0,0,0,0,0,0,0,0,0,0,0,0,0,0,0,1,0,0,1
"S36  7",1622,1611,0,0,0,0,0,0,0,0,0,0,1,4,0,0,0,0,0,0,0,0,0,0,0,0,0,0,0,0,0,0,0,0,0,0,0,0,0,0,0,0,0,1,0,0,0,0,0,0,0,0,1,0,0,1,0,0,0,0,0,0,0,0,0,0,4,0,0,3,0,0,0,1,0,0,0,0,0,0,0,0,0,0,0,0,0,0,0,0,0,0,0,0,0,0,0,0,0,0,0,0,0,0
"S36  8",1718,1699,0,0,0,0,0,0,0,0,0,0,6,2,6,0,0,0,0,0,0,5,0,0,0,0,0,0,0,0,0,0,0,1,0,0,0,0,0,0,0,0,0,0,0,0,1,0,1,0,0,0,1,1,0,0,0,0,0,0,0,0,0,0,0,0,3,2,0,0,0,0,0,0,0,1,0,0,0,0,0,0,0,0,0,0,0,0,0,0,0,0,0,0,0,0,0,0,0,0,0,0,0,0
"S36  9",2910,2872,3,0,0,0,0,0,0,0,0,1,0,4,19,0,2,14,0,0,0,0,0,1,0,1,1,0,0,0,0,0,0,0,1,0,1,0,0,0,0,0,0,0,0,0,4,0,0,4,0,0,0,0,0,0,0,0,0,0,0,0,0,0,0,0,4,0,0,0,0,0,0,1,0,0,3,0,0,0,0,0,1,0,0,0,0,0,0,0,0,0,0,0,0,0,0,1,0,0,1,1,0,0
"S4   7",6614,4753,3,0,0,0,0,0,0,0,0,25,8,8,175,2,5,63,62,12,2,3,11,4,2,2,4,0,0,2,0,0,0,1,5,3,0,0,0,2,0,0,0,6,9,434,199,0,68,26,103,2,600,264,7,213,16,10,5,0,13,5,20,0,0,47,23,2,4,4,1,0,0,0,6,5,1,0,0,0,0,0,360,11,31,246,0,7,0,0,15,2,0,21,0,2,4,21,5,5,1,1,0,0
"S4   8",6855,4699,0,0,0,0,0,0,0,0,0,23,26,3,467,0,4,108,286,34,8,10,2,3,0,2,2,4,4,0,0,0,0,0,4,3,1,0,0,0,0,0,0,40,15,383,187,0,37,31,118,1,786,431,5,257,18,9,7,0,9,8,10,5,0,27,45,2,2,21,0,0,0,0,2,4,14,0,0,0,0,0,167,5,6,88,0,5,2,16,5,0,4,18,0,1,1,16,7,7,3,3,0,0
"S40  1",3918,3788,1,0,0,0,0,0,0,0,0,1,3,1,67,12,3,20,6,1,15,1,0,1,0,1,6,0,0,0,1,0,0,0,5,0,0,0,0,5,0,0,0,2,1,0,5,0,1,2,2,0,23,6,7,1,1,1,0,1,2,0,2,0,0,2,17,2,2,1,0,0,0,9,0,2,1,0,0,0,0,0,2,0,0,0,0,0,0,0,0,0,0,2,0,0,0,0,1,1,1,1,0,0
"S40  2",10571,10325,0,0,0,0,0,0,0,0,0,4,0,3,80,4,5,54,3,4,0,7,0,1,0,0,1,0,0,0,1,0,0,0,3,1,0,0,2,0,0,0,0,1,6,6,7,0,5,2,0,0,73,14,2,24,3,19,2,0,4,0,3,2,0,0,57,6,9,34,0,1,1,4,0,1,1,0,0,0,0,0,5,0,0,0,0,0,0,0,1,0,0,0,3,0,0,1,0,0,1,1,0,0
"S40  3",9201,9112,0,0,0,0,0,0,0,0,0,7,3,5,23,7,5,0,0,2,0,0,2,1,0,1,1,2,1,0,1,0,0,0,3,1,1,0,0,1,0,0,0,1,3,3,0,0,0,0,0,0,20,3,4,2,0,3,2,0,2,4,0,0,0,0,18,1,1,14,0,0,0,1,0,1,0,0,0,0,0,0,0,0,0,0,0,0,0,0,0,0,0,0,0,0,0,0,2,2,1,0,0,1
"S40  4",10613,10452,0,2,1,1,0,0,0,0,0,8,3,2,63,20,8,20,4,0,0,2,3,0,1,0,0,2,3,0,0,0,0,0,3,0,1,0,0,2,0,0,0,6,4,2,5,0,0,4,0,1,21,6,0,0,0,2,0,0,2,3,8,0,0,0,20,0,6,6,1,0,0,1,1,1,4,0,0,0,0,0,18,0,0,0,0,4,0,2,0,0,0,5,0,0,0,7,1,1,3,2,1,0
"S41  0",12525,12286,1,0,0,0,0,0,0,0,0,4,1,7,84,8,8,38,15,0,2,2,0,1,0,7,0,2,0,1,0,0,0,0,2,0,0,0,1,1,0,0,0,1,3,6,8,0,0,8,0,0,62,17,2,2,2,3,3,0,11,8,7,0,0,7,52,0,14,18,0,1,1,7,1,10,0,0,0,0,0,0,5,0,0,0,0,0,2,0,0,0,0,2,0,0,1,0,0,0,3,1,0,2
"S41  7",5979,5801,3,0,0,0,0,0,0,0,0,3,3,5,78,15,3,31,14,4,1,3,0,1,0,4,1,1,0,0,0,0,0,0,0,0,0,0,0,0,0,0,0,0,2,2,1,0,0,1,0,0,38,16,0,12,0,8,0,0,0,0,2,0,0,0,35,7,0,20,0,0,0,7,0,1,0,0,0,0,0,0,4,0,0,0,0,3,0,0,0,0,0,0,0,0,0,1,0,0,4,2,2,0
"S41  8",11071,10876,0,0,0,0,0,0,0,0,0,1,0,7,81,6,8,46,3,2,0,8,0,3,1,2,1,0,0,0,1,0,0,0,2,1,0,1,0,0,0,0,0,4,8,6,4,0,4,0,0,0,42,13,0,7,0,10,2,0,0,10,0,0,0,0,24,2,4,11,0,0,0,4,0,3,0,1,0,0,0,0,10,0,0,0,0,0,1,0,0,0,0,0,1,0,0,8,0,0,5,5,0,0
"S41  9",5559,5497,0,0,0,0,0,0,0,0,0,3,0,1,45,2,5,27,5,1,0,0,1,3,0,0,0,1,0,0,0,0,0,0,0,0,0,0,0,0,0,0,0,1,0,2,1,0,0,1,0,0,1,1,0,0,0,0,0,0,0,0,0,0,0,0,5,1,0,4,0,0,0,0,0,0,0,0,0,0,0,0,0,0,0,0,0,0,0,0,0,0,0,0,0,0,0,0,0,0,3,2,0,1
"S42  5",11683,11594,0,1,1,0,0,0,0,0,0,3,0,3,27,2,3,8,2,0,8,0,1,0,0,1,0,2,0,0,0,0,0,0,0,0,0,0,0,0,0,0,0,2,3,2,2,1,0,1,0,0,15,0,0,1,0,0,0,0,0,4,10,0,0,0,20,0,6,8,0,0,0,2,0,3,1,0,0,0,0,0,5,0,0,0,0,0,0,0,0,0,0,2,2,0,1,0,1,1,5,3,2,0
"S42  6",11055,11000,2,0,0,0,0,0,0,0,0,7,1,2,15,1,3,2,0,0,0,5,0,0,2,2,0,0,0,0,0,0,0,0,0,0,0,0,0,0,0,0,0,0,0,3,1,0,0,1,0,0,15,2,4,1,0,7,0,0,0,0,1,0,0,0,7,0,1,1,0,0,1,3,0,1,0,0,0,0,0,0,0,0,0,0,0,0,0,0,0,0,0,0,0,0,0,0,0,0,2,2,0,0
"S42  7",4734,4676,2,0,0,0,0,0,0,0,0,2,0,7,21,5,1,10,0,0,0,0,2,0,0,2,0,0,0,0,0,0,1,0,0,0,0,0,0,0,0,0,0,0,0,3,4,0,1,3,0,0,7,0,0,0,0,0,2,0,0,3,0,0,2,0,12,1,7,0,0,0,0,3,0,1,0,0,0,0,0,0,0,0,0,0,0,0,0,0,0,0,0,0,0,0,0,0,0,0,0,0,0,0
"S43  1",8490,8386,2,2,0,0,0,0,0,2,0,2,0,2,32,7,5,8,4,0,0,5,0,0,0,2,1,0,0,0,0,0,0,0,1,0,0,1,0,0,0,0,0,5,2,5,2,0,0,0,2,0,21,6,4,4,0,1,0,0,0,0,5,0,0,1,18,2,0,12,0,0,0,3,0,1,0,0,0,0,0,0,4,0,0,0,0,0,0,0,1,0,0,0,0,0,0,3,1,1,5,3,1,1
"S43  2",7028,6958,0,0,0,0,0,0,0,0,0,3,0,0,29,1,5,9,0,2,0,6,0,1,4,0,0,1,0,0,0,0,0,0,0,0,0,0,0,0,0,0,0,3,1,3,0,0,0,0,0,0,10,2,4,2,0,2,0,0,0,0,0,0,0,0,18,1,4,4,0,0,0,3,0,6,0,0,0,0,0,0,1,0,0,0,0,0,0,0,1,0,0,0,0,0,0,0,0,0,2,1,0,1
"S43  3",13199,13091,0,0,0,0,0,0,0,0,0,1,3,3,33,5,2,16,0,1,0,2,2,1,0,0,1,2,1,0,0,0,0,0,1,0,1,0,0,0,0,0,0,1,10,5,1,0,1,0,0,0,16,0,0,5,0,8,3,0,0,0,0,0,0,0,12,0,2,4,0,0,1,0,0,4,1,0,0,0,0,0,20,0,0,0,0,10,0,0,0,0,0,4,0,0,0,6,0,0,2,1,1,0
"S43  4",10234,10102,1,1,0,0,0,0,0,1,0,6,0,3,49,6,4,21,0,1,0,3,5,2,1,1,2,3,0,0,0,0,0,0,1,0,1,0,0,0,0,0,0,1,2,0,0,0,0,0,0,0,33,3,2,10,0,0,8,0,0,1,8,0,0,1,23,0,7,11,0,0,0,4,0,1,0,2,0,0,0,0,9,0,0,0,0,0,0,0,0,0,0,0,0,0,0,9,0,0,1,0,0,1
"S44  5",8006,7906,0,0,0,0,0,0,0,0,0,0,0,1,27,5,1,12,0,0,1,3,0,1,1,1,1,0,0,0,0,0,1,0,0,0,0,0,0,0,0,0,0,1,0,7,0,0,0,0,0,0,30,3,0,8,0,0,0,0,0,7,12,0,0,0,13,0,1,2,0,0,0,1,0,8,1,0,0,0,0,0,18,0,0,0,0,0,0,0,0,0,0,0,1,0,13,4,0,0,3,3,0,0
"S44  6",12934,12823,1,0,0,0,0,0,0,0,0,2,2,2,60,12,3,32,3,1,6,1,0,0,0,1,1,0,0,0,0,0,0,0,0,0,0,0,0,0,0,0,0,1,8,1,2,0,2,0,0,0,9,0,0,3,0,0,0,0,0,5,0,1,0,0,16,0,3,4,0,0,1,1,0,7,0,0,0,0,0,0,0,0,0,0,0,0,0,0,0,0,0,0,0,0,0,0,1,1,6,3,2,1
"S45  0",1553,1541,0,0,0,0,0,0,0,0,0,0,0,0,3,0,2,0,0,0,1,0,0,0,0,0,0,0,0,0,0,0,0,0,0,0,0,0,0,0,0,0,0,2,0,0,0,0,0,0,0,0,2,0,0,0,0,0,0,0,0,2,0,0,0,0,2,0,0,0,1,0,0,1,0,0,0,0,0,0,0,0,3,0,0,0,0,0,0,0,0,0,0,0,3,0,0,0,0,0,0,0,0,0
"S45  8",3707,3687,0,0,0,0,0,0,0,0,0,0,0,1,6,0,2,1,3,0,0,0,0,0,0,0,0,0,0,0,0,0,0,0,1,0,0,1,0,0,0,0,0,0,0,1,0,0,0,0,0,0,2,0,0,0,0,0,0,0,0,2,0,0,0,0,3,0,2,0,0,0,0,1,0,0,0,0,0,0,0,0,1,0,0,0,0,0,0,0,0,0,0,0,1,0,0,0,0,0,5,5,0,0
"S45  9",7941,7847,1,0,0,0,0,0,0,0,0,0,1,3,30,1,3,15,0,0,5,0,0,2,3,0,0,0,1,0,0,0,0,0,0,0,0,0,0,0,0,0,0,0,2,1,1,0,1,0,0,0,25,3,0,4,0,0,0,0,0,0,18,0,0,0,15,1,2,5,0,0,0,4,0,2,1,0,0,0,0,0,7,0,0,0,0,0,0,0,1,0,0,3,2,0,1,0,1,1,7,4,0,3
"S5   0",10668,10209,1,1,0,0,0,0,0,1,0,14,12,3,55,2,3,38,2,0,2,0,3,1,0,2,2,0,0,0,0,0,0,0,3,2,0,1,0,0,0,0,0,3,22,35,31,0,2,20,9,0,80,35,2,11,2,11,5,0,0,6,4,2,0,2,62,3,7,9,1,0,0,2,1,33,6,0,0,0,0,0,131,4,8,23,0,11,6,2,3,0,1,45,0,0,10,18,2,2,4,4,0,0
"S5   6",12146,9857,1,1,0,0,0,1,0,0,0,27,17,19,300,3,2,96,139,21,5,7,1,9,3,6,3,2,3,0,0,0,0,0,11,10,0,1,0,0,0,0,0,11,14,425,158,0,40,47,69,2,930,480,11,258,28,16,7,0,10,8,85,5,0,22,79,5,6,18,4,3,1,1,18,12,11,0,0,1,1,0,282,12,21,121,0,2,5,6,21,2,3,28,0,7,9,45,5,5,8,7,0,1
"S5   7",12244,11489,1,0,0,0,0,0,0,0,0,16,8,6,115,1,8,54,11,3,2,24,4,2,0,2,2,1,0,0,0,0,1,0,5,3,0,1,0,1,0,0,0,6,8,81,68,0,25,22,20,1,259,129,5,56,7,12,3,2,2,5,27,0,0,11,56,4,10,10,4,1,0,2,1,17,7,0,0,0,0,0,115,0,9,39,0,1,0,2,6,0,0,27,1,1,0,29,4,4,7,6,0,1
"S5   8",12393,11935,0,0,0,0,0,0,0,0,0,12,11,5,79,2,4,42,13,6,1,4,2,3,1,0,1,0,0,0,0,0,0,0,3,1,1,1,0,0,0,0,0,2,36,42,41,0,9,29,3,0,77,34,0,25,0,2,3,0,0,0,6,6,0,1,51,14,4,11,3,2,0,2,0,7,8,0,0,0,0,0,89,3,20,32,0,1,0,4,1,1,0,17,0,0,3,7,2,2,8,7,0,1
"S5   9",9328,9194,0,0,0,0,0,0,0,0,0,13,0,1,33,8,0,16,0,0,4,3,0,0,0,1,0,1,0,0,0,0,0,0,2,1,0,0,0,1,0,0,0,7,4,23,3,1,2,0,0,0,13,0,0,7,0,2,0,0,0,0,0,4,0,0,14,4,0,5,0,0,0,3,0,1,1,0,0,0,0,0,13,0,0,1,0,0,0,0,2,0,0,6,0,0,1,3,0,0,8,7,0,1
"S6   1",11242,10832,1,2,0,0,0,0,0,2,0,20,3,9,104,4,6,48,4,3,6,3,0,10,2,4,7,5,1,1,0,0,0,0,1,0,0,1,0,0,0,0,0,4,14,41,25,0,2,23,0,0,44,10,6,7,0,4,1,0,3,6,0,0,2,5,80,6,5,8,3,0,3,3,0,5,47,0,0,0,0,0,58,2,6,21,0,1,1,0,9,0,0,8,3,0,5,2,1,1,3,2,0,1
"S6   2",7505,7189,1,2,0,0,0,0,0,2,0,14,2,18,101,8,15,41,2,1,3,5,2,7,6,4,7,0,0,0,0,0,0,0,1,1,0,0,0,0,0,0,0,3,8,35,14,0,6,8,0,0,17,8,2,2,0,1,1,0,0,3,0,0,0,0,73,0,3,44,5,11,1,2,2,4,1,0,0,0,0,0,21,2,9,6,0,0,0,0,0,0,0,1,0,0,2,1,0,0,6,6,0,0
"S6   3",7542,6587,2,0,0,0,0,0,0,0,0,30,16,39,140,9,8,52,11,1,10,14,0,4,7,14,6,1,0,3,0,0,0,0,13,9,2,0,0,2,0,0,0,3,6,321,71,0,24,38,6,3,67,28,2,12,2,5,0,1,2,6,6,0,0,3,135,14,6,80,4,2,5,6,11,6,1,0,0,0,0,0,106,13,10,57,2,0,1,1,1,0,0,6,0,1,3,11,3,3,3,0,2,1
"S6   4",12806,12536,4,1,0,0,0,1,0,0,0,15,4,19,83,14,10,33,5,3,2,4,2,3,0,1,2,0,1,2,0,0,0,1,3,1,1,0,0,1,0,0,0,33,3,32,5,0,3,2,0,0,29,10,0,5,1,0,3,0,0,3,7,0,0,0,14,5,1,4,0,0,0,1,0,3,0,0,0,0,0,0,18,0,0,3,0,1,0,2,0,0,0,3,1,0,1,7,1,1,6,5,1,0
"S6   5",9445,9283,2,1,0,0,0,0,0,1,0,6,3,11,38,5,5,12,0,0,0,1,3,6,0,6,0,0,0,0,0,0,0,0,1,1,0,0,0,0,0,0,0,4,2,8,20,0,7,13,0,0,25,11,0,2,0,2,1,0,0,7,0,2,0,0,25,3,2,12,2,4,0,1,0,1,0,0,0,0,0,0,15,4,5,1,2,0,0,0,0,0,0,0,0,0,2,1,1,1,0,0,0,0
"S6   6",7736,7676,0,0,0,0,0,0,0,0,0,3,0,1,26,2,7,8,1,1,0,0,0,0,0,1,0,1,1,0,0,0,4,0,0,0,0,0,0,0,0,0,0,0,1,3,3,0,1,2,0,0,3,1,0,0,0,0,0,0,0,2,0,0,0,0,19,2,0,1,0,0,0,1,2,13,0,0,0,0,0,0,0,0,0,0,0,0,0,0,0,0,0,0,0,0,0,0,1,1,0,0,0,0
"S60  1",1198,927,0,1,0,0,0,0,0,0,1,12,0,0,70,0,5,33,14,2,0,11,3,0,0,1,0,0,0,0,1,0,0,0,4,4,0,0,0,0,0,0,0,0,0,12,16,0,7,9,0,0,118,63,2,34,12,2,3,2,0,0,0,0,0,0,8,1,1,0,0,0,0,2,0,4,0,0,0,0,0,0,23,0,1,0,0,0,0,0,0,0,0,1,2,0,1,18,2,2,5,5,0,0
"S60  2",6466,5173,0,1,0,0,0,0,0,0,1,19,1,1,374,3,2,81,206,24,4,27,18,1,3,1,3,1,0,0,0,0,0,0,4,4,0,0,0,0,0,0,0,21,2,64,81,0,29,25,27,0,635,295,7,247,50,11,3,0,5,4,4,0,1,8,36,9,3,15,0,0,3,5,0,0,1,0,0,0,0,0,48,1,0,1,0,0,4,2,10,0,2,7,1,1,5,14,2,2,4,3,1,0
"S60  3",7428,6727,1,1,0,0,0,1,0,0,0,12,1,5,96,2,6,19,40,0,2,16,9,0,0,1,0,0,1,0,0,0,0,0,2,1,0,0,0,1,0,0,0,3,3,58,53,0,10,12,28,3,404,135,17,160,37,9,8,2,4,14,13,1,0,4,21,4,3,4,0,0,1,2,1,5,1,0,0,0,0,0,38,1,1,0,0,1,0,12,1,0,2,11,1,1,0,7,0,0,3,1,1,1
"S60  4",6198,6060,0,0,0,0,0,0,0,0,0,0,1,2,18,1,1,9,1,1,0,4,0,0,1,0,0,0,0,0,0,0,0,0,1,1,0,0,0,0,0,0,0,1,0,17,14,0,0,13,1,0,62,23,2,24,8,2,0,2,0,0,0,0,0,1,15,1,7,3,0,0,0,2,0,2,0,0,0,0,0,0,4,0,0,0,0,0,0,0,0,0,0,3,0,0,0,1,0,0,3,2,0,1
"S60  5",14640,14351,2,3,3,0,0,0,0,0,0,1,9,3,76,6,3,41,8,1,0,4,8,1,0,0,0,0,4,0,0,0,0,0,1,1,0,0,0,0,0,0,0,13,1,19,7,0,1,5,1,0,94,44,0,35,2,0,1,0,0,8,0,0,0,4,23,5,2,11,0,0,0,3,1,0,1,0,0,0,0,0,29,2,0,0,0,0,0,0,0,0,0,13,3,0,0,11,3,3,5,5,0,0
"S61  1",6783,5942,0,1,1,0,0,0,0,0,0,19,0,0,310,4,8,105,113,47,1,19,3,9,1,0,0,0,0,0,0,0,0,0,9,9,0,0,0,0,0,0,0,11,4,20,48,0,24,10,13,1,351,163,2,134,43,1,0,0,1,1,2,1,0,3,21,4,3,7,0,0,1,3,0,3,0,0,0,0,0,0,40,0,4,2,0,0,0,0,1,0,5,5,0,4,4,15,2,2,5,2,2,1
"S61  2",12386,12158,0,0,0,0,0,0,0,0,0,5,0,2,80,4,0,51,5,2,1,2,5,4,0,4,1,0,1,0,0,0,0,0,2,1,0,1,0,0,0,0,0,3,1,6,9,0,3,6,0,0,80,22,0,18,37,2,1,0,0,0,0,0,0,0,13,2,5,2,1,0,0,3,0,0,0,0,0,0,0,0,18,0,2,0,0,0,0,0,0,0,1,6,0,0,0,9,1,1,8,5,2,1
"S61  3",7506,7388,0,0,0,0,0,0,0,0,0,3,1,4,32,0,1,11,3,0,0,15,1,0,0,0,0,0,0,0,0,0,1,0,3,3,0,0,0,0,0,0,0,2,2,15,16,0,6,6,4,0,6,2,0,2,2,0,0,0,0,0,0,0,0,0,9,1,0,3,0,0,0,4,0,1,0,0,0,0,0,0,21,0,0,0,0,0,0,0,0,0,9,10,0,0,0,2,1,1,3,2,0,1
"S61  4",7902,7772,0,1,0,0,0,0,0,1,0,38,0,0,17,2,1,4,2,0,0,4,3,0,0,1,0,0,0,0,0,0,0,0,2,2,0,0,0,0,0,0,0,1,1,14,15,0,10,5,0,0,4,2,0,1,1,0,0,0,0,0,0,0,0,0,9,0,0,6,0,0,0,2,0,1,0,0,0,0,0,0,13,0,0,0,0,0,0,0,0,0,2,3,0,0,2,6,0,0,15,4,0,11
"S62  5",6425,6341,0,2,1,0,0,0,0,1,0,5,3,1,22,0,0,13,3,1,0,4,1,0,0,0,0,0,0,0,0,0,0,0,1,1,0,0,0,0,0,0,0,1,2,5,4,0,1,3,0,0,4,2,0,1,0,0,0,0,0,1,0,0,0,0,17,3,2,6,0,3,0,2,0,1,0,0,0,0,0,0,9,0,0,0,0,0,0,0,0,0,1,0,0,0,0,8,5,5,3,3,0,0
"S62  6",4389,4264,0,0,0,0,0,0,0,0,0,1,0,2,51,1,0,34,1,1,8,4,0,0,0,1,1,0,0,0,0,0,0,0,2,2,0,0,0,0,0,0,0,2,0,6,25,0,3,16,4,2,15,6,0,1,0,0,0,0,0,5,2,0,0,1,6,1,3,1,0,0,0,1,0,0,0,0,0,0,0,0,12,0,0,1,0,0,0,0,0,0,4,6,0,0,0,1,1,1,2,2,0,0
"S62  7",8442,8377,0,1,0,0,0,0,0,1,0,1,1,1,21,1,4,2,4,0,0,7,0,0,0,2,0,0,0,1,0,0,0,0,1,1,0,0,0,0,0,0,0,1,1,3,6,0,1,5,0,0,13,9,0,1,1,0,0,0,0,0,2,0,0,0,8,2,1,0,0,0,0,4,0,1,0,0,0,0,0,0,4,0,0,0,0,0,0,0,2,0,0,0,0,0,0,2,0,0,3,2,0,1
"S63  0",8341,8277,0,1,0,0,0,0,0,1,0,0,3,0,39,0,4,20,1,1,1,2,7,0,0,0,3,0,0,0,0,0,0,0,1,1,0,0,0,0,0,0,0,0,0,0,0,0,0,0,0,0,7,0,0,1,0,0,0,0,3,3,0,0,0,0,10,0,0,3,0,0,0,3,0,2,2,0,0,0,0,0,0,0,0,0,0,0,0,0,0,0,0,0,0,0,0,0,0,0,3,2,0,1
"S63  6",8607,8537,2,0,0,0,0,0,0,0,0,3,0,1,27,2,0,15,1,0,0,1,1,0,0,2,0,0,0,0,0,0,5,0,0,0,0,0,0,0,0,0,0,2,0,3,5,0,2,3,0,0,5,3,0,2,0,0,0,0,0,0,0,0,0,0,15,0,3,1,0,0,0,10,0,1,0,0,0,0,0,0,4,0,0,0,0,0,0,0,0,0,0,0,0,0,0,4,0,0,3,3,0,0
"S63  7",6490,6401,0,0,0,0,0,0,0,0,0,2,1,1,39,1,1,25,2,4,0,0,2,2,0,0,2,0,0,0,0,0,0,0,0,0,0,0,0,0,0,0,0,3,1,5,10,0,2,1,0,7,6,2,0,3,0,1,0,0,0,0,0,0,0,0,12,2,5,2,0,0,1,1,1,0,0,0,0,0,0,0,6,0,0,0,0,0,1,0,0,0,0,5,0,0,0,0,0,0,3,3,0,0
"S63  8",6834,6758,0,2,2,0,0,0,0,0,0,1,1,0,42,1,0,32,0,3,1,1,2,1,1,0,0,0,0,0,0,0,0,0,2,0,2,0,0,0,0,0,0,2,8,1,6,0,0,6,0,0,0,0,0,0,0,0,0,0,0,0,0,0,0,0,6,0,0,1,0,0,1,2,0,2,0,0,0,0,0,0,3,0,0,0,0,0,0,1,0,0,0,0,0,1,0,1,1,1,1,0,0,1
"S63  9",6274,6175,0,0,0,0,0,0,0,0,0,0,1,1,58,0,2,40,0,5,1,0,7,0,0,2,1,0,0,0,0,0,0,0,0,0,0,0,0,0,0,0,0,8,0,2,4,0,0,4,0,0,13,7,0,6,0,0,0,0,0,0,0,0,0,0,5,0,2,1,0,0,0,2,0,0,0,0,0,0,0,0,4,0,0,0,0,0,0,0,0,0,0,1,0,0,3,0,2,2,1,1,0,0
"S64  0",7356,7257,0,0,0,0,0,0,0,0,0,1,0,0,58,1,1,46,1,2,0,0,4,3,0,0,0,0,0,0,0,0,0,0,0,0,0,0,0,0,0,0,0,10,4,2,0,0,0,0,0,0,11,1,1,2,0,2,0,0,0,2,0,0,3,0,7,3,1,0,0,0,0,2,0,1,0,0,0,0,0,0,2,0,0,0,0,0,0,0,0,0,0,2,0,0,0,0,0,0,4,3,1,0
"S64  5",2167,2146,1,0,0,0,0,0,0,0,0,1,0,1,2,0,0,0,1,0,0,0,0,0,0,0,0,0,0,0,0,0,1,0,0,0,0,0,0,0,0,0,0,0,6,2,0,0,0,0,0,0,5,3,0,2,0,0,0,0,0,0,0,0,0,0,3,0,0,1,0,0,0,1,0,0,1,0,0,0,0,0,0,0,0,0,0,0,0,0,0,0,0,0,0,0,0,0,0,0,0,0,0,0
"S64  8",12575,12447,1,0,0,0,0,0,0,0,0,3,1,2,44,0,0,33,11,0,0,0,0,0,0,0,0,0,0,0,0,0,0,0,1,0,0,0,1,0,0,0,0,1,1,15,7,0,1,6,0,0,13,6,0,3,0,2,0,0,0,2,0,0,0,0,25,6,9,3,0,1,0,6,0,0,0,0,0,0,0,0,11,0,1,3,0,0,0,0,0,0,0,4,0,0,0,3,1,1,2,1,0,1
"S64  9",7449,7250,0,0,0,0,0,0,0,0,0,0,4,2,124,4,7,103,2,0,0,4,2,0,1,0,1,0,0,0,0,0,0,0,0,0,0,0,0,0,0,0,0,21,3,2,6,0,2,4,0,0,9,2,0,0,0,1,0,0,2,0,0,0,4,0,17,0,7,5,0,0,0,1,0,4,0,0,0,0,0,0,3,0,0,0,0,0,0,0,0,2,0,0,0,0,0,1,0,0,8,5,0,3
"S65  1",5373,3648,1,0,0,0,0,0,0,0,0,20,18,7,612,2,5,50,292,164,1,61,30,4,0,0,0,1,0,1,0,1,0,0,14,14,0,0,0,0,0,0,0,36,11,153,173,0,72,52,36,13,544,235,4,190,66,4,1,4,0,21,0,0,0,19,55,16,8,16,0,3,5,4,0,2,1,1,0,0,0,0,69,3,0,0,0,0,0,1,5,6,0,10,0,3,1,40,5,5,6,5,1,0
"S65  2",12991,12025,0,5,3,0,0,0,0,1,1,19,6,2,302,6,9,102,92,35,0,45,11,1,0,1,0,0,0,0,0,0,0,0,3,2,0,0,0,1,0,0,0,11,9,57,58,0,18,15,24,1,415,143,1,178,69,0,0,0,0,7,11,0,0,6,36,2,13,8,0,0,1,4,0,7,1,2,1,0,0,0,29,1,0,2,0,0,0,0,0,2,1,11,0,1,3,8,1,1,10,6,0,4
"S65  3",8407,8223,0,0,0,0,0,0,0,0,0,12,5,2,37,0,0,19,4,4,1,4,0,2,0,0,2,1,0,0,0,0,0,0,0,0,0,0,0,0,0,0,0,1,3,15,15,0,3,8,3,1,57,28,0,22,2,2,0,0,0,0,0,0,0,3,13,1,2,4,0,0,0,3,0,3,0,0,0,0,0,0,18,0,2,0,0,0,0,0,2,0,4,5,0,0,0,5,0,0,6,2,4,0
"S65  4",7309,7242,0,0,0,0,0,0,0,0,0,2,1,4,28,0,3,15,1,3,0,3,1,1,0,0,0,0,0,1,0,0,0,0,0,0,0,0,0,0,0,0,0,0,1,6,0,0,0,0,0,0,17,2,7,0,6,0,0,0,0,2,0,0,0,0,4,0,0,2,0,0,1,1,0,0,0,0,0,0,0,0,1,0,0,0,0,0,0,0,1,0,0,0,0,0,0,0,0,0,3,2,0,1
"S66  1",5453,5403,1,0,0,0,0,0,0,0,0,1,0,0,10,0,0,4,0,0,0,0,2,1,0,1,1,1,0,0,0,0,0,0,0,0,0,0,0,0,0,0,0,0,4,1,0,0,0,0,0,0,25,0,5,14,1,0,0,0,4,1,0,0,0,0,3,0,0,0,0,0,0,2,0,1,0,0,0,0,0,0,3,0,0,0,0,0,0,0,0,0,0,0,0,0,0,3,0,0,2,1,1,0
"S66  2",8891,8815,0,0,0,0,0,0,0,0,0,0,3,2,29,1,6,13,2,0,0,4,1,0,0,0,2,0,0,0,0,0,0,0,2,2,0,0,0,0,0,0,0,1,3,2,3,0,1,0,0,2,6,1,2,3,0,0,0,0,0,0,0,0,0,0,22,0,1,8,0,0,0,5,0,7,1,0,0,0,0,0,1,0,0,0,0,0,0,0,0,0,0,1,0,0,0,0,0,0,2,1,0,1
"S66  3",6479,6392,0,0,0,0,0,0,0,0,0,1,0,2,23,0,0,10,3,4,0,2,1,3,0,0,0,0,0,0,0,0,0,0,1,0,1,0,0,0,0,0,0,1,7,10,8,0,1,7,0,0,15,4,0,7,0,0,0,0,0,4,0,0,0,0,17,0,7,8,0,0,0,1,1,0,0,0,0,0,0,0,2,1,0,0,0,0,0,0,1,0,0,0,0,0,0,0,0,0,0,0,0,0
"S66  7",9658,9539,0,0,0,0,0,0,0,0,0,2,3,0,68,1,1,40,10,2,9,0,1,0,1,1,1,0,0,1,0,0,0,0,2,0,0,0,0,2,0,0,0,1,1,0,3,0,0,1,2,0,17,3,0,4,1,0,0,0,0,0,8,0,0,1,14,1,2,7,0,1,0,3,0,0,0,0,0,0,0,0,2,0,0,0,0,0,0,0,0,0,0,1,0,0,1,0,1,1,5,3,0,2
"S66  8",9009,8956,1,1,0,0,0,0,0,1,0,1,1,1,17,2,1,3,0,0,0,3,1,0,0,4,2,1,0,0,0,0,0,0,0,0,0,0,0,0,0,0,0,0,2,2,0,0,0,0,0,0,6,1,0,1,1,1,0,0,2,0,0,0,0,0,6,0,2,2,0,1,0,1,0,0,0,0,0,0,0,0,9,0,0,1,0,0,0,0,1,0,0,0,5,0,2,0,0,0,6,2,0,4
"S66  9",5016,4990,0,0,0,0,0,0,0,0,0,0,0,0,7,1,1,1,1,0,0,0,0,0,0,2,0,1,0,0,0,0,0,0,0,0,0,0,0,0,0,0,0,0,4,3,3,0,3,0,0,0,3,1,0,0,0,0,0,0,0,0,0,0,0,2,3,0,1,1,1,0,0,0,0,0,0,0,0,0,0,0,2,0,0,0,0,0,0,0,0,0,0,1,0,0,0,1,0,0,1,1,0,0
"S7   1",9240,7575,1,0,0,0,0,0,0,0,0,23,9,38,177,12,30,66,20,8,6,3,6,4,5,3,6,3,3,0,0,0,2,0,4,1,3,0,0,0,0,0,0,14,8,81,72,1,40,21,9,1,1049,401,46,352,28,85,11,10,59,24,8,10,4,11,112,12,22,52,3,1,4,4,10,2,2,0,0,1,1,0,61,1,10,27,0,0,3,2,0,0,0,6,0,0,4,8,7,7,8,6,2,0
"S7   2",7492,7007,1,1,0,0,0,1,0,0,0,12,4,13,81,14,12,35,0,0,4,4,4,2,0,0,3,2,0,0,1,0,0,0,3,0,2,0,0,1,0,0,0,3,7,8,21,0,0,9,10,2,278,128,3,96,25,10,1,4,6,0,1,0,0,4,36,5,7,5,4,0,2,2,1,4,6,0,0,0,0,0,11,0,2,3,0,0,3,0,0,0,0,1,0,0,2,0,5,5,1,0,1,0
"S70  1",5426,5063,0,0,0,0,0,0,0,0,0,6,12,5,192,0,2,146,3,0,1,6,31,1,0,0,0,0,1,0,0,0,1,0,7,7,0,0,0,0,0,0,0,15,7,13,26,0,13,5,1,7,23,8,0,6,0,2,2,0,0,4,0,0,0,1,28,1,3,16,0,3,2,0,1,2,0,0,0,0,0,0,23,1,0,7,0,1,0,0,2,0,1,4,0,0,1,6,3,3,3,2,0,1
"S70  2",1564,1417,0,0,0,0,0,0,0,0,0,3,2,5,83,0,6,65,0,0,0,11,0,0,0,0,1,0,0,0,0,0,0,0,5,5,0,0,0,0,0,0,0,3,3,6,11,0,3,6,2,0,10,6,2,0,0,0,0,0,0,0,0,0,2,0,7,0,2,2,0,0,0,1,1,0,1,0,0,0,0,0,8,0,1,1,0,0,0,0,0,0,0,5,0,0,0,1,1,1,0,0,0,0
"S70  3",7549,7307,0,0,0,0,0,0,0,0,0,11,9,2,134,1,2,103,1,0,0,5,14,0,2,1,0,4,0,1,0,0,0,0,8,8,0,0,0,0,0,0,0,9,4,7,11,0,3,7,0,1,18,2,0,1,0,0,0,0,0,11,0,0,4,0,10,0,0,6,0,0,2,1,0,1,0,0,0,0,0,0,15,0,2,0,0,0,0,0,2,0,0,7,0,0,0,4,0,0,4,2,0,2
"S70  4",7756,7459,0,0,0,0,0,0,0,0,0,14,4,1,153,1,1,101,0,1,2,11,28,1,0,0,6,0,0,0,0,1,0,0,12,8,3,0,1,0,0,0,0,6,2,1,16,0,8,6,1,1,24,12,0,0,0,0,2,0,0,8,0,0,0,2,37,6,5,17,1,0,1,4,1,0,2,0,0,0,0,0,20,0,0,0,0,3,1,0,0,0,4,0,1,0,0,11,3,3,4,2,0,2
"S70  5",7584,7503,1,0,0,0,0,0,0,0,0,1,1,0,38,0,1,28,0,0,0,2,2,0,0,0,3,0,1,1,0,0,0,0,4,2,2,0,0,0,0,0,0,4,3,1,3,0,2,1,0,0,2,2,0,0,0,0,0,0,0,0,0,0,0,0,16,1,4,5,0,0,0,2,0,0,4,0,0,0,0,0,3,0,0,0,0,0,0,0,0,0,0,1,0,0,0,2,1,1,3,2,0,1
"S70  6",7372,6975,0,0,0,0,0,0,0,0,0,10,5,5,225,1,2,159,0,1,0,18,29,3,2,1,2,0,0,0,7,0,0,0,6,5,1,0,0,0,0,0,0,19,1,18,17,0,5,8,1,3,51,11,3,6,0,5,6,0,0,12,3,1,4,0,16,0,0,7,2,0,0,4,0,0,3,0,0,0,0,0,18,0,2,0,0,0,0,0,3,0,0,3,0,0,3,7,2,2,4,3,1,0
"S71  1",7704,7444,0,0,0,0,0,0,0,0,0,4,6,0,126,0,3,79,2,6,0,11,13,2,2,1,1,0,1,0,5,0,0,0,10,10,0,0,0,0,0,0,0,7,1,8,28,0,9,16,0,3,22,8,2,8,0,0,0,0,1,2,0,0,0,1,24,4,0,9,2,0,1,2,0,5,1,0,0,0,0,0,20,0,2,0,0,0,0,1,1,0,0,3,0,2,0,11,0,0,4,4,0,0
"S71  2",8816,8725,0,0,0,0,0,0,0,0,0,4,1,0,43,0,1,26,0,0,1,1,11,0,0,0,1,0,0,1,0,0,0,1,2,1,0,1,0,0,0,0,0,5,2,2,10,0,2,8,0,0,10,4,0,1,0,0,2,0,0,0,3,0,0,0,4,0,3,0,0,0,0,0,0,0,1,0,0,0,0,0,6,0,0,0,0,0,0,0,0,0,0,0,0,0,0,6,0,0,2,2,0,0
"S71  3",9115,9004,1,1,0,0,0,0,0,1,0,0,0,3,43,1,2,28,1,1,1,1,2,0,0,0,1,0,0,1,4,0,0,0,3,3,0,0,0,0,0,0,0,2,2,2,9,0,0,7,0,2,7,2,0,2,1,0,2,0,0,0,0,0,0,0,14,0,0,5,0,0,0,3,0,2,4,0,0,0,0,0,23,0,1,0,0,0,0,0,3,0,0,9,1,0,1,8,0,0,1,0,0,1
"S71  4",9737,9645,3,2,0,0,0,0,0,2,0,1,2,3,36,1,2,26,1,4,0,0,1,0,0,0,0,0,1,0,0,0,0,0,4,4,0,0,0,0,0,0,0,6,4,4,7,0,1,6,0,0,6,0,1,1,0,4,0,0,0,0,0,0,0,0,7,0,3,1,0,0,0,3,0,0,0,0,0,0,0,0,1,0,0,0,0,0,0,0,1,0,0,0,0,0,0,0,2,2,4,3,1,0
"S71  5",7874,7743,0,0,0,0,0,0,0,0,0,2,5,1,64,2,0,55,0,0,1,1,4,0,0,0,0,0,0,0,1,0,0,0,9,7,0,0,0,2,0,0,0,0,2,0,6,1,0,5,0,0,5,3,0,2,0,0,0,0,0,0,0,0,0,0,28,5,0,18,1,0,0,3,0,1,0,0,0,0,0,0,9,0,0,0,0,0,0,0,0,0,0,6,0,0,0,3,0,0,0,0,0,0
"S72  0",3248,3228,0,0,0,0,0,0,0,0,0,0,0,0,11,0,0,11,0,0,0,0,0,0,0,0,0,0,0,0,0,0,0,0,1,1,0,0,0,0,0,0,0,0,2,1,0,0,0,0,0,0,0,0,0,0,0,0,0,0,0,0,0,0,0,0,3,0,1,2,0,0,0,0,0,0,0,0,0,0,0,0,2,0,0,0,0,0,0,0,0,0,0,0,0,0,0,2,0,0,0,0,0,0
"S72  7",4476,4355,0,0,0,0,0,0,0,0,0,0,5,1,91,0,0,60,0,3,0,0,8,17,1,0,0,0,0,0,2,0,0,0,1,1,0,0,0,0,0,0,0,3,3,4,3,0,0,3,0,0,2,0,0,2,0,0,0,0,0,0,0,0,0,0,2,0,0,0,2,0,0,0,0,0,0,0,0,0,0,0,4,0,0,0,0,0,0,0,0,0,0,0,0,0,0,4,0,0,2,2,0,0
"S72  8",12424,12313,0,0,0,0,0,0,0,0,0,6,1,1,52,0,2,34,0,0,6,2,3,0,0,2,1,1,0,0,0,0,1,0,2,2,0,0,0,0,0,0,0,5,1,1,3,0,1,0,1,1,3,2,0,1,0,0,0,0,0,0,0,0,0,0,15,0,2,5,0,0,0,4,0,4,0,0,0,0,0,0,14,0,0,0,0,0,4,0,0,0,0,0,0,0,0,10,4,4,3,2,0,1
"S72  9",4246,4225,0,0,0,0,0,0,0,0,0,1,0,0,15,1,0,12,0,0,0,1,0,1,0,0,0,0,0,0,0,0,0,0,0,0,0,0,0,0,0,0,0,0,1,0,0,0,0,0,0,0,2,0,0,0,0,0,0,0,0,2,0,0,0,0,2,0,1,1,0,0,0,0,0,0,0,0,0,0,0,0,0,0,0,0,0,0,0,0,0,0,0,0,0,0,0,0,0,0,0,0,0,0
"S73  0",11340,11138,1,2,0,0,0,0,0,2,0,9,6,4,132,0,4,111,2,0,2,4,0,0,7,1,0,0,1,0,0,0,0,0,3,3,0,0,0,0,0,0,0,1,1,3,0,0,0,0,0,0,11,5,0,0,0,0,0,0,0,4,2,0,0,0,15,3,1,7,1,0,0,1,1,1,0,0,0,0,0,0,10,0,0,0,0,0,0,0,0,0,1,5,0,2,0,2,1,1,3,3,0,0
"S73  8",8012,7811,0,2,2,0,0,0,0,0,0,8,10,0,116,0,0,102,1,1,2,2,5,0,1,0,1,0,0,0,0,1,0,0,2,2,0,0,0,0,0,0,0,3,13,3,2,0,1,0,0,1,11,3,0,3,0,0,0,0,0,2,2,0,0,1,17,0,1,2,2,0,0,7,1,0,4,0,0,0,0,0,9,0,0,2,0,0,0,0,0,0,0,0,0,5,0,2,0,0,5,4,0,1
"S73  9",6649,6562,0,0,0,0,0,0,0,0,0,0,1,2,37,0,1,24,2,1,0,0,6,0,0,1,0,0,0,0,0,2,0,0,6,6,0,0,0,0,0,0,0,7,0,2,4,0,0,0,0,4,18,0,0,0,0,8,0,0,0,7,0,1,2,0,6,0,0,4,0,0,0,1,0,1,0,0,0,0,0,0,4,0,0,0,0,0,0,0,0,0,0,0,0,0,0,4,0,0,0,0,0,0
"S74  0",7138,7075,0,0,0,0,0,0,0,0,0,0,0,0,30,0,6,12,0,0,2,2,2,0,0,0,0,1,0,0,1,4,0,0,2,1,0,0,1,0,0,0,0,0,1,0,7,0,0,3,0,4,9,5,0,0,0,0,2,0,0,0,1,0,0,1,3,0,0,0,1,0,0,0,0,1,1,0,0,0,0,0,8,0,0,0,0,0,0,0,0,0,0,5,0,0,1,2,1,1,2,2,0,0
"S74  8",3996,3942,0,0,0,0,0,0,0,0,0,2,0,0,29,0,2,21,0,0,0,2,0,0,2,0,0,0,2,0,0,0,0,0,0,0,0,0,0,0,0,0,0,1,0,4,1,0,0,1,0,0,8,3,0,3,0,0,0,0,0,0,0,0,2,0,1,0,0,0,0,0,1,0,0,0,0,0,0,0,0,0,8,0,0,0,0,1,0,0,2,0,0,2,0,0,0,3,0,0,0,0,0,0
"S74  9",5948,5888,0,0,0,0,0,0,0,0,0,1,0,2,22,0,2,16,1,2,0,0,1,0,0,0,0,0,0,0,0,0,0,0,0,0,0,0,0,0,0,0,0,2,7,2,0,0,0,0,0,0,9,0,0,5,0,4,0,0,0,0,0,0,0,0,7,0,0,3,0,0,0,4,0,0,0,1,0,0,0,0,5,0,0,0,1,0,0,0,0,0,0,1,0,0,1,2,1,1,1,1,0,0
"S75  1",6809,6701,0,0,0,0,0,0,0,0,0,0,3,2,50,0,2,34,0,0,0,6,3,1,0,4,0,0,0,0,0,0,0,0,0,0,0,0,0,0,0,0,0,8,2,2,8,0,1,5,1,1,12,4,0,2,0,0,0,0,0,0,0,4,0,2,14,1,1,7,0,0,1,2,0,2,0,0,0,0,0,0,5,0,0,0,0,0,0,0,0,0,0,5,0,0,0,0,1,1,1,1,0,0
"S75  2",8412,8154,1,0,0,0,0,0,0,0,0,4,4,1,94,1,2,68,0,1,4,8,7,0,0,1,0,1,0,0,0,0,0,1,5,4,1,0,0,0,0,0,0,12,2,24,19,0,1,9,7,2,43,7,10,7,0,8,2,0,5,1,0,0,0,3,27,2,6,8,3,0,0,2,0,5,1,0,0,0,0,0,19,0,8,0,0,0,0,0,0,0,0,1,0,0,0,10,1,1,2,2,0,0
"S75  3",7440,7374,0,0,0,0,0,0,0,0,0,0,4,2,26,4,0,14,3,0,2,0,0,0,0,0,2,0,0,0,1,0,0,0,2,1,0,0,1,0,0,0,0,0,0,2,1,0,0,1,0,0,6,1,2,1,0,0,2,0,0,0,0,0,0,0,22,0,0,10,7,0,1,0,0,0,4,0,0,0,0,0,0,0,0,0,0,0,0,0,0,0,0,0,0,0,0,0,0,0,1,1,0,0
"S75  4",4638,4604,1,0,0,0,0,0,0,0,0,0,0,0,19,0,3,8,0,0,0,0,0,0,0,3,1,1,3,0,0,0,0,0,0,0,0,0,0,0,0,0,0,2,0,3,1,0,0,0,0,1,2,0,0,1,0,0,0,0,0,0,0,0,0,1,4,0,0,0,1,0,0,1,0,2,0,0,0,0,0,0,2,0,0,0,0,0,0,0,0,0,0,0,1,0,0,1,0,0,0,0,0,0
"S75  5",8289,8168,0,0,0,0,0,0,0,0,0,4,1,0,49,0,1,33,0,0,0,2,8,5,0,0,0,0,0,0,0,0,0,0,2,1,0,0,0,1,0,0,0,5,4,4,8,0,0,7,0,1,7,4,0,0,0,0,0,0,0,0,0,0,0,3,26,0,3,12,3,0,0,4,1,3,0,0,0,0,0,0,8,0,0,2,0,0,0,0,0,0,0,3,3,0,0,0,0,0,3,2,0,1
"S75  6",6681,6555,0,1,0,0,0,0,0,1,0,1,5,0,51,0,1,18,0,1,0,2,15,12,1,0,1,0,0,0,0,0,0,0,12,12,0,0,0,0,0,0,0,13,2,3,5,0,0,5,0,0,10,2,0,3,0,0,0,0,0,2,0,0,3,0,14,2,3,6,1,0,0,2,0,0,0,0,0,0,0,0,2,0,0,0,0,0,0,0,0,0,0,0,2,0,0,0,0,0,7,7,0,0
"S8   0",10614,9732,0,1,0,0,0,0,0,1,0,19,5,12,150,13,17,69,14,11,1,9,5,2,1,2,3,0,0,2,0,0,0,1,9,6,2,0,0,1,0,0,0,1,11,49,58,1,19,22,14,2,458,176,22,87,14,50,12,6,53,17,7,12,0,2,64,7,22,26,2,3,0,2,2,0,0,0,0,0,0,0,36,10,7,3,0,1,0,2,2,0,0,1,1,0,0,9,3,3,6,5,0,1
"S8   7",11998,11659,0,0,0,0,0,0,0,0,0,20,10,15,76,5,7,36,11,1,0,6,6,2,0,0,0,0,0,2,0,0,0,0,11,10,0,1,0,0,0,0,0,5,16,16,25,0,12,13,0,0,30,10,4,5,0,7,1,0,0,0,2,0,0,1,32,8,3,11,2,0,0,1,3,2,2,0,0,0,0,0,73,2,3,13,0,0,0,0,5,1,0,34,0,0,3,12,6,6,4,3,1,0
"S8   8",12184,11877,0,1,0,0,0,0,0,1,0,19,7,4,109,9,8,42,7,12,5,0,8,8,2,2,3,1,2,0,0,0,0,0,6,6,0,0,0,0,0,0,0,6,6,16,28,0,21,7,0,0,27,12,3,6,1,0,4,0,0,1,0,0,0,0,29,2,4,2,5,0,0,3,0,5,8,0,0,0,0,0,29,3,0,2,0,0,0,0,0,0,0,7,1,0,4,12,6,6,14,7,6,1
"S8   9",9551,9056,5,0,0,0,0,0,0,0,0,8,6,24,151,9,15,66,5,15,3,2,16,6,3,3,4,2,1,1,0,0,0,0,2,0,0,1,0,1,0,0,0,9,7,19,26,1,8,13,2,2,154,84,0,34,1,21,3,1,5,0,4,0,0,1,34,2,8,15,2,0,0,3,2,1,1,0,0,0,0,0,42,3,10,21,0,0,0,0,0,0,0,4,0,0,2,2,5,5,3,3,0,0
"S80  1",5319,4871,0,0,0,0,0,0,0,0,0,4,2,1,371,0,1,344,5,0,7,4,6,4,0,0,0,0,0,0,0,0,0,0,3,1,2,0,0,0,0,0,0,4,9,7,4,0,4,0,0,0,15,0,5,0,0,1,0,0,0,0,9,0,0,0,11,0,3,3,1,0,0,2,1,1,0,0,0,0,0,0,10,0,0,0,0,0,0,0,2,0,0,0,1,0,0,7,1,1,6,2,4,0
"S80  2",9179,8575,1,5,1,0,0,0,0,4,0,3,6,4,452,1,3,405,8,0,11,12,8,3,1,0,0,0,0,0,0,0,0,0,5,2,0,3,0,0,0,0,0,10,7,1,18,0,15,3,0,0,33,4,1,5,0,9,0,2,0,8,0,2,0,2,40,0,11,18,6,0,0,4,0,1,0,0,0,0,0,0,10,0,0,0,0,0,1,1,0,0,0,2,0,2,0,4,3,3,6,3,3,0
"S80  3",4820,4693,0,0,0,0,0,0,0,0,0,1,0,3,97,0,0,82,7,0,0,2,1,0,0,3,2,0,0,0,0,0,0,0,1,0,0,0,0,1,0,0,0,3,0,4,1,0,1,0,0,0,9,3,1,0,0,5,0,0,0,0,0,0,0,0,7,0,0,3,0,0,4,0,0,0,0,0,0,0,0,0,1,0,0,0,0,0,0,0,1,0,0,0,0,0,0,0,0,0,0,0,0,0
"S80  4",9569,9431,0,0,0,0,0,0,0,0,0,3,1,2,91,7,4,65,5,3,2,0,0,0,1,2,0,0,2,0,0,0,0,0,0,0,0,0,0,0,0,0,0,2,4,1,0,0,0,0,0,0,9,2,0,4,0,0,0,0,0,3,0,0,0,0,17,0,6,4,1,0,0,2,0,4,0,0,0,0,0,0,4,0,0,0,0,0,0,0,0,0,0,0,0,0,0,4,1,1,3,2,1,0
"S81  0",10789,10510,0,1,0,0,0,0,0,1,0,4,2,5,206,3,2,189,1,0,1,1,6,0,0,2,0,0,0,0,0,0,0,1,3,3,0,0,0,0,0,0,0,2,2,6,3,0,1,1,1,0,29,8,2,3,0,0,0,4,0,0,7,0,0,5,13,1,0,4,0,0,2,1,1,2,2,0,0,0,0,0,2,0,0,0,0,0,0,0,0,0,0,2,0,0,0,0,0,0,1,0,0,1
"S81  7",10145,9833,0,1,1,0,0,0,0,0,0,2,1,9,215,6,3,202,1,0,0,0,1,1,0,1,0,0,0,0,0,0,0,0,1,0,0,0,0,1,0,0,0,3,4,11,4,0,3,1,0,0,36,10,7,3,0,3,1,0,0,3,4,4,1,0,21,1,2,7,1,0,0,5,0,3,2,0,0,0,0,0,2,0,0,0,0,0,0,0,0,0,0,0,1,1,0,0,2,2,0,0,0,0
"S81  8",7466,7364,0,0,0,0,0,0,0,0,0,0,0,4,74,1,0,61,1,0,0,0,0,4,2,2,2,0,0,0,0,0,1,0,3,0,1,0,0,2,0,0,0,2,1,3,1,0,0,1,0,0,11,0,0,3,0,0,0,0,0,1,2,0,1,4,2,0,0,2,0,0,0,0,0,0,0,0,0,0,0,0,0,0,0,0,0,0,0,0,0,0,0,0,0,0,0,0,0,0,1,1,0,0
"S81  9",7691,7605,0,0,0,0,0,0,0,0,0,1,0,1,49,0,0,43,0,1,0,1,0,0,1,0,2,0,0,0,0,0,1,0,1,0,0,1,0,0,0,0,0,0,0,2,7,0,6,1,0,0,4,2,0,0,0,0,0,0,0,2,0,0,0,0,7,0,0,4,0,0,2,0,0,1,0,0,0,0,0,0,3,0,0,0,0,0,0,0,0,0,0,0,1,0,0,2,2,2,9,8,1,0
"S9   1",11499,9568,1,0,0,0,0,0,0,0,0,26,8,7,387,5,1,132,140,43,11,13,1,18,5,0,0,0,2,2,0,13,0,1,7,1,2,2,0,2,0,0,0,14,19,139,145,0,36,14,93,2,954,405,3,434,40,33,9,0,0,6,5,5,0,14,89,3,0,24,0,0,0,5,45,0,12,0,0,1,0,1,124,3,5,45,2,0,9,2,0,0,5,28,0,3,6,16,6,6,4,3,0,1
"S9   3",3253,1830,0,0,0,0,0,0,0,0,0,10,4,1,75,0,0,35,26,5,1,4,0,1,0,0,2,0,0,0,0,1,0,0,3,1,0,2,0,0,0,0,0,13,10,126,150,0,30,2,116,2,831,177,7,128,17,466,5,1,9,2,2,0,0,17,21,1,2,5,0,0,0,0,7,2,4,0,0,1,1,0,166,6,6,128,0,0,0,1,6,0,0,3,0,0,0,16,7,7,5,4,1,0
"S9   4",7902,6826,0,0,0,0,0,0,0,0,0,6,5,3,128,0,0,43,44,1,4,6,11,12,0,4,1,1,0,0,0,0,0,1,9,6,2,0,0,1,0,0,0,10,2,75,84,0,15,13,55,1,598,234,1,130,26,180,1,0,6,3,4,1,0,12,89,4,3,23,1,0,0,1,35,9,13,0,0,0,0,0,61,5,3,29,0,0,0,0,1,0,6,9,0,0,0,8,3,3,3,2,1,0
"S9   5",3934,2881,0,0,0,0,0,0,0,0,0,18,14,2,146,1,4,39,70,16,4,6,2,2,0,1,0,0,0,0,0,1,0,0,0,0,0,0,0,0,0,0,0,10,6,95,108,0,31,3,73,1,524,151,1,106,20,223,10,0,1,3,0,0,0,9,32,0,0,15,0,0,0,7,5,5,0,0,0,0,0,0,94,5,12,59,0,0,0,0,2,0,0,6,0,1,3,6,2,2,2,2,0,0
"SE1  0",4737,3623,0,1,1,0,0,0,0,0,0,97,69,117,287,58,51,35,3,2,10,5,1,5,4,76,7,17,6,4,1,0,0,2,34,12,12,0,1,9,0,0,0,10,18,64,14,1,2,7,1,3,82,14,9,2,0,43,2,1,0,6,0,0,5,0,191,11,7,132,13,14,1,2,0,10,1,0,0,0,0,0,118,21,24,15,1,11,13,3,5,3,6,0,0,4,4,8,12,12,0,0,0,0
"SE1  1",4177,3443,3,2,2,0,0,0,0,0,0,62,39,63,176,35,25,33,2,6,3,4,3,15,1,25,3,8,6,4,1,1,0,1,13,9,2,1,0,1,0,0,0,11,15,33,25,3,4,16,1,1,82,2,4,0,0,60,9,0,1,4,0,0,0,2,113,12,10,21,7,7,2,3,1,46,4,0,0,0,0,0,92,9,8,22,0,8,24,5,4,0,0,1,1,0,7,3,4,4,1,0,0,1
"SE1  2",7640,6127,2,1,1,0,0,0,0,0,0,212,66,156,579,141,148,47,5,4,23,8,6,15,15,31,43,33,16,9,4,1,3,27,33,9,9,1,0,14,0,0,0,55,26,28,30,1,18,7,1,3,54,8,14,4,0,11,10,0,0,2,1,2,0,2,177,6,9,78,34,8,8,12,2,10,10,0,0,0,0,0,85,4,9,5,3,7,18,5,1,0,1,1,9,6,4,12,8,8,1,1,0,0
"SE1  3",8595,7006,0,2,1,1,0,0,0,0,0,185,69,158,467,113,102,79,9,4,13,18,7,11,6,34,15,37,4,6,4,0,0,5,29,9,5,4,1,10,0,0,0,47,35,49,58,3,30,17,0,8,107,4,11,1,0,39,17,1,9,12,2,0,4,7,196,12,17,84,12,11,21,8,3,18,10,0,0,0,0,0,177,21,9,41,7,18,31,5,0,3,2,2,3,22,10,3,9,9,1,0,0,1
"SE1  4",10345,8333,0,1,1,0,0,0,0,0,0,177,87,214,510,116,100,74,9,13,21,18,2,12,11,47,26,18,18,7,6,2,3,7,45,22,7,3,1,12,0,0,0,36,55,98,58,1,19,18,13,7,170,13,13,3,0,96,22,2,5,3,1,1,7,4,273,24,40,106,30,16,17,13,5,20,2,0,0,0,0,0,263,29,19,47,11,28,55,10,6,1,0,5,1,13,20,18,18,18,7,5,2,0
"SE1  5",10833,8239,1,2,1,0,0,0,0,1,0,137,244,424,587,103,40,161,20,14,34,52,7,36,34,32,11,8,15,6,1,4,4,5,52,29,11,10,0,2,0,0,0,52,79,154,60,0,15,20,6,19,134,12,21,1,0,56,23,4,0,3,0,2,4,8,298,16,33,112,10,12,40,18,6,39,12,0,0,0,0,0,350,29,27,105,9,45,49,11,1,11,5,5,5,12,30,6,15,15,5,3,1,1
"SE1  6",6187,4363,3,4,1,0,0,2,0,1,0,132,100,213,340,69,40,58,9,10,15,18,16,17,18,33,9,12,4,2,6,3,0,1,39,15,12,3,1,8,0,0,0,28,20,74,60,5,16,19,13,7,323,22,17,1,0,254,13,0,4,7,1,0,3,1,287,7,21,126,23,14,34,23,2,22,15,0,0,0,0,0,183,22,19,44,6,20,29,5,1,3,3,3,1,7,12,8,16,16,2,2,0,0
"SE1  7",5416,4133,1,1,1,0,0,0,0,0,0,114,110,110,253,91,36,31,1,5,8,3,3,4,5,27,14,9,11,0,0,1,1,3,22,6,11,4,0,1,0,0,0,40,21,40,42,8,9,9,0,16,43,7,2,0,0,26,4,0,2,0,0,0,0,2,393,21,28,145,23,30,8,8,2,124,4,0,0,0,0,0,86,11,22,11,1,10,14,2,4,1,3,0,3,0,2,2,6,6,1,1,0,0
"SE1  8",3982,3183,4,1,0,0,0,1,0,0,0,62,52,70,151,41,30,16,4,3,3,4,0,3,3,11,10,10,4,4,1,2,1,1,17,12,2,1,0,2,0,0,0,15,14,31,7,0,4,1,1,1,47,4,2,1,0,34,4,0,0,0,0,0,1,1,247,8,61,82,10,23,2,19,0,29,13,0,0,0,0,0,77,12,11,18,0,7,7,8,2,0,2,0,1,1,2,6,4,4,0,0,0,0
"SE1  9",2967,2455,2,2,0,1,0,0,0,1,0,47,14,31,139,29,34,18,2,1,5,1,0,0,13,15,11,2,2,1,3,0,0,2,12,0,5,2,1,4,0,0,0,19,7,11,14,0,5,6,0,3,47,5,5,1,0,24,4,0,0,3,2,0,2,1,129,7,18,66,5,8,10,1,4,10,0,0,0,0,0,0,31,0,5,10,0,4,2,5,1,0,0,0,2,0,0,2,5,5,2,2,0,0
"SE10 0",7405,5975,0,0,0,0,0,0,0,0,0,91,59,78,451,49,58,86,29,7,36,35,10,15,43,32,7,21,6,10,4,0,2,1,34,14,3,8,4,5,0,0,0,64,28,23,22,2,2,3,7,8,231,18,30,22,0,30,15,1,8,38,0,3,61,5,245,23,24,134,15,10,16,5,3,9,6,0,0,0,0,0,81,0,8,15,0,7,9,5,5,0,1,3,10,0,7,11,14,14,9,9,0,0
"SE10 8",7122,6348,4,1,1,0,0,0,0,0,0,89,23,47,253,36,50,51,5,10,11,4,3,9,5,9,20,20,9,5,2,0,2,2,31,19,3,4,0,5,0,0,0,25,33,24,32,1,4,13,4,10,66,9,3,4,0,3,15,0,0,13,0,2,16,1,78,6,11,17,15,8,13,1,0,5,2,0,0,0,0,0,65,5,2,10,0,3,11,3,4,6,6,4,5,1,2,3,3,3,0,0,0,0
"SE10 9",8268,6959,5,2,1,0,0,0,0,0,1,130,41,107,332,52,52,61,13,7,21,16,9,22,7,21,23,8,4,11,2,0,2,1,41,23,12,3,0,3,0,0,0,29,44,39,44,3,16,14,4,7,139,19,21,9,0,12,17,0,0,14,2,15,30,0,261,13,22,130,23,6,37,16,9,3,2,0,0,0,0,0,90,0,9,25,0,5,10,11,2,4,3,5,6,3,5,2,2,2,3,2,0,1
"SE11 4",8540,7062,4,4,1,0,0,1,0,2,0,99,152,185,276,60,43,64,7,8,19,11,4,11,5,7,6,12,6,6,3,1,0,3,26,12,5,2,0,7,0,0,0,28,27,82,21,0,7,8,0,6,139,14,5,7,0,103,2,1,0,0,0,0,2,5,215,17,29,97,8,14,12,3,3,25,7,0,0,0,0,0,209,32,23,49,8,22,30,11,9,3,0,0,0,9,8,5,4,4,7,6,1,0
"SE11 5",7045,5323,0,0,0,0,0,0,0,0,0,118,383,277,289,77,34,66,9,5,10,10,1,26,6,16,4,7,5,1,3,1,5,3,32,14,4,4,3,7,0,0,0,24,28,69,24,2,11,9,0,2,59,6,0,1,0,33,7,0,2,4,0,2,2,2,136,9,11,34,12,16,10,7,2,25,10,0,0,0,0,0,274,39,44,98,1,30,17,4,1,8,12,0,1,7,9,3,7,7,2,1,0,1
"SE11 6",5611,4325,2,0,0,0,0,0,0,0,0,83,205,183,198,62,21,56,8,2,3,3,0,6,5,11,1,13,4,1,0,2,0,0,19,11,5,1,0,2,0,0,0,15,22,40,32,0,6,13,0,13,70,18,2,2,0,42,6,0,0,0,0,0,0,0,153,5,37,35,9,24,6,7,0,24,6,0,0,0,0,0,257,26,39,88,0,30,22,14,6,5,6,0,0,5,4,12,4,4,3,2,1,0
"SE12 0",8223,7105,0,0,0,0,0,0,0,0,0,68,47,50,288,25,16,108,15,6,23,44,4,6,14,9,3,8,2,2,0,1,1,1,38,28,3,1,4,2,0,0,0,22,89,35,49,0,1,34,10,4,216,14,8,14,0,25,10,3,7,124,0,2,7,2,110,9,20,30,5,1,24,8,0,10,3,0,0,0,0,0,99,2,1,18,2,23,20,8,0,3,3,2,4,3,4,6,5,5,2,1,0,1
"SE12 8",7584,6587,0,0,0,0,0,0,0,0,0,86,47,40,271,43,16,77,9,3,7,40,3,21,14,17,6,3,1,0,4,2,3,2,15,7,2,5,0,1,0,0,0,17,74,16,38,0,9,15,2,12,206,15,2,27,0,32,21,1,1,80,0,3,7,17,109,10,17,23,19,1,24,3,0,9,3,0,0,0,0,0,65,0,0,9,1,9,13,9,2,3,0,2,4,3,8,2,4,4,9,8,0,1
"SE12 9",10061,8713,7,0,0,0,0,0,0,0,0,76,48,45,355,22,20,103,6,7,18,91,9,9,26,17,10,2,10,2,2,0,1,0,38,31,3,2,0,2,0,0,0,38,136,23,45,0,12,26,3,4,313,25,12,15,0,31,12,2,14,164,6,12,18,2,82,10,15,25,3,2,13,7,1,6,0,0,1,0,0,0,131,2,4,3,0,13,32,25,9,1,2,17,3,7,2,11,5,5,5,4,1,0
"SE13 5",12083,10074,5,0,0,0,0,0,0,0,0,196,85,180,574,76,72,191,5,14,24,65,14,21,21,18,14,14,5,11,4,0,2,3,80,54,10,7,1,8,0,0,0,53,109,46,51,0,15,19,7,10,224,10,26,4,0,25,18,1,5,95,3,11,18,8,263,32,21,146,12,2,21,7,2,18,2,0,0,1,1,0,125,3,5,24,2,13,13,5,4,3,4,5,8,26,5,5,13,13,4,3,0,1
"SE13 6",11271,9103,0,4,2,0,0,0,1,0,1,206,96,129,588,51,40,266,11,8,50,56,14,21,13,11,15,14,9,7,1,0,0,1,71,51,9,5,0,6,2,2,0,37,71,55,90,0,9,49,27,5,334,33,19,17,0,25,16,0,5,177,3,19,18,2,246,28,37,105,21,7,12,5,3,24,4,0,0,0,0,0,213,2,5,51,1,15,32,19,7,2,16,7,5,16,18,17,18,18,8,5,3,0
"SE13 7",16834,13337,1,4,1,0,0,0,0,3,0,302,116,248,1004,94,73,413,12,16,45,97,7,38,108,34,21,27,6,5,3,1,2,2,138,96,9,24,1,8,0,0,0,73,151,87,76,7,13,22,23,11,537,37,41,12,0,25,25,8,16,289,6,23,42,13,429,47,43,216,23,8,44,28,6,12,2,0,0,0,0,0,311,7,7,31,3,15,39,32,26,37,4,9,8,57,21,15,13,13,7,5,0,2
"SE14 5",14370,11402,2,3,1,0,0,1,0,1,0,279,178,307,857,129,88,243,25,14,46,77,13,55,30,32,15,57,11,10,4,2,3,3,63,33,11,6,1,12,0,0,0,56,87,86,98,2,21,43,27,5,141,20,5,1,3,26,12,0,6,48,2,6,9,3,407,21,76,114,29,8,105,8,2,32,12,2,0,10,8,2,362,2,15,101,13,52,66,25,2,5,6,9,8,32,15,11,20,20,10,8,2,0
"SE14 6",9180,7036,3,7,4,0,0,3,0,0,0,208,114,174,461,70,43,129,23,4,27,31,4,22,34,18,13,20,8,7,3,0,3,2,69,28,12,9,1,19,0,0,0,40,67,22,59,3,16,26,12,2,169,20,8,5,7,44,14,1,1,47,0,1,8,13,544,39,73,201,46,14,132,7,7,14,11,0,0,0,0,0,201,5,10,55,0,19,42,18,3,5,5,2,4,15,5,13,4,4,2,2,0,0
"SE15 1",6743,5220,0,2,2,0,0,0,0,0,0,144,95,215,269,46,25,103,5,4,12,13,7,16,6,12,8,3,1,3,3,0,0,2,31,28,0,0,1,2,0,0,0,12,51,55,65,0,28,31,5,1,86,18,4,6,0,36,2,0,0,17,0,1,0,2,163,5,33,53,3,0,34,3,1,27,4,0,0,1,1,0,309,11,4,82,19,31,85,20,4,6,3,2,3,18,10,11,20,20,5,4,0,1
"SE15 2",11912,9583,3,6,4,0,0,1,0,1,0,236,181,267,465,74,22,151,10,3,37,26,9,23,27,22,19,16,11,8,3,2,2,0,26,13,9,1,0,3,0,0,0,20,104,54,134,0,29,75,25,5,133,18,13,3,1,53,18,0,3,9,3,0,7,5,228,7,26,68,9,7,55,8,8,36,4,0,0,2,2,0,430,19,10,78,15,70,111,30,4,4,5,7,1,27,28,21,34,34,6,6,0,0
"SE15 3",13564,11632,1,5,3,0,0,2,0,0,0,156,139,217,412,64,55,137,9,10,35,21,7,7,16,19,12,8,3,7,0,0,2,0,22,9,7,2,1,3,0,0,0,21,88,53,55,1,17,19,8,10,159,44,15,2,1,62,17,1,0,14,0,2,0,1,160,12,30,56,12,3,13,3,1,25,5,0,1,2,0,2,418,17,9,68,8,52,106,30,28,9,1,18,3,20,41,8,16,16,7,4,1,2
"SE15 4",7909,6848,2,9,5,0,0,3,0,0,1,105,69,92,274,49,42,86,3,5,8,7,1,12,10,28,8,5,5,2,2,0,1,0,17,4,5,2,0,6,0,0,0,18,40,62,40,1,6,3,29,1,80,33,10,9,0,12,4,0,0,1,10,0,1,0,115,10,2,47,10,4,15,4,0,23,0,0,0,1,1,0,124,5,6,32,2,8,28,11,2,2,1,2,7,3,6,9,7,7,6,5,1,0
"SE15 5",9116,7010,1,0,0,0,0,0,0,0,0,171,143,269,334,60,13,136,13,4,15,18,2,8,31,12,8,4,6,2,1,1,0,0,23,16,2,3,0,2,0,0,0,20,98,40,60,2,14,14,28,2,165,39,9,10,0,63,8,0,3,10,4,4,1,14,305,4,34,97,8,5,75,5,2,68,7,0,0,0,0,0,442,6,15,64,9,73,148,24,6,2,4,5,7,31,35,13,27,27,8,6,1,1
"SE15 6",11693,9089,4,0,0,0,0,0,0,0,0,203,177,342,488,82,38,211,8,9,18,28,4,20,11,15,15,16,2,8,0,1,0,2,25,13,5,3,0,4,0,0,0,29,92,122,62,1,29,13,19,0,158,15,11,4,0,103,8,1,2,1,0,4,2,7,271,9,52,93,10,5,78,4,1,17,2,0,0,1,1,0,603,20,26,121,17,83,180,30,7,9,10,6,0,41,30,23,16,16,11,7,3,1
"SE16 2",9567,7367,2,0,0,0,0,0,0,0,0,175,164,216,539,107,26,163,9,8,36,59,6,26,47,18,16,10,2,1,0,2,1,2,85,58,6,15,1,5,0,0,0,52,98,95,76,0,29,34,10,3,108,8,7,5,0,46,7,0,1,21,4,2,3,4,318,43,31,113,13,13,69,11,1,10,14,0,0,3,3,0,245,18,13,41,10,28,51,14,4,7,7,6,20,10,8,8,20,20,4,3,1,0
"SE16 3",9752,7782,0,0,0,0,0,0,0,0,0,141,172,249,531,117,51,157,14,9,31,38,9,15,16,34,5,14,6,10,1,1,2,1,56,28,11,8,2,7,0,0,0,49,79,81,52,0,12,20,9,11,90,6,9,2,0,38,16,0,3,2,0,7,1,6,212,9,20,77,16,11,31,7,1,25,15,0,0,2,2,0,236,26,12,41,8,16,51,10,3,3,2,6,13,15,15,15,10,10,10,10,0,0
"SE16 4",6426,5106,1,1,0,0,0,0,0,1,0,122,91,142,405,97,69,71,6,10,6,33,5,16,15,29,10,18,5,11,1,0,2,1,36,15,7,2,0,12,0,0,0,42,42,31,30,1,14,10,1,4,42,5,3,0,0,17,9,2,0,4,0,2,0,0,195,17,23,75,18,15,20,8,4,8,7,0,0,0,0,0,137,13,8,11,4,9,22,13,0,0,0,4,15,11,21,6,3,3,0,0,0,0
"SE16 5",6096,4659,0,2,2,0,0,0,0,0,0,83,92,109,470,89,79,88,10,9,17,29,3,26,31,31,18,14,9,11,2,3,0,1,33,5,5,8,3,12,0,0,0,70,38,45,25,1,6,10,2,6,61,3,18,0,0,15,4,1,3,9,1,0,0,7,253,25,27,117,13,19,18,11,7,8,8,0,0,0,0,0,155,3,5,1,1,7,5,1,0,1,0,2,125,2,1,1,1,1,0,0,0,0
"SE16 6",4744,3499,1,0,0,0,0,0,0,0,0,82,56,89,348,63,31,87,9,2,21,34,10,18,19,28,7,6,5,7,0,0,0,1,13,5,1,4,0,3,0,0,0,70,30,33,14,0,0,9,1,4,77,11,31,3,0,7,8,3,4,4,1,0,0,5,327,30,20,189,22,26,18,13,2,5,2,0,0,0,0,0,101,4,0,4,0,2,5,0,1,0,0,0,77,3,1,4,3,3,1,1,0,0
"SE16 7",6438,4769,0,0,0,0,0,0,0,0,0,115,82,124,463,83,73,82,8,8,10,30,2,26,23,56,9,28,8,10,2,2,3,0,34,12,5,6,4,7,0,0,0,71,70,36,41,0,9,22,4,6,77,12,22,2,0,18,8,1,4,5,4,1,0,0,442,53,42,250,18,24,20,13,5,8,9,0,0,0,0,0,112,4,2,8,6,20,6,6,0,2,0,0,45,1,4,8,2,2,0,0,0,0
"SE17 1",7514,5724,4,5,2,0,0,0,0,1,2,135,115,196,411,78,35,123,15,10,43,13,14,15,18,15,5,17,2,2,3,1,1,1,31,15,8,1,3,4,1,1,0,17,70,43,52,0,23,13,3,13,177,18,8,1,0,120,5,0,0,10,7,1,1,6,222,12,21,79,8,9,37,4,3,33,16,0,0,0,0,0,293,11,24,79,19,31,66,8,6,0,5,1,1,10,19,13,15,15,3,1,1,1
"SE17 2",13034,9694,1,2,0,0,0,0,0,1,1,257,250,474,528,117,27,189,20,9,20,25,12,22,28,21,15,14,0,2,4,0,0,3,81,62,13,3,0,3,1,1,0,15,172,99,74,0,13,28,21,12,272,26,4,2,0,210,0,0,0,7,2,6,2,13,389,28,87,111,12,16,89,10,1,25,10,0,0,0,0,0,679,27,29,119,26,137,157,19,6,18,10,14,1,66,38,12,28,28,18,12,5,1
"SE17 3",11586,8958,2,4,2,0,0,0,0,2,0,206,216,374,581,132,67,139,23,9,14,25,16,21,30,33,24,26,7,7,2,3,0,3,51,22,14,6,0,9,0,0,0,31,81,106,59,5,20,13,4,17,186,17,13,10,0,120,2,3,0,3,7,1,0,10,329,35,42,122,7,25,46,15,0,31,6,0,0,2,2,0,377,26,25,72,15,41,81,14,12,8,4,4,2,22,37,14,14,14,9,6,2,1
"SE18 1",13821,9081,0,11,0,0,0,0,0,0,11,102,46,36,579,29,16,160,26,22,140,105,13,24,8,10,9,4,3,7,0,1,2,0,35,30,1,0,1,3,4,4,0,28,37,26,99,0,17,1,38,43,3193,188,53,380,2,76,309,1,4,179,7,29,1938,27,135,9,13,50,3,2,22,7,1,17,11,0,0,1,0,1,371,3,4,83,2,21,103,85,7,5,0,16,1,17,13,11,26,26,11,7,4,0
"SE18 2",9635,8406,3,5,2,1,0,0,0,0,2,43,19,48,231,16,12,48,10,3,19,65,3,34,10,6,2,0,0,2,0,0,1,0,17,14,1,2,0,0,4,4,0,22,38,19,69,0,12,16,11,30,489,63,3,143,1,24,40,0,0,63,4,1,143,4,52,4,3,9,1,0,16,3,4,9,3,0,0,1,1,0,160,2,0,7,3,18,61,31,5,7,0,7,0,9,4,6,5,5,4,2,2,0
"SE18 3",11143,9256,1,0,0,0,0,0,0,0,0,96,38,56,318,34,14,87,5,19,27,70,14,7,3,12,10,8,5,2,0,0,0,1,47,37,5,4,1,0,3,3,0,26,57,21,67,1,34,15,16,1,539,48,16,122,0,39,46,1,0,92,1,3,165,6,172,9,39,12,4,1,71,10,1,3,22,0,1,0,0,0,430,1,2,182,6,21,86,27,19,9,8,11,2,16,25,15,13,13,2,2,0,0
"SE18 4",7214,6062,0,1,1,0,0,0,0,0,0,74,44,46,225,18,18,43,9,8,12,49,4,14,25,7,9,3,1,5,0,0,0,0,35,25,4,3,1,2,9,9,0,28,22,13,34,0,17,15,2,0,197,7,9,21,0,15,12,1,1,25,2,4,98,2,182,9,50,49,1,1,58,5,1,8,0,13,0,0,0,0,221,2,10,88,3,5,36,20,3,5,6,10,5,12,11,5,7,7,1,1,0,0
"SE18 5",9687,7386,0,0,0,0,0,0,0,0,0,117,69,20,365,25,16,93,12,5,57,70,20,29,18,8,6,2,0,3,1,0,0,0,119,83,5,20,5,6,6,6,0,27,62,52,72,0,34,25,10,3,512,34,11,43,0,72,35,4,1,98,4,2,203,5,349,12,51,129,4,0,119,9,0,13,12,0,0,2,2,0,516,3,7,216,4,25,81,34,37,20,14,5,0,14,36,20,8,8,5,4,1,0
"SE18 6",9161,6894,3,0,0,0,0,0,0,0,0,126,77,102,579,36,48,146,13,9,44,141,17,35,23,13,21,9,12,7,2,0,1,2,48,32,5,7,1,3,0,0,0,55,60,38,37,0,16,14,0,7,469,25,25,46,0,33,26,4,7,48,6,10,235,4,247,18,22,100,10,3,60,5,1,12,16,9,0,0,0,0,400,2,4,152,3,18,63,40,16,6,2,6,13,23,26,26,12,12,5,5,0,0
"SE18 7",12358,9013,0,0,0,0,0,0,0,0,0,129,49,50,520,29,23,135,16,3,53,159,23,20,28,0,24,5,0,2,0,0,0,0,52,41,1,6,3,1,0,0,0,40,62,47,79,0,38,9,26,6,1594,110,35,207,1,78,224,0,0,66,5,30,829,9,239,8,28,69,5,4,59,2,3,20,41,0,0,0,0,0,453,3,1,167,2,20,104,50,20,5,3,4,9,20,23,22,21,21,10,3,7,0
"SE19 1",8326,7227,1,0,0,0,0,0,0,0,0,94,144,104,315,40,30,136,5,15,6,9,3,10,14,15,14,9,1,6,0,0,1,1,26,22,3,1,0,0,0,0,0,8,14,31,24,2,5,13,3,1,110,9,14,1,0,45,18,0,2,9,0,2,7,3,64,4,6,14,6,2,17,5,0,8,2,0,0,0,0,0,152,6,10,34,8,26,18,8,3,4,8,4,3,6,9,5,7,7,5,1,1,3
"SE19 2",7394,6469,0,1,0,0,0,0,0,1,0,72,61,77,336,44,24,137,19,11,20,7,2,10,18,11,10,11,3,3,3,0,2,1,30,22,2,2,0,4,0,0,0,23,24,26,24,2,8,9,3,2,83,10,4,8,0,15,15,0,0,26,1,1,0,3,59,6,6,10,11,0,1,9,2,14,0,0,0,0,0,0,99,3,11,16,3,15,12,6,2,5,7,4,3,0,5,7,5,5,5,5,0,0
"SE19 3",10474,8883,2,0,0,0,0,0,0,0,0,103,148,97,518,69,28,230,6,19,22,7,1,32,24,40,11,5,8,6,3,0,3,4,31,15,10,2,0,4,0,0,0,21,25,30,61,0,21,35,4,1,268,40,22,19,1,52,68,2,3,34,12,0,12,3,116,4,18,25,8,6,7,16,1,27,4,0,0,1,1,0,155,7,18,25,1,33,10,8,6,9,4,3,4,1,14,12,11,11,4,3,0,1
"SE2  0",12013,10240,0,2,0,0,0,0,0,2,0,70,52,27,357,23,11,89,9,11,37,96,6,14,37,3,10,6,2,1,0,0,1,1,39,31,1,2,3,2,7,7,0,30,48,15,43,0,13,10,17,3,708,32,5,180,0,27,26,0,0,148,4,9,264,13,104,1,14,20,4,0,17,4,8,28,8,0,0,0,0,0,243,3,3,16,7,17,107,24,0,0,3,21,5,14,10,13,12,12,16,13,1,2
"SE2  9",13656,11659,0,2,0,0,0,1,0,0,1,104,46,28,397,40,28,131,8,22,34,69,11,5,30,7,9,1,0,0,0,0,1,1,48,35,8,5,0,0,1,1,0,21,64,37,62,0,35,17,10,0,391,27,12,123,0,52,23,0,0,57,2,7,85,3,209,16,45,69,2,0,48,5,5,13,6,0,0,0,0,0,569,2,3,105,2,42,243,60,9,11,3,24,2,35,10,18,17,17,1,1,0,0
"SE20 7",10980,9811,1,2,1,0,0,0,0,1,0,91,53,42,370,31,34,171,6,5,19,18,18,21,19,8,6,5,4,3,1,0,0,1,45,38,6,0,0,1,0,0,0,14,45,31,43,0,8,28,4,3,189,31,15,11,0,57,23,0,3,26,11,6,3,3,93,16,5,34,11,0,4,9,1,13,0,0,0,0,0,0,131,0,7,53,0,14,14,7,8,3,2,5,2,5,0,11,14,14,5,5,0,0
"SE20 8",10704,9153,2,2,0,0,0,0,0,2,0,140,148,75,476,48,20,196,19,3,41,44,7,44,38,3,4,2,4,3,0,0,0,0,82,60,9,4,0,9,0,0,0,33,40,45,49,2,23,18,1,5,182,21,10,10,0,63,28,2,0,27,2,2,16,1,68,6,6,17,9,1,3,10,2,13,1,0,0,0,0,0,195,3,10,78,1,7,37,7,8,9,5,8,4,4,4,10,4,4,10,5,2,3
"SE21 7",3725,3378,0,0,0,0,0,0,0,0,0,27,9,17,79,22,12,17,0,2,2,0,0,2,4,9,2,2,4,0,1,0,0,0,8,6,2,0,0,0,0,0,0,17,5,3,7,0,5,0,0,2,41,6,3,4,0,4,12,3,1,3,0,0,3,2,129,10,43,45,5,16,1,1,4,4,0,0,0,0,0,0,4,0,0,0,0,0,2,1,1,0,0,0,0,0,0,0,0,0,1,1,0,0
"SE21 8",10747,9475,7,2,2,0,0,0,0,0,0,83,149,143,356,50,48,100,14,13,13,22,5,24,6,20,11,13,5,8,1,1,1,1,49,27,12,4,2,4,0,0,0,26,26,31,28,2,7,9,9,1,121,17,18,4,0,26,26,5,1,10,1,3,3,7,100,4,6,17,19,4,37,3,1,3,6,0,0,0,0,0,139,15,6,27,0,21,35,8,0,1,2,1,4,4,7,8,8,8,4,1,3,0
"SE22 0",9856,8875,3,0,0,0,0,0,0,0,0,105,54,120,314,37,37,81,14,16,17,17,6,10,7,25,11,17,5,9,1,0,0,4,19,6,11,0,0,2,0,0,0,18,62,25,17,2,3,5,1,6,79,17,3,5,0,25,15,6,0,5,0,1,0,2,48,1,6,14,11,2,6,2,0,3,3,0,0,0,0,0,103,3,6,11,7,15,32,5,1,4,2,1,2,5,4,5,9,9,5,4,0,1
"SE22 8",10076,8654,2,2,2,0,0,0,0,0,0,132,75,148,402,74,42,131,8,8,7,17,5,25,15,31,9,7,7,2,3,0,8,3,23,15,5,0,0,3,0,0,0,17,89,24,26,1,2,18,5,0,133,30,12,9,2,36,17,2,0,6,5,8,0,6,181,18,27,30,25,2,25,4,2,41,7,0,0,0,0,0,151,12,5,17,2,26,30,12,2,2,0,4,11,11,5,12,11,11,6,6,0,0
"SE22 9",8175,7414,2,1,0,0,0,0,0,1,0,83,61,68,279,52,39,55,14,3,19,8,0,21,6,24,7,14,4,5,2,0,3,3,14,4,6,1,1,2,0,0,0,15,57,30,6,1,0,5,0,0,40,1,4,12,0,11,7,0,1,1,0,2,0,1,60,1,4,21,11,3,3,6,0,8,3,1,0,0,0,0,33,5,2,3,0,2,7,3,0,0,1,0,3,0,2,5,3,3,8,4,1,3
"SE23 1",8169,7161,3,4,3,0,0,1,0,0,0,96,37,70,352,74,35,144,7,3,17,21,1,2,11,14,7,7,3,3,2,0,1,0,26,17,4,1,0,4,0,0,0,8,77,23,32,6,5,13,4,4,119,28,6,5,0,11,10,0,0,50,6,1,1,1,84,11,7,20,17,2,13,7,1,6,0,1,0,0,0,0,64,1,4,3,0,12,11,4,1,3,3,4,8,5,2,3,7,7,5,5,0,0
"SE23 2",12350,10789,1,0,0,0,0,0,0,0,0,152,82,98,462,62,36,143,8,4,20,33,34,22,35,21,16,17,3,3,1,0,2,2,64,41,9,2,0,12,0,0,0,35,102,30,79,3,19,39,11,7,168,15,4,7,0,37,12,0,2,70,9,8,2,2,115,10,16,20,17,6,23,5,3,8,7,0,1,0,0,0,150,2,4,42,1,16,28,13,5,5,6,11,3,5,3,6,9,9,13,12,1,0
"SE23 3",11265,9729,2,0,0,0,0,0,0,0,0,150,78,91,536,62,47,177,24,11,25,21,2,32,58,26,16,14,8,9,1,0,1,2,53,35,7,1,1,9,0,0,0,19,66,37,37,1,10,10,7,9,150,25,4,9,0,12,18,2,0,74,3,2,1,0,154,17,29,27,38,4,16,8,7,8,0,1,0,0,0,0,147,2,1,16,7,29,30,5,3,8,6,11,7,6,4,12,3,3,12,10,2,0
"SE24 0",8837,7622,4,1,1,0,0,0,0,0,0,129,166,138,355,88,57,90,6,18,9,4,3,11,7,25,11,8,9,5,1,1,2,0,10,4,0,1,0,5,0,0,0,4,31,31,29,2,3,12,6,6,80,17,8,4,0,24,14,2,0,5,2,0,2,2,74,5,6,15,8,8,11,3,1,8,9,0,0,1,1,0,151,14,26,38,1,14,15,5,1,0,2,7,0,10,7,11,5,5,6,5,0,1
"SE24 9",9162,8208,2,1,1,0,0,0,0,0,0,114,103,120,287,70,37,58,8,10,5,9,0,26,3,22,13,15,5,3,0,0,0,3,14,7,3,2,0,2,0,0,0,12,23,16,15,4,4,1,4,2,75,19,9,5,0,5,32,0,0,3,0,1,0,1,49,3,3,14,8,2,2,10,0,2,5,0,0,0,0,0,116,11,15,24,3,14,13,4,1,6,1,1,5,4,10,4,3,3,4,4,0,0
"SE25 4",11841,10459,1,1,0,0,0,1,0,0,0,124,108,36,362,30,18,188,11,7,14,17,1,26,26,7,3,11,0,2,0,0,1,0,14,10,4,0,0,0,0,0,0,16,55,31,53,0,17,19,16,1,243,61,7,22,0,40,48,5,1,42,6,6,4,1,94,11,14,33,1,1,1,3,0,25,5,0,1,1,1,0,226,12,15,32,0,63,27,3,6,11,6,9,5,11,9,17,6,6,10,10,0,0
"SE25 5",8925,7704,0,3,2,0,0,0,0,0,1,90,62,27,331,29,9,154,19,6,32,18,1,16,20,9,11,4,0,1,2,0,0,0,24,18,4,0,1,1,0,0,0,10,63,40,68,0,23,33,12,0,241,64,3,22,0,20,40,0,0,71,9,3,8,1,68,1,4,25,1,2,11,2,0,16,6,0,0,1,1,0,176,7,10,24,2,38,10,7,7,13,7,9,0,5,22,15,9,9,8,5,2,1
"SE25 6",12065,10482,0,1,0,0,0,1,0,0,0,104,118,58,442,60,20,199,2,10,31,26,1,26,15,12,21,11,2,3,0,2,1,0,28,7,15,2,1,3,0,0,0,8,35,48,104,2,49,24,19,10,251,84,7,21,0,16,23,0,0,37,26,4,21,12,89,8,11,15,8,3,15,7,3,17,2,0,0,0,0,0,278,4,13,64,0,59,16,12,9,28,7,14,5,7,24,16,14,14,5,5,0,0
"SE26 4",9259,7993,2,0,0,0,0,0,0,0,0,128,55,65,498,49,23,193,14,13,16,26,6,17,75,25,19,6,7,1,2,0,0,6,49,36,4,4,0,5,0,0,0,22,39,30,44,0,8,28,7,1,112,20,3,6,0,12,11,0,0,36,16,2,2,4,117,5,18,23,33,2,16,2,0,13,5,0,2,0,0,0,87,2,3,11,0,4,22,5,4,6,3,10,9,3,0,5,12,12,4,1,1,2
"SE26 5",7513,6400,3,3,2,0,0,0,0,1,0,114,54,36,466,40,19,243,8,3,29,13,7,22,54,3,3,8,5,2,7,0,0,0,32,21,8,0,0,3,0,0,0,21,57,36,27,1,12,12,0,2,79,8,1,1,0,13,16,0,1,30,3,2,3,1,106,6,11,17,46,2,4,4,0,9,7,1,0,0,0,0,72,1,4,13,4,3,7,13,2,0,5,1,1,3,6,9,5,5,1,1,0,0
"SE26 6",10079,8854,1,1,0,0,0,0,0,1,0,121,67,70,336,51,32,114,10,6,12,21,6,26,23,7,12,7,6,2,0,0,1,0,82,70,5,2,1,4,0,0,0,18,49,29,27,1,2,18,4,2,121,11,7,4,0,3,31,0,1,35,10,0,10,9,111,2,17,24,20,3,20,4,0,13,8,0,0,0,0,0,178,5,10,29,3,28,22,11,5,5,6,13,8,7,12,14,9,9,5,5,0,0
"SE27 0",11891,9690,4,1,1,0,0,0,0,0,0,261,379,222,620,104,47,250,22,9,30,27,7,39,20,27,17,5,2,4,5,0,3,2,45,21,12,1,0,11,0,0,0,13,20,49,48,0,8,26,8,6,170,59,5,11,0,22,39,3,0,8,2,4,5,12,102,3,11,18,4,3,5,7,3,46,2,0,0,5,5,0,251,11,30,95,2,34,23,13,5,7,1,3,1,2,14,10,8,8,3,2,1,0
"SE27 9",8689,7303,2,2,2,0,0,0,0,0,0,133,258,128,399,51,43,170,11,13,23,13,2,16,0,17,13,12,5,4,0,0,3,3,36,20,7,4,2,3,0,0,0,16,23,34,18,1,9,3,2,3,72,13,8,2,0,11,28,0,0,5,1,1,1,2,76,1,20,14,13,4,2,5,6,11,0,0,0,0,0,0,168,14,14,54,0,30,18,6,3,4,2,3,1,7,8,4,16,16,5,4,1,0
"SE28 0",10442,8011,0,0,0,0,0,0,0,0,0,200,95,54,816,36,34,246,18,18,66,213,18,34,96,7,20,6,2,0,1,0,0,1,46,28,6,7,2,3,5,5,0,48,37,36,67,0,15,33,15,4,391,52,12,52,0,47,34,10,6,18,2,8,139,11,228,13,37,100,3,2,44,4,1,17,7,1,0,0,0,0,392,3,3,62,5,28,122,43,10,6,6,27,12,20,16,29,10,10,5,5,0,0
"SE28 8",16995,14242,1,5,4,0,0,0,0,1,0,179,79,66,819,39,53,179,18,7,84,246,14,14,106,5,41,5,0,0,4,0,4,0,61,42,11,3,3,2,0,0,0,64,66,50,56,1,23,14,17,1,210,37,7,25,0,44,25,0,0,28,3,4,35,2,278,10,81,88,0,6,50,7,1,21,14,1,1,0,0,0,784,14,30,64,4,92,286,90,26,8,7,38,5,28,26,66,23,23,10,8,0,2
"SE3  0",5796,5231,3,1,0,0,0,0,0,0,1,53,15,43,170,32,35,25,2,10,1,7,3,9,1,10,13,9,4,6,1,0,1,1,28,12,5,1,0,10,0,0,0,15,49,13,28,0,3,16,4,5,47,2,5,4,0,7,0,0,0,5,0,2,21,1,59,0,5,26,12,6,8,1,0,1,0,0,0,0,0,0,38,0,0,10,0,0,8,2,0,1,0,0,16,0,0,1,2,2,1,1,0,0
"SE3  7",8311,7492,1,1,1,0,0,0,0,0,0,68,48,52,272,45,56,52,2,6,8,12,0,12,16,14,17,16,7,5,1,0,2,1,21,3,9,1,1,7,0,0,0,50,37,12,19,2,5,8,0,4,73,10,6,17,0,7,8,0,0,14,1,7,3,0,102,2,12,29,16,9,15,2,3,12,2,0,0,0,0,0,60,3,4,12,0,3,5,0,5,0,0,1,16,1,1,9,3,3,0,0,0,0
"SE3  8",9112,7836,1,6,2,0,0,0,0,0,4,62,22,55,335,34,30,83,9,10,27,63,8,5,33,17,7,2,2,1,0,0,1,3,38,22,2,11,0,3,0,0,0,33,110,24,33,1,14,17,0,1,276,30,10,44,0,43,49,0,4,52,0,4,31,9,147,9,30,56,6,1,28,4,3,10,0,0,1,0,0,0,113,0,0,24,0,16,30,13,4,2,0,7,3,3,4,7,10,10,10,9,1,0
"SE3  9",7227,6427,0,6,1,1,0,0,0,1,3,82,37,57,237,33,35,42,5,4,11,22,3,13,12,11,6,19,10,5,1,0,1,4,26,14,5,0,0,7,0,0,0,22,22,11,25,1,15,6,1,2,75,11,0,5,0,9,8,4,2,12,0,1,20,3,104,11,20,20,12,7,18,9,1,5,1,0,0,0,0,0,80,0,1,36,0,5,8,2,0,1,0,5,12,4,0,6,11,11,5,5,0,0
"SE4  1",16404,13887,2,7,7,0,0,0,0,0,0,244,130,163,838,125,110,254,13,11,59,54,6,32,51,27,32,30,13,12,4,2,0,3,62,40,6,6,0,10,0,0,0,62,139,38,77,2,5,18,46,6,320,71,23,17,5,34,30,0,9,106,6,13,4,2,237,41,27,57,37,8,25,14,8,7,13,0,0,8,8,0,161,6,4,36,4,14,28,11,4,1,7,6,13,10,10,7,14,14,15,13,1,1
"SE4  2",10807,8979,1,0,0,0,0,0,0,0,0,188,80,115,639,106,66,210,14,2,23,107,2,28,19,11,12,18,0,8,8,0,1,4,40,28,4,3,0,5,0,0,0,23,65,38,93,1,16,60,7,9,161,34,23,8,0,28,6,0,2,34,15,4,5,2,148,11,24,39,9,8,33,11,2,9,2,0,0,0,0,0,222,7,3,32,2,21,41,18,14,6,11,5,15,33,7,7,9,9,6,3,0,3
"SE5  0",8825,6721,2,5,2,0,0,2,0,1,0,157,223,333,373,89,46,95,5,9,16,21,8,23,16,18,11,4,6,2,1,1,0,2,18,12,3,3,0,0,0,0,0,28,64,77,41,3,16,10,8,4,140,12,11,3,0,81,13,0,1,2,5,0,8,4,235,19,47,36,7,1,49,7,0,67,2,0,0,2,2,0,375,24,25,49,24,68,78,11,6,6,3,3,2,26,39,11,30,30,1,1,0,0
"SE5  7",10307,8081,0,1,0,0,0,1,0,0,0,159,170,333,327,64,36,102,6,5,17,16,8,14,11,21,12,5,1,0,2,2,2,3,42,21,16,2,3,0,0,0,0,14,115,61,68,3,23,13,22,7,145,21,7,6,0,85,12,1,0,1,10,0,0,2,274,18,30,91,9,2,55,10,1,52,6,2,0,1,1,0,487,32,26,99,29,79,87,31,2,9,9,3,6,17,49,9,21,21,6,5,1,0
"SE5  8",14080,11587,4,3,3,0,0,0,0,0,0,190,178,360,596,135,73,126,18,10,20,23,2,15,25,74,38,14,8,6,1,1,0,7,52,19,13,5,3,12,0,0,0,32,77,72,53,3,22,16,5,7,195,26,23,3,0,75,8,0,5,15,25,1,6,8,346,15,21,126,35,18,40,7,7,63,14,1,0,1,1,0,311,15,20,47,15,51,67,14,1,2,3,6,11,34,15,10,17,17,5,3,2,0
"SE5  9",11015,8506,2,3,2,0,0,1,0,0,0,224,362,392,549,127,58,154,25,12,18,16,2,25,29,29,10,19,8,5,1,2,3,6,26,9,8,1,0,8,0,0,0,12,47,73,66,1,10,18,36,1,106,15,9,12,1,25,20,5,1,7,0,6,4,1,262,7,18,63,13,3,32,4,2,113,7,0,0,1,1,0,362,45,39,71,5,45,58,18,6,2,21,9,2,9,18,14,19,19,3,1,1,1
"SE6  1",16012,13692,2,4,1,0,0,1,0,0,2,195,69,62,425,68,31,180,3,6,24,44,8,10,10,22,13,3,1,0,0,0,1,1,80,62,9,4,0,5,0,0,0,72,182,40,106,0,25,32,33,16,649,27,1,33,0,33,17,0,4,513,4,8,4,5,159,9,30,53,8,5,20,9,7,12,6,1,0,2,2,0,250,12,2,40,2,26,47,40,1,17,8,16,4,6,7,22,13,13,9,4,3,2
"SE6  2",12747,10657,1,0,0,0,0,0,0,0,0,194,85,93,507,67,34,201,7,13,45,61,9,6,20,18,7,5,6,2,1,0,2,3,74,60,5,6,0,3,0,0,0,81,129,34,106,0,11,53,31,11,407,32,4,9,11,36,16,0,1,276,4,7,7,4,139,12,13,51,3,4,27,11,0,14,4,0,0,4,3,1,220,3,10,49,3,14,48,34,7,3,9,10,2,7,13,8,10,10,6,4,1,1
"SE6  3",10612,9164,0,1,1,0,0,0,0,0,0,117,44,37,303,27,11,94,1,5,16,59,1,20,23,15,22,2,1,2,2,0,2,0,38,33,2,1,1,1,0,0,0,43,112,52,63,0,16,20,18,9,341,22,1,1,0,28,16,0,0,250,0,8,13,2,104,4,14,43,2,2,22,6,2,8,1,0,0,0,0,0,168,5,1,36,1,29,26,19,2,5,1,7,2,11,10,13,13,13,12,11,0,1
"SE6  4",11245,9430,2,0,0,0,0,0,0,0,0,166,69,46,548,71,29,218,5,17,61,48,14,15,39,3,11,10,1,3,3,0,0,0,88,76,3,8,0,1,0,0,0,43,127,33,35,0,13,14,3,5,275,17,5,11,0,19,10,0,3,175,21,3,6,5,162,21,11,58,13,1,30,4,2,20,2,0,0,1,1,0,213,7,1,35,10,25,38,25,11,4,1,11,2,17,15,11,3,3,4,3,0,1
"SE7  7",11396,9099,2,0,0,0,0,0,0,0,0,84,55,57,519,45,36,122,23,13,33,75,24,40,60,12,9,10,5,6,5,0,0,1,72,50,8,11,0,3,0,0,0,53,90,25,20,0,6,10,2,2,689,40,26,139,3,55,43,1,1,30,4,9,336,2,386,23,28,167,21,3,93,14,1,25,11,0,0,0,0,0,230,1,13,84,0,21,25,11,12,11,5,6,2,9,11,19,10,10,5,4,0,1
"SE7  8",8660,7125,0,2,1,0,0,0,0,1,0,65,41,41,340,20,23,86,22,5,20,37,19,27,50,8,10,8,1,0,4,0,0,0,32,28,1,3,0,0,1,1,0,32,61,19,21,0,18,1,0,2,463,27,10,69,0,30,18,0,0,13,6,4,280,6,224,6,24,97,7,4,60,7,3,11,5,2,0,0,0,0,176,0,1,64,2,7,46,17,3,17,4,0,2,3,2,8,9,9,6,6,0,0
"SE8  3",10032,7567,4,0,0,0,0,0,0,0,0,225,110,160,469,81,61,113,13,18,22,38,9,14,19,37,9,14,5,7,6,0,0,3,84,57,9,11,0,7,0,0,0,99,68,52,82,2,16,40,5,19,137,13,18,2,0,21,12,2,4,41,8,2,11,3,623,25,47,269,16,26,176,24,12,23,5,0,0,0,0,0,333,2,10,106,12,45,47,27,8,2,4,14,9,19,19,9,11,11,8,7,0,1
"SE8  4",7182,5508,0,3,2,0,0,0,0,1,0,157,90,102,411,61,34,99,8,14,20,34,21,33,9,16,23,17,7,9,3,1,0,2,29,16,5,1,0,7,0,0,0,29,49,28,71,7,21,28,7,8,197,15,16,10,0,46,9,0,29,53,1,4,1,13,296,34,27,125,15,3,67,3,7,11,4,1,0,3,1,2,197,8,3,41,1,22,29,44,6,0,5,3,3,13,12,7,8,8,3,3,0,0
"SE8  5",9369,6699,1,0,0,0,0,0,0,0,0,214,177,158,574,107,38,169,20,0,34,75,10,27,34,25,11,10,1,4,7,0,0,2,73,53,13,1,0,6,1,1,0,72,69,95,110,2,20,45,33,10,182,14,13,6,0,48,23,2,3,52,0,9,5,7,591,41,104,226,18,25,141,14,3,8,11,0,0,2,1,1,326,9,5,81,9,40,72,12,11,8,4,2,23,15,21,14,22,22,3,3,0,0
"SE9  1",11302,10630,2,3,0,2,0,1,0,0,0,41,30,29,219,18,19,47,2,3,20,50,0,16,28,6,2,1,4,3,0,0,0,0,23,8,3,10,1,1,0,0,0,16,34,8,8,0,0,7,0,1,101,13,2,8,0,4,21,0,0,27,0,7,13,6,113,7,30,42,7,0,7,3,2,10,5,0,1,0,0,0,28,0,1,1,0,1,6,1,0,0,0,2,12,0,0,4,3,3,13,11,2,0
"SE9  2",9686,8869,0,2,0,0,1,0,0,0,1,26,20,25,250,29,17,51,4,5,19,25,3,7,46,28,3,1,4,3,3,0,2,0,15,7,3,3,0,2,0,0,0,8,75,14,25,0,5,3,15,2,118,11,6,12,0,16,26,0,0,16,1,1,27,2,180,5,4,136,5,1,9,3,2,12,3,0,0,0,0,0,54,2,1,12,0,6,10,7,1,0,0,1,5,1,7,1,5,5,0,0,0,0
"SE9  3",12381,11441,2,1,1,0,0,0,0,0,0,72,19,30,252,33,8,70,2,1,18,58,5,24,22,6,0,0,1,1,0,0,3,0,21,14,2,3,0,2,0,0,0,48,104,14,11,1,3,4,0,3,179,5,10,37,0,44,23,2,2,20,3,1,8,24,119,2,26,41,6,0,20,5,11,7,1,0,0,0,0,0,55,2,0,6,0,8,6,2,1,6,2,3,9,1,2,7,5,5,8,7,1,0
"SE9  4",11528,10586,1,1,1,0,0,0,0,0,0,68,40,22,276,18,8,88,3,5,19,82,4,7,28,1,12,0,0,0,0,0,0,1,52,38,4,5,5,0,0,0,0,25,72,13,32,1,12,13,4,2,190,11,16,6,0,12,23,1,0,96,6,15,3,1,52,7,6,21,5,1,4,6,1,0,1,0,0,0,0,0,86,3,0,9,0,11,14,9,1,3,0,21,4,1,3,7,4,4,8,6,2,0
"SE9  5",6889,6079,0,1,1,0,0,0,0,0,0,29,32,24,280,26,9,65,6,3,19,78,2,22,35,6,4,1,1,1,1,0,0,1,37,24,5,5,1,2,0,0,0,21,59,18,34,0,26,6,1,1,118,12,13,10,0,12,9,0,10,22,5,8,17,0,83,5,5,47,3,0,13,4,1,4,1,0,0,0,0,0,67,0,4,3,0,2,16,3,4,3,2,3,14,6,1,6,3,3,4,4,0,0
"SE9  6",8676,7705,0,2,2,0,0,0,0,0,0,41,38,37,375,26,8,74,3,2,26,158,8,17,35,7,2,5,3,0,0,0,0,1,29,17,4,8,0,0,1,1,0,32,58,17,10,0,7,3,0,0,130,10,5,12,0,12,24,0,1,13,0,2,44,7,98,11,19,31,1,4,22,5,0,5,0,0,0,0,0,0,100,1,5,22,2,6,32,11,5,3,0,1,0,4,5,3,3,3,0,0,0,0
"SG1  1",6880,6174,0,0,0,0,0,0,0,0,0,18,3,11,224,4,12,141,13,5,10,4,4,18,4,9,0,0,0,0,0,0,0,0,12,11,0,1,0,0,0,0,0,20,23,12,5,0,0,1,4,0,193,34,15,5,0,59,9,3,2,13,47,4,0,2,142,2,37,32,2,0,13,3,0,51,2,0,0,0,0,0,35,0,0,0,0,5,3,4,1,0,0,10,0,0,5,7,1,1,7,5,1,1
"SG1  2",7010,6654,0,0,0,0,0,0,0,0,0,10,24,9,141,4,4,77,9,9,8,2,0,19,1,1,4,2,0,0,0,1,0,0,9,7,0,1,0,1,0,0,0,11,5,0,8,0,1,3,0,4,70,11,5,7,0,7,5,4,11,6,8,3,0,3,46,1,5,13,3,0,0,1,0,22,1,0,0,0,0,0,19,0,0,0,0,1,5,0,3,0,0,4,2,0,0,4,2,2,2,2,0,0
"SG1  3",7869,7344,0,0,0,0,0,0,0,0,0,25,9,10,182,13,8,103,9,7,7,0,0,14,7,6,4,1,1,1,0,0,0,1,6,1,2,1,0,2,0,0,0,2,2,4,9,0,0,9,0,0,171,22,8,12,0,76,17,8,10,9,2,4,1,2,80,1,7,22,0,2,1,8,2,36,1,0,0,0,0,0,23,0,2,0,0,0,0,5,4,1,0,3,4,0,3,1,1,1,1,0,1,0
"SG1  4",10145,9254,0,0,0,0,0,0,0,0,0,18,12,13,243,9,16,143,12,9,11,7,3,9,8,5,3,3,1,1,1,1,0,1,8,6,2,0,0,0,0,0,0,15,10,15,8,0,1,4,3,0,260,32,10,24,0,45,31,4,5,31,63,10,0,5,221,2,12,20,2,0,0,6,0,179,0,0,0,0,0,0,62,0,1,0,0,11,6,4,1,0,0,26,1,1,1,10,1,1,5,2,1,2
"SG1  5",10647,10041,1,5,4,0,0,1,0,0,0,22,5,13,142,6,4,59,15,3,9,12,1,11,3,6,8,2,1,1,0,0,1,0,7,2,4,0,0,1,0,0,0,14,4,37,22,0,1,20,1,0,208,43,6,28,0,24,36,7,6,40,4,3,2,9,71,8,7,12,3,0,3,12,0,24,2,0,0,0,0,0,48,0,0,0,0,7,3,2,2,0,0,26,4,1,0,3,0,0,7,6,1,0
"SG1  6",6253,5936,3,0,0,0,0,0,0,0,0,15,7,11,101,10,12,43,3,0,3,1,4,16,4,2,2,0,1,0,0,0,0,0,2,0,2,0,0,0,0,0,0,3,4,6,3,0,3,0,0,0,63,7,10,15,0,5,13,2,0,4,4,0,0,3,73,3,14,34,1,1,0,5,2,13,0,0,0,0,0,0,22,0,0,0,0,0,2,1,0,0,0,11,8,0,0,0,1,1,3,3,0,0
"SG10 6",2031,2005,1,0,0,0,0,0,0,0,0,3,0,0,13,4,2,3,0,0,0,0,0,1,0,0,1,1,1,0,0,0,0,0,1,1,0,0,0,0,0,0,0,0,1,1,0,0,0,0,0,0,1,0,0,0,0,1,0,0,0,0,0,0,0,0,3,0,1,1,0,0,1,0,0,0,0,0,0,0,0,0,0,0,0,0,0,0,0,0,0,0,0,0,0,0,0,0,0,0,2,0,0,2
"SG11 1",4841,4729,0,0,0,0,0,0,0,0,0,6,0,3,41,6,4,9,3,1,2,3,0,0,11,0,0,0,2,0,0,0,0,0,9,0,8,1,0,0,0,0,0,7,0,3,1,0,0,0,0,1,7,1,0,0,0,2,0,0,0,2,0,0,0,2,30,0,5,15,2,0,0,6,0,1,1,0,0,0,0,0,3,0,0,0,0,0,0,0,1,0,0,0,1,0,1,0,0,0,2,0,0,2
"SG11 2",2867,2833,0,0,0,0,0,0,0,0,0,0,0,5,13,0,4,1,0,1,0,0,0,2,0,2,1,1,0,1,0,0,0,0,0,0,0,0,0,0,0,0,0,0,1,2,0,0,0,0,0,0,7,0,0,0,0,4,3,0,0,0,0,0,0,0,1,0,0,0,1,0,0,0,0,0,0,0,0,0,0,0,3,0,0,0,0,0,0,0,0,0,0,0,3,0,0,0,1,1,1,0,0,1
"SG12 0",9110,8908,1,1,1,0,0,0,0,0,0,10,6,18,89,10,9,42,8,0,4,3,0,4,5,1,1,0,0,1,1,0,0,0,8,1,5,0,0,2,0,0,0,7,2,0,2,0,0,1,0,1,27,2,8,2,0,1,5,1,0,0,8,0,0,0,17,0,4,1,1,4,0,2,0,4,1,0,0,0,0,0,13,0,0,0,0,0,0,0,3,0,0,6,3,0,0,1,0,0,1,1,0,0
"SG12 7",8390,8164,1,0,0,0,0,0,0,0,0,15,14,10,84,21,4,20,3,1,5,0,1,9,4,4,7,0,3,1,0,0,1,0,5,1,0,1,0,3,0,0,0,4,3,6,5,0,0,5,0,0,44,2,4,1,0,4,1,4,0,7,16,1,3,1,26,1,2,11,1,1,0,1,0,9,0,0,0,1,0,1,4,0,0,0,0,0,1,0,0,0,0,1,1,0,0,1,2,2,2,1,0,1
"SG12 8",6239,6131,3,0,0,0,0,0,0,0,0,6,3,1,54,17,4,10,2,3,2,3,0,4,0,2,0,1,3,1,0,1,1,0,6,1,2,0,0,3,0,0,0,2,2,0,1,1,0,0,0,0,9,0,0,0,0,2,5,0,0,1,1,0,0,0,14,1,1,0,2,2,5,1,0,1,1,0,0,0,0,0,3,0,0,0,0,0,1,0,1,0,0,0,1,0,0,0,1,1,3,3,0,0
"SG12 9",5144,4963,0,0,0,0,0,0,0,0,0,16,1,8,76,9,6,25,0,3,8,2,1,7,1,3,3,5,0,1,0,0,0,2,7,3,0,2,0,2,0,0,0,3,3,1,0,0,0,0,0,0,31,3,1,2,0,2,3,0,0,11,8,1,0,0,31,1,0,0,2,0,1,3,0,24,0,0,0,0,0,0,3,0,0,0,0,0,0,0,2,0,0,0,0,0,0,1,1,1,0,0,0,0
"SG13 7",10312,9972,1,0,0,0,0,0,0,0,0,13,8,19,168,36,48,42,10,7,1,5,0,4,3,2,3,3,3,1,0,0,0,0,3,1,2,0,0,0,0,0,0,27,5,6,7,1,0,3,0,3,40,9,1,0,0,12,9,0,5,0,1,3,0,0,32,1,5,10,2,3,1,8,0,2,0,0,0,0,0,0,5,0,0,0,0,0,1,1,0,0,0,1,2,0,0,0,3,3,3,1,0,2
"SG13 8",5691,5584,0,0,0,0,0,0,0,0,0,12,6,3,46,1,6,14,2,5,3,3,0,3,1,2,3,0,2,0,0,0,0,1,3,0,2,0,0,1,0,0,0,5,1,6,1,1,0,0,0,0,8,4,0,2,0,2,0,0,0,0,0,0,0,0,14,0,2,0,1,0,0,1,5,4,1,0,0,0,0,0,0,0,0,0,0,0,0,0,0,0,0,0,0,0,0,0,1,1,1,1,0,0
"SG14 1",2411,2287,0,0,0,0,0,0,0,0,0,7,8,5,54,9,2,25,3,1,4,3,0,2,0,1,0,3,0,0,0,1,0,0,5,3,2,0,0,0,0,0,0,0,2,2,1,0,0,1,0,0,22,0,0,3,0,8,4,0,0,5,2,0,0,0,11,1,0,1,0,0,0,7,2,0,0,0,0,0,0,0,1,0,0,0,0,0,0,0,0,0,0,0,0,1,0,0,4,4,2,2,0,0
"SG14 2",6916,6759,0,0,0,0,0,0,0,0,0,11,5,5,74,7,5,34,1,0,5,1,1,8,0,2,6,3,0,0,0,0,0,1,12,3,7,0,0,2,0,0,0,7,0,2,1,0,0,1,0,0,10,4,0,1,0,5,0,0,0,0,0,0,0,0,20,1,3,6,1,0,0,9,0,0,0,0,0,0,0,0,9,0,0,0,0,0,0,0,0,0,0,3,6,0,0,0,1,1,0,0,0,0
"SG14 3",8653,8528,0,0,0,0,0,0,0,0,0,8,4,4,75,11,11,14,2,5,2,3,0,8,7,1,2,5,2,1,0,0,0,1,2,0,0,0,0,2,0,0,0,2,2,1,0,0,0,0,0,0,12,0,0,5,0,0,0,0,0,5,0,2,0,0,9,0,2,5,1,0,0,1,0,0,0,0,0,0,0,0,2,0,0,0,0,0,0,0,0,0,0,0,2,0,0,0,0,0,4,3,1,0
"SG15 6",5325,5183,2,0,0,0,0,0,0,0,0,2,0,9,43,12,2,12,2,3,0,3,0,1,0,0,0,6,0,1,1,0,0,0,6,1,1,1,0,3,0,0,0,5,1,0,9,0,0,0,9,0,40,0,5,17,0,0,6,0,0,5,0,7,0,0,15,0,3,1,1,0,1,5,0,4,0,0,0,0,0,0,9,0,0,0,0,0,0,0,0,0,0,3,6,0,0,0,0,0,1,1,0,0
"SG16 6",5839,5710,2,0,0,0,0,0,0,0,0,3,5,8,39,8,4,14,2,0,1,1,0,3,0,1,1,1,1,1,0,0,1,0,3,0,0,0,2,1,0,0,0,2,1,0,0,0,0,0,0,0,26,2,0,11,0,2,0,0,0,6,0,0,5,0,38,9,8,1,1,0,0,2,0,17,0,0,0,0,0,0,0,0,0,0,0,0,0,0,0,0,0,0,0,0,0,0,1,1,1,0,0,1
"SG17 5",11741,11531,1,2,2,0,0,0,0,0,0,8,4,14,59,2,11,7,1,6,3,0,7,3,6,2,4,2,3,2,0,0,0,0,1,0,0,0,0,1,0,0,0,6,6,4,2,2,0,0,0,0,42,4,0,3,0,2,2,0,0,1,8,8,14,0,45,4,4,7,0,0,0,7,0,23,0,0,0,0,0,0,9,0,0,0,0,0,2,0,0,0,0,1,6,0,0,0,2,2,5,2,3,0
"SG18 0",7252,7045,0,1,0,0,0,1,0,0,0,8,6,3,99,11,4,51,15,1,0,1,6,1,0,0,1,2,3,1,0,0,1,1,3,1,2,0,0,0,0,0,0,5,10,4,1,1,0,0,0,0,20,6,2,5,0,0,0,0,1,6,0,0,0,0,32,0,5,3,0,2,0,2,0,19,1,0,0,0,0,0,12,0,0,0,0,1,0,0,0,0,0,2,5,1,0,3,0,0,3,0,1,2
"SG18 8",9296,9001,0,1,0,0,0,0,0,1,0,17,5,8,149,13,13,100,4,1,4,2,1,2,1,3,1,3,1,0,0,0,0,0,6,3,2,0,0,1,0,0,0,7,3,3,2,0,0,2,0,0,45,2,3,8,0,11,14,0,0,0,4,0,1,2,32,4,2,12,2,0,0,2,0,10,0,0,0,0,0,0,15,0,0,0,0,3,0,0,0,0,0,5,5,0,1,1,1,1,1,1,0,0
"SG18 9",6692,6617,3,0,0,0,0,0,0,0,0,5,2,1,39,23,2,6,3,1,0,2,0,0,0,0,2,0,0,0,0,0,0,0,3,3,0,0,0,0,0,0,0,1,0,0,4,0,2,2,0,0,5,0,0,0,0,0,1,0,0,4,0,0,0,0,11,0,0,2,0,0,0,2,1,6,0,0,0,0,0,0,0,0,0,0,0,0,0,0,0,0,0,0,0,0,0,0,0,0,1,0,0,1
"SG19 1",9257,9037,1,0,0,0,0,0,0,0,0,5,3,3,115,8,14,59,2,3,3,5,5,7,1,1,2,2,1,2,0,0,0,0,5,3,0,0,0,2,0,0,0,2,11,2,0,0,0,0,0,0,17,1,1,4,0,1,7,0,0,1,0,2,0,0,38,5,2,14,0,0,0,5,0,12,0,0,0,0,0,0,11,0,0,0,0,0,0,0,2,0,0,2,4,0,0,3,1,1,6,0,5,1
"SG19 2",9099,8956,0,0,0,0,0,0,0,0,0,7,6,6,63,5,12,29,3,0,4,1,0,1,1,2,1,1,2,0,0,0,1,0,0,0,0,0,0,0,0,0,0,4,0,1,13,0,2,5,5,1,13,0,1,8,0,2,1,0,1,0,0,0,0,0,25,1,5,9,2,1,0,1,6,0,0,0,0,0,0,0,4,0,0,0,0,2,0,0,0,0,0,0,1,0,0,1,0,0,1,1,0,0
"SG19 3",4886,4822,1,0,0,0,0,0,0,0,0,3,3,0,34,2,8,9,0,0,1,3,0,0,0,0,10,1,0,0,0,0,0,0,1,0,0,0,0,1,0,0,0,6,0,0,0,0,0,0,0,0,0,0,0,0,0,0,0,0,0,0,0,0,0,0,12,0,0,4,1,0,0,0,0,7,0,3,0,0,0,0,1,0,0,0,0,0,0,0,0,0,0,1,0,0,0,0,0,0,0,0,0,0
"SG2  0",7821,7477,0,0,0,0,0,0,0,0,0,4,1,11,98,1,1,55,8,7,8,8,3,3,2,1,0,0,0,0,0,0,1,0,4,3,0,0,0,1,0,0,0,15,5,6,15,1,1,12,1,0,89,12,1,2,0,38,17,0,0,3,13,3,0,0,67,1,17,6,4,0,5,8,0,24,2,0,0,0,0,0,24,1,0,0,0,1,2,2,2,0,0,8,2,1,2,3,0,0,5,2,0,3
"SG2  7",7498,7293,0,1,1,0,0,0,0,0,0,12,2,13,67,3,7,23,8,5,3,2,0,10,0,0,2,0,2,2,0,0,0,0,1,0,0,0,0,1,0,0,0,6,5,0,10,0,0,10,0,0,49,4,4,5,0,4,20,0,0,7,2,3,0,0,21,0,2,7,3,0,0,3,2,4,0,0,0,0,0,0,11,0,0,1,0,1,0,0,0,0,0,0,8,0,0,1,1,1,6,6,0,0
"SG2  8",12245,11858,2,0,0,0,0,0,0,0,0,9,10,18,151,6,7,74,10,5,11,12,1,10,2,4,4,0,0,1,2,0,2,0,4,3,0,0,1,0,0,0,0,6,8,13,22,0,5,17,0,0,57,14,5,2,0,8,22,0,0,5,1,0,0,0,54,7,2,8,1,0,0,15,0,18,3,0,0,0,0,0,30,1,0,0,0,3,4,2,5,0,0,10,0,3,1,1,3,3,0,0,0,0
"SG2  9",12874,12361,0,0,0,0,0,0,0,0,0,22,8,18,169,19,7,84,8,8,9,11,0,6,2,6,5,2,2,0,0,0,0,0,14,9,2,0,0,3,0,0,0,9,4,8,3,0,2,1,0,0,90,5,8,6,0,20,33,1,2,10,4,1,0,0,118,10,14,44,2,1,3,3,1,39,1,0,0,0,0,0,41,0,0,0,0,8,7,8,0,0,1,7,0,0,4,6,1,1,8,3,1,4
"SG3  6",6817,6635,2,0,0,0,0,0,0,0,0,7,3,6,67,3,2,20,4,3,3,16,0,1,0,5,1,3,4,1,0,0,1,0,0,0,0,0,0,0,0,0,0,5,7,2,0,0,0,0,0,0,25,7,1,3,0,0,4,0,0,5,5,0,0,0,48,0,3,5,2,4,0,2,0,32,0,0,0,0,0,0,9,0,0,0,0,0,0,2,0,0,0,0,4,0,0,3,0,0,1,1,0,0
"SG4  0",8443,7904,1,0,0,0,0,0,0,0,0,28,6,15,148,34,9,55,7,4,4,10,0,4,4,2,9,2,0,1,2,0,0,1,7,1,6,0,0,0,0,0,0,4,4,10,6,0,0,4,1,1,230,12,4,132,1,41,17,0,0,19,2,2,0,0,52,1,8,11,3,0,2,1,1,24,1,0,0,0,0,0,22,0,0,0,0,2,4,1,0,0,0,12,1,0,0,2,2,2,4,3,1,0
"SG4  7",4982,4872,2,1,0,0,0,1,0,0,0,17,0,6,21,3,3,4,0,1,0,0,0,0,2,1,3,1,1,1,1,0,0,0,0,0,0,0,0,0,0,0,0,1,2,0,2,0,0,2,0,0,33,3,0,4,0,12,5,0,0,9,0,0,0,0,24,1,5,7,0,0,1,3,0,7,0,0,0,0,0,0,1,0,0,0,0,0,0,0,0,0,0,1,0,0,0,0,0,0,0,0,0,0
"SG4  8",6379,6285,2,0,0,0,0,0,0,0,0,16,2,3,38,4,6,10,1,1,0,2,0,6,0,2,3,3,0,0,0,0,0,0,0,0,0,0,0,0,0,0,0,3,2,1,1,0,0,1,0,0,7,1,0,4,0,0,2,0,0,0,0,0,0,0,16,3,1,0,0,4,1,5,0,2,0,0,0,0,0,0,2,0,0,0,0,0,0,0,0,0,0,2,0,0,0,0,0,0,1,1,0,0
"SG4  9",8414,8055,1,0,0,0,0,0,0,0,0,29,9,14,92,8,11,31,3,1,4,5,2,10,0,4,4,4,5,0,0,0,0,0,5,3,0,0,1,1,0,0,0,4,0,14,3,1,0,2,0,0,127,10,19,50,0,23,12,1,0,9,0,1,0,2,44,6,3,8,7,2,2,6,0,8,2,0,0,0,0,0,17,0,0,0,0,0,0,0,0,0,0,12,4,0,0,1,0,0,0,0,0,0
"SG5  1",6923,6304,0,2,2,0,0,0,0,0,0,29,13,15,169,65,15,39,4,5,3,15,1,4,1,3,5,5,2,0,1,0,0,1,3,0,1,0,0,2,0,0,0,3,2,4,10,1,6,3,0,0,301,13,14,168,0,55,18,2,2,25,0,2,1,1,56,5,3,23,1,1,2,11,1,8,1,0,0,1,1,0,10,0,0,0,0,1,1,1,1,0,0,2,1,1,1,1,0,0,1,1,0,0
"SG5  2",7851,7532,1,0,0,0,0,0,0,0,0,25,9,5,129,24,16,46,8,0,2,0,3,16,1,0,3,8,0,1,0,0,0,1,1,1,0,0,0,0,0,0,0,1,7,10,1,0,0,1,0,0,77,7,1,24,0,37,5,0,0,0,0,0,2,1,43,3,11,19,0,0,0,4,3,3,0,0,0,0,0,0,8,0,0,0,0,0,0,0,0,0,0,1,1,0,3,3,1,1,1,0,0,1
"SG5  3",6136,6052,0,1,0,0,0,1,0,0,0,7,1,7,39,7,4,11,0,0,0,1,2,1,4,1,1,2,0,2,3,0,0,0,1,1,0,0,0,0,0,0,0,2,1,2,0,0,0,0,0,0,11,1,2,0,0,4,0,0,0,2,0,0,2,0,7,2,0,1,1,0,1,1,0,1,0,0,0,0,0,0,3,0,0,0,0,0,0,0,0,0,0,0,3,0,0,0,1,1,1,1,0,0
"SG5  4",9135,8907,3,0,0,0,0,0,0,0,0,10,4,14,90,17,8,27,1,3,6,3,10,2,2,2,5,3,0,0,0,0,1,0,1,0,0,0,1,0,0,0,0,3,3,2,1,1,0,0,0,0,51,3,2,30,0,2,8,0,0,5,0,1,0,0,36,0,20,8,0,0,1,3,0,1,3,0,0,0,0,0,10,0,0,0,0,0,0,0,0,0,0,2,6,0,1,1,0,0,0,0,0,0
"SG6  1",6850,6423,1,0,0,0,0,0,0,0,0,15,3,6,102,16,12,48,3,6,0,3,1,3,0,4,2,1,3,0,0,0,0,0,6,0,3,0,0,3,0,0,0,4,2,1,5,1,0,4,0,0,210,4,5,176,0,4,0,0,0,2,0,19,0,0,53,9,12,15,4,4,2,2,1,4,0,0,0,0,0,0,14,1,0,0,0,0,0,0,0,1,0,3,6,0,1,2,1,1,4,2,2,0
"SG6  2",7535,7157,0,0,0,0,0,0,0,0,0,10,0,6,115,46,13,31,3,2,1,0,2,4,0,0,7,0,5,0,0,0,0,1,10,4,5,0,0,1,0,0,0,2,3,2,3,0,0,3,0,0,171,8,5,110,0,5,15,5,0,14,5,4,0,0,28,0,7,15,0,0,0,0,0,4,2,0,0,2,2,0,19,0,0,0,0,0,0,2,0,0,0,10,4,0,0,3,3,3,4,3,1,0
"SG6  3",5936,5650,0,0,0,0,0,0,0,0,0,24,2,6,84,19,5,40,0,3,0,0,0,3,0,2,6,4,1,1,0,0,0,0,1,0,0,1,0,0,0,0,0,6,5,5,3,0,0,2,1,0,86,13,0,38,0,9,10,0,5,9,0,2,0,0,56,5,20,23,3,0,0,2,0,0,3,0,0,0,0,0,6,0,0,0,0,3,0,1,0,0,0,1,0,0,0,1,1,1,1,1,0,0
"SG6  4",11662,11181,0,1,0,0,0,0,0,1,0,14,12,15,170,23,13,104,5,2,0,6,1,1,0,3,4,4,3,1,0,0,0,0,14,10,4,0,0,0,0,0,0,1,6,4,10,1,0,9,0,0,176,15,9,104,0,2,0,0,0,19,0,24,0,3,37,2,7,11,3,0,1,10,0,2,1,0,0,1,1,0,15,0,0,0,0,0,0,0,1,0,0,4,6,0,0,4,4,4,1,1,0,0
"SG7  5",4263,4150,1,0,0,0,0,0,0,0,0,18,3,1,33,3,6,11,3,0,3,0,1,2,0,0,3,0,1,0,0,0,0,0,1,1,0,0,0,0,0,0,0,1,11,1,2,1,0,1,0,0,12,5,0,2,0,1,0,0,0,4,0,0,0,0,25,2,0,0,2,0,0,3,0,16,2,0,0,0,0,0,0,0,0,0,0,0,0,0,0,0,0,0,0,0,0,0,1,1,3,2,0,1
"SG7  6",8581,8350,2,5,2,0,0,1,1,1,0,13,9,4,89,17,6,29,0,7,4,6,2,3,2,2,6,2,2,1,0,0,0,0,7,6,0,0,0,1,0,0,0,3,10,0,2,0,0,2,0,0,37,1,3,22,0,3,2,1,2,2,0,1,0,0,31,1,1,2,1,0,0,2,0,24,0,0,0,0,0,0,12,0,0,0,0,0,0,0,0,0,0,1,5,0,0,6,1,1,6,3,0,3
"SG8  0",3952,3897,0,0,0,0,0,0,0,0,0,5,5,2,26,3,3,5,1,0,0,10,0,0,0,1,3,0,0,0,0,0,0,0,0,0,0,0,0,0,0,0,0,0,2,1,2,0,0,2,0,0,2,0,0,0,0,0,0,0,0,0,2,0,0,0,8,0,0,5,0,0,0,2,0,0,1,0,0,0,0,0,1,0,0,0,0,0,0,0,0,0,0,0,1,0,0,0,0,0,1,1,0,0
"SG8  5",10220,9879,4,0,0,0,0,0,0,0,0,14,1,12,165,10,15,71,0,2,0,38,3,9,1,4,5,5,0,1,0,0,1,0,2,0,1,1,0,0,0,0,0,2,4,2,12,1,2,7,0,2,37,1,0,2,0,12,2,0,4,5,7,1,2,1,52,3,4,8,3,0,2,3,1,28,0,2,0,0,0,0,22,0,0,0,0,0,0,1,0,0,0,5,7,0,0,9,1,1,9,2,5,2
"SG8  6",7000,6840,0,1,0,0,0,0,0,0,1,13,9,5,72,2,11,39,0,0,0,6,0,3,1,1,5,0,0,4,0,0,0,0,12,2,0,0,0,10,0,0,0,4,1,5,1,0,0,0,0,1,5,1,0,1,0,2,0,0,0,0,0,0,1,0,14,0,1,3,4,0,0,4,0,2,0,0,0,0,0,0,2,0,0,0,0,0,0,0,0,0,0,0,2,0,0,0,2,2,14,3,0,11
"SG8  7",7299,7091,0,1,0,1,0,0,0,0,0,19,7,8,83,7,10,36,2,0,5,2,1,3,3,4,5,2,2,0,1,0,0,0,1,0,0,0,0,1,0,0,0,11,5,1,7,1,0,5,0,1,30,5,3,2,0,7,2,0,2,1,2,2,4,0,16,1,0,4,6,0,0,2,2,1,0,1,0,0,0,0,17,0,0,0,0,0,0,0,3,1,0,5,3,0,0,5,0,0,1,1,0,0
"SG8  8",3267,3232,0,0,0,0,0,0,0,0,0,5,1,1,17,1,1,0,0,3,1,0,0,1,0,0,6,0,4,0,0,0,0,0,0,0,0,0,0,0,0,0,0,1,0,2,1,0,0,1,0,0,4,0,0,0,0,0,1,0,0,1,0,0,0,2,0,0,0,0,0,0,0,0,0,0,0,0,0,0,0,0,2,0,0,0,0,0,0,0,0,0,0,1,1,0,0,0,0,0,1,0,0,1
"SG8  9",5176,5046,0,0,0,0,0,0,0,0,0,10,2,5,57,9,7,30,0,3,1,0,0,0,2,0,1,3,1,0,0,0,0,0,0,0,0,0,0,0,0,0,0,4,0,8,0,0,0,0,0,0,21,0,8,3,0,4,0,0,1,5,0,0,0,0,12,1,1,4,2,0,0,1,1,2,0,0,0,1,1,0,9,0,0,0,0,0,0,0,0,0,0,2,5,0,0,2,0,0,1,1,0,0
"SG9  0",3123,3077,0,0,0,0,0,0,0,0,0,2,2,2,34,3,2,13,1,4,4,0,0,0,1,1,1,2,2,0,0,0,0,0,0,0,0,0,0,0,0,0,0,1,1,0,0,0,0,0,0,0,2,0,0,2,0,0,0,0,0,0,0,0,0,0,2,0,0,2,0,0,0,0,0,0,0,0,0,0,0,0,0,0,0,0,0,0,0,0,0,0,0,0,0,0,0,0,0,0,0,0,0,0
"SG9  9",5975,5916,2,0,0,0,0,0,0,0,0,4,0,2,21,6,5,4,0,1,0,1,0,1,0,0,1,0,1,1,0,0,0,0,0,0,0,0,0,0,0,0,0,4,1,2,0,0,0,0,0,0,12,0,0,0,0,7,0,0,0,2,0,0,0,3,10,0,2,7,0,0,0,1,0,0,0,0,0,0,0,0,0,0,0,0,0,0,0,0,0,0,0,0,0,0,0,0,0,0,1,1,0,0
"SK1  2",1518,1477,0,0,0,0,0,0,0,0,0,0,1,1,12,1,0,7,1,0,0,0,0,2,0,1,0,0,0,0,0,0,0,0,0,0,0,0,0,0,0,0,0,1,0,0,0,0,0,0,0,0,17,7,0,9,0,0,0,0,0,1,0,0,0,0,7,0,0,0,0,0,0,0,0,7,0,0,0,0,0,0,2,0,0,0,0,0,1,0,0,0,0,1,0,0,0,0,0,0,0,0,0,0
"SK1  3",2419,2313,0,0,0,0,0,0,0,0,0,6,1,3,38,1,2,26,1,1,1,0,0,2,1,0,1,0,2,0,0,0,0,0,3,0,2,1,0,0,0,0,0,1,4,1,6,0,1,4,0,1,11,2,0,2,0,1,3,0,0,0,2,0,1,0,24,1,4,8,1,1,0,1,1,7,0,0,0,0,0,0,4,0,0,0,0,0,0,0,0,0,0,4,0,0,0,0,2,2,2,2,0,0
"SK1  4",7068,6963,3,0,0,0,0,0,0,0,0,4,1,3,25,4,3,10,3,2,0,0,0,2,1,0,0,0,0,0,0,0,0,0,5,0,1,4,0,0,0,0,0,1,1,7,3,0,0,2,0,1,29,10,3,2,0,10,4,0,0,0,0,0,0,0,20,2,2,8,0,0,0,3,0,5,0,0,0,0,0,0,0,0,0,0,0,0,0,0,0,0,0,0,0,0,0,0,0,0,3,2,1,0
"SK10 1",3117,2980,4,0,0,0,0,0,0,0,0,5,0,4,59,0,6,29,10,3,1,2,0,0,0,0,2,4,2,0,0,0,0,0,3,0,0,0,0,3,0,0,0,1,1,2,0,0,0,0,0,0,23,0,9,0,0,2,0,0,3,7,1,0,0,1,32,3,8,4,0,0,0,9,0,8,0,0,0,0,0,0,3,0,0,0,0,0,0,0,0,0,0,2,0,0,1,0,0,0,0,0,0,0
"SK10 2",10423,10210,0,0,0,0,0,0,0,0,0,10,2,7,83,12,5,27,8,3,2,0,0,5,5,1,5,9,0,0,0,1,0,0,3,0,0,0,0,3,0,0,0,3,1,0,6,0,5,1,0,0,58,3,12,0,0,4,3,9,11,12,4,0,0,0,35,2,2,24,0,1,0,3,0,3,0,0,0,0,0,0,4,0,0,0,0,0,0,0,0,0,0,0,3,0,0,1,0,0,1,1,0,0
"SK10 3",10025,9765,2,0,0,0,0,0,0,0,0,13,2,8,80,3,9,34,8,2,3,1,0,2,4,3,4,6,0,0,0,0,1,0,0,0,0,0,0,0,0,0,0,2,3,3,0,0,0,0,0,0,96,20,4,4,0,14,1,2,7,20,17,1,0,6,42,4,6,2,5,0,0,10,0,15,0,0,0,0,0,0,2,0,0,0,0,0,0,0,0,0,0,0,2,0,0,0,1,1,6,3,1,2
"SK10 4",6261,6173,1,0,0,0,0,0,0,0,0,10,0,2,25,2,7,7,2,0,1,0,0,0,0,0,1,1,4,0,0,0,0,0,5,1,0,0,0,4,0,0,0,1,0,5,6,0,2,4,0,0,19,4,3,1,0,8,0,0,3,0,0,0,0,0,14,0,3,5,0,0,0,1,0,1,4,0,0,0,0,0,0,0,0,0,0,0,0,0,0,0,0,0,0,0,0,0,0,0,0,0,0,0
"SK10 5",8815,8714,3,0,0,0,0,0,0,0,0,8,2,7,45,7,5,17,1,1,1,0,0,0,2,1,3,2,1,2,0,0,2,0,1,0,0,0,0,1,0,0,0,3,1,2,3,0,0,3,0,0,8,0,2,0,0,4,2,0,0,0,0,0,0,0,13,2,2,2,1,0,0,2,1,3,0,0,0,0,0,0,4,0,0,0,0,0,0,0,0,0,0,0,4,0,0,0,1,1,0,0,0,0
"SK11 0",4130,4108,0,0,0,0,0,0,0,0,0,5,0,0,12,2,0,2,2,0,0,0,0,0,0,0,2,3,1,0,0,0,0,0,0,0,0,0,0,0,0,0,0,0,0,0,0,0,0,0,0,0,0,0,0,0,0,0,0,0,0,0,0,0,0,0,4,0,0,0,0,0,0,2,0,2,0,0,0,0,0,0,0,0,0,0,0,0,0,0,0,0,0,0,0,0,0,0,0,0,1,0,0,1
"SK11 6",3514,3283,1,0,0,0,0,0,0,0,0,10,1,6,81,2,5,44,12,1,7,0,0,2,2,0,5,1,0,0,0,0,0,0,3,1,0,2,0,0,0,0,0,2,4,0,2,0,0,2,0,0,67,5,19,0,0,4,1,2,2,18,3,0,7,6,49,0,2,11,0,0,0,5,0,31,0,0,0,0,0,0,4,0,0,0,0,0,0,0,0,0,0,0,0,0,2,2,0,0,1,0,1,0
"SK11 7",11231,10879,9,0,0,0,0,0,0,0,0,8,3,14,155,2,7,112,10,8,0,0,2,5,1,0,4,1,2,1,0,0,0,0,4,0,0,3,0,1,0,0,0,5,1,6,13,0,3,10,0,0,60,5,8,0,0,5,0,1,8,16,17,0,0,0,70,0,3,10,3,1,0,4,1,45,3,0,0,0,0,0,1,0,0,0,0,0,1,0,0,0,0,0,0,0,0,0,2,2,1,1,0,0
"SK11 8",12383,12152,8,0,0,0,0,0,0,0,0,10,1,9,110,5,11,72,1,3,0,1,0,6,1,3,2,1,0,0,0,0,4,0,0,0,0,0,0,0,0,0,0,4,2,4,5,0,0,1,4,0,33,2,6,1,0,1,0,0,7,7,4,1,4,0,32,2,7,6,1,1,0,1,2,11,1,0,0,0,0,0,3,0,0,0,0,0,0,0,0,0,0,0,0,0,1,2,5,5,5,2,1,2
"SK11 9",4086,4050,2,0,0,0,0,0,0,0,0,6,0,3,13,2,4,1,0,0,0,0,0,0,0,0,1,1,0,1,0,3,0,0,1,0,0,0,0,1,0,0,0,2,0,0,3,0,0,2,0,1,1,1,0,0,0,0,0,0,0,0,0,0,0,0,5,0,2,0,0,0,0,2,0,1,0,0,0,0,0,0,0,0,0,0,0,0,0,0,0,0,0,0,0,0,0,0,0,0,0,0,0,0
"SK12 1",13892,13730,2,2,0,0,0,1,0,1,0,9,3,6,45,4,7,12,0,5,0,0,2,2,5,3,1,0,3,0,0,1,0,0,4,0,2,0,0,2,0,0,0,8,4,6,2,0,0,2,0,0,26,8,6,6,0,1,4,0,0,0,1,0,0,0,44,0,6,13,6,0,1,2,0,16,0,0,0,0,0,0,1,0,0,0,0,0,0,0,0,0,0,0,0,0,1,0,0,0,0,0,0,0
"SK12 2",4695,4639,0,1,1,0,0,0,0,0,0,1,2,5,22,2,3,11,0,1,1,0,0,1,0,1,1,0,0,0,0,0,1,0,1,1,0,0,0,0,0,0,0,3,0,0,3,0,0,2,0,1,7,4,0,0,0,0,0,0,0,3,0,0,0,0,9,0,2,1,0,1,0,4,1,0,0,1,0,0,0,0,1,0,0,0,0,0,0,0,0,0,0,0,1,0,0,0,0,0,0,0,0,0
"SK13 0",1848,1827,0,0,0,0,0,0,0,0,0,0,0,0,7,2,0,4,0,0,0,0,0,0,0,0,1,0,0,0,0,0,0,0,0,0,0,0,0,0,0,0,0,1,0,0,0,0,0,0,0,0,1,0,0,0,0,0,0,0,0,0,0,1,0,0,9,0,0,9,0,0,0,0,0,0,0,0,0,0,0,0,2,0,0,0,0,0,0,0,1,0,0,0,0,1,0,0,0,0,1,0,1,0
"SK13 1",6616,6542,1,0,0,0,0,0,0,0,0,1,0,8,27,3,2,15,2,2,0,0,2,0,0,1,0,0,0,0,0,0,0,0,4,0,0,3,0,1,0,0,0,10,2,4,0,0,0,0,0,0,3,1,0,0,0,0,0,0,2,0,0,0,0,0,10,0,2,2,1,0,0,2,0,0,3,0,0,0,0,0,1,1,0,0,0,0,0,0,0,0,0,0,0,0,0,0,0,0,3,3,0,0
"SK13 2",3591,3565,1,0,0,0,0,0,0,0,0,7,0,3,7,0,2,3,0,0,0,0,0,0,0,1,0,1,0,0,0,0,0,0,0,0,0,0,0,0,0,0,0,1,0,0,0,0,0,0,0,0,0,0,0,0,0,0,0,0,0,0,0,0,0,0,7,0,5,0,0,0,0,1,0,0,1,0,0,0,0,0,0,0,0,0,0,0,0,0,0,0,0,0,0,0,0,0,0,0,0,0,0,0
"SK13 5",1409,1407,0,0,0,0,0,0,0,0,0,0,1,0,1,1,0,0,0,0,0,0,0,0,0,0,0,0,0,0,0,0,0,0,0,0,0,0,0,0,0,0,0,0,0,0,0,0,0,0,0,0,0,0,0,0,0,0,0,0,0,0,0,0,0,0,0,0,0,0,0,0,0,0,0,0,0,0,0,0,0,0,0,0,0,0,0,0,0,0,0,0,0,0,0,0,0,0,0,0,0,0,0,0
"SK13 6",5923,5881,0,1,0,0,0,0,0,1,0,1,1,5,5,0,2,0,0,0,0,0,0,1,0,0,0,0,1,1,0,0,0,0,1,0,0,0,0,1,0,0,0,1,1,1,3,0,0,3,0,0,3,1,0,1,0,0,0,0,0,0,0,0,0,1,12,0,0,4,1,0,0,7,0,0,0,0,0,0,0,0,1,0,0,0,0,0,0,0,0,0,0,0,1,0,0,0,0,0,6,2,1,3
"SK13 7",3790,3762,2,0,0,0,0,0,0,0,0,1,0,3,10,1,0,3,0,0,0,0,0,2,3,0,1,0,0,0,0,0,0,0,1,0,0,1,0,0,0,0,0,0,0,1,0,0,0,0,0,0,2,2,0,0,0,0,0,0,0,0,0,0,0,0,6,0,2,1,0,0,0,2,0,1,0,0,0,0,0,0,2,0,0,0,0,0,1,0,0,0,0,0,0,1,0,0,0,0,0,0,0,0
"SK13 8",8778,8667,2,0,0,0,0,0,0,0,0,9,2,11,39,2,13,6,5,1,0,0,1,0,0,2,4,2,0,0,2,0,1,0,1,0,0,1,0,0,0,0,0,0,1,3,0,0,0,0,0,0,3,1,0,0,0,0,0,0,0,0,2,0,0,0,29,2,8,7,1,1,0,10,0,0,0,0,0,0,0,0,6,0,0,0,0,0,1,0,1,0,0,3,1,0,0,0,0,0,5,2,3,0
"SK14 1",5547,4193,0,1,0,0,0,0,0,1,0,4,5,8,57,33,1,11,0,0,7,0,0,0,0,0,0,3,0,1,0,0,0,1,0,0,0,0,0,0,0,0,0,0,0,2,2,0,0,2,0,0,1211,9,4,14,0,1170,6,0,0,0,1,1,0,6,36,2,8,8,0,0,2,3,0,13,0,0,0,0,0,0,21,0,0,1,0,5,0,1,9,0,0,0,0,5,0,0,2,2,5,4,1,0
"SK14 2",3957,3795,0,1,1,0,0,0,0,0,0,0,2,8,36,11,1,15,0,0,0,0,0,1,4,1,0,0,1,1,1,0,0,0,3,0,1,2,0,0,0,0,0,1,1,1,5,0,0,3,2,0,86,11,0,1,0,72,0,0,0,0,2,0,0,0,14,2,0,8,0,0,0,0,0,0,4,0,0,0,0,0,3,0,0,0,0,0,0,0,0,0,0,1,0,2,0,0,0,0,1,0,1,0
"SK14 3",6187,6085,0,1,0,0,0,0,0,1,0,4,1,0,41,2,3,30,1,1,1,0,0,1,0,1,1,0,0,0,0,0,0,0,2,0,0,2,0,0,0,0,0,0,2,5,2,0,0,1,0,1,30,5,0,7,0,16,0,0,0,0,2,0,0,0,4,0,0,2,1,0,0,1,0,0,0,0,0,0,0,0,8,0,0,0,0,0,1,0,2,0,0,0,0,2,2,1,1,1,1,1,0,0
"SK14 4",11980,11596,4,1,0,0,0,0,0,1,0,4,4,4,78,23,1,41,0,4,2,0,0,0,5,1,0,1,0,0,0,0,0,0,1,0,0,1,0,0,0,0,0,1,8,2,1,0,1,0,0,0,236,25,3,3,0,196,5,0,0,0,0,0,0,4,27,1,9,11,0,0,0,0,0,0,6,0,0,0,0,0,9,0,0,0,0,0,0,0,5,0,0,2,1,0,0,1,0,0,4,3,0,1
"SK14 5",9489,9307,2,1,1,0,0,0,0,0,0,8,0,6,38,15,1,10,1,2,0,0,0,3,0,2,2,2,0,0,0,0,0,0,0,0,0,0,0,0,0,0,0,1,2,1,2,0,0,2,0,0,102,2,0,6,0,86,3,0,0,0,2,0,1,2,13,4,3,2,1,0,1,2,0,0,0,0,0,0,0,0,3,0,0,0,0,0,0,0,0,0,0,0,2,0,0,1,2,2,1,1,0,0
"SK14 6",4252,4196,0,0,0,0,0,0,0,0,0,2,1,0,21,0,2,12,3,1,0,0,0,2,0,0,1,0,0,0,0,0,0,0,2,1,1,0,0,0,0,0,0,1,2,1,2,1,0,1,0,0,11,0,0,0,0,2,5,0,0,0,4,0,0,0,4,0,0,2,0,0,0,2,0,0,0,0,0,0,0,0,8,0,0,0,0,0,0,0,1,0,0,5,1,0,0,1,0,0,1,1,0,0
"SK14 8",2780,2762,0,0,0,0,0,0,0,0,0,0,0,0,7,1,0,4,0,1,0,0,0,0,0,0,0,0,0,1,0,0,0,0,0,0,0,0,0,0,0,0,0,1,0,2,2,0,0,2,0,0,4,3,0,0,0,1,0,0,0,0,0,0,0,0,1,0,0,1,0,0,0,0,0,0,0,0,0,0,0,0,0,0,0,0,0,0,0,0,0,0,0,0,0,0,0,0,1,1,0,0,0,0
"SK15 1",8611,8371,2,0,0,0,0,0,0,0,0,7,4,3,82,6,5,62,0,3,1,0,0,4,0,0,0,1,0,0,0,0,0,0,4,0,1,3,0,0,0,0,0,0,1,2,7,0,0,6,1,0,82,10,1,0,0,10,50,0,0,3,7,0,0,1,16,3,3,5,0,0,0,2,1,2,0,0,0,0,0,0,26,0,1,0,0,0,0,0,0,0,0,9,0,3,2,11,1,1,3,3,0,0
"SK15 2",8878,8637,2,2,0,0,0,0,0,2,0,0,1,12,72,3,5,55,0,0,1,0,0,0,1,4,2,1,0,0,0,0,0,0,3,0,1,1,0,1,0,0,0,1,1,2,4,1,1,2,0,0,87,34,3,5,0,8,28,0,2,0,2,0,0,5,46,0,6,30,2,0,1,6,0,1,0,0,0,0,0,0,4,0,0,0,0,0,1,0,0,0,0,1,0,0,0,2,1,1,3,2,0,1
"SK15 3",8848,8673,1,2,1,0,0,1,0,0,0,5,0,3,92,15,1,66,0,0,3,0,0,1,0,1,2,0,0,0,3,0,0,0,3,0,0,2,1,0,0,0,0,0,2,3,2,1,0,0,1,0,41,8,0,6,0,2,19,0,2,0,2,2,0,0,14,1,0,9,1,0,0,1,1,1,0,0,0,0,0,0,4,0,0,0,0,0,0,0,1,0,0,1,0,0,0,2,0,0,3,2,1,0
"SK16 4",8013,7768,1,2,1,0,0,0,0,0,1,2,5,1,121,11,2,91,5,1,2,0,2,2,0,2,3,0,0,0,0,0,0,0,1,1,0,0,0,0,0,0,0,2,1,4,8,0,2,6,0,0,56,11,0,10,0,9,25,0,0,0,1,0,0,0,29,0,7,13,0,0,2,3,0,4,0,0,0,0,0,0,8,0,0,0,0,0,0,0,3,0,1,1,0,0,1,2,0,0,4,3,0,1
"SK16 5",10839,10611,0,0,0,0,0,0,0,0,0,10,2,3,66,9,4,48,0,3,0,0,0,1,0,1,0,0,0,0,0,0,0,0,4,0,0,4,0,0,0,0,0,2,3,5,3,0,1,2,0,0,90,32,4,5,0,13,31,0,1,0,0,1,0,3,28,2,11,6,0,0,3,4,0,1,1,0,0,0,0,0,5,0,0,0,0,0,0,0,2,1,1,1,0,0,0,0,0,0,7,4,3,0
"SK17 0",2867,2851,0,0,0,0,0,0,0,0,0,1,0,1,10,1,1,6,0,0,0,0,0,0,0,2,0,0,0,0,0,0,0,0,0,0,0,0,0,0,0,0,0,2,0,0,0,0,0,0,0,0,0,0,0,0,0,0,0,0,0,0,0,0,0,0,1,0,0,0,0,0,0,0,0,1,0,0,0,0,0,0,0,0,0,0,0,0,0,0,0,0,0,0,0,0,0,0,1,1,0,0,0,0
"SK17 6",8048,7850,1,0,0,0,0,0,0,0,0,9,5,3,123,9,9,75,1,1,2,0,11,2,2,7,2,1,0,1,0,0,0,0,2,0,0,0,0,2,0,0,0,4,0,3,2,0,0,1,0,1,11,2,2,1,0,0,0,0,0,0,0,0,6,0,29,3,6,10,1,3,1,1,0,4,0,0,0,0,0,0,4,0,0,0,0,0,0,0,0,0,0,0,2,0,1,1,0,0,2,2,0,0
"SK17 7",7109,6949,2,0,0,0,0,0,0,0,0,1,0,6,94,5,4,77,0,0,1,0,0,0,5,2,0,0,0,0,0,0,0,0,2,2,0,0,0,0,0,0,0,5,4,0,1,0,0,0,0,1,7,0,1,1,0,0,2,0,1,0,2,0,0,0,28,4,2,10,1,0,0,5,1,3,2,0,0,0,0,0,8,0,0,0,0,0,3,0,0,0,0,0,0,0,0,5,1,1,1,0,0,1
"SK17 8",5378,5352,1,0,0,0,0,0,0,0,0,1,1,0,10,0,2,4,0,1,0,0,1,0,0,0,2,0,0,0,0,0,0,0,0,0,0,0,0,0,0,0,0,0,1,0,0,0,0,0,0,0,2,1,0,0,0,0,0,0,0,0,0,0,0,1,6,0,1,2,0,0,0,0,0,3,0,0,0,0,0,0,1,0,0,0,0,0,0,0,0,0,0,0,1,0,0,0,0,0,3,2,0,1
"SK17 9",7809,7761,1,0,0,0,0,0,0,0,0,4,0,5,26,2,4,15,1,0,0,0,3,0,0,0,0,0,0,1,0,0,0,0,0,0,0,0,0,0,0,0,0,0,0,0,0,0,0,0,0,0,1,1,0,0,0,0,0,0,0,0,0,0,0,0,7,0,0,0,0,0,0,0,1,6,0,0,0,0,0,0,1,0,0,0,0,1,0,0,0,0,0,0,0,0,0,0,2,2,1,1,0,0
"SK2  5",13629,13422,1,1,0,0,0,0,0,1,0,8,6,9,52,4,7,27,0,0,9,0,0,0,0,2,1,0,2,0,0,0,0,0,2,0,0,0,1,1,0,0,0,1,4,12,8,0,0,7,0,1,40,24,0,1,0,6,4,0,0,0,5,0,0,0,51,1,16,17,1,2,1,8,0,5,0,0,0,0,0,0,5,0,0,1,0,0,0,0,1,0,0,3,0,0,0,0,1,1,6,4,0,2
"SK2  6",7284,7026,2,0,0,0,0,0,0,0,0,6,3,3,95,3,3,70,0,2,2,4,0,2,1,4,1,1,0,1,1,0,0,0,7,1,1,4,0,1,0,0,0,3,5,11,13,0,1,10,0,2,45,25,1,9,2,4,1,0,0,0,2,1,0,0,51,6,15,5,2,2,0,4,0,17,0,0,0,0,0,0,11,0,0,0,0,0,0,0,2,0,0,0,1,0,0,8,1,1,2,1,1,0
"SK2  7",6975,6772,3,0,0,0,0,0,0,0,0,1,0,7,45,2,5,32,2,0,0,0,1,2,0,1,0,0,0,0,0,0,0,0,2,1,0,1,0,0,0,0,0,2,4,14,20,0,0,16,0,4,60,11,2,1,0,9,2,1,2,3,27,0,0,2,35,1,11,14,0,0,5,2,0,2,0,0,0,0,0,0,6,0,0,0,0,0,0,0,0,0,0,0,0,0,4,2,1,1,3,1,1,1
"SK22 1",1100,1095,0,0,0,0,0,0,0,0,0,0,0,1,1,1,0,0,0,0,0,0,0,0,0,0,0,0,0,0,0,0,0,0,0,0,0,0,0,0,0,0,0,0,1,0,0,0,0,0,0,0,1,1,0,0,0,0,0,0,0,0,0,0,0,0,0,0,0,0,0,0,0,0,0,0,0,0,0,0,0,0,0,0,0,0,0,0,0,0,0,0,0,0,0,0,0,0,1,1,0,0,0,0
"SK22 2",2323,2311,0,0,0,0,0,0,0,0,0,2,1,0,4,0,1,0,1,0,0,0,0,0,0,0,2,0,0,0,0,0,0,0,0,0,0,0,0,0,0,0,0,1,1,1,0,0,0,0,0,0,0,0,0,0,0,0,0,0,0,0,0,0,0,0,1,0,0,0,0,0,0,1,0,0,0,0,0,0,0,0,0,0,0,0,0,0,0,0,0,0,0,0,0,0,0,0,0,0,1,1,0,0
"SK22 3",2978,2932,1,0,0,0,0,0,0,0,0,1,3,3,28,1,0,24,0,0,0,0,0,1,0,0,0,1,0,0,1,0,0,0,0,0,0,0,0,0,0,0,0,0,0,1,0,0,0,0,0,0,3,1,0,0,0,0,0,0,0,0,0,0,2,0,4,2,0,0,0,0,0,2,0,0,0,0,0,0,0,0,1,0,0,0,0,0,0,0,0,0,0,0,1,0,0,0,0,0,1,0,0,1
"SK22 4",5459,5351,2,0,0,0,0,0,0,0,0,2,2,0,60,0,0,50,0,0,0,2,0,1,1,0,2,1,2,0,1,0,0,0,0,0,0,0,0,0,0,0,0,1,0,2,4,0,0,4,0,0,5,0,0,0,0,0,0,0,0,0,0,5,0,0,29,0,0,7,2,0,0,6,0,14,0,0,0,0,0,0,0,0,0,0,0,0,0,0,0,0,0,0,0,0,0,0,0,0,1,0,0,1
"SK23 0",4425,4389,0,0,0,0,0,0,0,0,0,0,1,2,16,2,0,6,1,0,0,1,0,0,2,1,0,2,1,0,0,0,0,0,0,0,0,0,0,0,0,0,0,0,0,2,1,0,0,1,0,0,7,3,4,0,0,0,0,0,0,0,0,0,0,0,7,0,3,1,0,0,0,2,0,1,0,0,0,0,0,0,0,0,0,0,0,0,0,0,0,0,0,0,0,0,0,0,0,0,0,0,0,0
"SK23 6",2077,2051,0,0,0,0,0,0,0,0,0,3,0,0,12,0,2,8,0,0,1,0,0,1,0,0,0,0,0,0,0,0,0,0,0,0,0,0,0,0,0,0,0,0,0,0,0,0,0,0,0,0,1,0,0,0,0,0,1,0,0,0,0,0,0,0,10,0,1,4,0,0,0,1,0,4,0,0,0,0,0,0,0,0,0,0,0,0,0,0,0,0,0,0,0,0,0,0,0,0,0,0,0,0
"SK23 7",7625,7568,1,0,0,0,0,0,0,0,0,10,2,1,24,3,3,10,1,2,0,0,0,0,0,2,1,2,0,0,0,0,0,0,0,0,0,0,0,0,0,0,0,2,0,0,2,1,0,1,0,0,6,0,0,0,0,0,4,0,0,0,2,0,0,0,8,0,4,0,1,0,0,2,0,1,0,0,0,0,0,0,0,0,0,0,0,0,0,0,0,0,0,0,0,0,0,0,0,0,1,1,0,0
"SK23 9",2473,2445,0,0,0,0,0,0,0,0,0,5,1,0,16,1,1,9,0,0,0,0,0,4,0,0,0,0,1,0,0,0,0,0,1,0,0,0,0,1,0,0,0,2,0,0,1,0,0,1,0,0,0,0,0,0,0,0,0,0,0,0,0,0,0,0,2,0,0,0,0,0,0,1,1,0,0,0,0,0,0,0,0,0,0,0,0,0,0,0,0,0,0,0,0,0,0,0,0,0,0,0,0,0
"SK3  0",6767,6553,1,1,0,0,0,0,0,1,0,3,4,3,60,7,5,30,0,6,2,0,1,0,3,3,0,0,0,3,0,0,0,0,6,1,2,2,0,1,0,0,0,5,9,2,32,0,3,22,1,6,49,20,1,8,2,12,3,0,0,0,2,1,0,0,25,0,4,12,0,0,0,4,0,2,3,0,0,0,0,0,8,0,0,0,0,0,1,0,0,0,0,6,0,0,0,1,3,3,3,3,0,0
"SK3  8",11883,11360,1,0,0,0,0,0,0,0,0,9,17,11,146,5,8,101,1,2,6,3,0,9,0,3,6,1,0,0,0,0,0,1,10,3,5,2,0,0,0,0,0,1,3,16,30,0,0,29,0,1,149,85,3,23,4,18,9,2,0,1,3,0,0,1,118,5,17,19,0,1,4,7,1,62,2,0,0,0,0,0,6,0,0,0,0,0,0,0,0,0,0,3,0,0,0,3,1,1,5,5,0,0
"SK3  9",8290,7951,4,2,1,0,0,0,0,1,0,8,3,10,117,4,8,82,4,1,1,0,0,7,5,0,0,0,0,3,2,0,0,0,9,3,3,3,0,0,0,0,0,2,3,2,17,0,2,15,0,0,104,45,2,22,1,3,4,0,0,6,9,0,0,12,41,1,1,14,0,0,0,4,0,19,2,0,0,0,0,0,7,0,0,0,0,0,1,2,1,0,0,0,0,0,0,3,1,1,9,8,0,1
"SK4  1",3501,3331,1,0,0,0,0,0,0,0,0,4,2,3,50,6,2,31,0,2,3,0,0,1,0,0,4,1,0,0,0,0,0,0,3,1,1,0,0,1,0,0,0,1,4,15,11,0,0,11,0,0,34,17,6,3,0,1,1,0,0,4,2,0,0,0,32,3,17,6,0,0,0,0,0,6,0,0,0,0,0,0,6,0,0,0,0,0,0,2,0,0,1,1,0,0,0,2,2,2,2,2,0,0
"SK4  2",7666,7160,3,0,0,0,0,0,0,0,0,9,3,8,59,5,9,32,3,3,0,0,3,1,0,1,1,1,0,0,0,0,0,0,4,0,4,0,0,0,0,0,0,9,4,42,56,0,10,35,6,5,255,134,12,50,1,20,29,0,3,3,0,0,3,0,42,1,12,20,0,2,0,0,0,0,7,0,1,0,0,0,7,0,0,0,0,0,0,0,1,0,2,4,0,0,0,0,1,1,3,3,0,0
"SK4  3",8100,7652,2,0,0,0,0,0,0,0,0,11,2,23,43,8,9,8,2,1,3,0,0,2,0,0,2,0,1,5,0,1,0,1,0,0,0,0,0,0,0,0,0,5,3,40,54,1,5,40,7,1,201,81,9,49,1,17,28,0,0,5,3,0,0,8,52,3,12,27,0,4,0,1,0,5,0,0,0,0,0,0,4,0,0,0,0,0,0,0,0,0,0,2,2,0,0,0,3,3,5,4,1,0
"SK4  4",7285,7054,6,0,0,0,0,0,0,0,0,10,6,9,68,5,11,22,10,7,2,2,0,3,0,2,2,1,1,0,0,0,0,0,5,0,2,2,0,1,0,0,0,2,1,14,22,0,4,15,1,2,57,26,3,11,0,7,8,0,0,0,2,0,0,0,29,1,12,5,0,0,0,10,0,1,0,0,0,0,0,0,2,0,0,0,0,2,0,0,0,0,0,0,0,0,0,0,0,0,0,0,0,0
"SK4  5",7008,6780,2,0,0,0,0,0,0,0,0,4,4,1,44,3,5,17,1,4,2,0,0,3,1,4,3,0,1,0,0,0,0,0,7,1,4,1,0,1,0,0,0,3,2,19,11,0,2,4,4,1,97,53,1,31,1,4,2,0,0,0,0,0,0,5,23,1,6,6,4,0,0,5,0,1,0,0,0,0,0,0,5,1,0,0,0,1,0,0,0,0,0,2,0,0,0,1,3,3,3,3,0,0
"SK5  6",13320,12995,2,2,1,0,0,0,0,0,1,6,15,6,107,21,8,52,2,3,5,4,0,3,0,0,1,1,0,4,2,0,1,0,8,3,5,0,0,0,0,0,0,1,2,7,18,1,4,13,0,0,73,47,1,5,2,6,5,0,0,3,2,0,0,2,53,11,7,21,0,0,6,6,0,1,1,0,0,0,0,0,18,0,0,0,0,1,1,4,2,1,0,6,0,2,1,0,0,0,7,7,0,0
"SK5  7",7908,7699,3,0,0,0,0,0,0,0,0,2,9,9,59,12,3,35,0,1,0,3,1,1,0,0,0,1,1,0,0,0,0,1,7,0,2,5,0,0,0,0,0,3,5,8,15,1,2,10,0,2,36,16,1,8,0,3,3,0,0,2,0,0,0,3,45,0,8,14,0,0,4,5,0,11,3,0,0,0,0,0,5,0,0,1,0,0,1,0,0,0,0,1,0,0,0,2,0,0,3,3,0,0
"SK5  8",6540,6363,2,1,0,0,0,1,0,0,0,2,3,2,68,2,6,39,0,5,4,2,2,0,6,0,2,0,0,0,0,0,0,0,4,3,0,1,0,0,0,0,0,0,4,6,19,1,7,8,0,3,22,13,0,4,0,4,1,0,0,0,0,0,0,0,23,3,8,6,0,0,3,1,0,0,2,0,0,0,0,0,17,0,1,0,0,2,0,0,4,0,0,4,0,0,1,5,0,0,4,4,0,0
"SK6  1",9031,8947,1,2,0,0,0,0,0,2,0,8,0,1,32,7,6,11,1,2,1,0,0,0,1,0,2,0,0,0,1,0,0,0,1,0,0,0,0,1,0,0,0,0,2,4,7,0,0,6,0,1,5,1,2,1,0,1,0,0,0,0,0,0,0,0,20,2,5,8,0,0,0,3,0,1,1,0,0,0,0,0,0,0,0,0,0,0,0,0,0,0,0,0,0,0,0,0,1,1,0,0,0,0
"SK6  2",6774,6690,3,0,0,0,0,0,0,0,0,1,2,0,32,2,3,18,0,0,3,3,0,0,2,0,1,0,0,0,0,0,0,0,0,0,0,0,0,0,0,0,0,0,2,2,4,0,0,4,0,0,8,3,0,3,0,0,1,0,0,0,0,0,0,1,24,1,10,4,0,0,2,2,0,4,1,0,0,0,0,0,2,0,0,0,0,0,0,0,0,0,0,0,2,0,0,0,1,1,3,3,0,0
"SK6  3",4556,4492,1,0,0,0,0,0,0,0,0,1,3,2,21,1,2,9,0,2,0,0,0,0,0,5,1,1,0,0,0,0,0,0,0,0,0,0,0,0,0,0,0,0,2,1,1,0,0,1,0,0,11,4,0,0,0,0,5,0,0,2,0,0,0,0,18,0,3,5,2,0,0,4,0,0,4,0,0,0,0,0,0,0,0,0,0,0,0,0,0,0,0,0,0,0,0,0,0,0,3,1,0,2
"SK6  4",6445,6366,0,0,0,0,0,0,0,0,0,7,2,6,27,2,4,11,1,0,2,0,0,0,0,0,5,2,0,0,0,0,0,0,0,0,0,0,0,0,0,0,0,0,4,0,6,0,0,6,0,0,11,2,0,0,0,7,0,0,0,0,0,0,0,2,13,0,1,10,1,0,0,1,0,0,0,0,0,0,0,0,2,0,0,0,0,1,0,0,1,0,0,0,0,0,0,0,0,0,1,1,0,0
"SK6  5",5605,5557,0,0,0,0,0,0,0,0,0,2,1,3,20,4,4,2,0,0,2,1,0,0,0,1,3,1,1,1,0,0,0,0,2,0,0,0,0,2,0,0,0,2,0,1,3,0,0,3,0,0,2,2,0,0,0,0,0,0,0,0,0,0,0,0,10,0,2,5,1,0,0,1,1,0,0,0,0,0,0,0,2,0,0,0,0,0,0,0,1,0,0,1,0,0,0,0,0,0,0,0,0,0
"SK6  6",6424,6321,0,0,0,0,0,0,0,0,0,2,0,7,40,4,8,18,0,0,2,0,0,0,2,0,1,4,1,0,0,0,0,0,1,0,0,1,0,0,0,0,0,2,0,0,5,0,0,5,0,0,13,2,0,6,0,2,0,0,0,0,0,0,0,3,31,0,3,4,1,0,1,2,0,18,2,0,0,0,0,0,0,0,0,0,0,0,0,0,0,0,0,0,0,0,0,0,1,1,1,1,0,0
"SK6  7",6690,6601,1,1,0,0,0,0,0,1,0,9,3,1,44,7,6,16,3,0,4,0,0,2,2,1,3,0,0,0,0,0,0,0,1,0,1,0,0,0,0,0,0,0,2,1,5,0,0,5,0,0,6,3,0,1,0,0,0,0,2,0,0,0,0,0,11,0,4,4,1,0,0,2,0,0,0,0,0,0,0,0,1,0,0,0,0,0,0,0,0,0,0,0,0,0,0,1,1,1,2,2,0,0
"SK6  8",3753,3724,1,0,0,0,0,0,0,0,0,1,0,1,11,3,0,5,0,0,0,0,1,0,0,2,0,0,0,0,0,0,0,0,0,0,0,0,0,0,0,0,0,0,2,0,1,0,1,0,0,0,4,4,0,0,0,0,0,0,0,0,0,0,0,0,7,0,0,2,1,0,0,3,0,0,1,0,0,0,0,0,0,0,0,0,0,0,0,0,0,0,0,0,0,0,0,0,0,0,1,1,0,0
"SK7  1",6590,6495,2,0,0,0,0,0,0,0,0,5,1,4,20,4,1,4,0,3,0,0,0,0,2,3,3,0,0,0,0,0,0,0,0,0,0,0,0,0,0,0,0,0,4,2,15,0,0,12,0,3,25,7,2,9,0,1,5,0,0,0,1,0,0,0,17,0,3,14,0,0,0,0,0,0,0,0,0,0,0,0,0,0,0,0,0,0,0,0,0,0,0,0,0,0,0,0,0,0,0,0,0,0
"SK7  2",6911,6675,0,1,0,0,0,0,0,0,1,1,9,9,39,8,7,10,0,2,0,0,1,0,0,3,5,0,2,0,0,0,1,0,1,0,0,0,0,1,0,0,0,0,1,6,73,0,1,71,0,1,44,6,10,7,0,10,10,0,0,0,0,0,0,1,49,2,21,8,4,0,2,4,2,3,3,0,1,0,0,0,1,0,0,0,0,0,0,1,0,0,0,0,0,0,0,0,0,0,1,1,0,0
"SK7  3",6491,6279,3,0,0,0,0,0,0,0,0,7,1,4,38,1,13,15,0,1,0,0,0,0,2,1,1,0,3,0,0,0,0,1,0,0,0,0,0,0,0,0,0,2,2,7,50,2,9,36,0,3,58,13,3,9,0,6,23,4,0,0,0,0,0,0,35,2,6,19,2,2,2,1,0,0,1,0,0,0,0,0,2,0,0,0,0,0,0,0,0,0,0,0,0,0,0,2,1,1,2,1,1,0
"SK7  4",7087,6903,1,1,1,0,0,0,0,0,0,6,0,14,55,5,2,21,4,1,0,0,0,2,14,2,1,0,1,2,0,0,0,0,9,9,0,0,0,0,0,0,0,1,3,5,18,0,6,8,0,4,42,14,5,6,0,5,0,0,0,1,7,0,0,4,25,0,4,10,2,0,2,5,0,2,0,0,0,0,0,0,3,0,0,0,0,0,0,0,0,0,0,0,0,0,0,3,1,1,0,0,0,0
"SK7  5",5724,5606,0,0,0,0,0,0,0,0,0,2,1,7,33,3,1,22,2,0,0,0,0,2,0,0,2,1,0,0,0,0,0,0,2,1,1,0,0,0,0,0,0,0,1,13,14,0,0,14,0,0,25,4,2,1,0,5,2,0,0,4,7,0,0,0,19,0,1,7,2,3,0,3,2,1,0,0,0,0,0,0,0,0,0,0,0,0,0,0,0,0,0,0,0,0,0,0,0,0,1,0,0,1
"SK7  6",6467,6378,1,0,0,0,0,0,0,0,0,5,0,1,18,0,6,6,0,0,0,0,0,0,0,3,3,0,0,0,0,0,0,0,1,0,0,1,0,0,0,0,0,1,1,3,7,0,0,7,0,0,27,9,1,7,0,4,3,0,0,0,2,1,0,0,18,0,10,2,4,2,0,0,0,0,0,0,0,0,0,0,4,0,0,0,0,0,0,0,0,0,0,1,0,0,0,3,0,0,2,0,0,2
"SK8  1",5336,5039,1,0,0,0,0,0,0,0,0,4,0,6,18,4,1,5,0,0,0,0,1,1,0,4,0,1,0,1,0,0,0,0,5,3,0,0,0,2,0,0,0,2,3,26,51,3,14,29,2,3,148,86,5,26,0,10,15,3,0,2,1,0,0,0,29,0,6,8,0,3,0,3,0,9,0,0,0,0,0,0,2,0,0,0,0,0,0,0,0,0,0,0,2,0,0,0,0,0,2,2,0,0
"SK8  2",6633,6426,2,1,0,0,0,1,0,0,0,8,4,14,35,2,0,18,0,5,0,0,0,0,0,8,1,0,1,0,0,0,0,0,8,3,3,0,0,2,0,0,0,0,6,8,43,1,7,29,1,5,55,35,1,7,0,7,3,0,0,0,0,0,2,0,19,1,3,4,3,0,0,2,0,6,0,0,0,0,0,0,1,0,0,0,0,0,0,0,0,0,0,0,0,0,0,1,0,0,3,1,1,1
"SK8  3",12084,11238,1,0,0,0,0,0,0,0,0,12,1,10,102,8,6,41,13,1,0,1,1,2,9,8,2,4,4,2,0,0,0,0,2,0,2,0,0,0,0,0,0,7,8,40,73,1,5,46,18,3,490,278,10,88,1,39,45,0,0,4,21,1,0,3,69,1,38,20,5,0,1,3,0,1,0,0,0,0,0,0,2,0,0,0,0,0,0,0,0,0,0,2,0,0,0,0,4,4,25,25,0,0
"SK8  4",8245,7742,2,0,0,0,0,0,0,0,0,8,3,10,64,11,6,16,2,0,5,0,0,14,2,8,0,0,0,0,0,0,0,0,10,3,3,2,0,2,0,0,0,7,7,46,59,4,9,42,2,2,235,122,9,47,3,24,24,4,0,0,2,0,0,0,46,1,2,25,7,6,0,0,0,5,0,0,0,0,0,0,2,0,0,0,0,0,0,0,0,0,0,0,1,0,0,1,1,1,3,1,0,2
"SK8  5",8082,7785,0,0,0,0,0,0,0,0,0,7,9,7,44,2,3,21,0,3,1,0,0,2,2,6,1,2,1,0,0,0,0,0,5,4,0,0,0,1,0,0,0,3,2,25,53,0,4,42,4,3,105,41,3,21,0,12,18,0,0,4,2,4,0,0,25,3,8,8,1,0,0,1,0,2,2,0,0,0,0,0,5,0,0,0,0,0,0,0,1,0,0,2,0,1,0,1,4,4,3,2,0,1
"SK8  6",7524,7206,4,0,0,0,0,0,0,0,0,7,3,9,39,9,4,12,0,0,0,0,0,2,3,4,1,1,3,0,0,0,0,0,2,0,2,0,0,0,0,0,0,2,1,20,68,0,4,63,0,1,126,40,19,18,0,7,20,4,2,2,3,3,0,8,30,4,13,6,0,0,0,1,0,6,0,0,0,0,0,0,0,0,0,0,0,0,0,0,0,0,0,0,0,0,0,0,0,0,7,7,0,0
"SK8  7",8472,8292,4,0,0,0,0,0,0,0,0,2,8,3,36,12,3,7,0,1,0,0,0,2,0,4,2,1,3,1,0,0,0,0,2,0,2,0,0,0,0,0,0,5,1,17,30,3,1,23,0,3,45,18,4,2,0,5,14,0,0,2,0,0,0,0,23,2,5,8,0,0,0,3,0,3,2,0,0,0,0,0,0,0,0,0,0,0,0,0,0,0,0,0,0,0,0,0,1,1,3,2,0,1
"SK9  1",2267,2171,0,0,0,0,0,0,0,0,0,12,3,3,33,4,2,11,1,2,0,0,0,0,3,2,0,1,1,4,0,2,0,0,4,0,4,0,0,0,0,0,0,0,1,1,6,0,0,2,4,0,10,0,1,2,0,2,0,0,2,1,0,1,1,0,21,0,7,3,3,0,0,8,0,0,0,0,0,0,0,0,1,0,0,0,0,0,0,0,0,0,0,0,0,0,0,1,0,0,1,1,0,0
"SK9  2",8634,8236,4,0,0,0,0,0,0,0,0,10,2,15,111,16,14,38,5,2,3,4,0,4,3,6,4,9,1,1,0,0,0,1,6,0,0,0,0,6,0,0,0,4,3,20,24,0,4,19,0,1,116,36,5,17,0,19,14,2,3,7,7,0,0,6,69,1,8,13,24,0,1,5,0,17,0,0,0,0,0,0,8,0,0,0,0,0,0,1,2,0,0,4,0,0,0,1,5,5,1,0,1,0
"SK9  3",6067,5879,2,0,0,0,0,0,0,0,0,10,0,16,57,5,6,24,7,3,2,1,0,1,1,3,1,3,0,0,0,0,0,0,0,0,0,0,0,0,0,0,0,7,1,16,5,0,0,5,0,0,34,17,0,4,0,1,5,0,0,2,5,0,0,0,37,2,12,4,5,3,0,0,0,11,0,0,0,0,0,0,1,0,0,0,0,1,0,0,0,0,0,0,0,0,0,0,0,0,2,2,0,0
"SK9  4",3932,3821,4,2,0,0,0,1,0,0,1,2,7,5,41,0,4,22,2,1,1,1,0,0,4,2,2,1,0,0,1,0,0,0,1,0,0,0,0,1,0,0,0,0,2,5,7,0,1,3,1,2,14,4,3,3,0,1,1,0,0,0,0,2,0,0,15,1,0,8,0,0,2,2,1,1,0,0,0,0,0,0,5,0,0,0,0,0,0,0,0,0,0,3,1,0,0,1,1,1,0,0,0,0
"SK9  5",4904,4744,2,0,0,0,0,0,0,0,0,14,8,8,71,5,9,33,2,2,1,0,0,4,0,0,4,5,0,4,0,2,0,0,4,0,1,0,0,3,0,0,0,1,4,0,3,0,0,3,0,0,16,1,1,9,0,3,2,0,0,0,0,0,0,0,29,2,10,5,7,0,0,5,0,0,0,0,0,0,0,0,0,0,0,0,0,0,0,0,0,0,0,0,0,0,0,0,0,0,0,0,0,0
"SK9  6",5072,5005,1,0,0,0,0,0,0,0,0,12,1,4,33,7,9,8,0,0,0,0,0,0,0,1,2,5,0,1,0,0,0,0,1,0,0,0,0,1,0,0,0,0,0,0,3,0,0,1,0,2,2,0,0,0,0,1,0,0,0,0,0,1,0,0,9,1,0,3,2,1,0,1,0,0,1,0,0,0,0,0,0,0,0,0,0,0,0,0,0,0,0,0,0,0,0,0,0,0,1,1,0,0
"SK9  7",5893,5713,5,0,0,0,0,0,0,0,0,10,5,13,73,14,19,18,0,3,0,0,0,1,0,0,8,9,0,0,0,0,0,1,2,0,1,0,0,1,0,0,0,1,4,4,7,0,0,6,0,1,7,2,0,1,0,4,0,0,0,0,0,0,0,0,39,1,2,7,5,0,0,6,6,12,0,0,0,0,0,0,1,0,0,0,0,0,0,0,0,1,0,0,0,0,0,0,0,0,9,0,0,9
"SL0  0",5369,5098,2,1,0,0,0,1,0,0,0,8,3,5,58,5,4,18,2,5,2,2,0,10,2,0,5,1,0,2,0,0,0,0,10,0,2,0,1,7,0,0,0,2,2,7,1,0,0,1,0,0,139,16,13,77,0,4,16,0,0,7,0,1,0,5,21,0,1,1,5,0,2,4,1,1,6,0,0,0,0,0,7,0,0,0,0,0,0,0,0,0,0,0,7,0,0,0,2,2,3,2,0,1
"SL0  9",5334,5006,2,0,0,0,0,0,0,0,0,19,5,5,69,5,6,17,4,5,7,5,0,4,0,0,6,7,1,2,0,0,0,0,2,0,1,0,0,1,2,2,0,3,0,13,9,0,0,0,1,8,185,10,11,139,0,1,16,0,0,7,0,0,0,1,12,0,0,3,3,1,0,2,0,2,1,0,0,0,0,0,0,0,0,0,0,0,0,0,0,0,0,0,0,0,0,0,1,1,1,0,1,0
"SL1  1",5416,3171,0,3,1,0,0,0,0,1,1,34,36,16,772,15,10,638,16,15,29,8,8,13,10,5,0,4,0,0,0,0,1,0,32,24,4,0,0,4,0,0,0,10,10,52,33,0,11,13,7,2,1078,502,62,295,10,21,16,15,28,85,13,7,7,17,50,1,0,20,0,7,1,4,0,14,3,0,0,0,0,0,110,0,0,45,0,2,5,2,16,0,0,19,4,1,0,16,6,6,3,1,2,0
"SL1  2",15310,9621,2,2,0,0,0,0,0,1,1,53,31,36,1753,51,24,1429,22,9,86,43,11,25,9,6,19,5,7,1,1,2,1,2,31,26,0,2,2,1,3,3,0,31,14,129,204,0,28,88,86,2,2729,1155,154,959,18,35,60,19,43,118,51,35,41,41,171,15,4,39,24,11,3,15,2,51,7,0,0,1,1,0,474,0,2,212,0,7,12,1,106,2,0,73,8,6,13,32,19,19,6,3,3,0
"SL1  3",14815,9006,0,3,1,0,0,0,0,0,2,28,34,24,1592,63,9,1378,4,7,49,23,1,21,1,6,20,2,0,0,4,0,4,0,28,14,5,4,5,0,0,0,0,14,2,59,159,0,1,44,112,2,3391,1220,92,1717,32,29,62,6,16,102,36,14,26,39,129,3,10,20,10,0,8,7,0,62,9,0,3,0,0,0,322,0,0,172,0,13,1,1,47,0,2,54,3,5,11,13,16,16,5,3,1,1
"SL1  4",414,220,0,0,0,0,0,0,0,0,0,8,0,2,68,0,1,64,2,0,1,0,0,0,0,0,0,0,0,0,0,0,0,0,0,0,0,0,0,0,0,0,0,1,2,3,6,0,0,6,0,0,71,18,3,36,0,0,3,6,0,0,0,0,5,0,7,1,0,0,0,0,0,0,0,5,1,0,0,0,0,0,24,0,0,10,0,3,0,0,4,0,0,6,0,0,0,1,2,2,0,0,0,0
"SL1  5",13026,10890,0,2,2,0,0,0,0,0,0,38,33,21,594,47,9,431,7,5,22,13,1,12,3,14,20,0,6,1,1,0,2,0,13,13,0,0,0,0,0,0,0,18,3,66,61,0,6,36,19,0,1028,348,68,391,5,19,62,15,27,42,13,16,0,22,66,2,9,6,3,11,0,12,5,15,3,0,0,0,0,0,188,1,1,70,0,2,4,0,45,0,0,38,9,1,2,15,1,1,4,3,1,0
"SL1  6",6997,6097,1,0,0,0,0,0,0,0,0,22,14,29,282,23,11,175,11,5,12,5,3,16,2,5,12,0,2,0,0,0,0,0,14,7,4,1,2,0,0,0,0,10,2,11,18,0,0,1,14,3,355,93,28,133,2,6,20,11,23,20,2,7,2,8,66,3,5,9,7,3,0,5,0,34,0,0,0,0,0,0,65,0,0,8,0,4,4,0,15,0,0,21,8,1,2,2,10,10,1,0,1,0
"SL1  7",5074,4864,0,0,0,0,0,0,0,0,0,9,5,15,73,15,4,30,8,1,1,2,1,3,0,2,2,4,0,0,0,0,0,0,6,2,2,0,1,1,0,0,0,2,0,6,3,0,0,0,0,3,62,5,4,33,0,9,5,0,2,0,0,2,2,0,15,0,0,1,2,0,0,5,0,7,0,0,0,0,0,0,12,0,0,0,0,0,0,0,1,1,0,2,3,0,0,5,0,0,2,2,0,0
"SL1  8",3344,3208,1,0,0,0,0,0,0,0,0,4,3,8,37,7,6,14,3,2,0,0,0,0,0,0,1,3,0,0,0,0,1,0,0,0,0,0,0,0,0,0,0,1,1,5,10,1,0,4,0,5,48,0,2,28,0,2,6,0,2,0,0,4,0,4,15,0,6,2,2,0,1,3,0,1,0,0,0,0,0,0,1,0,0,0,0,0,0,0,0,0,0,0,0,0,0,1,1,1,1,1,0,0
"SL1  9",2380,1759,0,0,0,0,0,0,0,0,0,10,9,7,233,2,5,200,2,1,7,5,0,3,6,2,0,0,0,0,0,0,0,0,8,6,0,0,2,0,0,0,0,5,3,37,17,0,6,4,7,0,221,56,14,90,0,4,8,2,0,28,3,14,0,2,20,3,3,1,1,4,0,3,0,4,1,0,0,0,0,0,48,0,0,17,0,5,1,2,1,0,0,13,6,1,0,2,2,2,1,1,0,0
"SL2  1",14360,9968,0,0,0,0,0,0,0,0,0,45,23,37,1385,31,10,1231,6,4,31,36,1,4,8,3,1,6,1,0,5,0,7,0,21,16,2,1,1,1,0,0,0,24,3,62,118,0,17,28,70,3,2212,876,66,1066,19,36,33,7,1,61,5,15,7,20,96,5,2,23,0,4,4,5,0,53,0,1,0,1,1,0,337,2,2,136,1,24,22,0,33,0,1,59,4,2,21,30,17,17,10,8,1,1
"SL2  2",7453,6494,1,0,0,0,0,0,0,0,0,16,25,19,377,12,10,310,2,1,0,9,1,11,7,2,3,4,0,5,0,0,0,0,13,4,2,7,0,0,0,0,0,16,0,16,20,0,6,8,6,0,259,122,2,74,0,7,12,1,4,24,1,4,0,8,56,0,2,17,6,0,2,3,0,26,0,0,1,0,0,0,135,5,0,33,0,23,6,0,7,0,0,26,3,1,11,20,3,3,2,0,0,2
"SL2  3",6945,6621,0,1,0,0,0,0,0,0,1,13,5,7,110,15,15,43,2,0,2,3,1,5,1,4,2,10,5,1,0,0,1,0,5,3,0,0,0,2,0,0,0,11,4,5,3,0,0,3,0,0,108,17,5,48,0,12,19,0,1,5,0,0,1,0,47,0,3,32,0,7,0,2,0,3,0,0,0,0,0,0,5,0,0,0,0,0,1,0,0,0,0,0,3,0,1,0,0,0,0,0,0,0
"SL2  4",5291,4818,1,3,1,0,0,2,0,0,0,10,4,11,122,22,2,47,8,2,9,1,0,7,3,7,9,2,2,1,0,0,0,0,1,0,0,1,0,0,0,0,0,0,1,10,10,0,0,1,6,3,194,30,16,120,1,5,6,0,0,5,3,0,4,4,86,0,6,21,30,0,0,3,1,25,0,0,0,0,0,0,19,0,0,4,0,0,0,1,1,0,0,4,4,0,0,5,1,1,0,0,0,0
"SL2  5",16538,10885,0,4,1,0,0,0,0,3,0,43,48,36,1363,60,9,1143,18,6,49,15,7,6,10,2,27,6,1,1,1,0,0,2,22,13,0,2,1,6,2,2,0,15,3,74,106,2,20,38,44,2,3417,1324,90,1571,43,47,61,2,13,128,54,21,13,50,195,3,6,20,6,1,2,13,5,137,2,1,0,0,0,0,299,2,0,132,0,25,7,4,34,0,0,58,4,2,20,11,17,17,8,4,3,1
"SL3  0",3707,3028,1,2,0,0,0,0,0,1,1,18,16,12,277,5,7,177,16,6,26,31,1,1,0,2,1,1,0,1,1,1,0,0,5,1,0,4,0,0,0,0,0,5,1,16,6,0,0,6,0,0,251,66,22,115,0,0,12,0,2,15,5,14,0,0,36,1,2,14,3,0,1,10,1,4,0,0,0,0,0,0,26,0,0,0,0,4,0,0,1,0,0,10,3,1,5,2,7,7,0,0,0,0
"SL3  6",2925,2731,0,0,0,0,0,0,0,0,0,6,6,2,49,17,0,19,2,1,6,0,0,0,0,0,0,1,1,0,0,0,2,0,0,0,0,0,0,0,0,0,0,0,0,7,5,0,0,3,0,2,98,22,5,60,0,0,4,0,0,3,3,0,0,1,9,0,0,1,4,0,0,0,1,3,0,0,0,0,0,0,10,0,0,1,0,1,0,0,4,0,0,0,4,0,0,0,2,2,0,0,0,0
"SL3  7",14347,11244,1,1,1,0,0,0,0,0,0,30,33,24,534,35,9,356,14,5,42,27,4,7,7,4,12,5,2,5,0,0,0,0,25,18,0,5,0,2,0,0,0,15,2,93,82,0,17,56,9,0,2025,349,141,1097,0,33,110,36,62,115,20,2,33,27,94,1,19,33,5,5,0,7,1,18,5,0,0,0,0,0,131,1,0,30,0,17,2,6,34,7,0,15,3,0,4,12,10,10,3,2,1,0
"SL3  8",16387,13147,0,2,2,0,0,0,0,0,0,46,66,30,901,54,13,687,19,8,37,49,2,9,6,2,6,1,2,2,1,0,2,1,46,36,4,4,0,2,0,0,0,22,12,79,105,0,15,53,32,5,1568,405,79,672,7,48,75,18,52,121,25,20,10,36,107,6,15,28,3,0,0,10,3,36,6,0,0,0,0,0,236,0,0,65,0,29,4,5,46,5,0,38,3,8,9,24,14,14,6,5,0,1
"SL3  9",5694,5210,1,0,0,0,0,0,0,0,0,14,49,19,148,12,20,47,13,2,11,12,0,10,2,3,7,5,2,1,0,0,1,0,9,3,2,2,0,2,0,0,0,10,7,14,5,0,0,5,0,0,161,25,7,92,0,10,7,4,5,1,0,3,4,3,30,1,4,4,7,6,0,6,0,2,0,0,0,0,0,0,11,0,0,5,0,0,0,0,0,0,0,1,2,0,0,3,3,3,3,1,0,2
"SL4  1",3063,2776,1,0,0,0,0,0,0,0,0,19,14,30,137,17,16,47,9,8,1,3,0,9,1,3,4,9,4,6,0,0,0,0,4,1,1,0,0,2,0,0,0,4,4,5,2,0,0,2,0,0,18,3,3,0,0,6,3,0,0,0,0,1,2,0,42,2,5,23,3,3,1,1,1,3,0,0,0,0,0,0,5,0,0,0,0,0,0,0,0,0,0,2,3,0,0,0,2,2,0,0,0,0
"SL4  2",6353,6099,7,0,0,0,0,0,0,0,0,19,7,19,79,18,11,18,1,2,3,1,0,1,2,5,7,8,2,0,0,0,0,0,3,1,1,0,0,1,0,0,0,2,2,16,4,0,0,3,0,1,50,12,2,15,0,7,1,0,0,7,3,1,0,2,24,0,2,10,5,2,0,5,0,0,0,0,0,0,0,0,17,0,0,0,0,2,0,0,0,0,0,3,10,2,0,0,2,2,3,1,2,0
"SL4  3",8379,7699,2,1,0,0,0,1,0,0,0,53,36,62,239,37,40,69,9,11,5,5,1,10,2,8,9,14,7,7,5,0,0,0,16,6,3,0,1,6,0,0,0,21,19,25,10,1,1,2,1,5,89,18,6,27,0,13,8,0,2,7,0,4,3,1,84,13,5,17,20,0,0,8,1,19,1,2,0,0,0,0,18,0,0,0,0,0,0,0,3,0,0,3,10,0,0,2,1,1,2,2,0,0
"SL4  4",10007,9335,1,0,0,0,0,0,0,0,0,33,26,39,202,25,36,77,5,2,11,8,1,6,2,6,4,8,2,2,4,0,1,2,14,1,1,2,3,7,0,0,0,9,17,25,6,1,0,5,0,0,192,42,14,48,0,24,26,0,2,3,1,4,28,0,60,8,3,16,9,1,0,9,1,10,3,9,0,0,0,0,38,0,0,0,0,0,1,0,6,0,0,0,12,0,7,12,0,0,1,0,1,0
"SL4  5",8926,8390,0,0,0,0,0,0,0,0,0,29,22,45,230,32,24,87,11,10,8,2,2,28,1,7,4,9,3,1,1,0,0,0,18,9,5,0,0,4,0,0,0,15,6,8,6,0,1,2,0,3,101,32,3,30,0,14,15,0,0,3,3,1,0,0,49,3,2,6,6,1,0,9,4,18,0,0,0,0,0,0,5,0,0,0,0,0,0,0,1,0,0,0,3,0,0,1,0,0,2,2,0,0
"SL4  6",4829,4548,4,0,0,0,0,0,0,0,0,25,5,20,119,12,11,52,7,8,1,3,1,7,0,2,4,6,1,2,0,0,0,2,6,1,2,1,0,2,0,0,0,9,0,8,3,0,0,1,1,1,25,10,0,7,0,4,1,1,0,1,0,0,0,1,51,3,2,8,14,13,2,5,1,2,1,0,0,0,0,0,4,0,0,1,0,0,0,0,0,0,0,0,2,0,0,1,1,1,1,0,0,1
"SL5  0",3673,3432,0,0,0,0,0,0,0,0,0,19,9,6,99,6,17,33,7,1,3,0,0,5,0,2,8,10,4,3,0,0,0,0,2,0,1,0,0,1,0,0,0,8,0,9,5,0,0,2,1,2,54,7,11,10,0,1,6,0,0,3,13,2,1,0,27,1,2,8,1,0,0,1,1,11,2,0,0,0,0,0,3,0,0,0,0,0,0,0,0,0,0,1,2,0,0,0,0,0,0,0,0,0
"SL5  7",5229,4846,1,0,0,0,0,0,0,0,0,25,23,29,132,8,37,30,1,3,2,1,1,6,0,1,17,15,9,0,0,0,0,1,1,0,0,0,1,0,0,0,0,19,3,6,5,2,0,2,0,1,43,17,2,4,0,8,1,0,0,2,3,4,2,0,74,0,2,21,3,16,0,0,2,16,14,0,0,0,0,0,21,0,0,0,0,0,1,1,0,0,0,3,12,1,3,0,0,0,1,0,1,0
"SL5  8",6969,6592,1,2,1,0,0,1,0,0,0,25,21,30,89,9,17,22,6,2,1,1,4,10,0,0,3,2,8,1,0,0,2,1,8,0,2,4,0,2,0,0,0,25,1,25,7,1,0,1,0,5,59,2,2,17,0,3,12,0,0,1,0,1,18,3,73,2,12,13,4,9,0,9,2,21,1,0,0,0,0,0,9,0,0,0,0,0,0,4,0,0,0,0,3,0,1,1,0,0,2,2,0,0
"SL5  9",7270,6820,1,0,0,0,0,0,0,0,0,34,18,36,171,14,39,37,7,0,0,1,0,1,2,9,27,13,20,0,0,0,1,0,12,2,5,2,0,3,0,0,0,27,2,17,10,2,0,7,0,1,49,2,6,25,0,6,4,0,0,2,0,1,1,2,61,0,10,16,4,9,0,7,2,13,0,0,0,0,0,0,9,0,0,0,0,0,0,0,0,0,0,1,8,0,0,0,2,2,1,1,0,0
"SL6  0",4679,4425,0,0,0,0,0,0,0,0,0,17,4,11,81,8,8,35,7,2,1,3,0,3,4,0,3,5,2,0,0,0,0,0,4,4,0,0,0,0,0,0,0,9,0,6,6,0,4,2,0,0,85,9,7,55,0,4,6,0,2,0,0,2,0,0,23,3,0,7,4,2,0,2,0,5,0,0,0,0,0,0,6,0,0,0,0,3,0,0,1,0,0,0,1,0,0,1,0,0,2,2,0,0
"SL6  1",4812,4150,0,0,0,0,0,0,0,0,0,40,19,33,234,45,25,106,11,3,3,0,3,12,2,6,4,7,3,2,1,0,0,1,9,1,0,0,0,8,0,0,0,9,4,15,8,1,1,4,0,2,207,41,25,83,2,3,6,3,13,20,2,0,1,8,71,1,6,14,18,5,13,12,1,1,0,0,0,0,0,0,8,0,0,0,0,0,0,0,0,0,0,2,2,0,2,2,3,3,2,1,0,1
"SL6  2",10256,9509,6,1,0,0,0,1,0,0,0,46,30,45,283,20,21,151,8,4,14,5,5,18,9,5,5,6,7,5,0,0,0,0,4,0,1,1,1,1,0,0,0,13,8,9,22,2,6,9,4,1,176,42,23,69,0,6,4,4,4,5,4,6,5,4,84,2,10,30,16,4,0,5,0,17,0,1,0,0,0,0,16,0,0,0,0,1,0,0,0,0,0,7,6,0,1,1,2,2,1,0,0,1
"SL6  3",10751,10302,2,0,0,0,0,0,0,0,0,22,10,24,151,18,27,45,7,5,10,1,0,6,2,5,12,2,4,4,1,0,2,0,6,0,1,2,2,1,0,0,0,9,7,8,8,2,2,3,0,1,140,13,26,56,0,13,9,2,1,9,7,0,1,3,43,5,3,11,8,0,1,7,0,7,1,0,0,0,0,0,16,0,0,0,0,4,0,0,0,0,0,6,6,0,0,0,3,3,0,0,0,0
"SL6  4",7376,6432,0,1,0,0,0,1,0,0,0,39,28,31,331,32,30,158,20,9,6,10,4,23,5,3,11,10,2,4,2,1,0,1,8,4,0,0,3,1,0,0,0,3,14,9,5,0,0,5,0,0,413,93,24,218,1,25,11,1,4,5,15,0,7,9,38,0,5,10,11,1,0,7,1,2,1,0,0,0,0,0,18,0,0,1,0,1,0,0,0,0,0,7,7,0,1,1,2,2,4,1,0,3
"SL6  5",6594,6290,2,0,0,0,0,0,0,0,0,11,16,13,112,19,7,54,2,0,1,4,0,9,1,5,2,5,1,1,0,0,0,1,5,1,2,0,0,2,0,0,0,3,3,4,0,0,0,0,0,0,106,27,4,44,0,5,0,2,0,12,2,4,1,5,16,0,0,8,1,1,1,2,1,2,0,1,0,0,0,0,5,0,0,0,0,0,0,0,0,0,0,0,5,0,0,0,1,1,6,3,0,3
"SL6  6",9137,8592,7,1,1,0,0,0,0,0,0,42,27,32,159,28,21,51,12,11,5,0,0,7,2,6,7,5,0,2,0,0,2,0,11,0,1,6,2,2,0,0,0,12,5,5,7,3,0,4,0,0,155,18,11,55,1,13,18,6,4,7,9,2,5,6,62,1,4,13,15,3,0,11,0,13,2,0,0,0,0,0,16,1,0,0,0,0,0,0,0,0,0,2,8,1,0,4,2,2,2,1,0,1
"SL6  7",8943,7574,0,0,0,0,0,0,0,0,0,31,27,40,407,47,13,256,9,11,7,12,1,17,3,5,12,6,6,2,0,0,0,0,8,3,2,0,1,2,0,0,0,7,10,29,2,0,0,0,1,1,706,234,9,328,31,11,21,3,8,16,9,11,5,20,69,3,3,23,7,0,1,8,1,23,0,0,0,0,0,0,26,0,0,0,0,1,0,0,0,0,0,14,7,0,1,3,1,1,6,3,2,1
"SL6  8",6256,5678,1,0,0,0,0,0,0,0,0,26,21,34,196,47,17,57,3,7,8,2,2,23,5,3,10,7,1,4,0,0,0,0,6,0,4,2,0,0,0,0,0,13,8,7,18,0,0,17,0,1,150,40,12,72,3,4,7,5,0,0,0,0,2,5,75,3,5,15,23,6,0,11,2,9,1,0,0,0,0,0,16,0,0,0,0,0,0,0,5,0,0,1,7,0,0,3,7,7,0,0,0,0
"SL6  9",5891,5737,2,0,0,0,0,0,0,0,0,26,3,7,68,4,7,22,5,1,1,1,0,5,0,0,7,7,5,0,2,0,1,0,1,0,0,0,0,1,0,0,0,0,0,1,4,0,0,3,1,0,24,5,0,12,0,4,0,0,0,0,2,1,0,0,17,0,5,6,0,0,0,2,0,3,1,1,0,0,0,0,0,0,0,0,0,0,0,0,0,0,0,0,0,0,0,0,0,0,0,0,0,0
"SL7  1",7002,6712,0,0,0,0,0,0,0,0,0,27,20,20,116,11,14,48,1,7,7,2,4,9,1,0,0,4,2,3,0,1,2,0,10,1,0,5,1,3,0,0,0,8,5,10,4,1,0,3,0,0,35,2,2,6,0,10,2,0,0,4,4,2,3,0,29,1,2,4,9,0,0,9,0,3,1,0,0,0,0,0,4,0,0,0,0,0,0,0,0,0,0,0,4,0,0,0,2,2,0,0,0,0
"SL7  2",5324,5210,0,0,0,0,0,0,0,0,0,16,5,8,49,4,7,9,0,3,1,0,0,4,0,4,11,0,4,0,1,1,0,0,1,0,1,0,0,0,0,0,0,1,0,4,3,1,0,2,0,0,8,1,1,2,0,3,0,0,0,1,0,0,0,0,16,1,4,0,6,0,0,4,0,0,1,0,0,0,0,0,3,0,0,0,0,0,0,0,0,0,0,0,2,0,0,1,0,0,0,0,0,0
"SL7  3",7866,7702,2,0,0,0,0,0,0,0,0,14,4,10,59,6,9,12,1,1,1,1,0,4,0,2,7,8,1,4,0,0,2,0,2,0,2,0,0,0,0,0,0,3,3,0,6,0,0,5,0,1,27,6,2,11,0,4,0,0,0,3,0,1,0,0,26,3,2,5,8,0,0,6,0,2,0,0,0,0,0,0,7,0,0,0,0,0,0,0,2,0,0,0,4,0,0,1,1,1,0,0,0,0
"SL8  5",6281,6095,1,0,0,0,0,0,0,0,0,15,9,6,53,6,11,24,0,1,1,0,0,1,1,2,1,4,0,0,0,0,0,1,3,2,1,0,0,0,0,0,0,5,4,3,2,0,0,1,1,0,35,3,1,12,0,6,3,0,0,9,0,1,0,0,47,0,6,4,5,0,0,1,0,31,0,0,0,0,0,0,3,0,0,0,0,0,0,0,0,0,0,3,0,0,0,0,0,0,0,0,0,0
"SL9  0",5066,4892,0,1,0,0,0,1,0,0,0,8,9,4,75,2,9,35,1,6,4,12,1,0,1,0,0,0,2,2,0,0,0,0,0,0,0,0,0,0,0,0,0,4,1,2,2,0,0,2,0,0,36,3,0,24,0,0,5,0,0,1,0,1,0,2,19,0,5,2,5,0,0,1,0,6,0,0,0,0,0,0,10,0,0,0,0,1,0,0,0,0,0,0,8,0,0,1,0,0,3,0,0,3
"SL9  7",5243,4814,1,0,0,0,0,0,0,0,0,17,13,27,100,4,21,17,9,3,5,1,0,4,0,7,13,9,4,2,0,0,1,0,4,0,2,0,0,2,0,0,0,21,2,3,16,4,0,9,1,2,178,17,23,93,0,4,28,0,1,8,1,0,0,3,37,0,1,9,9,10,0,0,2,5,1,0,0,0,0,0,8,0,0,0,0,0,0,0,0,0,0,1,3,0,0,4,2,2,0,0,0,0
"SL9  8",4349,4124,1,0,0,0,0,0,0,0,0,11,6,8,83,3,11,5,7,1,6,0,0,22,5,1,11,8,1,1,0,0,0,1,2,0,0,0,0,2,0,0,0,12,2,2,4,0,0,3,0,1,61,4,0,34,0,6,10,0,0,3,2,0,0,2,18,0,1,7,0,0,0,5,0,1,4,0,0,0,0,0,15,0,0,0,0,0,0,0,0,4,0,0,10,0,0,1,0,0,0,0,0,0
"SL9  9",5525,5314,1,1,0,0,0,0,0,1,0,16,23,7,77,2,8,23,7,14,4,3,3,5,4,2,2,0,0,0,0,0,0,0,8,2,5,0,0,1,0,0,0,10,2,6,8,0,0,8,0,0,25,3,1,6,0,1,4,0,0,10,0,0,0,0,17,0,0,5,11,0,0,1,0,0,0,0,0,0,0,0,5,0,0,0,0,0,0,0,0,0,0,0,5,0,0,0,1,1,4,0,1,3
"SM1  1",2376,2022,1,0,0,0,0,0,0,0,0,16,32,9,96,8,1,50,3,6,6,0,1,0,19,1,0,1,0,0,0,0,0,0,10,4,1,4,1,0,0,0,0,8,7,9,15,0,3,7,2,3,96,14,4,0,0,14,11,0,4,32,0,3,13,1,43,2,1,3,3,8,1,1,0,23,1,0,0,0,0,0,9,0,0,0,0,1,0,0,0,0,0,3,2,2,0,1,2,2,1,0,1,0
"SM1  2",13307,11527,1,0,0,0,0,0,0,0,0,54,98,58,474,29,28,218,18,6,25,32,2,13,57,15,12,1,8,4,1,1,4,0,49,17,8,9,10,5,0,0,0,44,39,58,70,0,8,46,2,14,536,90,31,16,0,63,47,16,9,191,27,11,25,10,212,8,23,72,8,43,0,9,1,44,4,0,0,0,0,0,59,0,0,8,0,2,5,0,1,6,0,18,5,0,0,14,24,24,4,1,1,2
"SM1  3",11328,10214,0,0,0,0,0,0,0,0,0,31,58,30,305,34,14,92,0,16,21,21,2,17,62,12,5,1,0,2,3,0,3,0,13,6,1,3,0,3,0,0,0,26,14,26,45,0,7,33,2,3,334,56,10,5,0,51,19,0,8,140,20,7,15,3,160,2,12,50,9,26,1,9,2,48,1,0,0,0,0,0,59,1,0,3,0,10,6,0,0,4,1,13,5,1,3,12,12,12,1,0,0,1
"SM1  4",9412,8038,1,2,2,0,0,0,0,0,0,37,60,56,435,37,14,200,8,6,28,13,1,14,86,6,3,8,1,5,2,0,3,0,30,20,6,1,0,3,0,0,0,18,31,43,65,0,21,26,4,14,299,47,18,6,0,39,27,2,11,99,24,12,9,5,205,10,21,39,5,38,2,13,0,70,7,0,0,0,0,0,81,1,4,16,3,0,4,1,3,6,1,11,11,10,2,8,8,8,3,3,0,0
"SM2  5",11731,10324,1,1,1,0,0,0,0,0,0,42,89,48,385,32,30,150,14,14,31,32,0,22,28,10,6,6,2,4,1,1,2,0,26,15,3,4,2,2,0,0,0,44,19,46,100,0,3,81,5,11,364,74,39,6,0,27,45,12,10,89,22,17,8,15,159,5,11,42,24,18,11,5,9,28,6,1,0,0,0,0,66,0,2,4,0,9,4,1,0,6,0,12,16,0,3,9,9,9,7,7,0,0
"SM2  6",9363,8150,1,0,0,0,0,0,0,0,0,43,57,46,323,18,21,156,8,7,20,20,0,14,34,10,6,3,2,2,2,0,0,0,26,15,3,5,1,2,0,0,0,29,17,40,98,3,13,54,8,20,297,50,27,12,0,36,46,12,5,77,3,18,8,3,167,16,8,39,28,35,1,1,2,31,6,1,0,0,0,0,61,0,1,0,0,3,2,1,1,5,4,16,10,0,4,14,5,5,2,2,0,0
"SM2  7",5582,5187,0,0,0,0,0,0,0,0,0,5,4,20,52,6,9,15,3,3,1,4,0,4,0,0,2,2,2,0,1,0,0,0,11,3,1,1,0,6,0,0,0,7,6,23,23,0,9,8,1,5,181,31,12,0,0,11,60,4,3,46,3,7,3,1,54,4,8,22,2,9,2,1,0,6,0,0,0,0,0,0,7,0,0,0,0,0,2,0,0,0,0,1,1,0,3,0,0,0,2,0,0,2
"SM3  8",7271,6667,1,0,0,0,0,0,0,0,0,14,26,4,121,6,16,56,1,3,4,10,0,1,10,3,3,3,0,0,3,0,2,0,8,4,4,0,0,0,0,0,0,4,21,13,22,0,1,16,2,3,295,32,1,6,0,18,25,0,1,181,8,1,16,6,61,2,10,9,10,11,1,16,0,2,0,0,0,0,0,0,9,0,0,0,0,1,0,2,0,0,0,2,2,1,1,0,3,3,2,2,0,0
"SM3  9",13102,11891,0,3,3,0,0,0,0,0,0,26,21,19,201,18,17,85,1,1,9,5,4,7,37,9,6,1,0,0,0,0,1,0,7,5,2,0,0,0,0,0,0,12,29,24,34,0,6,22,5,1,633,74,8,5,0,25,81,4,0,381,14,13,22,6,161,10,23,58,4,23,2,4,1,31,5,0,1,0,0,0,26,0,1,0,0,2,1,1,0,0,0,2,4,0,4,11,11,11,3,3,0,0
"SM4  4",14023,12194,2,0,0,0,0,0,0,0,0,54,74,70,498,52,43,221,11,9,54,28,1,24,14,24,5,3,2,2,1,0,4,0,17,6,7,3,0,1,0,0,0,17,36,46,28,0,4,19,4,1,738,246,8,22,0,74,82,0,0,278,8,6,8,6,166,6,15,35,9,43,9,9,1,38,1,0,0,0,0,0,66,0,0,4,0,7,2,4,1,2,8,2,30,2,0,4,14,14,3,0,2,1
"SM4  5",8881,6416,0,1,0,0,0,1,0,0,0,48,89,62,581,27,34,275,21,14,58,66,6,9,47,5,8,2,2,2,2,0,3,0,47,25,7,12,0,3,0,0,0,20,37,51,55,0,17,21,17,0,1200,514,2,32,0,80,48,1,3,298,12,6,197,7,188,9,23,41,7,51,0,6,3,35,13,0,0,0,0,0,71,1,0,5,0,21,6,4,3,3,0,8,11,3,4,2,13,13,2,1,0,1
"SM4  6",12475,9958,1,0,0,0,0,0,0,0,0,50,68,49,675,46,40,363,3,3,43,59,3,6,82,8,3,2,8,2,0,0,4,0,29,6,11,12,0,0,0,0,0,27,30,46,84,3,16,42,10,13,1128,310,7,21,0,39,77,5,4,519,8,26,106,6,200,5,6,29,9,26,6,14,0,94,11,0,0,0,0,0,109,2,1,15,1,39,9,4,4,4,0,8,9,2,7,4,12,12,9,6,1,2
"SM5  1",12565,11166,0,2,0,0,0,2,0,0,0,21,80,46,300,12,8,157,7,4,15,46,2,5,30,2,4,1,2,3,2,0,0,0,44,26,13,3,2,0,0,0,0,13,26,53,44,0,17,26,1,0,410,71,2,1,1,21,26,2,1,225,26,15,17,2,250,2,15,30,5,7,2,6,0,170,13,0,1,0,0,0,86,4,1,3,0,14,6,1,2,11,0,12,9,3,8,12,16,16,7,4,0,3
"SM5  2",10691,9946,2,1,1,0,0,0,0,0,0,33,26,21,238,25,8,100,3,11,28,8,0,6,31,7,5,3,1,2,0,0,0,0,20,16,0,2,1,1,0,0,0,11,18,33,32,0,8,17,7,0,182,10,3,4,0,36,35,0,2,77,3,4,0,8,79,8,6,29,4,5,3,8,1,11,4,0,0,0,0,0,43,0,0,2,0,4,4,2,1,4,3,8,6,0,1,8,2,2,4,3,1,0
"SM5  3",7558,7127,0,0,0,0,0,0,0,0,0,14,9,20,133,27,12,53,1,0,17,4,1,3,4,1,4,5,0,0,0,1,0,0,2,1,1,0,0,0,0,0,0,8,10,17,17,0,6,9,2,0,123,21,1,11,0,6,54,0,0,17,2,5,3,3,44,2,8,8,8,5,0,4,2,7,0,0,1,0,0,0,28,0,0,4,0,0,3,0,0,2,2,7,3,0,2,5,2,2,3,3,0,0
"SM5  4",6187,5849,0,2,1,0,0,0,0,1,0,21,5,12,57,12,4,17,2,3,6,0,0,3,2,3,1,0,1,1,0,0,2,0,3,0,1,2,0,0,0,0,0,1,3,8,6,1,0,4,0,1,140,31,1,7,0,15,17,5,0,57,0,0,4,3,64,0,8,25,12,4,1,7,0,5,2,0,0,0,0,0,11,0,0,0,0,3,0,0,1,6,0,0,0,0,1,0,2,2,3,1,1,1
"SM6  0",5920,5358,2,0,0,0,0,0,0,0,0,14,22,11,149,16,14,62,4,1,11,13,3,6,9,4,4,0,0,0,0,1,1,0,7,4,0,1,2,0,0,0,0,9,17,11,37,0,7,12,14,4,207,27,8,5,0,12,13,0,2,110,7,17,5,1,43,4,7,9,4,4,0,6,0,9,0,0,0,0,0,0,25,0,1,0,4,5,1,0,0,3,1,3,4,1,0,2,5,5,3,3,0,0
"SM6  7",6136,5620,1,0,0,0,0,0,0,0,0,17,19,19,119,7,7,66,1,3,6,10,1,2,4,2,3,1,0,3,1,0,2,0,14,9,4,0,1,0,0,0,0,12,6,23,21,0,5,11,5,0,182,44,2,4,0,16,6,0,0,75,26,5,0,4,43,1,7,16,4,5,0,3,0,7,0,0,0,0,0,0,34,0,0,1,0,7,5,0,2,0,0,5,5,0,1,8,3,3,3,3,0,0
"SM6  8",11055,10122,0,1,1,0,0,0,0,0,0,37,44,17,152,22,7,58,7,3,14,6,3,6,12,5,2,4,1,1,0,0,1,0,4,2,1,1,0,0,0,0,0,16,37,27,54,0,14,19,21,0,422,40,8,13,0,30,40,0,1,258,13,14,4,1,71,9,3,27,4,7,0,10,3,7,1,0,0,0,0,0,40,1,2,1,0,5,4,1,2,1,0,6,8,1,2,6,5,5,6,5,0,1
"SM6  9",11850,10739,1,0,0,0,0,0,0,0,0,42,39,27,180,18,21,90,6,4,6,2,0,6,5,11,3,3,4,1,0,0,0,0,17,8,5,0,1,3,0,0,0,9,35,19,47,0,26,19,1,1,511,46,5,14,0,63,95,0,2,236,11,7,28,4,98,3,14,33,11,4,4,10,0,19,0,0,0,1,1,0,78,0,0,6,1,23,5,2,2,7,8,5,3,0,2,14,3,3,4,1,3,0
"SM7  1",6653,6466,0,0,0,0,0,0,0,0,0,4,7,3,51,6,3,14,1,2,1,8,1,1,0,7,4,2,0,1,0,0,0,0,1,0,1,0,0,0,0,0,0,5,5,4,9,1,0,8,0,0,61,12,8,0,0,7,12,0,0,18,0,3,1,0,24,1,8,1,0,4,0,1,1,8,0,0,0,0,0,0,10,0,0,0,0,1,0,0,0,0,0,1,3,0,0,5,0,0,3,2,0,1
"SM7  2",6689,6494,2,0,0,0,0,0,0,0,0,10,10,8,75,9,2,37,3,2,5,6,0,1,0,6,1,1,0,1,0,0,1,0,6,5,1,0,0,0,0,0,0,4,1,4,3,1,0,1,0,1,36,5,3,0,0,10,6,2,0,3,0,3,3,1,22,0,5,5,1,0,0,3,0,7,1,0,0,0,0,0,8,0,0,0,0,2,1,0,0,0,0,3,1,0,0,1,5,5,1,1,0,0
"SM7  3",4366,4257,0,0,0,0,0,0,0,0,0,4,0,4,39,3,5,6,1,2,11,0,0,3,4,3,0,0,0,1,0,0,0,0,1,0,0,0,0,1,1,1,0,2,0,1,0,0,0,0,0,0,33,9,0,11,0,3,3,0,0,6,0,1,0,0,18,0,1,9,1,0,1,1,0,5,0,0,0,0,0,0,0,0,0,0,0,0,0,0,0,0,0,0,0,0,0,0,5,5,1,0,0,1
"SN1  1",742,511,1,0,0,0,0,0,0,0,0,3,25,3,46,2,1,25,1,3,3,0,0,7,0,2,1,1,0,0,0,0,0,0,0,0,0,0,0,0,0,0,0,3,2,0,13,0,4,4,5,0,119,5,5,6,0,17,0,2,15,13,0,0,9,47,12,0,2,3,1,0,0,1,0,4,1,0,0,0,0,0,4,0,0,3,0,0,1,0,0,0,0,0,0,0,0,0,0,0,0,0,0,0
"SN1  2",8704,6502,0,1,1,0,0,0,0,0,0,20,157,18,475,66,13,287,40,14,2,18,5,13,6,6,4,0,1,0,0,0,0,0,14,6,6,1,1,0,0,0,0,10,7,3,70,0,24,13,31,2,1279,62,67,72,1,153,19,10,27,69,26,8,73,692,77,0,8,26,11,0,7,4,3,17,1,2,0,0,0,0,55,1,4,24,0,2,0,0,10,0,0,2,0,1,1,10,10,10,4,4,0,0
"SN1  3",5850,5296,1,0,0,0,0,0,0,0,0,20,56,11,259,29,20,149,15,9,4,8,7,4,1,4,6,1,0,2,0,0,0,0,4,1,2,0,0,1,0,0,0,13,11,4,3,0,2,1,0,0,111,3,17,8,0,17,5,4,4,19,2,0,30,2,37,1,2,9,4,0,1,5,0,15,0,1,0,0,0,0,20,0,0,1,0,0,0,0,3,0,0,7,1,0,0,8,0,0,3,1,0,2
"SN1  4",7115,6709,1,1,1,0,0,0,0,0,0,17,33,16,150,12,15,68,6,3,13,12,1,3,0,7,3,2,1,2,1,0,0,1,13,2,6,1,1,3,0,0,0,12,6,7,6,0,2,3,0,1,77,10,5,4,0,9,12,8,3,5,7,0,7,7,42,2,0,12,3,0,0,5,0,18,2,0,0,0,0,0,24,0,0,2,0,0,2,0,0,0,0,10,4,2,2,2,1,1,0,0,0,0
"SN1  5",5147,4145,2,0,0,0,0,0,0,0,0,10,166,13,430,59,2,276,33,8,0,9,8,8,11,11,1,2,0,2,0,0,0,0,7,0,4,2,0,1,0,0,0,6,5,3,39,0,6,22,11,0,222,10,17,21,1,47,1,4,14,23,7,1,48,28,61,2,3,31,4,1,1,4,0,15,0,0,0,0,0,0,32,3,0,4,0,3,3,0,8,0,1,0,0,0,0,10,6,6,0,0,0,0
"SN1  7",781,730,0,0,0,0,0,0,0,0,0,2,8,0,18,0,0,8,3,0,6,0,0,1,0,0,0,0,0,0,0,0,0,0,0,0,0,0,0,0,0,0,0,0,6,1,1,0,1,0,0,0,5,1,0,0,0,0,0,0,0,4,0,0,0,0,7,3,0,3,1,0,0,0,0,0,0,0,0,0,0,0,3,0,1,0,0,0,0,0,0,0,0,2,0,0,0,0,0,0,0,0,0,0
"SN10 1",3819,3731,1,3,0,0,0,0,0,3,0,3,5,2,47,5,7,11,0,0,4,2,0,15,3,0,0,0,0,0,0,0,0,0,0,0,0,0,0,0,0,0,0,1,4,0,0,0,0,0,0,0,8,0,0,0,0,7,0,0,0,0,0,1,0,0,13,0,1,6,1,0,0,1,0,4,0,0,0,0,0,0,0,0,0,0,0,0,0,0,0,0,0,0,0,0,0,0,1,1,0,0,0,0
"SN10 2",6141,5991,0,0,0,0,0,0,0,0,0,6,6,8,95,1,6,63,12,1,2,1,0,4,0,0,1,3,0,1,0,0,0,0,2,0,1,0,0,1,0,0,0,1,0,0,0,0,0,0,0,0,16,3,5,0,0,0,4,0,0,1,0,0,3,0,14,0,0,6,0,0,0,5,0,2,1,0,0,0,0,0,1,0,0,0,0,0,0,0,0,0,0,0,1,0,0,0,0,0,1,1,0,0
"SN10 3",7332,7237,1,0,0,0,0,0,0,0,0,4,1,2,49,4,7,21,1,0,3,1,0,3,5,1,1,0,2,0,0,0,0,0,2,0,0,1,0,1,0,0,0,3,6,0,0,0,0,0,0,0,9,1,0,1,0,0,0,1,0,0,6,0,0,0,16,1,1,4,1,0,0,1,0,8,0,0,0,0,0,0,2,0,0,0,0,0,0,0,1,0,0,0,0,1,0,0,0,0,0,0,0,0
"SN10 4",5153,5031,0,0,0,0,0,0,0,0,0,2,0,2,24,0,8,12,0,0,2,0,0,0,1,0,1,0,0,0,0,0,0,0,3,2,0,1,0,0,0,0,0,22,0,0,1,0,1,0,0,0,1,0,0,0,0,0,0,0,0,0,0,0,0,1,67,2,22,37,2,1,0,2,0,1,0,0,0,0,0,0,0,0,0,0,0,0,0,0,0,0,0,0,0,0,0,0,0,0,0,0,0,0
"SN10 5",8065,7950,4,0,0,0,0,0,0,0,0,1,0,4,55,5,10,25,8,1,2,0,0,2,0,0,2,0,0,0,0,0,0,0,5,2,0,0,1,2,0,0,0,4,10,0,1,1,0,0,0,0,8,0,2,0,0,3,3,0,0,0,0,0,0,0,18,0,3,3,0,1,1,1,0,9,0,0,0,0,0,0,3,0,0,0,0,0,0,0,0,0,0,2,0,0,0,1,0,0,2,1,0,1
"SN11 0",5850,5736,0,0,0,0,0,0,0,0,0,4,7,2,43,5,5,14,2,1,4,0,0,0,3,0,3,4,1,1,0,0,0,0,3,2,0,0,0,1,0,0,0,4,2,2,3,1,2,0,0,0,12,0,0,0,0,8,0,0,0,1,3,0,0,0,31,0,11,11,2,2,0,4,0,0,1,0,0,0,0,0,1,0,0,0,0,0,0,0,0,0,0,1,0,0,0,0,0,0,0,0,0,0
"SN11 8",7100,6996,3,0,0,0,0,0,0,0,0,7,8,6,38,0,8,16,0,1,0,1,0,1,6,1,2,1,0,0,0,0,1,0,1,0,0,0,0,1,0,0,0,2,6,6,1,0,0,0,1,0,7,0,0,1,0,0,0,0,0,0,0,0,6,0,7,0,0,1,1,0,0,1,0,4,0,0,0,0,0,0,2,0,0,0,0,0,0,0,0,0,0,2,0,0,0,0,1,1,9,7,0,2
"SN11 9",8542,8410,3,0,0,0,0,0,0,0,0,11,8,6,49,4,7,23,2,5,0,0,0,1,0,2,3,1,0,1,0,0,0,0,2,0,0,0,0,2,0,0,0,1,5,6,0,0,0,0,0,0,9,1,1,0,0,0,0,0,0,2,5,0,0,0,26,0,0,10,4,0,0,3,2,6,1,0,0,0,0,0,3,0,0,0,0,3,0,0,0,0,0,0,0,0,0,0,2,2,1,1,0,0
"SN12 6",9353,9197,0,1,0,0,0,0,0,1,0,7,1,4,82,2,6,54,1,0,2,4,0,6,0,4,2,0,1,0,0,0,0,0,0,0,0,0,0,0,0,0,0,0,1,0,1,0,1,0,0,0,20,0,0,1,0,14,1,0,0,0,3,0,1,0,30,1,0,9,1,0,1,9,0,7,2,0,0,1,1,0,4,0,0,0,0,2,0,0,0,0,0,0,1,0,1,0,1,1,3,3,0,0
"SN12 7",9360,9163,1,3,0,0,0,0,0,3,0,3,3,2,128,3,10,95,0,0,4,1,0,5,3,1,1,1,0,1,3,0,0,0,2,1,0,1,0,0,0,0,0,3,5,1,1,0,1,0,0,0,17,0,0,0,0,11,3,0,0,0,0,3,0,0,19,0,8,2,0,0,1,4,0,4,0,0,0,0,0,0,6,1,0,0,0,0,0,0,1,0,0,0,2,0,2,0,1,1,2,2,0,0
"SN12 8",5573,5473,2,0,0,0,0,0,0,0,0,5,1,4,39,5,7,18,0,1,1,0,0,0,0,0,2,0,0,2,3,0,0,0,0,0,0,0,0,0,0,0,0,3,2,0,1,0,1,0,0,0,6,2,2,1,0,0,0,0,0,0,0,0,0,1,33,0,14,8,2,0,1,5,1,2,0,2,0,0,0,0,2,0,0,0,0,0,0,0,0,0,0,1,1,0,0,0,0,0,0,0,0,0
"SN13 0",4570,4458,4,0,0,0,0,0,0,0,0,3,1,2,63,4,5,32,5,5,0,0,4,6,0,0,1,0,0,1,0,0,0,0,1,1,0,0,0,0,0,0,0,2,4,0,0,0,0,0,0,0,5,0,0,0,0,3,0,0,0,0,0,0,2,0,20,0,1,2,4,1,0,0,0,12,0,3,0,0,0,0,3,0,0,0,0,0,0,0,1,1,0,0,1,0,0,0,0,0,1,1,0,0
"SN13 8",2453,2425,0,0,0,0,0,0,0,0,0,3,0,2,17,3,1,4,3,0,0,0,0,2,0,0,2,2,0,0,0,0,0,0,0,0,0,0,0,0,0,0,0,0,0,0,0,0,0,0,0,0,0,0,0,0,0,0,0,0,0,0,0,0,0,0,5,1,0,2,0,0,0,1,0,1,0,0,0,0,0,0,0,0,0,0,0,0,0,0,0,0,0,0,0,0,0,0,0,0,1,0,1,0
"SN13 9",8862,8728,1,1,1,0,0,0,0,0,0,10,0,7,74,4,13,35,4,0,4,0,0,2,0,6,3,1,0,0,1,1,0,0,1,0,0,0,0,1,1,1,0,0,4,0,0,0,0,0,0,0,8,0,3,0,0,1,0,0,0,0,0,0,4,0,18,3,1,10,1,0,0,1,0,1,1,4,0,0,0,0,1,0,0,0,0,0,0,0,0,0,0,0,1,0,0,0,0,0,4,2,0,2
"SN14 0",12264,11968,1,0,0,0,0,0,0,0,0,10,16,7,119,9,12,49,7,2,13,1,0,14,7,2,0,2,0,0,0,0,1,0,4,0,2,0,0,2,0,0,0,3,6,1,0,0,0,0,0,0,71,0,4,11,0,32,2,4,0,1,12,0,5,0,43,1,13,7,2,3,1,5,1,8,2,0,0,0,0,0,8,0,1,0,0,3,0,0,0,0,0,0,4,0,0,0,3,3,4,3,1,0
"SN14 6",7128,6771,4,0,0,0,0,0,0,0,0,21,3,4,67,7,5,37,0,2,5,0,1,5,2,1,2,0,0,0,0,0,0,0,1,1,0,0,0,0,0,0,0,3,8,1,1,0,0,0,1,0,201,0,2,0,0,2,0,1,0,2,1,0,193,0,20,1,2,4,0,0,0,5,0,8,0,7,0,0,0,0,15,0,0,0,0,1,1,0,0,0,0,2,2,5,0,4,0,0,1,1,0,0
"SN14 7",2683,2652,2,0,0,0,0,0,0,0,0,4,0,1,16,1,2,3,1,0,0,1,0,6,0,0,0,2,0,0,0,0,0,0,0,0,0,0,0,0,0,0,0,0,0,0,0,0,0,0,0,0,0,0,0,0,0,0,0,0,0,0,0,0,0,0,4,0,0,1,1,0,0,2,0,0,0,0,0,0,0,0,1,0,0,0,0,0,0,0,0,0,0,1,0,0,0,0,0,0,3,1,2,0
"SN14 8",4975,4896,1,0,0,0,0,0,0,0,0,7,1,4,39,2,14,11,0,3,1,0,0,3,1,4,0,0,0,0,0,0,0,0,1,0,0,0,1,0,0,0,0,2,0,0,2,0,0,2,0,0,9,1,0,0,0,0,0,1,0,0,0,0,7,0,6,0,0,0,2,0,0,1,1,2,0,3,0,0,0,0,3,0,0,0,0,0,0,1,0,0,0,0,2,0,0,0,0,0,1,1,0,0
"SN15 1",6442,6243,0,0,0,0,0,0,0,0,0,7,20,13,91,15,8,44,11,0,2,2,0,1,2,0,4,1,0,0,0,0,1,0,2,1,0,0,0,1,0,0,0,7,0,3,2,1,1,0,0,0,16,0,1,6,0,2,1,0,0,2,0,0,0,4,30,0,5,7,2,0,1,10,0,4,1,0,0,0,0,0,5,0,1,0,0,0,0,0,0,0,0,0,4,0,0,0,1,1,2,1,0,1
"SN15 2",4918,4805,1,0,0,0,0,0,0,0,0,4,20,1,49,0,3,22,5,6,0,0,0,1,2,1,2,0,4,1,1,0,1,0,2,2,0,0,0,0,0,0,0,4,1,2,2,0,1,1,0,0,11,0,4,2,0,0,0,0,0,0,5,0,0,0,14,0,2,1,0,0,1,0,0,10,0,2,0,0,0,0,0,0,0,0,0,0,0,0,0,0,0,0,0,0,0,0,0,0,0,0,0,0
"SN15 3",11164,10808,3,1,0,0,0,0,0,1,0,17,33,21,164,12,8,94,13,2,8,2,0,8,4,2,3,4,1,0,1,0,0,2,3,1,1,0,0,1,0,0,0,7,13,3,3,2,0,0,0,1,48,0,8,4,0,5,0,1,1,3,10,0,9,7,30,0,0,15,4,0,2,3,1,5,0,0,0,0,0,0,5,0,0,0,0,0,0,0,0,0,0,3,0,0,1,1,1,1,4,2,0,2
"SN15 4",7853,7654,5,0,0,0,0,0,0,0,0,11,4,3,19,4,7,5,0,1,1,0,0,1,0,0,0,0,0,0,0,0,0,0,0,0,0,0,0,0,0,0,0,0,11,2,2,0,0,1,0,1,114,0,0,0,0,1,0,0,0,0,0,0,113,0,7,1,0,2,2,0,0,1,0,1,0,7,0,0,0,0,12,0,0,0,0,1,0,0,1,0,0,5,0,0,1,4,0,0,2,0,1,1
"SN15 5",3407,3362,0,0,0,0,0,0,0,0,0,5,0,1,10,1,2,1,2,1,0,1,0,0,0,0,1,0,0,1,0,0,0,0,1,0,0,1,0,0,0,0,0,0,0,0,0,0,0,0,0,0,11,4,0,0,0,0,0,0,0,0,0,0,7,0,11,0,1,0,8,0,0,1,1,0,0,0,0,0,0,0,5,0,0,0,0,0,0,0,0,0,0,0,1,0,0,4,0,0,1,1,0,0
"SN16 0",5783,5681,0,1,1,0,0,0,0,0,0,10,3,2,50,5,7,13,0,1,2,0,2,12,2,0,4,1,0,0,0,0,1,0,1,0,0,0,0,1,0,0,0,2,0,0,0,0,0,0,0,0,21,0,2,0,0,9,0,0,0,0,0,0,10,0,6,0,1,4,0,0,0,1,0,0,0,4,0,0,0,0,2,0,0,0,0,0,0,0,0,0,0,0,2,0,0,0,0,0,0,0,0,0
"SN16 9",7562,7453,0,1,1,0,0,0,0,0,0,7,1,9,50,1,9,16,2,3,2,0,5,7,0,1,2,2,0,0,0,0,0,0,1,0,0,0,1,0,0,0,0,1,2,0,1,0,0,0,0,1,12,0,0,0,0,6,0,0,0,0,0,0,6,0,17,1,2,10,0,0,0,1,0,3,0,5,0,0,0,0,2,0,0,0,0,0,0,0,0,1,0,0,0,0,0,1,0,0,0,0,0,0
"SN2  1",12946,12038,0,1,0,0,0,0,0,1,0,12,99,8,301,65,5,188,8,9,9,4,3,4,2,0,2,1,1,0,0,0,0,0,16,5,4,1,4,2,0,0,0,7,28,7,31,0,4,9,15,3,320,24,5,51,0,21,3,2,13,15,0,4,105,77,45,0,3,23,4,0,0,9,1,4,1,1,0,0,0,0,24,1,4,4,0,5,1,1,2,0,0,2,0,0,0,4,2,2,6,3,3,0
"SN2  2",10290,9617,0,0,0,0,0,0,0,0,0,8,57,23,311,18,10,200,19,9,14,4,7,3,1,2,5,9,6,2,0,0,2,0,10,3,1,3,2,1,0,0,0,5,19,10,17,0,4,5,8,0,151,5,7,14,0,21,8,0,6,17,4,0,23,46,33,3,1,10,4,0,1,6,3,4,1,0,0,0,0,0,22,0,1,0,0,13,0,0,3,0,0,0,3,0,0,2,2,2,5,3,1,1
"SN2  5",5458,5310,2,0,0,0,0,0,0,0,0,3,26,1,48,1,0,35,1,0,1,0,2,6,0,1,1,0,0,0,0,0,0,0,4,3,1,0,0,0,0,0,0,0,8,1,4,0,3,1,0,0,23,0,0,7,0,4,6,0,0,0,0,0,5,1,20,0,2,3,1,0,1,1,0,9,3,0,0,0,0,0,4,0,0,0,0,4,0,0,0,0,0,0,0,0,0,0,1,1,3,3,0,0
"SN2  7",8496,8285,0,0,0,0,0,0,0,0,0,1,19,3,89,13,5,49,2,4,5,0,0,5,1,1,4,0,0,0,0,0,0,0,4,3,0,1,0,0,0,0,0,3,0,1,4,0,1,2,1,0,61,4,1,27,0,10,3,4,3,4,0,0,0,5,10,0,0,1,2,1,1,1,0,1,3,0,0,0,0,0,9,0,0,3,0,3,0,0,1,0,0,0,2,0,0,0,1,1,6,1,0,5
"SN2  8",2181,1952,0,0,0,0,0,0,0,0,0,0,24,1,98,9,1,50,9,2,12,2,11,0,0,0,1,0,0,0,1,0,0,0,2,1,0,1,0,0,0,0,0,3,0,1,29,2,7,12,7,1,54,8,0,16,0,5,0,0,3,5,0,0,14,3,8,0,0,3,1,0,0,4,0,0,0,0,0,0,0,0,8,1,3,1,0,0,0,0,3,0,0,0,0,0,0,0,0,0,1,1,0,0
"SN25 1",9319,8906,2,0,0,0,0,0,0,0,0,4,39,29,170,10,13,81,16,5,9,2,1,14,8,3,3,1,2,0,0,0,2,0,4,0,0,2,0,2,0,0,0,5,5,5,4,1,0,3,0,0,66,8,3,6,0,2,4,4,0,4,4,0,26,5,62,0,3,15,19,1,3,10,0,10,1,0,0,1,1,0,16,0,0,0,0,1,2,1,3,0,0,1,0,0,0,8,1,1,0,0,0,0
"SN25 2",9018,8519,4,0,0,0,0,0,0,0,0,15,26,10,238,8,8,150,15,9,11,6,1,7,0,7,7,0,3,0,6,0,0,0,3,2,1,0,0,0,0,0,0,10,10,12,8,1,2,4,0,1,72,26,13,12,0,1,3,2,0,4,2,0,9,0,56,7,6,13,14,3,2,4,2,5,0,0,0,0,0,0,32,0,0,1,0,0,1,0,3,0,1,5,15,0,1,5,3,3,0,0,0,0
"SN25 3",7323,7184,0,0,0,0,0,0,0,0,0,3,15,1,58,7,2,38,4,1,1,0,3,0,0,1,1,0,0,0,0,0,0,0,2,0,1,0,0,1,0,0,0,1,4,0,3,0,2,0,1,0,34,5,0,11,0,11,0,0,1,0,0,0,6,0,9,0,0,4,1,0,0,2,0,2,0,0,0,0,0,0,5,0,0,0,0,0,0,0,3,0,0,2,0,0,0,0,1,1,3,3,0,0
"SN25 4",7606,7183,0,0,0,0,0,0,0,0,0,8,23,9,151,4,11,96,11,5,1,7,1,8,0,5,1,1,0,0,0,0,0,0,4,1,3,0,0,0,0,0,0,5,4,5,9,0,2,5,2,0,115,5,1,5,0,1,8,0,5,10,8,0,67,5,73,3,7,13,39,0,0,6,2,3,0,0,0,0,0,0,12,0,0,2,0,0,1,0,0,0,0,4,4,0,0,1,0,0,5,5,0,0
"SN26 7",1502,1486,0,0,0,0,0,0,0,0,0,0,1,0,6,0,0,3,0,1,0,0,0,0,0,0,2,0,0,0,0,0,0,0,0,0,0,0,0,0,0,0,0,1,0,1,0,0,0,0,0,0,1,1,0,0,0,0,0,0,0,0,0,0,0,0,6,0,0,0,5,0,0,1,0,0,0,0,0,0,0,0,0,0,0,0,0,0,0,0,0,0,0,0,0,0,0,0,0,0,0,0,0,0
"SN26 8",279,277,0,0,0,0,0,0,0,0,0,0,0,0,1,1,0,0,0,0,0,0,0,0,0,0,0,0,0,0,0,0,0,0,0,0,0,0,0,0,0,0,0,0,0,0,0,0,0,0,0,0,0,0,0,0,0,0,0,0,0,0,0,0,0,0,1,0,0,0,1,0,0,0,0,0,0,0,0,0,0,0,0,0,0,0,0,0,0,0,0,0,0,0,0,0,0,0,0,0,0,0,0,0
"SN3  1",7497,6994,0,0,0,0,0,0,0,0,0,8,28,8,205,34,17,117,0,13,3,4,1,5,3,1,2,1,1,3,0,0,0,0,5,1,2,2,0,0,0,0,0,11,16,5,4,0,1,2,1,0,180,23,9,54,0,28,14,4,3,14,0,0,22,9,27,0,2,9,8,0,0,2,0,6,0,1,0,0,0,0,4,0,0,0,0,0,0,0,2,0,0,2,0,0,0,0,0,0,1,1,0,0
"SN3  2",10471,9443,2,1,0,0,0,0,0,1,0,6,55,6,194,7,5,147,9,5,0,4,0,1,1,0,14,0,0,0,0,0,1,0,4,1,2,0,0,1,0,0,0,15,24,1,31,1,4,26,0,0,552,17,3,2,2,42,4,0,0,5,8,6,437,26,93,0,12,13,2,0,1,12,1,49,3,0,0,0,0,0,40,0,6,10,0,1,0,4,7,0,0,2,2,0,1,7,0,0,4,4,0,0
"SN3  3",8368,7813,0,0,0,0,0,0,0,0,0,10,38,5,122,11,7,79,7,0,3,2,2,6,0,2,0,3,0,0,0,0,0,0,2,1,0,1,0,0,0,0,0,7,11,3,22,0,6,11,5,0,234,4,4,10,0,25,16,8,1,6,4,3,115,38,53,3,8,12,2,0,1,7,0,20,0,0,0,0,0,0,44,0,4,20,0,1,3,0,2,0,0,6,1,0,0,7,2,2,2,0,1,1
"SN3  4",12265,11926,2,0,0,0,0,0,0,0,0,4,6,8,125,8,5,85,9,1,1,5,0,6,0,1,2,1,1,0,0,0,0,0,7,6,0,1,0,0,0,0,0,7,7,0,6,0,2,2,0,2,106,12,4,50,0,1,6,0,0,5,2,0,22,4,39,0,5,10,9,0,0,12,1,2,0,0,0,0,0,0,17,1,0,0,0,6,0,0,3,0,0,0,3,0,0,4,2,2,3,2,0,1
"SN3  5",4349,4222,1,0,0,0,0,0,0,0,0,1,9,1,37,0,0,33,1,0,0,1,0,0,1,0,1,0,0,0,0,0,0,0,2,0,0,0,2,0,0,0,0,1,1,3,0,0,0,0,0,0,61,1,1,6,0,2,22,0,4,0,2,0,22,1,7,0,0,5,0,0,0,1,0,1,0,0,0,0,0,0,3,0,0,0,0,0,0,0,3,0,0,0,0,0,0,0,0,0,0,0,0,0
"SN3  6",6404,6040,1,1,1,0,0,0,0,0,0,9,19,3,75,2,3,47,8,5,1,0,3,1,3,0,0,0,1,0,0,0,1,0,1,1,0,0,0,0,0,0,0,0,2,4,5,0,0,0,5,0,171,14,12,12,0,11,39,1,0,11,19,0,43,9,51,0,2,5,2,0,2,2,0,33,5,0,0,0,0,0,18,0,0,0,0,3,0,0,2,2,0,7,0,2,0,2,1,1,3,3,0,0
"SN4  0",7631,7494,0,1,0,0,0,0,0,0,1,5,10,5,58,4,3,13,6,1,5,2,0,8,3,4,1,4,1,3,0,0,0,0,2,0,0,1,0,1,0,0,0,2,2,3,2,0,2,0,0,0,13,1,2,0,0,1,4,0,0,3,0,0,0,2,33,1,1,15,10,0,0,0,2,3,1,0,0,0,0,0,0,0,0,0,0,0,0,0,0,0,0,0,0,0,0,0,0,0,1,1,0,0
"SN4  7",6603,6496,3,0,0,0,0,0,0,0,0,5,1,0,33,3,11,6,0,1,0,1,1,0,7,0,2,1,0,0,0,0,0,0,0,0,0,0,0,0,0,0,0,2,3,0,0,0,0,0,0,0,26,0,0,5,0,9,0,0,2,4,0,0,6,0,17,1,1,4,4,0,0,0,0,7,0,11,0,0,0,0,5,0,0,0,0,2,0,0,0,0,0,2,0,1,0,0,0,0,1,0,0,1
"SN4  8",6253,6134,1,0,0,0,0,0,0,0,0,5,2,2,39,4,8,12,2,1,0,0,0,0,4,2,3,0,1,1,1,0,0,0,0,0,0,0,0,0,0,0,0,5,6,0,1,0,1,0,0,0,29,0,1,0,0,8,2,0,0,2,0,0,16,0,22,2,3,7,4,0,0,3,0,3,0,1,0,0,0,0,4,0,0,0,0,0,0,0,0,0,0,1,2,0,0,1,0,0,2,1,1,0
"SN4  9",6386,6286,0,0,0,0,0,0,0,0,0,3,1,2,28,1,3,10,1,3,4,2,1,0,1,0,0,0,1,0,0,0,1,0,5,3,0,0,2,0,0,0,0,4,0,2,0,0,0,0,0,0,14,5,4,0,0,2,1,0,0,0,0,0,0,2,30,0,6,9,4,0,0,2,0,9,0,0,0,0,0,0,0,0,0,0,0,0,0,0,0,0,0,0,0,0,0,0,2,2,9,9,0,0
"SN5  0",371,368,0,0,0,0,0,0,0,0,0,0,0,0,1,0,1,0,0,0,0,0,0,0,0,0,0,0,0,0,0,0,0,0,0,0,0,0,0,0,1,0,1,0,0,0,1,0,0,1,0,0,0,0,0,0,0,0,0,0,0,0,0,0,0,0,0,0,0,0,0,0,0,0,0,0,0,0,0,0,0,0,0,0,0,0,0,0,0,0,0,0,0,0,0,0,0,0,0,0,0,0,0,0
"SN5  3",1010,994,2,0,0,0,0,0,0,0,0,0,0,1,4,0,1,2,0,0,0,0,0,0,0,0,1,0,0,0,0,0,0,0,0,0,0,0,0,0,0,0,0,0,0,0,0,0,0,0,0,0,2,1,0,1,0,0,0,0,0,0,0,0,0,0,7,0,0,2,5,0,0,0,0,0,0,0,0,0,0,0,0,0,0,0,0,0,0,0,0,0,0,0,0,0,0,0,0,0,0,0,0,0
"SN5  4",3779,3722,0,0,0,0,0,0,0,0,0,3,3,0,34,0,2,10,1,0,14,0,0,2,2,2,1,0,0,0,0,0,0,0,0,0,0,0,0,0,0,0,0,0,0,0,3,0,0,2,0,1,4,1,1,1,0,1,0,0,0,0,0,0,0,0,9,0,0,1,6,0,0,1,0,1,0,0,0,0,0,0,1,0,0,0,0,0,0,0,0,0,0,0,1,0,0,0,0,0,0,0,0,0
"SN5  5",8491,7987,1,0,0,0,0,0,0,0,0,19,15,10,211,24,10,135,1,6,0,9,7,4,3,1,7,0,1,3,0,0,0,0,1,0,1,0,0,0,0,0,0,8,16,7,17,0,2,15,0,0,110,13,13,24,0,6,16,0,5,5,0,6,18,4,78,0,8,23,36,4,0,4,0,2,1,0,0,0,0,0,10,0,0,0,0,0,0,0,2,0,0,2,1,0,1,4,0,0,1,1,0,0
"SN5  6",4655,4389,0,0,0,0,0,0,0,0,0,6,19,7,91,5,7,56,6,2,2,2,0,6,0,0,1,1,0,1,0,0,0,2,1,0,1,0,0,0,0,0,0,4,9,3,6,0,0,6,0,0,85,10,8,17,0,3,9,0,2,3,1,0,30,2,18,1,3,4,9,0,0,0,0,0,1,0,0,0,0,0,10,0,0,0,0,0,0,0,0,0,0,8,0,0,0,2,2,2,5,5,0,0
"SN5  7",3529,3262,0,0,0,0,0,0,0,0,0,2,14,0,108,1,6,73,20,2,0,0,3,2,0,0,0,0,0,0,0,0,1,0,1,1,0,0,0,0,0,0,0,0,17,1,0,0,0,0,0,0,84,8,4,12,0,11,0,2,9,13,14,0,8,3,27,3,2,11,6,0,0,2,0,2,1,0,0,0,0,0,12,0,0,0,0,0,1,0,2,0,0,3,0,0,0,6,0,0,1,0,0,1
"SN5  8",9931,9187,3,1,1,0,0,0,0,0,0,5,86,6,202,11,8,143,14,3,3,6,4,2,1,0,0,2,0,4,0,0,1,0,8,4,2,0,0,2,2,2,0,10,90,8,27,1,7,16,3,0,227,16,8,32,0,19,15,0,0,1,2,0,115,19,38,1,9,10,1,0,0,1,0,14,2,0,0,0,0,0,25,0,1,3,0,0,3,0,7,0,0,3,0,0,2,6,2,2,4,4,0,0
"SN6  6",6763,6689,1,0,0,0,0,0,0,0,0,2,3,2,23,3,3,8,3,1,0,0,0,1,0,1,0,2,1,0,0,0,0,0,2,0,0,0,0,2,0,0,0,2,3,3,4,0,1,3,0,0,7,0,0,0,0,0,0,2,0,0,0,0,5,0,16,1,2,4,0,2,0,4,2,1,0,0,0,0,0,0,4,0,0,0,0,0,0,0,0,0,0,0,1,0,0,3,0,0,2,2,0,0
"SN6  7",8660,8507,2,0,0,0,0,0,0,0,0,4,17,5,35,7,8,12,3,2,0,0,1,0,0,1,0,0,0,1,0,0,0,0,5,0,2,1,0,2,0,0,0,8,0,0,16,1,0,4,11,0,16,2,0,2,0,2,0,0,0,1,0,0,8,1,38,0,6,3,12,1,0,2,0,13,1,0,0,0,0,0,0,0,0,0,0,0,0,0,0,0,0,0,0,0,0,0,0,0,7,5,0,2
"SN6  8",4993,4807,1,0,0,0,0,0,0,0,0,13,10,13,48,2,24,4,0,2,6,0,0,1,0,0,3,5,0,1,0,0,0,0,5,0,0,0,0,5,0,0,0,3,0,16,13,0,0,0,4,9,30,0,5,0,0,12,0,2,2,2,0,0,5,2,17,1,2,2,5,2,0,3,2,0,0,0,0,0,0,0,14,0,0,0,0,4,0,1,5,0,0,0,1,1,1,1,0,0,3,2,1,0
"SN7  7",8680,8437,4,1,0,0,0,0,0,1,0,19,9,6,89,6,9,35,11,2,4,1,0,8,0,3,5,2,1,0,1,0,1,0,2,0,2,0,0,0,0,0,0,1,0,9,4,0,0,3,0,1,29,0,5,6,0,1,2,0,0,1,5,0,7,2,60,1,4,5,6,0,0,4,1,38,1,0,0,0,0,0,6,0,0,0,0,3,0,0,0,0,0,1,1,0,0,1,2,2,2,2,0,0
"SN7  8",4245,4152,0,0,0,0,0,0,0,0,0,5,7,1,36,3,5,10,7,4,0,1,0,1,0,0,3,0,1,0,0,0,0,1,0,0,0,0,0,0,0,0,0,0,1,2,0,0,0,0,0,0,9,4,0,0,0,2,0,0,0,2,0,0,1,0,30,0,1,3,0,0,0,1,0,21,4,0,0,0,0,0,1,0,0,0,0,0,0,0,0,0,0,0,0,0,1,0,0,0,1,1,0,0
"SN8  1",6613,6389,2,0,0,0,0,0,0,0,0,19,9,13,76,9,17,19,5,4,0,0,2,2,9,1,2,3,1,0,2,0,0,0,5,0,1,1,0,3,0,0,0,8,2,3,3,0,1,1,0,1,30,12,0,7,2,3,0,0,0,0,6,0,0,0,40,0,9,14,4,0,1,1,2,9,0,0,0,0,0,0,9,1,0,0,0,1,0,0,0,0,0,0,7,0,0,0,3,3,2,0,0,2
"SN8  2",5956,5833,0,0,0,0,0,0,0,0,0,5,2,7,64,5,5,26,2,1,1,4,5,2,2,2,2,3,3,1,0,0,0,0,2,0,0,1,0,1,1,1,0,6,2,1,0,0,0,0,0,0,19,7,3,0,0,2,0,0,0,1,5,0,0,1,11,0,1,1,1,0,0,1,0,7,0,0,0,0,0,0,1,0,0,0,0,0,0,0,0,0,0,0,0,0,1,0,0,0,2,0,1,1
"SN8  3",6688,6558,2,0,0,0,0,0,0,0,0,5,2,5,50,4,9,9,3,5,0,0,2,1,2,0,10,1,2,1,1,0,0,0,1,0,1,0,0,0,0,0,0,1,0,0,0,0,0,0,0,0,47,1,41,0,0,0,0,1,0,0,0,0,1,3,8,0,0,0,0,0,0,4,0,3,1,0,0,0,0,0,6,0,0,0,0,0,0,0,0,0,0,0,4,0,2,0,0,0,3,2,0,1
"SN8  4",4098,4043,0,0,0,0,0,0,0,0,0,5,0,2,18,2,4,5,1,2,0,0,0,0,0,0,2,0,1,1,0,0,0,0,0,0,0,0,0,0,0,0,0,0,0,1,0,0,0,0,0,0,20,0,2,0,0,10,0,0,0,0,2,2,0,4,7,0,0,5,0,0,0,1,0,1,0,0,0,0,0,0,2,0,0,0,0,0,0,0,0,0,0,0,2,0,0,0,0,0,0,0,0,0
"SN9  5",4852,4774,1,0,0,0,0,0,0,0,0,4,2,1,35,0,2,15,6,0,2,0,0,7,0,0,1,1,1,0,0,0,0,0,4,0,0,0,0,4,0,0,0,3,0,0,1,1,0,0,0,0,3,0,0,0,0,1,0,0,0,2,0,0,0,0,19,0,0,5,0,0,1,0,1,12,0,0,0,0,0,0,1,0,0,0,0,0,0,0,0,0,0,0,0,0,0,1,0,0,4,1,2,1
"SN9  6",3011,2974,0,1,0,0,0,0,0,0,1,0,0,2,19,0,5,6,0,3,0,0,0,0,0,0,4,0,1,0,0,0,0,0,0,0,0,0,0,0,0,0,0,1,0,1,0,0,0,0,0,0,6,0,0,0,0,0,0,0,0,0,0,1,5,0,3,0,0,0,0,0,0,2,0,1,0,0,0,0,0,0,2,0,0,0,0,0,0,0,0,0,0,0,2,0,0,0,0,0,2,2,0,0
"SO14 0",7332,3934,2,0,0,0,0,0,0,0,0,35,74,26,1038,12,17,707,47,6,22,36,68,24,13,64,8,5,1,2,5,0,1,0,12,4,4,1,0,3,0,0,0,55,27,57,419,0,36,134,233,16,1352,415,60,492,10,176,71,0,20,14,11,2,11,70,89,2,9,44,1,1,0,5,6,17,4,0,0,0,0,0,205,4,1,106,0,1,9,1,18,6,4,15,0,10,14,16,6,6,1,1,0,0
"SO14 1",3261,2291,0,0,0,0,0,0,0,0,0,20,39,8,292,4,7,203,5,0,9,7,16,3,8,12,4,8,1,0,2,0,2,1,7,0,0,2,0,5,0,0,0,18,7,29,202,0,42,108,47,5,172,29,18,41,0,58,8,0,2,3,0,0,8,5,64,5,11,36,0,0,5,2,0,4,1,0,0,0,0,0,110,2,1,76,0,0,3,0,2,1,0,4,1,1,4,15,1,1,1,0,1,0
"SO14 2",1123,929,0,0,0,0,0,0,0,0,0,5,6,15,62,8,3,23,0,1,0,1,7,2,0,14,1,1,1,0,0,0,0,0,1,0,0,0,0,1,0,0,0,6,3,33,16,0,4,10,1,1,13,0,2,2,0,4,3,2,0,0,0,0,0,0,28,1,4,15,3,0,0,4,0,1,0,0,0,0,0,0,5,0,0,0,0,0,0,0,0,0,0,0,4,0,0,1,0,0,1,1,0,0
"SO14 3",6168,4895,2,5,4,0,0,0,0,1,0,49,41,48,447,38,35,172,5,9,9,15,16,11,17,79,15,16,2,2,1,0,5,0,36,2,2,4,2,26,0,0,0,42,24,204,110,0,28,49,23,10,114,11,26,18,0,26,2,0,3,5,3,0,13,7,107,3,11,65,9,1,0,8,3,4,3,0,0,0,0,0,40,0,0,14,0,0,2,1,0,0,0,7,5,3,2,6,4,4,0,0,0,0
"SO14 5",2335,1556,0,0,0,0,0,0,0,0,0,21,9,10,179,7,8,130,0,3,2,6,7,0,0,3,6,3,1,0,2,0,1,0,14,8,0,2,0,4,0,0,0,7,2,59,209,0,42,120,30,17,95,23,12,16,0,17,5,0,0,1,0,0,6,15,52,2,7,30,1,3,3,0,0,5,1,0,0,0,0,0,118,3,0,84,0,1,1,0,3,2,0,0,0,7,6,11,2,2,2,2,0,0
"SO14 6",5849,4756,2,1,1,0,0,0,0,0,0,37,27,28,571,12,26,414,8,8,10,19,9,13,13,17,6,5,2,3,5,1,0,0,6,0,0,0,1,5,0,0,0,18,6,13,94,0,25,30,37,2,133,22,10,50,0,9,15,9,2,8,4,0,3,1,125,18,6,57,2,1,3,15,10,12,1,0,0,0,0,0,30,2,1,0,0,0,1,0,5,0,3,6,3,0,4,5,1,1,1,0,0,1
"SO14 7",242,181,0,0,0,0,0,0,0,0,0,1,0,1,20,2,0,5,1,0,8,0,1,2,0,1,0,0,0,0,0,0,0,0,0,0,0,0,0,0,0,0,0,0,2,2,2,0,0,2,0,0,6,0,2,0,0,2,0,1,0,0,0,0,1,0,24,1,0,22,0,0,0,0,1,0,0,0,0,0,0,0,3,0,0,1,0,0,1,0,0,0,0,0,0,1,0,0,0,0,0,0,0,0
"SO15 0",1169,1090,0,0,0,0,0,0,0,0,0,0,1,2,62,0,1,53,5,0,3,0,0,0,0,0,0,0,0,0,0,0,0,0,0,0,0,0,0,0,0,0,0,1,1,0,6,0,2,3,0,1,1,1,0,0,0,0,0,0,0,0,0,0,0,0,3,0,0,0,0,0,0,0,0,3,0,0,0,0,0,0,0,0,0,0,0,0,0,0,0,0,0,0,0,0,0,0,0,0,2,2,0,0
"SO15 1",1543,1237,1,0,0,0,0,0,0,0,0,8,8,4,191,2,5,153,5,2,5,12,4,0,1,1,0,0,1,0,0,0,0,0,1,0,1,0,0,0,0,0,0,6,6,1,21,0,3,14,4,0,31,7,6,5,0,9,0,1,0,2,1,0,0,0,10,2,3,4,1,0,0,0,0,0,0,0,0,0,0,0,18,0,0,9,0,0,3,0,1,0,0,1,0,3,1,0,0,0,0,0,0,0
"SO15 2",9831,8547,4,3,1,0,0,0,0,2,0,44,27,45,613,35,47,274,16,3,34,10,21,36,31,49,14,21,2,12,6,0,2,0,20,5,2,1,1,11,0,0,0,29,13,35,72,2,12,39,14,5,160,29,27,18,0,38,6,3,10,11,12,4,2,0,180,19,15,96,8,5,1,26,5,2,3,0,0,0,0,0,31,0,0,8,0,0,0,0,2,1,0,8,6,0,1,5,7,7,1,1,0,0
"SO15 3",6705,5399,0,0,0,0,0,0,0,0,0,23,37,15,846,15,6,720,24,5,9,16,12,11,11,2,2,6,0,1,4,0,1,1,14,7,1,0,0,6,0,0,0,36,9,14,40,0,8,19,12,1,138,9,15,45,0,34,4,0,2,9,6,5,7,2,103,3,14,42,5,2,1,7,3,24,2,0,0,0,0,0,29,0,0,0,0,0,0,0,4,0,0,9,2,0,1,13,2,2,0,0,0,0
"SO15 4",3026,2768,0,0,0,0,0,0,0,0,0,2,0,1,122,3,2,106,5,0,0,2,2,0,0,0,2,0,0,0,0,0,0,0,0,0,0,0,0,0,0,0,0,2,0,10,18,0,0,13,5,0,77,7,4,31,0,6,7,0,2,8,10,0,0,2,16,0,2,5,2,0,0,2,0,5,0,0,0,0,0,0,9,0,0,0,0,0,0,1,3,0,0,2,0,1,0,2,0,0,1,0,0,1
"SO15 5",12065,10173,1,1,1,0,0,0,0,0,0,41,48,44,1127,23,41,885,27,7,7,14,13,37,8,34,10,8,1,6,2,0,1,3,15,4,5,4,0,2,0,0,0,36,8,37,81,3,4,45,26,3,276,29,20,105,0,52,13,1,4,16,32,4,0,0,132,6,19,61,2,7,4,8,2,20,3,0,1,0,0,0,37,5,0,10,0,2,3,1,1,0,0,3,0,1,2,9,4,4,3,2,0,1
"SO15 7",2816,2559,0,0,0,0,0,0,0,0,0,7,3,6,130,0,12,99,0,0,0,0,1,2,3,9,3,1,0,0,0,0,0,0,1,0,0,0,0,1,0,0,0,0,1,4,3,0,0,1,2,0,75,6,7,40,0,7,3,0,3,1,6,2,0,0,26,0,2,14,1,0,0,1,0,4,4,0,0,0,0,0,1,1,0,0,0,0,0,0,0,0,0,0,0,0,0,0,0,0,0,0,0,0
"SO15 8",3497,3170,3,0,0,0,0,0,0,0,0,18,7,5,190,2,10,148,9,0,2,0,1,10,4,0,1,0,0,1,1,0,0,1,1,1,0,0,0,0,0,0,0,0,1,0,18,0,3,13,0,2,53,16,5,25,0,3,1,0,0,0,3,0,0,0,25,2,3,8,0,0,1,1,1,7,2,0,0,0,0,0,6,0,0,0,0,0,0,0,0,0,0,1,0,1,0,4,0,0,0,0,0,0
"SO16 0",1477,1456,0,0,0,0,0,0,0,0,0,1,0,4,3,1,0,2,0,0,0,0,0,0,0,0,0,0,0,0,0,0,0,0,0,0,0,0,0,0,0,0,0,1,0,0,2,0,0,2,0,0,8,0,0,4,0,0,0,0,0,0,0,0,4,0,2,0,1,1,0,0,0,0,0,0,0,0,0,0,0,0,0,0,0,0,0,0,0,0,0,0,0,0,0,0,0,0,0,0,0,0,0,0
"SO16 2",796,685,0,0,0,0,0,0,0,0,0,2,4,2,48,5,0,39,2,0,0,1,0,0,0,0,0,0,1,0,0,0,0,0,0,0,0,0,0,0,0,0,0,9,0,5,3,0,0,2,1,0,28,1,5,12,0,0,8,0,0,1,0,0,0,1,5,0,0,0,2,0,0,0,3,0,0,0,0,0,0,0,5,0,0,0,0,0,0,0,1,0,0,0,0,0,0,4,0,0,0,0,0,0
"SO16 3",10842,8907,4,1,0,0,0,0,0,1,0,47,21,37,577,35,38,320,12,7,24,29,2,6,15,68,4,8,1,0,2,0,3,3,11,3,1,1,0,6,0,0,0,36,36,114,117,0,3,91,16,7,271,28,34,67,2,90,26,3,3,6,3,3,2,4,606,29,32,322,8,21,19,50,116,5,4,0,0,0,0,0,51,0,0,15,0,3,1,0,9,0,0,8,3,3,1,8,5,5,1,1,0,0
"SO16 4",6748,6213,1,2,0,0,0,1,0,1,0,14,14,5,342,6,1,293,7,5,10,6,2,6,0,2,1,2,0,0,0,0,0,1,3,1,0,1,0,1,0,0,0,11,7,11,14,1,4,5,3,1,39,2,2,4,0,19,0,0,3,2,4,1,1,1,52,1,5,27,3,0,3,5,0,8,0,0,0,0,0,0,18,0,1,0,0,0,4,1,4,0,0,2,0,4,1,1,1,1,1,1,0,0
"SO16 5",7188,6550,0,0,0,0,0,0,0,0,0,17,12,12,266,7,5,210,5,1,17,0,4,3,3,4,2,0,0,1,0,0,4,0,4,0,1,0,0,3,0,0,0,13,3,12,21,0,7,7,6,1,72,8,4,15,0,6,3,1,2,3,25,4,0,1,180,1,3,20,1,0,0,2,2,144,7,0,0,0,0,0,20,0,0,0,0,0,0,1,0,0,0,4,2,1,4,8,4,4,2,2,0,0
"SO16 6",6967,5820,2,1,1,0,0,0,0,0,0,22,12,10,540,10,10,434,7,1,7,5,2,16,14,23,2,3,1,0,4,0,0,1,6,2,2,0,0,2,0,0,0,13,6,18,26,0,3,17,5,1,214,8,9,33,0,15,10,1,10,13,89,15,2,9,242,0,2,35,1,5,0,3,3,185,8,0,0,0,0,0,27,0,0,0,0,1,1,0,2,0,0,13,1,1,2,6,5,5,3,0,0,3
"SO16 7",6011,5297,0,0,0,0,0,0,0,0,0,29,19,11,186,14,9,92,6,2,16,5,2,9,0,16,8,2,0,2,0,0,1,2,4,1,1,0,0,2,0,0,0,24,11,85,65,1,1,46,10,7,148,15,6,71,0,21,12,2,1,1,8,0,4,7,124,10,4,52,3,11,1,17,7,19,0,0,0,0,0,0,6,0,0,1,0,0,0,1,0,0,0,1,2,0,0,1,2,2,0,0,0,0
"SO16 8",11949,11510,0,1,1,0,0,0,0,0,0,7,8,8,149,7,7,100,1,3,8,3,0,2,5,1,3,3,2,2,2,0,0,0,5,0,1,1,0,3,2,2,0,12,0,24,15,0,3,7,5,0,89,8,7,8,0,10,4,0,2,6,43,0,1,0,85,1,10,19,1,0,0,5,0,46,3,0,0,0,0,0,25,2,0,2,0,0,4,0,0,0,0,2,5,0,0,10,0,0,9,8,0,1
"SO16 9",11192,10717,1,0,0,0,0,0,0,0,0,7,12,10,304,7,3,250,0,0,14,7,6,3,10,1,0,0,0,2,0,0,1,0,1,1,0,0,0,0,0,0,0,5,10,5,9,1,1,7,0,0,53,3,7,12,0,15,0,0,0,5,8,2,0,1,35,2,2,8,1,0,7,4,1,6,4,0,1,0,0,0,15,2,0,0,0,2,0,0,1,0,0,5,1,0,1,3,2,2,5,3,1,1
"SO17 1",6681,5810,3,0,0,0,0,0,0,0,0,38,19,42,259,32,41,93,2,3,16,2,2,6,4,41,8,5,1,2,0,0,0,1,9,0,0,5,0,4,0,0,0,28,5,53,74,1,5,42,22,4,104,18,6,33,0,15,14,0,0,7,2,2,2,5,220,17,4,135,4,25,8,6,18,2,1,0,0,0,0,0,15,1,2,0,0,0,2,0,1,0,0,6,1,1,0,1,2,2,0,0,0,0
"SO17 2",7478,6244,4,2,0,0,1,0,0,1,0,27,23,20,670,19,27,479,8,5,12,33,7,20,4,33,7,3,3,5,1,0,2,2,14,2,3,1,2,6,0,0,0,15,4,37,110,0,6,52,47,5,128,16,8,62,0,12,8,0,0,8,6,0,0,8,154,10,12,102,5,0,1,10,8,4,2,0,0,0,0,0,23,0,0,0,0,0,2,1,3,3,2,3,3,0,4,2,2,2,1,1,0,0
"SO17 3",4645,3487,0,0,0,0,0,0,0,0,0,23,9,17,358,28,15,218,10,1,16,19,2,3,7,22,9,3,0,0,2,0,0,3,5,1,1,2,1,0,0,0,0,25,25,49,43,0,7,24,5,7,137,23,8,46,0,11,21,0,4,7,1,1,14,1,451,21,28,281,0,16,16,16,65,5,3,0,0,0,0,0,15,0,0,0,0,2,0,0,2,0,0,7,0,0,0,4,1,1,0,0,0,0
"SO18 1",7897,7182,1,1,1,0,0,0,0,0,0,15,14,13,423,14,16,321,15,3,15,9,6,3,7,8,2,2,0,1,0,0,1,0,2,0,0,0,1,1,0,0,0,17,3,16,41,0,2,27,11,1,90,8,6,40,0,4,7,0,0,5,12,8,0,0,47,5,13,20,1,1,2,3,0,2,0,0,0,0,0,0,30,0,0,6,0,5,0,2,1,0,0,9,1,2,0,4,0,0,2,0,0,2
"SO18 2",10092,9150,1,0,0,0,0,0,0,0,0,22,16,21,250,11,11,153,3,3,8,0,8,10,9,21,4,5,2,1,1,0,0,0,10,2,3,0,0,5,0,0,0,17,23,23,66,0,8,48,3,7,101,11,11,22,0,21,6,1,0,11,11,4,1,2,365,28,35,239,3,8,22,19,7,3,1,0,0,0,0,0,19,1,0,0,0,2,3,1,1,0,0,1,2,1,2,5,5,5,3,2,0,1
"SO18 3",4035,3854,0,0,0,0,0,0,0,0,0,3,1,5,62,1,9,38,2,1,1,0,0,3,2,4,0,0,0,0,0,0,1,0,0,0,0,0,0,0,0,0,0,5,1,6,7,0,5,2,0,0,41,0,2,8,0,4,15,0,2,2,8,0,0,0,43,2,13,18,0,0,0,9,0,0,1,0,0,0,0,0,4,0,0,2,0,0,0,1,0,0,0,0,0,0,0,1,1,1,2,1,1,0
"SO18 4",3923,3665,0,0,0,0,0,0,0,0,0,4,0,5,139,1,0,118,1,0,3,1,4,0,8,2,0,0,1,0,0,0,0,0,1,0,0,0,0,1,0,0,0,8,2,11,26,0,4,17,5,0,37,4,3,11,0,5,9,0,0,0,5,0,0,0,14,0,2,6,0,4,0,0,0,2,0,0,0,0,0,0,9,0,0,0,0,0,0,1,2,0,1,0,3,1,0,1,1,1,1,1,0,0
"SO18 5",7428,7197,0,0,0,0,0,0,0,0,0,3,3,6,114,5,9,80,1,1,2,2,0,0,8,2,3,0,0,0,0,0,1,0,1,0,0,0,0,1,0,0,0,9,3,0,28,0,6,19,3,0,30,6,0,2,0,12,4,0,1,1,4,0,0,0,28,0,9,13,0,2,0,2,0,2,0,0,0,0,0,0,3,0,0,1,0,0,0,0,0,2,0,0,0,0,0,0,0,0,3,3,0,0
"SO18 6",2193,2089,1,0,0,0,0,0,0,0,0,1,1,2,52,2,4,36,4,0,2,2,0,0,0,1,0,1,0,0,0,0,0,0,3,0,0,0,0,3,0,0,0,2,0,7,5,0,0,5,0,0,7,2,1,0,0,0,3,0,0,0,0,0,0,1,13,1,3,4,0,2,1,1,0,1,0,0,0,0,0,0,8,3,0,0,0,0,0,0,0,1,0,0,2,0,0,2,0,0,2,1,0,1
"SO19 0",3593,3496,0,0,0,0,0,0,0,0,0,4,0,5,68,2,1,53,0,1,2,4,5,0,0,0,0,0,0,0,0,0,0,0,0,0,0,0,0,0,0,0,0,3,0,1,5,0,1,1,0,3,3,0,0,1,0,0,0,0,0,2,0,0,0,0,4,0,0,0,0,0,1,1,0,2,0,0,0,0,0,0,1,0,0,1,0,0,0,0,0,0,0,0,0,0,0,0,1,1,2,1,0,1
"SO19 1",2814,2735,0,0,0,0,0,0,0,0,0,4,4,1,43,1,1,29,1,0,2,3,0,4,0,1,0,0,0,0,0,0,1,0,1,1,0,0,0,0,0,0,0,0,0,4,9,0,5,2,1,1,2,0,0,2,0,0,0,0,0,0,0,0,0,0,5,0,3,0,0,0,0,2,0,0,0,0,0,0,0,0,3,0,0,0,0,0,0,0,1,0,0,2,0,0,0,0,0,0,3,3,0,0
"SO19 2",5958,5685,0,0,0,0,0,0,0,0,0,6,6,12,151,2,3,115,6,5,3,3,6,4,0,2,0,0,1,0,0,0,0,1,3,1,1,0,0,1,0,0,0,9,2,17,6,1,0,4,1,0,17,2,0,8,0,0,0,4,0,0,2,0,0,1,30,1,2,7,1,4,0,1,1,13,0,0,0,0,0,0,11,0,1,0,0,0,0,0,2,0,0,2,0,0,0,6,0,0,3,2,0,1
"SO19 4",1893,1787,0,0,0,0,0,0,0,0,0,6,0,3,73,3,1,51,3,0,6,0,3,3,0,1,2,0,0,0,0,0,0,0,0,0,0,0,0,0,0,0,0,0,0,0,6,0,0,6,0,0,7,0,0,2,0,1,3,0,0,1,0,0,0,0,8,0,4,1,3,0,0,0,0,0,0,0,0,0,0,0,3,0,0,0,0,0,0,0,0,0,0,0,0,0,0,3,0,0,0,0,0,0
"SO19 5",1496,1447,0,0,0,0,0,0,0,0,0,5,0,1,21,0,0,15,0,0,0,0,0,1,4,0,0,0,1,0,0,0,0,0,0,0,0,0,0,0,0,0,0,1,1,6,0,0,0,0,0,0,1,0,0,0,0,0,0,0,0,0,0,0,0,1,4,0,1,1,0,0,1,0,0,1,0,0,0,0,0,0,9,0,0,0,0,0,0,0,0,0,0,4,0,0,0,5,0,0,0,0,0,0
"SO19 6",8691,8381,0,0,0,0,0,0,0,0,0,5,8,4,150,1,8,115,1,3,0,0,7,3,3,0,3,0,0,0,0,0,5,1,2,1,0,0,0,1,0,0,0,14,4,7,49,0,13,34,2,0,26,1,4,5,0,6,2,0,0,1,2,0,0,5,24,0,6,6,1,1,3,6,0,1,0,0,0,0,0,0,11,0,0,0,0,1,0,1,1,0,0,3,0,1,3,1,0,0,6,4,0,2
"SO19 7",7124,6807,1,1,0,0,0,0,0,1,0,6,11,16,150,3,4,124,1,2,2,5,0,3,0,0,1,2,1,1,0,0,1,0,2,0,1,0,0,1,0,0,0,12,3,12,15,1,6,5,3,0,38,1,1,13,0,5,3,0,4,2,8,0,0,1,30,0,7,10,3,0,2,3,1,4,0,0,2,0,0,0,12,0,0,0,0,0,0,0,2,3,0,2,0,0,0,5,2,2,4,1,1,2
"SO19 8",7851,7599,0,0,0,0,0,0,0,0,0,10,4,4,152,4,4,119,0,1,1,7,0,5,5,3,2,1,0,0,0,0,0,0,2,0,1,0,0,1,0,0,0,13,2,3,10,0,2,2,0,6,12,2,2,3,0,0,2,1,0,2,0,0,0,0,29,0,8,11,1,0,2,4,0,3,0,0,0,0,0,0,10,0,0,0,0,0,0,4,1,0,0,0,1,0,1,3,0,0,1,1,0,0
"SO19 9",14251,13598,5,3,1,0,0,0,0,2,0,27,13,10,417,8,13,348,0,8,7,11,2,1,7,2,1,7,0,1,0,0,0,1,8,4,0,1,0,3,0,0,0,15,18,11,47,1,15,20,7,4,17,1,2,6,0,4,0,0,0,0,3,1,0,0,35,0,5,13,1,0,0,6,2,6,2,0,1,0,0,0,21,0,5,3,0,0,0,1,0,0,0,1,3,0,1,7,0,0,5,2,0,3
"SO20 6",4233,4171,0,1,0,0,0,0,0,1,0,5,1,4,36,0,2,8,4,3,1,3,0,6,0,0,5,0,2,2,0,0,0,0,0,0,0,0,0,0,0,0,0,2,0,0,0,0,0,0,0,0,0,0,0,0,0,0,0,0,0,0,0,0,0,0,10,0,0,2,1,0,0,4,1,0,2,0,0,0,0,0,2,0,0,0,0,0,0,0,0,0,0,1,1,0,0,0,1,1,0,0,0,0
"SO20 8",3557,3481,0,0,0,0,0,0,0,0,0,7,1,1,36,0,9,6,6,1,7,3,0,1,0,1,2,0,0,0,0,0,0,0,0,0,0,0,0,0,0,0,0,0,1,0,1,0,0,1,0,0,13,0,0,5,0,0,0,0,0,3,3,0,2,0,12,0,7,2,0,0,0,0,0,0,3,0,0,0,0,0,3,0,0,0,0,0,0,0,0,0,0,2,1,0,0,0,0,0,1,1,0,0
"SO21 1",7027,6912,0,1,0,0,0,0,0,1,0,9,1,10,56,7,8,20,0,1,1,0,0,7,1,2,4,4,1,0,0,0,0,0,0,0,0,0,0,0,0,0,0,4,0,2,1,0,0,1,0,0,17,0,5,4,0,3,2,0,0,1,0,1,1,0,9,0,2,3,1,1,0,1,0,0,1,0,0,0,0,0,5,0,0,0,0,0,0,0,0,0,0,0,5,0,0,0,0,0,0,0,0,0
"SO21 2",5979,5774,0,0,0,0,0,0,0,0,0,20,7,9,63,9,14,21,0,2,1,1,0,2,0,2,8,1,1,1,0,0,0,0,1,0,0,0,0,1,0,0,0,7,2,9,2,2,0,0,0,0,52,1,0,2,0,1,3,0,0,0,0,0,43,2,24,0,6,13,1,0,0,1,1,2,0,2,0,0,0,0,7,0,0,0,0,0,0,0,1,0,0,2,4,0,0,0,0,0,0,0,0,0
"SO21 3",5886,5797,0,0,0,0,0,0,0,0,0,4,2,2,39,0,4,16,4,0,2,2,0,2,2,0,2,1,4,0,0,0,0,0,2,1,0,0,1,0,0,0,0,4,0,0,1,0,0,0,1,0,16,0,5,5,0,2,0,0,0,2,1,0,1,0,14,0,5,2,1,0,0,2,0,2,2,0,0,0,0,0,4,0,0,0,0,0,0,0,0,0,0,0,3,0,1,0,0,0,1,1,0,0
"SO22 4",11363,11003,2,0,0,0,0,0,0,0,0,22,13,8,127,3,25,58,6,1,3,1,0,5,1,3,6,3,4,4,1,0,3,0,12,3,3,4,1,1,0,0,0,3,5,12,2,0,2,0,0,0,45,5,1,1,0,23,1,3,0,2,4,0,5,0,98,13,11,35,10,2,0,8,0,17,2,0,0,0,0,0,9,1,0,0,0,2,1,1,0,0,0,3,1,0,0,0,1,1,1,1,0,0
"SO22 5",7573,7261,1,0,0,0,0,0,0,0,0,22,1,17,72,5,10,18,1,6,6,0,0,10,0,5,7,3,1,0,0,0,0,0,3,0,0,0,0,3,0,0,0,6,1,5,3,1,0,1,1,0,61,0,0,0,0,8,0,7,0,3,8,1,33,1,114,4,19,54,19,0,4,4,0,7,3,0,0,0,0,0,2,0,0,0,0,0,1,0,0,0,0,0,0,0,0,1,3,3,1,1,0,0
"SO22 6",8746,8382,3,0,0,0,0,0,0,0,0,15,8,7,123,5,38,49,5,1,0,2,2,9,0,2,5,3,1,1,0,0,0,0,5,1,0,1,0,3,0,0,0,6,3,6,3,0,1,1,0,1,138,0,6,3,0,7,3,0,0,3,11,0,101,4,30,3,1,9,3,0,1,4,0,9,0,1,0,0,0,0,9,0,0,0,0,1,0,0,0,0,0,3,5,0,0,0,2,2,5,2,0,3
"SO23 0",5254,4957,3,0,0,0,0,0,0,0,0,13,7,12,126,6,7,56,5,4,7,3,4,26,2,1,3,0,2,0,0,0,0,0,3,0,0,0,1,2,0,0,0,3,5,2,1,0,0,0,0,1,28,0,1,0,0,14,1,0,0,0,0,0,12,0,88,2,20,47,3,2,1,7,1,5,0,0,0,0,0,0,3,0,0,0,0,0,0,0,0,0,0,1,0,0,1,1,3,3,0,0,0,0
"SO23 7",8842,8478,2,1,0,0,0,0,0,0,1,29,5,15,116,8,16,40,3,0,4,8,1,10,4,8,6,7,0,1,0,0,0,0,9,0,5,1,0,3,1,1,0,6,1,2,5,1,0,1,0,3,31,0,5,0,0,6,5,0,0,0,0,1,14,0,127,10,5,90,4,3,0,5,0,9,1,1,0,0,0,0,8,0,0,1,0,0,2,0,0,0,0,0,0,2,1,2,3,3,2,2,0,0
"SO23 8",2656,2410,0,0,0,0,0,0,0,0,0,14,3,11,76,6,4,35,4,2,4,0,0,9,4,2,4,0,0,1,0,0,0,1,2,0,1,0,0,1,0,0,0,3,1,3,2,2,0,0,0,0,78,0,0,1,0,12,3,0,0,9,4,0,49,0,46,5,2,18,4,1,1,1,6,7,1,0,0,0,0,0,4,0,0,0,0,0,0,0,0,0,0,2,1,0,0,1,1,1,2,2,0,0
"SO23 9",4804,4605,1,0,0,0,0,0,0,0,0,17,2,8,85,12,16,17,1,3,2,0,0,17,0,6,0,5,3,2,0,0,0,1,2,0,0,0,0,2,0,0,0,6,1,1,9,0,6,0,0,3,10,0,3,2,0,2,0,0,0,0,1,0,2,0,54,1,11,22,6,7,0,2,0,5,0,0,0,0,0,0,3,0,0,0,0,0,1,0,0,0,0,0,2,0,0,0,0,0,0,0,0,0
"SO24 0",4176,4104,3,0,0,0,0,0,0,0,0,5,2,10,35,2,14,2,0,0,0,0,1,0,0,0,8,1,2,0,0,1,0,4,0,0,0,0,0,0,0,0,0,2,2,2,2,0,0,1,0,1,1,0,1,0,0,0,0,0,0,0,0,0,0,0,4,0,0,0,0,1,0,2,0,1,0,0,0,0,0,0,3,0,0,0,0,0,0,0,0,0,0,1,2,0,0,0,0,0,1,1,0,0
"SO24 9",6849,6719,0,1,0,0,0,0,0,1,0,6,2,6,67,1,9,34,0,3,5,0,1,7,0,1,2,1,1,2,0,0,0,0,1,0,1,0,0,0,0,0,0,1,0,0,0,0,0,0,0,0,13,0,1,0,0,0,0,0,1,0,0,0,11,0,28,2,0,13,1,0,0,1,1,8,2,0,0,0,0,0,1,0,0,0,0,0,0,0,0,0,0,0,1,0,0,0,1,1,3,2,0,1
"SO30 0",6439,6344,0,0,0,0,0,0,0,0,0,4,0,1,44,3,6,13,0,0,2,1,0,0,13,3,0,1,0,0,0,0,2,0,0,0,0,0,0,0,0,0,0,4,0,1,0,0,0,0,0,0,17,1,0,3,0,1,3,0,0,0,3,0,6,0,18,5,1,3,0,0,0,4,0,5,0,0,0,0,0,0,5,0,0,0,0,0,0,0,1,0,0,4,0,0,0,0,0,0,1,0,0,1
"SO30 2",13029,12749,2,1,0,0,0,0,0,0,1,14,8,9,90,4,7,30,11,10,7,0,0,7,4,2,2,2,0,1,0,0,2,1,2,1,0,0,1,0,0,0,0,9,3,7,3,0,0,3,0,0,52,5,3,10,0,15,0,0,2,9,5,0,3,0,57,4,10,27,2,4,0,7,0,3,0,0,0,0,0,0,13,0,0,0,0,0,0,0,1,0,0,2,5,0,1,4,4,4,6,6,0,0
"SO30 3",5960,5822,0,4,3,0,0,0,0,1,0,2,2,5,39,6,7,15,1,0,1,1,0,3,0,3,1,0,0,0,0,0,1,0,1,0,0,1,0,0,0,0,0,1,6,12,6,0,0,4,2,0,30,7,4,3,0,0,7,0,0,2,6,0,0,1,24,0,0,14,0,0,0,6,0,4,0,0,0,0,0,0,1,0,0,0,0,0,0,0,1,0,0,0,0,0,0,0,0,0,5,5,0,0
"SO30 4",5675,5546,2,0,0,0,0,0,0,0,0,8,5,10,31,1,2,8,1,0,0,0,0,5,8,1,1,2,1,0,0,0,1,0,1,0,0,0,0,1,0,0,0,4,0,0,2,0,0,2,0,0,41,0,3,4,0,17,2,6,0,0,9,0,0,0,19,0,1,14,0,0,0,2,0,2,0,0,0,0,0,0,3,0,0,0,0,0,0,0,0,0,0,2,0,0,0,1,0,0,3,1,0,2
"SO31 1",1669,1648,0,0,0,0,0,0,0,0,0,2,1,1,5,2,1,0,0,0,0,0,0,0,1,0,1,0,0,0,0,0,0,0,1,0,0,0,0,1,0,0,0,2,0,0,0,0,0,0,0,0,1,0,0,0,0,1,0,0,0,0,0,0,0,0,8,0,0,4,1,0,0,3,0,0,0,0,0,0,0,0,0,0,0,0,0,0,0,0,0,0,0,0,0,0,0,0,0,0,0,0,0,0
"SO31 4",4499,4390,4,0,0,0,0,0,0,0,0,17,6,0,57,6,2,37,0,2,0,2,0,2,0,1,0,3,0,1,0,0,0,1,2,2,0,0,0,0,0,0,0,0,2,1,0,0,0,0,0,0,4,0,0,0,0,3,0,0,0,0,0,1,0,0,12,0,0,1,0,0,0,3,4,2,2,0,0,0,0,0,3,1,0,0,0,0,0,0,0,0,0,1,1,0,0,0,0,0,1,0,0,1
"SO31 5",6129,6010,0,0,0,0,0,0,0,0,0,9,1,4,59,1,7,18,1,4,1,4,0,8,4,2,6,2,0,0,1,0,0,0,3,0,0,0,0,3,0,0,0,2,4,2,3,0,0,2,0,1,18,0,0,6,0,10,0,0,0,2,0,0,0,0,6,0,0,2,0,0,0,2,0,2,0,1,0,0,0,0,7,0,0,0,0,0,0,0,0,2,0,1,1,0,0,3,0,0,0,0,0,0
"SO31 6",11021,10867,0,0,0,0,0,0,0,0,0,14,6,9,37,3,4,14,3,0,1,3,0,0,2,4,2,0,0,0,0,0,1,0,5,0,1,0,0,4,0,0,0,5,3,6,2,0,0,2,0,0,19,1,1,2,0,2,1,0,0,5,5,0,0,2,40,4,4,14,2,3,1,7,1,3,1,0,0,0,0,0,5,0,0,0,0,0,0,0,0,0,0,0,4,0,1,0,1,1,2,0,0,2
"SO31 7",6642,6537,2,0,0,0,0,0,0,0,0,10,3,4,28,0,4,8,3,2,2,2,0,0,0,1,3,0,1,2,0,0,0,0,0,0,0,0,0,0,0,0,0,4,0,1,9,0,0,1,8,0,18,2,2,0,0,0,0,0,0,4,1,6,0,3,17,1,8,5,1,0,0,2,0,0,0,0,0,0,0,0,4,0,0,0,0,0,1,0,0,0,0,0,3,0,0,0,0,0,5,0,1,4
"SO31 8",6662,6568,1,0,0,0,0,0,0,0,0,3,2,3,37,0,4,22,1,0,1,1,0,0,0,2,2,0,1,0,3,0,0,0,0,0,0,0,0,0,0,0,0,1,0,1,2,0,1,1,0,0,13,0,2,7,0,4,0,0,0,0,0,0,0,0,21,1,2,5,0,0,0,9,0,3,1,0,0,0,0,0,5,0,0,0,0,0,0,0,1,0,0,3,1,0,0,0,0,0,5,0,1,4
"SO31 9",6677,6607,2,1,0,0,0,0,0,1,0,5,4,5,18,1,8,2,1,0,1,0,0,1,0,0,3,0,0,0,0,0,0,1,1,1,0,0,0,0,0,0,0,4,1,2,0,0,0,0,0,0,2,0,0,0,0,0,0,0,0,1,0,1,0,0,15,0,2,5,0,1,0,5,0,2,0,0,0,0,0,0,9,0,0,0,0,0,1,1,2,0,0,0,4,1,0,0,0,0,1,0,0,1
"SO32 1",7175,7087,1,1,0,0,0,0,0,1,0,5,3,7,32,4,6,11,1,1,1,0,0,0,1,2,2,1,1,0,0,0,1,0,1,0,0,0,1,0,0,0,0,1,0,0,0,0,0,0,0,0,20,2,0,1,0,7,0,0,0,0,0,2,8,0,14,1,1,2,0,0,0,1,1,8,0,0,0,0,0,0,1,0,0,0,0,0,0,0,0,0,0,0,1,0,0,0,1,1,1,0,1,0
"SO32 2",9266,9183,1,0,0,0,0,0,0,0,0,12,2,4,23,5,5,7,1,0,0,0,0,2,0,1,1,1,0,0,0,0,0,0,2,0,1,0,0,1,0,0,0,0,0,1,0,0,0,0,0,0,23,0,2,0,0,7,0,0,0,5,0,0,9,0,9,0,0,2,1,0,0,3,1,2,0,0,0,0,0,0,4,0,0,0,0,0,0,0,0,0,0,0,4,0,0,0,1,1,1,0,0,1
"SO32 3",2791,2762,1,0,0,0,0,0,0,0,0,1,0,4,12,1,2,0,0,1,2,0,0,3,0,1,0,0,1,1,0,0,0,0,0,0,0,0,0,0,0,0,0,0,0,0,1,0,0,0,0,1,6,1,0,0,0,1,0,0,0,0,0,0,4,0,4,0,0,2,2,0,0,0,0,0,0,0,0,0,0,0,0,0,0,0,0,0,0,0,0,0,0,0,0,0,0,0,0,0,0,0,0,0
"SO40 2",8984,8875,1,0,0,0,0,0,0,0,0,17,0,8,29,3,7,7,3,1,2,0,0,1,2,1,2,0,0,0,0,0,0,0,0,0,0,0,0,0,0,0,0,3,2,1,2,0,0,1,0,1,30,0,0,0,0,1,4,0,0,0,21,0,0,4,10,1,1,1,1,0,3,1,0,1,1,0,0,0,0,0,3,0,0,0,0,0,0,0,1,0,0,0,2,0,0,0,0,0,3,0,1,2
"SO40 3",7024,6915,5,0,0,0,0,0,0,0,0,2,1,1,34,3,5,19,0,1,0,1,0,0,3,0,0,0,0,0,0,1,1,0,0,0,0,0,0,0,1,1,0,6,4,3,1,0,0,0,0,1,23,0,0,0,0,12,1,0,0,4,0,0,4,2,15,3,0,6,0,0,1,3,1,1,0,0,0,0,0,0,5,0,0,0,0,0,0,0,0,0,0,0,3,0,2,0,1,1,7,3,1,3
"SO40 4",5843,5699,4,0,0,0,0,0,0,0,0,3,2,3,29,4,4,5,1,0,3,1,1,4,0,0,0,2,0,3,0,0,1,0,1,0,0,0,0,1,0,0,0,3,11,3,0,0,0,0,0,0,17,0,0,0,0,7,0,0,0,0,2,0,8,0,12,1,3,3,0,0,0,3,1,1,0,35,0,0,0,0,19,0,0,0,0,4,0,1,0,0,0,6,0,2,4,2,2,2,0,0,0,0
"SO40 7",5258,5210,1,0,0,0,0,0,0,0,0,9,2,3,9,0,1,4,0,0,0,1,0,0,0,1,0,0,1,1,0,0,0,0,4,0,0,2,0,2,0,0,0,2,0,0,2,0,0,2,0,0,4,0,0,0,0,0,0,0,0,0,4,0,0,0,5,0,0,0,1,0,0,0,0,4,0,3,0,0,0,0,3,0,0,0,0,0,0,0,3,0,0,0,0,0,0,0,1,1,0,0,0,0
"SO40 8",7902,7778,0,0,0,0,0,0,0,0,0,12,2,6,56,2,1,31,2,4,3,1,0,4,4,0,3,0,0,1,0,0,0,0,1,0,0,0,0,1,0,0,0,3,8,5,3,0,0,0,0,3,5,1,0,0,0,4,0,0,0,0,0,0,0,0,13,2,0,6,2,0,0,2,0,1,0,2,0,0,0,0,8,0,0,0,0,2,0,0,0,0,0,4,2,0,0,0,0,0,0,0,0,0
"SO40 9",5370,5284,0,1,0,0,0,0,0,1,0,3,1,4,34,1,1,24,0,1,1,2,0,0,2,0,0,0,0,1,1,0,0,0,2,1,0,1,0,0,0,0,0,3,0,0,0,0,0,0,0,0,10,0,0,0,0,6,0,0,0,0,4,0,0,0,20,1,1,10,0,0,1,4,0,1,2,0,0,0,0,0,4,0,0,0,0,1,0,0,0,0,0,0,1,0,2,0,0,0,4,4,0,0
"SO41 0",9725,9643,1,1,0,0,0,0,0,0,1,7,2,6,36,3,4,14,0,4,4,1,0,1,1,0,3,0,0,1,0,0,0,0,1,0,0,1,0,0,0,0,0,2,0,1,0,0,0,0,0,0,4,0,0,0,0,2,2,0,0,0,0,0,0,0,17,1,0,1,1,0,0,2,0,10,2,0,0,0,0,0,1,0,0,0,0,0,0,0,0,0,0,0,1,0,0,0,0,0,3,3,0,0
"SO41 3",2677,2626,0,0,0,0,0,0,0,0,0,9,2,0,22,3,2,6,1,0,0,0,1,2,0,2,3,1,0,0,0,0,1,0,1,0,0,0,1,0,0,0,0,2,2,0,0,0,0,0,0,0,0,0,0,0,0,0,0,0,0,0,0,0,0,0,12,1,0,1,1,0,0,2,0,7,0,0,0,0,0,0,1,0,0,0,0,0,0,0,0,0,0,1,0,0,0,0,0,0,0,0,0,0
"SO41 5",1393,1370,0,0,0,0,0,0,0,0,0,1,2,1,17,0,3,8,1,1,1,0,0,0,1,0,2,0,0,0,0,0,0,0,2,1,0,1,0,0,0,0,0,0,0,0,0,0,0,0,0,0,0,0,0,0,0,0,0,0,0,0,0,0,0,0,0,0,0,0,0,0,0,0,0,0,0,0,0,0,0,0,0,0,0,0,0,0,0,0,0,0,0,0,0,0,0,0,0,0,0,0,0,0
"SO41 6",3564,3499,0,0,0,0,0,0,0,0,0,8,0,9,22,1,5,10,4,0,0,0,1,0,0,0,1,0,0,0,0,0,0,0,1,0,0,0,0,1,0,0,0,1,1,0,1,1,0,0,0,0,1,0,0,0,0,0,0,0,0,0,1,0,0,0,17,0,0,5,1,0,0,7,0,4,0,2,0,0,0,0,1,0,0,0,0,0,0,1,0,0,0,0,0,0,0,0,0,0,1,1,0,0
"SO41 8",6900,6724,0,4,0,0,0,1,0,3,0,4,1,12,106,2,10,66,1,0,2,10,1,5,1,0,3,2,1,2,0,0,0,0,1,0,0,0,0,1,0,0,0,0,1,3,0,0,0,0,0,0,17,1,0,0,0,0,0,0,0,0,13,3,0,0,19,0,4,6,0,0,2,5,0,2,0,0,0,0,0,0,3,0,0,0,0,0,0,0,1,0,0,0,2,0,0,0,4,4,1,1,0,0
"SO41 9",6376,6158,1,0,0,0,0,0,0,0,0,14,7,14,135,5,14,90,7,1,0,0,0,3,2,1,3,5,2,0,0,1,1,0,7,0,0,0,4,3,0,0,0,4,2,0,0,0,0,0,0,0,19,0,0,0,0,0,2,0,0,1,15,1,0,0,14,1,1,4,1,0,0,5,0,2,0,0,0,0,0,0,0,0,0,0,0,0,0,0,0,0,0,0,0,0,0,0,1,1,0,0,0,0
"SO42 7",5138,4972,2,0,0,0,0,0,0,0,0,15,3,26,79,6,12,33,8,7,2,0,1,0,1,0,4,1,1,0,3,0,0,0,1,0,0,0,0,1,0,0,0,2,0,1,1,1,0,0,0,0,10,0,0,0,0,0,4,1,0,0,4,1,0,0,23,0,2,7,0,0,0,10,0,3,1,0,0,0,0,0,3,0,0,0,0,0,0,0,1,0,0,1,0,0,0,1,0,0,0,0,0,0
"SO43 7",4287,4166,3,0,0,0,0,0,0,0,0,5,7,14,60,5,7,22,13,0,1,0,1,7,0,0,2,0,2,0,0,0,0,0,0,0,0,0,0,0,0,0,0,2,1,1,0,0,0,0,0,0,10,0,0,0,0,9,0,0,0,0,0,1,0,0,11,0,2,2,1,0,0,2,0,4,0,0,0,0,0,0,4,0,0,0,0,0,0,0,0,0,0,0,4,0,0,0,1,1,2,1,0,1
"SO45 1",7637,7556,0,0,0,0,0,0,0,0,0,4,0,8,21,1,5,10,0,1,0,0,0,0,2,0,0,0,0,1,0,0,1,0,1,0,0,0,0,1,1,1,0,3,1,3,1,0,0,1,0,0,12,0,0,1,0,3,0,0,0,0,5,0,3,0,10,0,2,4,0,0,0,2,0,2,0,8,0,0,0,0,5,0,0,0,0,0,0,0,0,0,0,1,0,0,3,1,0,0,3,2,0,1
"SO45 2",6357,6292,0,3,0,0,0,0,2,0,1,1,0,2,30,1,5,13,1,3,0,1,0,1,1,0,0,0,0,0,4,0,0,0,0,0,0,0,0,0,0,0,0,1,6,0,0,0,0,0,0,0,0,0,0,0,0,0,0,0,0,0,0,0,0,0,13,1,3,5,0,0,0,2,1,1,0,3,0,0,0,0,4,0,0,0,0,0,0,0,0,0,0,0,4,0,0,0,0,0,2,1,1,0
"SO45 3",4551,4488,0,0,0,0,0,0,0,0,0,9,0,4,27,1,6,10,3,0,1,0,1,0,0,0,1,1,2,0,0,0,1,0,0,0,0,0,0,0,0,0,0,1,0,1,0,0,0,0,0,0,5,2,0,0,0,0,0,0,0,0,0,0,3,0,4,0,0,1,0,0,0,1,1,1,0,5,0,0,0,0,3,0,0,0,0,0,0,0,1,0,0,0,0,0,2,0,0,0,4,1,1,2
"SO45 4",5230,5176,2,2,0,0,0,2,0,0,0,4,1,3,19,2,3,7,5,0,0,0,0,0,0,0,1,0,0,1,0,0,0,0,3,0,0,0,2,1,0,0,0,5,0,1,0,0,0,0,0,0,4,0,0,0,0,0,0,0,0,0,0,0,4,0,7,0,1,1,0,0,0,1,1,2,1,0,0,0,0,0,0,0,0,0,0,0,0,0,0,0,0,0,0,0,0,0,3,3,0,0,0,0
"SO45 5",6731,6661,0,1,0,0,0,0,0,1,0,3,3,5,30,1,5,10,0,0,1,4,0,2,5,0,2,0,0,0,0,0,0,0,0,0,0,0,0,0,1,1,0,6,3,3,0,0,0,0,0,0,2,0,0,0,0,2,0,0,0,0,0,0,0,0,7,1,0,1,1,0,0,3,1,0,0,0,0,0,0,0,5,0,0,0,0,0,0,1,0,0,0,2,1,1,0,0,0,0,1,0,1,0
"SO45 6",3373,3306,3,0,0,0,0,0,0,0,0,5,0,2,17,0,2,9,0,0,0,2,0,0,0,0,2,1,1,0,0,0,0,0,0,0,0,0,0,0,0,0,0,1,0,5,8,0,5,3,0,0,5,0,0,1,0,0,2,0,0,0,2,0,0,0,5,1,0,1,0,0,0,2,0,0,1,12,0,0,0,0,2,2,0,0,0,0,0,0,0,0,0,0,0,0,0,0,1,1,1,0,1,0
"SO50 4",8727,8393,0,0,0,0,0,0,0,0,0,8,5,9,97,9,6,48,0,0,11,0,1,7,7,4,1,0,2,0,0,0,1,0,0,0,0,0,0,0,0,0,0,5,4,5,3,0,0,0,0,3,129,0,8,66,0,20,8,1,5,0,17,0,3,1,36,0,8,14,3,0,3,1,1,5,1,0,0,0,0,0,25,0,0,0,3,6,0,0,0,0,0,12,2,0,0,2,5,5,3,2,0,1
"SO50 5",9609,8962,1,0,0,0,0,0,0,0,0,20,20,5,221,7,12,122,2,2,11,5,1,14,39,1,3,1,0,1,0,0,0,0,0,0,0,0,0,0,0,0,0,6,30,25,7,0,2,5,0,0,192,14,23,46,0,32,7,4,10,17,6,0,31,2,76,4,13,12,5,1,9,15,4,11,2,1,0,0,0,0,30,0,1,0,1,0,2,2,0,0,0,17,0,0,0,7,8,8,5,2,0,3
"SO50 6",5954,5848,0,0,0,0,0,0,0,0,0,10,2,7,48,2,1,36,1,0,0,0,0,1,5,0,0,1,0,0,0,1,0,0,0,0,0,0,0,0,0,0,0,2,7,1,2,0,0,2,0,0,18,0,1,7,0,2,8,0,0,0,0,0,0,0,9,0,2,2,0,0,1,3,0,1,0,0,0,0,0,0,0,0,0,0,0,0,0,0,0,0,0,0,0,0,0,0,0,0,0,0,0,0
"SO50 7",7800,7665,1,0,0,0,0,0,0,0,0,4,1,3,48,12,3,17,0,0,1,3,0,4,1,1,5,0,1,0,0,0,0,0,1,0,0,0,0,1,0,0,0,11,0,0,7,2,1,4,0,0,40,0,1,13,0,3,2,0,0,1,19,1,0,0,9,1,2,2,0,0,0,4,0,0,0,0,0,0,0,0,5,0,0,0,0,0,0,0,2,0,0,3,0,0,0,0,0,0,5,2,0,3
"SO50 8",6525,6428,1,1,0,0,0,0,0,0,1,9,0,9,39,9,5,8,0,0,5,0,0,4,0,0,5,1,1,0,0,1,0,0,0,0,0,0,0,0,0,0,0,3,1,1,3,0,0,3,0,0,7,1,0,2,0,0,1,0,0,0,0,0,0,3,19,0,5,7,1,1,0,1,0,2,2,0,0,0,0,0,3,0,0,0,0,0,0,0,0,0,0,1,2,0,0,0,0,0,1,0,0,1
"SO50 9",5930,5705,1,0,0,0,0,0,0,0,0,13,7,5,67,2,10,43,1,2,0,0,0,4,3,0,1,0,0,0,0,0,1,0,2,0,1,1,0,0,0,0,0,7,0,2,4,0,0,3,0,1,83,4,15,15,0,7,3,0,1,5,16,0,17,0,28,2,2,9,2,1,0,7,1,3,1,0,0,0,0,0,4,0,0,0,0,0,0,0,0,0,0,3,0,0,0,1,0,0,2,0,1,1
"SO51 0",4071,4016,0,0,0,0,0,0,0,0,0,6,0,1,24,1,6,6,0,0,2,2,3,0,1,0,3,0,0,0,0,0,0,0,0,0,0,0,0,0,0,0,0,0,1,1,0,0,0,0,0,0,8,0,0,4,0,0,0,0,0,0,1,0,3,0,10,1,1,1,0,0,0,1,0,6,0,0,0,0,0,0,4,0,0,0,0,0,0,0,0,0,0,0,3,1,0,0,0,0,0,0,0,0
"SO51 5",3988,3920,0,0,0,0,0,0,0,0,0,4,1,2,28,1,9,9,1,0,1,0,0,1,0,1,1,2,2,0,0,0,0,0,1,0,0,0,0,1,0,0,0,2,0,4,1,0,0,0,1,0,14,4,4,0,0,3,0,0,0,0,1,1,1,0,7,0,0,4,0,0,0,2,0,1,0,0,0,0,0,0,4,0,0,0,0,1,0,0,0,0,0,0,1,0,0,2,0,0,0,0,0,0
"SO51 6",4452,4366,0,0,0,0,0,0,0,0,0,5,4,5,47,1,3,17,7,3,2,1,0,2,4,2,2,0,2,0,0,0,1,0,0,0,0,0,0,0,0,0,0,2,0,0,1,0,0,1,0,0,6,0,0,4,0,0,0,0,0,0,0,0,2,0,16,2,1,9,0,0,1,1,0,2,0,0,0,0,0,0,0,0,0,0,0,0,0,0,0,0,0,0,0,0,0,0,0,0,0,0,0,0
"SO51 7",7984,7859,1,0,0,0,0,0,0,0,0,2,4,5,45,9,6,13,0,0,3,1,1,0,2,0,5,0,5,0,0,0,0,0,3,1,0,0,0,2,1,1,0,0,2,0,0,0,0,0,0,0,24,3,0,1,0,8,5,0,0,2,5,0,0,0,25,1,1,8,1,0,0,3,0,11,0,0,0,0,0,0,10,0,0,0,0,0,0,0,0,1,0,3,1,0,0,5,0,0,3,3,0,0
"SO51 8",4479,4313,1,0,0,0,0,0,0,0,0,13,6,7,48,7,4,15,2,2,3,1,0,0,2,4,4,3,1,0,0,0,0,0,0,0,0,0,0,0,0,0,0,0,2,1,0,0,0,0,0,0,24,6,0,0,0,8,0,1,0,0,5,0,4,0,57,0,1,10,1,0,0,6,0,39,0,1,0,0,0,0,4,0,0,0,0,0,1,0,0,0,0,1,2,0,0,0,2,2,0,0,0,0
"SO51 9",866,841,1,0,0,0,0,0,0,0,0,1,0,0,11,1,0,8,2,0,0,0,0,0,0,0,0,0,0,0,0,0,0,0,0,0,0,0,0,0,0,0,0,0,0,0,6,0,0,0,6,0,2,0,1,1,0,0,0,0,0,0,0,0,0,0,4,0,0,1,1,0,0,1,0,0,1,0,0,0,0,0,0,0,0,0,0,0,0,0,0,0,0,0,0,0,0,0,0,0,0,0,0,0
"SO52 9",6811,6696,1,0,0,0,0,0,0,0,0,5,4,2,37,0,2,19,2,0,0,1,0,4,0,1,2,0,0,1,2,0,2,1,1,0,0,0,0,1,0,0,0,6,2,8,1,0,0,1,0,0,23,1,2,2,0,8,2,0,0,0,8,0,0,0,24,0,0,7,0,0,0,10,1,4,2,0,0,0,0,0,1,0,0,0,0,0,0,0,0,0,0,0,1,0,0,0,0,0,0,0,0,0
"SO53 1",5105,4973,0,0,0,0,0,0,0,0,0,5,1,8,33,6,4,10,1,0,0,0,1,1,1,6,0,1,0,0,0,0,2,0,2,0,0,0,0,2,0,0,0,1,0,19,6,0,0,6,0,0,18,0,0,8,0,3,1,1,3,2,0,0,0,0,35,3,4,21,1,0,0,5,0,1,0,0,0,0,0,0,3,0,0,0,0,0,0,0,0,0,0,2,1,0,0,0,0,0,1,0,0,1
"SO53 2",8070,7819,0,0,0,0,0,0,0,0,0,5,4,5,104,4,7,72,3,1,1,1,1,2,5,3,1,1,0,0,0,2,0,0,2,0,0,0,0,2,0,0,0,4,4,12,5,0,0,5,0,0,58,5,1,25,0,0,8,1,2,2,11,0,0,3,40,0,6,13,1,0,0,4,1,14,1,0,0,0,0,0,5,0,0,0,0,0,0,0,0,0,0,3,2,0,0,0,2,2,1,1,0,0
"SO53 3",6179,5931,1,0,0,0,0,0,0,0,0,10,1,12,71,2,3,51,1,1,2,1,0,1,5,0,4,0,0,0,0,0,0,0,1,0,0,0,0,1,0,0,0,1,8,17,9,2,0,3,4,0,80,1,5,24,0,12,2,4,0,2,0,4,25,1,28,2,2,11,1,0,0,7,2,2,1,0,0,0,0,0,3,0,0,0,0,0,0,0,0,0,0,0,3,0,0,0,4,4,2,2,0,0
"SO53 4",7191,6942,0,0,0,0,0,0,0,0,0,3,7,14,44,10,5,1,2,5,1,0,0,1,2,5,8,1,1,1,0,0,1,0,1,1,0,0,0,0,0,0,0,3,5,17,12,0,4,6,2,0,93,6,15,32,0,9,7,1,0,7,5,6,0,5,38,5,1,28,1,0,1,2,0,0,0,0,0,0,0,0,9,0,0,0,0,0,0,0,0,0,0,2,7,0,0,0,0,0,3,3,0,0
"SO53 5",4842,4635,0,0,0,0,0,0,0,0,0,6,2,5,44,1,3,31,0,0,0,0,0,0,0,1,5,1,0,0,0,1,0,1,8,5,0,0,0,3,0,0,0,2,20,7,2,0,0,2,0,0,68,8,14,24,0,10,1,1,0,1,5,0,1,3,33,5,3,17,2,3,0,3,0,0,0,0,0,0,0,0,7,0,0,0,0,0,0,1,0,0,0,0,1,0,1,4,3,3,0,0,0,0
"SP1  1",4799,4539,0,0,0,0,0,0,0,0,0,5,7,11,111,7,5,59,16,7,0,0,0,6,4,0,2,2,1,1,1,0,0,0,1,0,0,0,0,1,0,0,0,5,5,1,4,0,0,4,0,0,38,3,0,0,0,4,0,5,6,0,6,0,14,0,66,5,7,14,0,0,0,1,1,36,2,0,0,0,0,0,4,0,0,0,0,0,0,0,0,0,0,1,2,0,0,1,0,0,2,0,0,2
"SP1  2",3762,3496,0,0,0,0,0,0,0,0,0,2,4,8,125,5,11,74,6,1,8,6,0,9,1,1,0,0,1,0,0,0,2,0,3,0,1,0,0,2,0,0,0,6,1,0,0,0,0,0,0,0,41,0,0,1,0,25,0,0,3,2,6,0,4,0,68,11,13,26,1,0,0,8,1,7,1,2,0,0,0,0,5,0,0,0,0,0,0,0,0,2,0,0,0,0,0,3,0,0,1,1,0,0
"SP1  3",12218,11926,1,0,0,0,0,0,0,0,0,13,12,17,123,7,15,53,10,6,2,1,0,15,1,1,3,4,2,2,0,0,0,1,4,1,0,0,0,3,0,0,0,8,2,3,12,0,4,6,0,2,52,1,0,0,0,13,1,0,2,5,13,0,17,0,35,1,0,7,3,0,0,6,1,17,0,0,0,0,0,0,4,1,0,0,0,0,0,0,0,0,0,0,2,0,0,1,1,1,5,2,0,3
"SP10 1",3723,3587,0,1,0,0,0,0,0,1,0,0,19,1,62,0,1,38,8,1,0,0,2,7,3,0,2,0,0,0,0,0,0,0,1,0,0,0,1,0,0,0,0,4,1,0,8,0,6,1,1,0,18,0,1,0,0,4,0,0,0,2,5,0,6,0,17,1,6,4,1,0,0,3,1,1,0,0,0,0,0,0,3,1,0,0,0,0,0,0,0,0,0,0,2,0,0,0,0,0,1,0,0,1
"SP10 2",9439,9065,0,1,0,0,0,0,0,1,0,10,35,12,189,5,11,95,23,5,1,17,9,11,3,3,1,2,1,1,0,0,0,1,3,0,0,1,0,2,0,0,0,8,9,4,20,1,15,1,0,3,33,0,4,0,0,6,1,0,0,10,0,0,10,2,41,1,7,8,1,0,1,4,1,18,0,2,0,0,0,0,2,0,0,0,0,0,0,0,0,0,0,0,1,0,1,0,3,3,2,2,0,0
"SP10 3",13583,13016,0,0,0,0,0,0,0,0,0,11,39,17,259,6,25,131,21,4,5,14,21,16,5,1,4,1,2,1,0,0,1,1,7,1,1,0,2,3,0,0,0,16,7,7,0,0,0,0,0,0,108,4,11,2,0,8,8,5,0,2,24,0,41,3,77,2,9,24,0,0,3,10,8,18,3,0,0,0,0,0,16,0,0,0,0,0,0,0,0,0,0,3,6,0,0,7,3,3,0,0,0,0
"SP10 4",6526,6266,0,3,0,0,0,0,0,3,0,7,62,12,121,1,12,53,10,3,5,9,15,5,0,1,0,2,0,0,4,0,1,0,0,0,0,0,0,0,0,0,0,5,4,2,1,1,0,0,0,0,18,2,2,5,0,0,2,0,0,1,2,0,4,0,19,2,0,7,2,0,2,4,1,0,1,0,0,0,0,0,5,0,0,0,0,0,2,0,0,0,0,2,1,0,0,0,0,0,1,1,0,0
"SP10 5",5766,5515,0,4,0,0,0,0,2,2,0,2,41,4,135,1,3,72,20,5,5,13,5,9,0,0,1,1,0,0,0,0,0,0,0,0,0,0,0,0,0,0,0,6,8,1,4,0,0,0,3,1,22,0,0,0,0,11,4,0,0,0,0,0,7,0,11,0,0,7,0,0,0,3,1,0,0,0,0,0,0,0,7,0,0,0,0,4,0,0,0,0,0,0,2,0,1,0,1,1,5,4,0,1
"SP11 0",3343,3272,1,0,0,0,0,0,0,0,0,2,5,1,39,1,2,15,3,4,0,0,0,7,3,0,1,2,0,0,0,0,1,0,3,0,0,0,0,3,0,0,0,1,1,1,1,0,0,1,0,0,3,0,2,0,0,0,0,0,0,0,1,0,0,0,12,1,0,5,0,0,0,4,0,2,0,0,0,0,0,0,1,0,0,0,0,0,0,0,0,0,0,0,1,0,0,0,0,0,0,0,0,0
"SP11 6",4141,4045,0,0,0,0,0,0,0,0,0,6,10,7,36,1,6,18,1,0,2,0,0,1,1,1,1,0,2,0,0,0,2,0,0,0,0,0,0,0,0,0,0,5,1,1,0,0,0,0,0,0,14,0,1,1,0,3,0,0,0,0,0,1,8,0,11,1,1,1,0,0,0,0,0,7,1,0,0,0,0,0,2,0,0,0,0,0,0,0,1,0,0,0,1,0,0,0,0,0,3,1,0,2
"SP11 7",4321,4260,0,0,0,0,0,0,0,0,0,3,2,6,27,2,10,4,2,0,0,2,0,1,0,0,1,1,3,0,1,0,0,0,1,0,0,0,0,1,0,0,0,0,0,1,2,0,0,0,0,2,5,0,0,0,0,0,0,2,0,3,0,0,0,0,6,1,0,1,1,0,0,1,0,2,0,0,0,0,0,0,6,2,0,0,0,0,0,0,0,0,0,2,1,0,1,0,1,1,1,0,0,1
"SP11 8",3947,3890,1,0,0,0,0,0,0,0,0,5,7,1,29,1,7,7,1,2,2,0,0,3,0,1,2,2,1,0,0,0,0,0,3,0,0,3,0,0,0,0,0,0,0,0,0,0,0,0,0,0,4,0,0,0,0,0,0,0,0,0,0,1,3,0,6,0,2,2,0,0,0,2,0,0,0,0,0,0,0,0,0,0,0,0,0,0,0,0,0,0,0,0,0,0,0,0,1,1,0,0,0,0
"SP11 9",6794,6598,6,0,0,0,0,0,0,0,0,4,5,5,70,0,17,29,1,2,0,2,0,15,0,1,1,0,1,0,1,0,0,0,1,0,1,0,0,0,0,0,0,3,2,0,2,1,1,0,0,0,51,0,3,0,0,11,0,0,0,0,0,1,35,1,12,4,0,2,0,0,0,3,2,1,0,17,0,0,0,0,15,0,0,0,0,3,0,0,0,1,0,2,3,0,6,0,1,1,2,1,1,0
"SP2  0",4758,4688,0,0,0,0,0,0,0,0,0,5,1,5,28,1,4,5,2,2,0,0,1,0,1,1,3,2,2,3,0,0,0,1,2,0,1,0,0,1,0,0,0,0,2,1,0,0,0,0,0,0,11,4,0,0,0,3,0,0,0,1,3,0,0,0,11,0,0,0,0,0,1,0,1,9,0,0,0,0,0,0,4,0,0,0,0,0,0,0,0,0,0,0,2,0,0,2,0,0,0,0,0,0
"SP2  7",6929,6467,0,1,1,0,0,0,0,0,0,10,14,9,272,5,13,171,12,15,12,5,3,20,5,1,6,2,1,1,0,0,0,0,10,3,0,0,1,6,0,0,0,0,9,10,3,0,2,1,0,0,89,5,11,1,0,38,3,0,0,7,13,0,10,1,20,0,2,3,0,0,0,1,2,12,0,0,0,0,0,0,12,1,0,0,0,0,0,0,2,0,0,3,0,0,1,5,2,2,1,1,0,0
"SP2  8",8025,7742,2,0,0,0,0,0,0,0,0,4,3,9,92,9,13,34,3,4,3,5,3,3,4,3,2,5,0,1,0,0,0,0,0,0,0,0,0,0,0,0,0,5,4,5,2,0,2,0,0,0,81,8,16,7,0,5,0,0,0,2,24,2,8,9,57,0,3,7,0,0,3,4,0,36,4,0,0,0,0,0,10,0,0,0,0,0,0,0,0,2,0,2,3,0,0,3,1,1,8,6,0,2
"SP2  9",8430,8259,1,2,0,0,0,0,0,2,0,4,1,2,76,1,11,52,4,1,3,0,0,1,0,1,1,1,0,0,0,0,0,0,4,0,1,1,0,2,0,0,0,5,6,3,1,0,1,0,0,0,31,0,0,0,0,24,0,0,0,0,0,0,5,2,28,1,3,6,1,0,0,4,0,12,1,0,0,0,0,0,7,0,0,0,0,0,0,0,0,0,0,0,2,0,5,0,0,0,0,0,0,0
"SP3  4",4138,4081,3,0,0,0,0,0,0,0,0,5,0,0,28,1,5,14,1,1,0,0,0,2,0,0,0,1,3,0,0,0,0,0,1,0,0,0,0,1,0,0,0,0,7,0,0,0,0,0,0,0,4,0,0,1,0,0,0,0,2,1,0,0,0,0,3,0,0,0,0,0,1,0,0,2,0,6,0,0,0,0,0,0,0,0,0,0,0,0,0,0,0,0,0,0,0,0,0,0,0,0,0,0
"SP3  5",2832,2802,1,0,0,0,0,0,0,0,0,3,0,2,18,0,5,3,0,0,0,2,0,0,2,1,3,0,1,1,0,0,0,0,3,0,0,0,2,1,0,0,0,0,0,0,0,0,0,0,0,0,0,0,0,0,0,0,0,0,0,0,0,0,0,0,3,0,0,0,2,0,0,0,1,0,0,0,0,0,0,0,0,0,0,0,0,0,0,0,0,0,0,0,0,0,0,0,0,0,0,0,0,0
"SP3  6",4049,3997,2,0,0,0,0,0,0,0,0,3,0,3,24,3,2,11,1,0,1,0,0,3,0,0,2,0,0,0,1,0,0,0,1,0,0,0,0,1,0,0,0,1,0,1,0,0,0,0,0,0,3,0,0,0,0,0,1,0,0,0,0,0,2,0,12,0,0,8,0,0,0,1,0,3,0,0,0,0,0,0,0,0,0,0,0,0,0,0,0,0,0,0,0,0,0,0,1,1,1,0,0,1
"SP4  0",2547,2526,0,0,0,0,0,0,0,0,0,2,1,0,6,1,2,0,0,0,2,1,0,0,0,0,0,0,0,0,0,0,0,0,0,0,0,0,0,0,0,0,0,2,0,1,0,0,0,0,0,0,5,0,0,0,0,5,0,0,0,0,0,0,0,0,2,0,0,2,0,0,0,0,0,0,0,0,0,0,0,0,1,0,0,0,0,0,0,0,0,0,0,0,0,0,0,1,0,0,1,1,0,0
"SP4  6",3863,3799,2,1,0,0,0,0,0,1,0,2,0,1,25,1,5,11,0,0,1,3,1,1,0,0,0,1,1,0,0,0,0,0,0,0,0,0,0,0,0,0,0,8,1,2,0,0,0,0,0,0,6,0,0,0,0,2,4,0,0,0,0,0,0,0,15,0,2,1,0,0,0,5,0,5,2,0,0,0,0,0,1,0,0,0,0,0,0,0,0,0,0,0,0,0,0,1,0,0,0,0,0,0
"SP4  7",10386,10109,4,0,0,0,0,0,0,0,0,11,4,8,110,3,19,66,5,2,0,0,3,5,0,0,1,2,0,0,2,1,1,0,2,0,2,0,0,0,0,0,0,4,5,2,1,0,0,0,0,1,48,3,0,1,0,9,2,0,0,5,11,0,16,1,54,0,4,18,0,1,0,7,5,18,1,3,0,0,0,0,18,0,0,0,0,8,0,0,1,0,0,2,2,0,0,5,0,0,3,1,2,0
"SP4  8",7561,7389,1,0,0,0,0,0,0,0,0,2,0,3,32,0,11,10,2,2,1,1,0,1,0,0,0,1,1,1,0,0,1,0,0,0,0,0,0,0,0,0,0,3,4,1,0,0,0,0,0,0,38,1,0,2,0,0,0,0,0,2,0,0,32,1,24,4,0,9,1,0,0,3,0,7,0,27,0,0,0,0,35,0,0,0,0,8,0,0,1,0,0,4,11,0,3,8,2,2,0,0,0,0
"SP4  9",5296,5076,3,0,0,0,0,0,0,0,0,1,1,2,63,6,19,19,1,0,0,4,1,1,0,0,4,0,8,0,0,0,0,0,0,0,0,0,0,0,1,1,0,1,2,0,0,0,0,0,0,0,71,0,0,0,0,2,0,0,0,0,0,0,69,0,4,0,0,1,0,0,0,0,0,2,1,41,0,0,0,0,26,0,0,0,0,8,1,2,5,0,0,2,4,0,3,1,4,4,0,0,0,0
"SP5  1",4602,4556,0,0,0,0,0,0,0,0,0,4,0,1,17,1,6,4,0,0,0,2,0,3,0,0,0,0,1,0,0,0,0,0,1,0,0,1,0,0,0,0,0,2,0,0,1,1,0,0,0,0,0,0,0,0,0,0,0,0,0,0,0,0,0,0,15,0,0,7,1,3,0,3,0,0,1,0,0,0,0,0,3,0,0,0,0,0,0,0,0,0,0,0,3,0,0,0,2,2,0,0,0,0
"SP5  2",6059,5989,1,0,0,0,0,0,0,0,0,6,2,2,25,3,5,2,1,0,2,1,2,1,0,0,2,3,0,1,0,0,1,1,2,0,0,0,0,2,1,1,0,1,5,1,4,0,4,0,0,0,6,2,0,0,0,4,0,0,0,0,0,0,0,0,11,1,2,1,0,2,0,0,0,4,1,0,0,0,0,0,1,0,0,0,0,0,0,0,0,0,0,0,1,0,0,0,1,1,1,0,0,1
"SP5  3",5571,5493,0,0,0,0,0,0,0,0,0,8,0,1,35,3,5,7,5,0,3,5,2,1,1,0,0,3,0,0,0,0,0,0,0,0,0,0,0,0,0,0,0,0,0,5,0,0,0,0,0,0,8,1,0,0,0,1,0,0,0,0,0,5,1,0,20,1,0,2,1,0,0,5,1,10,0,0,0,0,0,0,1,0,0,0,0,0,0,0,0,0,0,0,0,0,1,0,0,0,0,0,0,0
"SP5  4",2195,2168,0,0,0,0,0,0,0,0,0,0,2,0,21,0,1,8,0,0,0,0,0,6,0,1,2,0,2,1,0,0,0,0,2,0,0,1,0,1,0,0,0,0,0,0,1,1,0,0,0,0,0,0,0,0,0,0,0,0,0,0,0,0,0,0,0,0,0,0,0,0,0,0,0,0,0,0,0,0,0,0,1,0,0,0,0,0,0,0,0,0,0,0,1,0,0,0,0,0,0,0,0,0
"SP5  5",3359,3338,0,0,0,0,0,0,0,0,0,6,0,1,7,0,3,2,0,0,0,0,0,0,0,0,1,0,1,0,0,0,0,0,0,0,0,0,0,0,0,0,0,1,0,0,0,0,0,0,0,0,0,0,0,0,0,0,0,0,0,0,0,0,0,0,2,0,0,0,0,1,0,0,0,1,0,0,0,0,0,0,4,0,0,0,0,0,0,0,0,0,0,0,0,0,0,4,0,0,0,0,0,0
"SP6  1",6219,6144,1,0,0,0,0,0,0,0,0,4,0,2,45,0,1,25,0,3,4,1,0,1,0,0,8,0,2,0,0,0,0,0,1,0,0,0,0,1,0,0,0,3,0,0,0,0,0,0,0,0,9,0,0,1,0,1,0,0,0,1,6,0,0,0,2,0,1,0,0,0,0,0,0,1,0,3,0,0,0,0,2,0,0,0,0,0,0,0,0,0,0,0,2,0,0,0,1,1,2,2,0,0
"SP6  2",2695,2674,0,0,0,0,0,0,0,0,0,1,2,1,12,0,2,3,0,1,0,0,0,4,0,1,1,0,0,0,0,0,0,0,0,0,0,0,0,0,0,0,0,0,3,0,0,0,0,0,0,0,0,0,0,0,0,0,0,0,0,0,0,0,0,0,2,1,0,0,0,0,0,1,0,0,0,0,0,0,0,0,0,0,0,0,0,0,0,0,0,0,0,0,0,0,0,0,0,0,0,0,0,0
"SP6  3",4749,4706,0,0,0,0,0,0,0,0,0,4,1,4,14,0,3,1,0,2,0,1,0,0,0,1,4,1,0,1,0,0,0,0,1,0,1,0,0,0,0,0,0,1,2,0,1,0,0,0,0,1,4,0,0,0,0,0,0,0,0,0,4,0,0,0,9,0,0,0,2,0,0,0,0,7,0,0,0,0,0,0,0,0,0,0,0,0,0,0,0,0,0,0,0,0,0,0,0,0,2,1,0,1
"SP7  0",2565,2514,2,0,0,0,0,0,0,0,0,4,5,2,19,1,4,7,0,2,0,0,0,1,1,0,1,1,0,1,0,0,0,0,1,0,1,0,0,0,0,0,0,0,2,0,1,0,1,0,0,0,5,1,0,2,0,1,0,0,0,0,0,0,0,1,6,0,0,3,1,0,0,1,0,1,0,0,0,0,0,0,4,0,0,1,0,1,1,0,0,0,0,0,0,0,0,1,0,0,0,0,0,0
"SP7  8",6859,6587,1,0,0,0,0,0,0,0,0,4,2,6,157,4,16,111,0,1,4,6,0,2,3,2,5,1,2,0,0,0,0,0,0,0,0,0,0,0,0,0,0,3,4,1,0,0,0,0,0,0,6,0,0,0,0,0,2,0,1,0,2,0,1,0,77,0,10,22,1,1,0,6,0,34,3,0,0,0,0,0,8,0,0,0,0,1,4,0,2,0,0,0,0,0,0,1,2,2,1,0,1,0
"SP7  9",3772,3711,1,0,0,0,0,0,0,0,0,4,0,5,20,3,1,9,1,0,0,0,1,0,1,0,2,1,0,0,0,0,0,1,1,0,0,0,0,1,0,0,0,2,0,1,0,0,0,0,0,0,7,0,0,0,0,0,0,0,0,0,0,0,7,0,19,1,3,7,1,0,0,7,0,0,0,0,0,0,0,0,1,0,0,0,0,0,1,0,0,0,0,0,0,0,0,0,0,0,0,0,0,0
"SP8  4",10885,10515,3,0,0,0,0,0,0,0,0,13,6,5,289,4,12,220,9,5,9,10,3,2,2,4,4,2,1,0,2,0,0,0,4,0,0,1,1,2,1,0,1,4,3,2,3,0,0,2,0,1,8,0,0,0,0,5,3,0,0,0,0,0,0,0,24,0,0,12,2,0,0,5,0,4,1,1,0,0,0,0,3,0,0,0,0,0,1,0,1,0,0,1,0,0,0,0,0,0,1,1,0,0
"SP8  5",3226,3203,1,0,0,0,0,0,0,0,0,1,0,1,16,3,1,10,0,0,1,0,0,0,1,0,0,0,0,0,0,0,0,0,0,0,0,0,0,0,0,0,0,0,0,0,0,0,0,0,0,0,0,0,0,0,0,0,0,0,0,0,0,0,0,0,4,0,0,0,1,0,0,0,0,3,0,0,0,0,0,0,0,0,0,0,0,0,0,0,0,0,0,0,0,0,0,0,0,0,0,0,0,0
"SP9  7",9997,9496,2,0,0,0,0,0,0,0,0,10,4,3,108,2,49,41,0,2,1,6,0,3,0,2,0,1,1,0,0,0,0,0,3,1,0,0,0,2,0,0,0,4,10,1,9,1,7,0,1,0,161,3,8,3,0,6,0,0,0,0,0,0,135,6,19,0,4,3,0,0,0,2,0,6,4,105,0,0,0,0,51,0,0,0,0,10,1,0,2,1,0,4,11,0,6,16,10,10,1,0,0,1
"SR1  1",932,703,0,0,0,0,0,0,0,0,0,2,4,1,84,9,0,14,0,0,0,0,0,1,0,58,0,0,0,0,0,0,0,2,0,0,0,0,0,0,0,0,0,2,1,3,10,0,4,6,0,0,17,0,5,4,0,2,0,2,2,0,2,0,0,0,101,11,1,83,1,0,0,1,2,0,2,0,0,0,0,0,4,0,0,0,0,0,0,0,0,0,0,0,0,0,0,4,0,0,0,0,0,0
"SR1  2",3377,2943,1,0,0,0,0,0,0,0,0,1,2,0,69,3,3,9,0,0,1,0,0,0,1,46,1,1,1,3,0,0,0,0,1,0,0,1,0,0,0,0,0,3,2,8,16,0,6,8,0,2,202,8,2,10,0,177,0,0,0,0,1,0,0,4,107,15,4,76,3,1,0,5,2,1,0,0,0,0,0,0,19,0,0,0,0,1,0,4,0,0,5,1,0,3,0,5,1,1,2,1,1,0
"SR1  3",951,838,0,0,0,0,0,0,0,0,0,0,0,1,6,3,0,2,0,0,0,0,0,0,0,1,0,0,0,0,0,0,0,0,0,0,0,0,0,0,0,0,0,0,0,3,0,0,0,0,0,0,57,7,2,3,0,38,1,0,5,0,0,0,0,1,38,5,3,25,0,0,0,0,1,0,4,0,0,0,0,0,8,0,0,0,0,0,5,2,0,0,0,0,0,0,1,0,0,0,0,0,0,0
"SR2  0",9355,9205,0,0,0,0,0,0,0,0,0,1,0,18,55,1,1,32,1,1,2,6,0,1,0,9,0,0,0,0,0,1,0,0,0,0,0,0,0,0,0,0,0,1,0,5,0,0,0,0,0,0,30,0,4,10,0,6,0,0,2,7,0,1,0,0,31,2,8,15,1,0,0,0,0,5,0,0,0,0,0,0,4,0,0,0,2,0,0,0,0,0,0,2,0,0,0,0,0,0,5,5,0,0
"SR2  7",8478,7546,0,3,0,0,0,0,0,3,0,7,3,3,151,9,6,79,4,0,0,7,1,8,5,23,2,2,3,2,0,0,0,0,9,4,3,1,0,1,0,0,0,8,18,43,105,0,44,57,4,0,321,52,22,44,0,144,6,5,14,8,6,9,7,4,217,34,9,136,2,0,4,5,6,9,12,0,0,0,0,0,32,0,5,0,0,0,5,9,1,0,2,0,1,1,0,8,3,3,9,5,2,2
"SR2  8",6674,6357,0,0,0,0,0,0,0,0,0,8,2,6,76,1,2,51,6,2,2,0,0,0,0,3,1,1,4,2,1,0,0,0,5,0,0,5,0,0,0,0,0,3,2,12,12,0,1,11,0,0,145,11,0,14,1,107,0,0,4,1,2,0,0,5,30,1,9,11,1,0,1,5,0,1,1,0,0,0,0,0,10,0,0,4,0,0,0,0,0,0,1,2,3,0,0,0,1,1,5,2,3,0
"SR2  9",7368,7231,0,1,1,0,0,0,0,0,0,3,2,1,22,0,2,17,0,0,0,0,0,0,0,2,0,0,1,0,0,0,0,0,2,0,2,0,0,0,0,0,0,1,1,0,16,0,1,14,1,0,36,1,3,8,0,7,1,0,0,11,1,0,4,0,48,7,7,28,4,0,0,0,0,1,1,0,0,0,0,0,1,0,0,0,0,0,0,0,0,0,0,0,0,0,0,1,1,1,2,1,0,1
"SR3  1",12135,11917,1,0,0,0,0,0,0,0,0,0,1,1,28,5,2,9,1,0,4,1,0,1,0,3,0,0,1,1,0,0,0,0,3,0,1,2,0,0,0,0,0,3,3,10,15,1,1,10,2,1,100,22,5,11,0,47,0,0,2,1,5,0,1,6,38,1,0,17,4,0,0,1,1,12,2,0,0,0,0,0,13,0,0,0,0,0,1,0,1,2,0,3,0,4,0,2,0,0,2,1,0,1
"SR3  2",10186,10104,0,0,0,0,0,0,0,0,0,2,1,1,27,6,3,8,0,0,0,0,0,0,0,8,0,0,1,0,0,0,1,0,1,0,0,0,0,1,0,0,0,1,2,7,3,0,0,3,0,0,5,1,0,0,0,3,1,0,0,0,0,0,0,0,22,2,2,11,0,0,0,2,0,2,3,0,0,0,0,0,4,0,0,0,0,0,0,0,0,0,0,2,1,0,0,1,2,2,4,2,0,2
"SR3  3",9172,9091,0,0,0,0,0,0,0,0,0,2,0,2,17,3,3,4,0,0,1,0,0,1,0,5,0,0,0,0,0,0,0,0,1,0,1,0,0,0,0,0,0,0,1,4,9,0,1,7,0,1,17,0,0,5,0,0,0,2,0,1,9,0,0,0,21,3,0,13,0,0,0,2,0,3,0,0,0,0,0,0,1,0,0,0,0,0,0,0,0,0,0,0,0,0,1,0,2,2,4,3,0,1
"SR3  4",6759,6672,0,0,0,0,0,0,0,0,0,0,1,0,29,4,0,18,0,0,0,0,2,3,0,0,0,0,0,2,0,0,0,0,0,0,0,0,0,0,0,0,0,0,2,2,4,0,0,4,0,0,15,4,2,5,0,1,0,1,1,1,0,0,0,0,27,4,0,12,0,0,0,1,4,2,4,0,0,0,0,0,3,0,1,0,0,1,0,0,1,0,0,0,0,0,0,0,0,0,4,3,0,1
"SR4  0",7001,6929,0,0,0,0,0,0,0,0,0,1,0,0,18,3,0,5,0,0,5,0,1,3,0,1,0,0,0,0,0,0,0,0,0,0,0,0,0,0,0,0,0,0,1,0,2,0,2,0,0,0,23,0,0,1,0,8,0,0,0,0,12,2,0,0,21,2,1,0,0,0,0,3,0,14,1,0,0,0,0,0,0,0,0,0,0,0,0,0,0,0,0,0,0,0,0,0,1,1,5,3,1,1
"SR4  6",8137,7576,0,0,0,0,0,0,0,0,0,10,0,0,92,7,2,33,1,0,3,7,1,9,18,9,0,1,0,1,0,0,0,0,3,2,0,0,0,1,0,0,0,1,0,21,16,0,2,10,2,2,181,17,7,22,0,29,1,2,1,3,91,1,2,5,205,4,1,42,1,1,0,3,1,143,9,0,0,0,0,0,21,0,0,0,0,0,2,6,2,0,0,1,1,3,0,6,9,9,2,2,0,0
"SR4  7",9813,8671,0,0,0,0,0,0,0,0,0,3,5,3,80,8,1,37,0,0,0,12,0,0,3,12,1,1,0,4,0,0,0,1,1,1,0,0,0,0,0,0,0,5,6,18,33,0,15,13,3,2,685,52,5,24,0,507,1,4,2,17,61,0,0,12,271,32,3,113,0,0,3,11,9,89,11,0,0,0,0,0,20,0,1,2,0,0,2,1,2,0,0,0,0,0,0,12,1,1,11,10,0,1
"SR4  8",9030,8915,0,0,0,0,0,0,0,0,0,4,0,0,29,1,6,13,0,0,2,0,3,0,0,1,1,1,0,0,0,0,0,1,0,0,0,0,0,0,0,0,0,4,1,3,6,0,1,5,0,0,32,4,6,2,0,14,0,0,0,0,3,0,0,3,25,4,2,8,0,0,0,1,0,10,0,0,0,0,0,0,6,0,0,0,0,0,0,0,0,0,0,0,0,0,3,3,0,0,5,5,0,0
"SR4  9",6073,6031,0,0,0,0,0,0,0,0,0,2,0,0,13,0,0,12,0,0,0,0,0,0,0,1,0,0,0,0,0,0,0,0,0,0,0,0,0,0,0,0,0,3,0,0,2,0,1,1,0,0,10,1,0,2,0,1,0,0,0,0,4,2,0,0,4,0,0,1,0,0,0,2,0,0,1,0,0,0,0,0,0,0,0,0,0,0,0,0,0,0,0,0,0,0,0,0,1,1,7,4,0,3
"SR5  1",5843,5656,0,0,0,0,0,0,0,0,0,4,0,0,113,1,1,41,0,0,1,5,0,0,0,61,2,0,0,0,0,0,1,0,1,0,1,0,0,0,0,0,0,2,1,4,2,0,0,1,1,0,22,3,0,4,0,9,1,0,2,2,0,0,0,1,30,1,0,25,0,0,3,1,0,0,0,0,0,0,0,0,7,0,0,0,0,0,0,0,0,0,0,1,0,1,0,5,0,0,1,1,0,0
"SR5  2",4911,4854,0,0,0,0,0,0,0,0,0,0,1,1,37,0,0,29,2,0,0,0,0,2,0,3,1,0,0,0,0,0,0,0,0,0,0,0,0,0,0,0,0,0,1,0,2,1,0,1,0,0,4,0,0,4,0,0,0,0,0,0,0,0,0,0,5,0,1,3,0,0,0,1,0,0,0,0,0,0,0,0,4,0,0,1,0,0,0,0,0,0,0,0,0,0,0,3,0,0,2,2,0,0
"SR5  3",8165,8108,0,0,0,0,0,0,0,0,0,2,6,0,7,0,0,6,0,0,0,0,0,0,0,1,0,0,0,0,0,0,0,0,0,0,0,0,0,0,0,0,0,0,1,4,3,1,0,2,0,0,2,0,0,0,0,2,0,0,0,0,0,0,0,0,19,0,4,5,0,0,0,2,0,4,4,0,0,0,0,0,6,0,0,0,0,0,0,0,1,0,0,0,0,0,0,5,1,1,6,4,0,2
"SR5  4",5869,5818,0,0,0,0,0,0,0,0,0,1,0,0,25,1,1,12,0,0,0,1,4,0,0,4,1,1,0,0,0,0,0,0,0,0,0,0,0,0,0,0,0,0,2,1,4,0,0,4,0,0,11,3,0,0,0,3,0,0,0,3,2,0,0,0,3,0,0,3,0,0,0,0,0,0,0,0,0,0,0,0,2,0,0,0,0,0,0,0,0,0,0,0,0,0,0,2,0,0,2,1,0,1
"SR5  5",8709,8660,0,0,0,0,0,0,0,0,0,1,3,1,24,1,1,11,0,0,2,4,0,0,0,2,0,0,0,0,3,0,0,0,0,0,0,0,0,0,0,0,0,0,0,0,5,0,0,4,0,1,7,0,0,1,0,3,0,0,0,0,3,0,0,0,2,0,0,1,0,0,0,1,0,0,0,0,0,0,0,0,1,0,0,0,0,0,0,0,0,0,0,0,0,0,0,1,0,0,5,5,0,0
"SR6  0",5587,5160,1,0,0,0,0,0,0,0,0,0,1,2,80,5,6,29,0,0,3,2,4,0,6,22,1,0,0,0,0,1,1,0,2,2,0,0,0,0,0,0,0,14,3,23,25,0,14,8,3,0,37,6,2,9,0,4,3,2,2,5,0,2,1,1,223,11,19,185,1,0,1,3,2,1,0,0,0,0,0,0,11,0,1,0,0,0,0,3,0,0,0,7,0,0,0,0,1,1,4,4,0,0
"SR6  7",9540,9412,1,0,0,0,0,0,0,0,0,6,0,0,20,2,9,2,0,0,1,0,0,5,0,0,0,0,0,0,0,0,1,0,2,0,1,0,0,1,0,0,0,1,0,13,12,0,1,7,4,0,58,18,1,13,0,18,0,0,2,1,2,2,0,1,14,1,4,3,1,0,0,2,0,0,3,0,0,0,0,0,1,0,0,0,0,0,0,0,0,0,0,0,1,0,0,0,0,0,0,0,0,0
"SR6  8",6021,5998,0,0,0,0,0,0,0,0,0,1,1,0,9,5,1,0,0,0,0,0,0,0,0,2,1,0,0,0,0,0,0,0,0,0,0,0,0,0,0,0,0,0,1,1,1,0,0,1,0,0,0,0,0,0,0,0,0,0,0,0,0,0,0,0,1,0,0,1,0,0,0,0,0,0,0,0,0,0,0,0,1,0,0,0,0,0,0,1,0,0,0,0,0,0,0,0,0,0,7,7,0,0
"SR6  9",8215,8129,0,1,0,0,0,0,0,1,0,2,0,4,18,1,1,6,0,0,0,4,0,1,0,4,0,0,1,0,0,0,0,0,3,1,0,0,0,2,0,0,0,1,1,3,3,0,0,3,0,0,12,1,0,5,0,1,0,0,0,0,5,0,0,0,24,3,7,6,4,0,1,1,0,1,1,0,0,0,0,0,2,0,1,0,0,0,0,0,0,0,0,0,1,0,0,0,0,0,12,6,6,0
"SR7  0",5673,5616,0,0,0,0,0,0,0,0,0,0,0,0,35,3,1,18,0,1,2,7,0,0,0,0,0,1,1,0,1,0,0,0,0,0,0,0,0,0,0,0,0,2,2,2,1,0,0,1,0,0,4,1,0,2,0,0,0,0,0,0,0,0,0,1,10,0,0,7,0,0,0,1,2,0,0,0,0,0,0,0,0,0,0,0,0,0,0,0,0,0,0,0,0,0,0,0,0,0,1,1,0,0
"SR7  7",9654,9362,0,0,0,0,0,0,0,0,0,3,3,3,197,2,3,69,0,1,3,111,0,0,0,4,1,2,0,0,1,0,0,0,1,0,0,0,0,1,0,0,0,2,13,7,2,1,0,1,0,0,30,0,0,16,0,8,1,0,0,1,4,0,0,0,18,0,4,6,0,0,0,3,0,5,0,0,0,0,0,0,2,0,0,0,0,0,0,0,0,0,0,0,0,0,0,2,1,1,10,5,0,5
"SR7  8",7291,7231,0,0,0,0,0,0,0,0,0,0,2,0,32,1,2,22,0,0,2,1,0,1,0,1,0,0,1,0,0,0,1,0,0,0,0,0,0,0,0,0,0,1,5,2,2,0,0,2,0,0,4,0,0,3,0,1,0,0,0,0,0,0,0,0,10,0,1,3,2,0,0,4,0,0,0,0,0,0,0,0,1,0,0,0,0,0,0,0,0,0,0,0,0,0,0,1,0,0,1,1,0,0
"SR7  9",7374,7329,0,0,0,0,0,0,0,0,0,2,0,0,19,2,3,7,0,0,0,1,0,0,0,3,2,0,0,0,0,0,1,0,0,0,0,0,0,0,0,0,0,0,9,3,2,0,1,1,0,0,7,0,0,4,0,0,3,0,0,0,0,0,0,0,2,0,0,1,0,1,0,0,0,0,0,0,0,0,0,0,1,0,0,0,0,0,0,0,0,0,0,0,1,0,0,0,0,0,0,0,0,0
"SR8  1",4534,4477,0,0,0,0,0,0,0,0,0,0,0,1,15,0,2,6,4,0,0,2,0,0,0,1,0,0,0,0,0,0,0,0,2,0,0,2,0,0,0,0,0,1,4,4,0,0,0,0,0,0,15,3,0,9,0,2,1,0,0,0,0,0,0,0,10,0,0,4,4,0,0,0,1,1,0,0,0,0,0,0,2,0,0,0,0,0,0,0,0,0,0,0,0,0,2,0,1,1,2,1,1,0
"SR8  2",7997,7941,0,1,0,0,0,0,0,1,0,1,0,0,19,1,1,17,0,0,0,0,0,0,0,0,0,0,0,0,0,0,0,0,1,0,0,0,0,1,0,0,0,1,5,4,1,0,0,1,0,0,7,3,0,0,0,0,2,0,0,0,2,0,0,0,10,0,1,9,0,0,0,0,0,0,0,0,0,0,0,0,1,0,0,0,0,0,0,0,0,0,0,0,1,0,0,0,0,0,5,5,0,0
"SR8  3",7285,7234,0,1,0,0,0,0,0,1,0,2,1,1,18,0,2,11,0,0,0,0,0,0,0,1,0,2,0,0,0,0,2,0,1,0,0,0,0,1,0,0,0,0,15,0,1,0,1,0,0,0,0,0,0,0,0,0,0,0,0,0,0,0,0,0,6,0,0,2,0,0,0,4,0,0,0,0,0,0,0,0,4,0,0,0,0,0,0,0,0,0,0,0,3,0,0,1,0,0,1,1,0,0
"SR8  4",7643,7566,0,1,0,0,0,0,0,1,0,0,0,0,33,0,2,21,0,0,0,5,0,0,0,3,2,0,0,0,0,0,0,0,0,0,0,0,0,0,0,0,0,2,9,5,0,0,0,0,0,0,11,1,0,4,0,1,0,1,4,0,0,0,0,0,8,0,2,0,1,0,0,2,0,3,0,0,0,0,0,0,4,0,0,0,0,0,0,0,0,0,0,0,0,0,0,4,1,1,3,3,0,0
"SR8  5",6733,6666,0,0,0,0,0,0,0,0,0,5,0,1,21,0,2,13,0,1,1,0,0,0,0,0,0,0,2,0,0,0,2,0,1,0,0,0,0,1,0,0,0,2,11,2,0,0,0,0,0,0,2,0,0,2,0,0,0,0,0,0,0,0,0,0,12,0,0,9,0,0,0,3,0,0,0,0,0,0,0,0,0,0,0,0,0,0,0,0,0,0,0,0,0,0,0,0,4,4,6,6,0,0
"SS0  0",9655,9293,2,0,0,0,0,0,0,0,0,6,2,7,86,9,9,25,5,6,4,5,2,17,0,0,1,0,0,2,0,0,1,0,4,1,1,1,0,1,0,0,0,0,1,11,12,0,6,6,0,0,159,29,7,8,0,32,16,1,7,31,24,0,3,1,51,2,8,17,0,0,0,11,0,13,0,0,0,0,0,0,14,0,0,0,0,1,1,0,0,2,0,6,0,0,1,3,2,2,5,4,1,0
"SS0  7",9583,8307,1,0,0,0,0,0,0,0,0,27,34,30,588,24,18,339,38,81,29,10,5,22,2,7,7,2,1,0,1,0,2,0,37,34,0,0,0,3,0,0,0,7,23,15,38,0,20,18,0,0,188,41,4,6,0,60,22,0,7,8,29,3,0,8,129,5,5,29,2,1,4,16,0,62,5,0,0,0,0,0,144,0,0,1,0,13,2,2,8,0,0,60,0,4,3,51,12,12,3,0,1,2
"SS0  8",7600,7053,0,1,1,0,0,0,0,0,0,28,25,12,198,7,10,85,13,25,31,5,1,5,1,4,3,2,3,1,2,0,0,0,13,10,1,1,0,1,1,1,0,56,11,4,19,5,5,9,0,0,64,15,0,4,0,12,19,0,0,1,8,1,0,4,31,1,3,4,1,0,1,5,0,16,0,0,0,0,0,0,78,0,0,0,0,2,1,1,0,0,0,60,0,0,0,14,6,6,0,0,0,0
"SS0  9",12910,11815,2,0,0,0,0,0,0,0,0,14,42,15,374,22,10,155,32,87,27,12,0,7,3,4,7,5,2,0,0,0,1,0,50,38,2,6,1,3,0,0,0,15,8,18,20,0,4,9,6,1,304,55,1,21,0,80,23,1,1,19,96,0,3,4,102,3,7,10,4,0,1,11,0,65,1,0,0,1,1,0,117,0,0,0,0,9,3,6,0,0,0,55,4,0,2,38,10,10,3,2,1,0
"SS1  1",2987,2418,0,0,0,0,0,0,0,0,0,7,26,13,242,13,3,134,19,14,8,24,5,0,6,12,0,1,2,0,0,0,0,1,34,19,3,10,0,2,0,0,0,26,8,3,18,1,11,3,3,0,40,1,23,1,0,9,4,0,0,0,0,1,1,0,107,3,7,33,2,0,0,4,0,55,3,0,0,0,0,0,24,0,0,0,0,2,1,0,1,0,0,12,0,1,2,5,18,18,3,3,0,0
"SS1  2",13348,12134,0,1,0,0,0,1,0,0,0,24,63,22,568,34,16,281,52,47,31,24,22,14,5,4,24,2,1,2,8,0,1,0,26,19,6,0,0,1,0,0,0,54,17,15,24,0,6,14,2,2,162,14,6,13,0,45,26,0,0,23,21,2,9,3,114,5,19,32,2,0,3,18,2,27,6,0,0,2,2,0,111,0,0,2,0,5,12,0,12,5,0,43,6,0,4,22,10,10,1,0,0,1
"SS1  3",8582,8333,1,0,0,0,0,0,0,0,0,21,1,13,45,6,4,8,3,5,0,1,0,1,0,9,7,1,0,0,0,0,0,0,7,1,5,0,1,0,0,0,0,1,8,10,0,0,0,0,0,0,93,17,4,9,0,11,39,2,3,6,0,0,0,2,30,2,6,14,0,0,0,4,0,1,3,0,0,0,0,0,17,0,0,0,0,0,0,1,5,0,0,6,0,0,0,5,0,0,2,1,1,0
"SS11 7",6790,6692,0,0,0,0,0,0,0,0,0,5,4,1,29,2,3,8,1,0,6,2,0,1,0,0,3,0,1,1,1,0,0,0,5,2,0,1,2,0,0,0,0,3,2,3,1,0,1,0,0,0,22,4,1,2,0,11,0,0,0,0,4,0,0,0,18,0,0,2,0,0,4,4,0,8,0,0,0,0,0,0,2,0,0,0,0,0,0,0,1,0,0,0,0,0,0,1,1,1,2,1,1,0
"SS11 8",9455,9331,1,0,0,0,0,0,0,0,0,2,1,3,23,0,3,6,0,1,2,0,1,0,0,3,4,1,0,1,0,0,1,0,3,1,0,2,0,0,0,0,0,5,4,1,4,0,0,1,0,3,22,1,0,4,0,3,3,2,0,4,0,3,0,2,37,2,3,16,2,0,0,6,0,7,1,0,0,0,0,0,14,0,0,0,1,0,2,0,0,0,0,1,2,0,0,8,2,2,2,2,0,0
"SS12 0",6795,6713,0,0,0,0,0,0,0,0,0,3,1,2,8,1,1,3,0,0,0,0,0,0,1,1,0,0,0,1,0,0,0,0,3,0,2,1,0,0,0,0,0,1,8,3,1,0,0,0,0,1,24,1,0,1,0,10,6,2,2,2,0,0,0,0,12,0,1,1,0,0,0,2,1,7,0,5,0,0,0,0,11,0,0,0,0,0,1,0,0,0,0,4,5,0,1,0,0,0,0,0,0,0
"SS12 9",10535,10365,1,0,0,0,0,0,0,0,0,10,2,7,48,10,9,7,1,1,4,3,1,4,1,2,1,2,0,1,0,0,1,0,1,1,0,0,0,0,0,0,0,3,10,2,2,0,0,1,1,0,34,9,1,0,0,7,2,0,2,1,3,7,0,2,35,0,9,11,0,0,1,7,0,7,0,0,0,0,0,0,9,0,0,0,0,1,1,0,0,0,0,3,1,0,0,3,1,1,5,5,0,0
"SS13 1",8801,8574,0,0,0,0,0,0,0,0,0,4,1,7,88,5,3,34,4,1,9,25,0,0,1,4,2,0,0,0,0,0,0,0,6,5,0,1,0,0,0,0,0,7,7,0,5,0,1,2,0,2,26,2,1,5,0,1,9,0,2,0,6,0,0,0,30,0,11,7,0,0,2,4,3,3,0,0,0,0,0,0,38,0,0,0,0,3,5,0,3,1,0,19,2,0,0,5,4,4,4,4,0,0
"SS13 2",5256,5161,0,0,0,0,0,0,0,0,0,3,3,3,24,1,4,6,0,0,2,9,1,1,0,0,0,0,0,0,0,0,0,0,2,1,0,0,0,1,0,0,0,2,3,3,1,0,0,1,0,0,14,1,0,2,0,0,7,0,0,0,0,0,4,0,15,0,2,7,0,0,0,5,0,1,0,0,0,0,0,0,15,0,0,0,0,0,6,0,2,0,1,3,0,0,0,3,0,0,7,7,0,0
"SS13 3",7192,6950,2,1,1,0,0,0,0,0,0,3,2,8,78,1,9,34,12,3,1,6,2,3,4,1,0,1,0,0,0,0,1,0,5,5,0,0,0,0,0,0,0,6,6,4,3,0,0,3,0,0,61,15,0,7,0,9,9,0,0,1,11,0,9,0,16,0,2,6,0,0,4,4,0,0,0,0,0,0,0,0,43,0,0,0,0,6,11,2,1,0,0,14,4,0,0,5,2,2,2,1,0,1
"SS14 1",9082,8680,0,0,0,0,0,0,0,0,0,15,7,6,112,4,7,35,16,5,8,21,5,3,3,1,1,0,1,2,0,0,0,0,7,5,2,0,0,0,0,0,0,10,24,11,6,0,2,3,1,0,72,11,10,5,0,4,6,2,2,12,12,0,7,1,53,1,5,7,1,0,1,6,2,29,1,0,0,0,0,0,67,2,0,0,1,5,11,1,0,1,2,21,3,2,1,17,7,7,5,3,1,1
"SS14 2",10536,10169,0,0,0,0,0,0,0,0,0,9,8,15,123,3,8,62,9,0,3,15,4,10,3,0,4,0,0,0,0,0,2,0,5,4,0,0,0,1,0,0,0,4,16,3,5,0,0,2,0,3,95,11,6,10,0,15,8,2,3,4,27,0,9,0,54,0,0,18,1,3,0,6,0,25,1,0,0,0,0,0,19,0,2,0,0,0,1,1,2,0,0,3,0,0,6,4,3,3,8,8,0,0
"SS14 3",4166,3995,0,0,0,0,0,0,0,0,0,5,1,4,59,3,2,17,7,0,13,7,3,0,4,0,0,0,0,0,3,0,0,0,2,2,0,0,0,0,0,0,0,3,17,4,0,0,0,0,0,0,34,0,11,1,0,11,4,0,0,0,5,2,0,0,14,1,2,5,0,0,0,3,0,3,0,0,0,0,0,0,27,0,3,0,2,2,6,1,0,0,0,7,0,1,0,5,0,0,1,1,0,0
"SS15 4",5231,5109,1,0,0,0,0,0,0,0,0,5,6,4,47,10,3,15,3,1,1,5,0,1,0,1,2,2,1,0,0,0,2,0,3,2,0,0,0,1,0,0,0,2,6,2,5,0,0,5,0,0,14,0,3,0,0,4,2,0,0,0,2,2,0,1,9,1,2,3,1,0,1,0,0,1,0,0,0,0,0,0,16,0,0,0,0,1,2,0,0,0,0,3,7,0,0,3,1,1,1,1,0,0
"SS15 5",15408,14771,3,0,0,0,0,0,0,0,0,12,4,6,155,5,6,88,20,1,5,9,2,3,6,3,0,2,1,1,1,0,1,1,8,6,0,1,1,0,0,0,0,18,17,13,4,1,0,1,0,2,222,10,12,1,0,21,15,3,6,8,144,0,0,2,85,0,1,14,2,0,4,7,0,47,10,0,0,0,0,0,82,0,0,0,0,5,18,4,1,2,0,19,6,1,0,26,1,1,7,1,4,2
"SS15 6",8278,8025,0,0,0,0,0,0,0,0,0,2,2,8,66,3,5,41,0,1,3,6,1,0,0,0,3,1,2,0,0,0,0,0,4,4,0,0,0,0,0,0,0,7,8,12,2,0,1,0,1,0,58,10,3,0,0,10,8,2,6,9,0,6,3,1,42,0,3,20,2,0,0,6,0,11,0,0,0,0,0,0,35,0,0,0,2,4,2,0,1,0,0,25,0,0,0,1,5,5,2,2,0,0
"SS16 4",11261,10904,1,2,1,0,0,0,0,1,0,8,7,9,131,0,4,60,23,0,11,19,1,5,2,5,0,0,0,0,0,0,1,0,8,6,2,0,0,0,0,0,0,6,11,1,5,1,0,2,0,2,60,12,0,5,0,9,7,0,2,11,6,4,4,0,35,0,10,4,1,0,1,1,0,18,0,0,0,0,0,0,68,1,0,0,0,19,13,5,1,1,0,17,2,2,0,7,2,2,3,3,0,0
"SS16 5",9502,9031,1,0,0,0,0,0,0,0,0,9,4,11,63,7,7,13,14,0,9,8,1,2,1,1,0,0,0,0,0,0,0,0,8,2,2,0,0,4,1,1,0,6,7,15,20,4,0,14,0,2,187,19,6,13,0,10,24,7,8,30,62,4,2,2,99,1,5,1,2,1,0,4,0,84,1,0,0,0,0,0,37,0,0,0,0,6,5,0,0,0,0,15,3,0,1,7,2,2,1,1,0,0
"SS16 6",7512,7308,0,0,0,0,0,0,0,0,0,11,3,8,49,7,5,11,11,1,1,5,1,1,0,0,0,6,0,0,0,0,0,0,0,0,0,0,0,0,0,0,0,1,2,7,5,0,0,4,1,0,70,12,4,1,0,7,8,4,3,11,7,8,4,1,30,1,3,16,0,1,0,3,1,3,2,0,0,0,0,0,10,0,1,0,0,0,1,0,0,0,0,4,4,0,0,0,2,2,6,6,0,0
"SS17 0",7905,7710,1,0,0,0,0,0,0,0,0,10,6,3,50,1,4,30,1,1,4,6,0,0,0,0,0,2,0,0,0,0,1,0,5,1,4,0,0,0,0,0,0,1,15,5,2,0,0,2,0,0,59,10,2,1,0,38,4,0,0,4,0,0,0,0,20,0,7,7,0,0,0,2,1,3,0,0,0,0,0,0,13,0,0,0,0,0,2,2,0,0,0,5,2,2,0,0,4,4,1,0,1,0
"SS17 7",11101,10943,0,1,0,0,0,0,0,1,0,10,7,6,40,3,7,13,0,1,0,10,0,2,0,2,0,2,0,0,0,0,0,0,10,9,0,0,0,1,0,0,0,1,7,0,6,0,0,1,0,5,22,0,1,5,0,7,1,0,0,3,0,1,3,1,21,0,0,6,2,0,4,7,0,1,1,0,0,0,0,0,18,0,0,0,0,8,1,0,1,2,0,0,0,0,0,6,3,3,6,4,2,0
"SS17 8",8754,8597,1,0,0,0,0,0,0,0,0,8,5,5,42,1,1,16,6,5,1,0,0,0,1,3,5,3,0,0,0,0,0,0,2,1,0,0,0,1,0,0,0,0,6,4,2,0,0,2,0,0,18,0,5,0,0,5,3,0,0,4,0,0,0,1,32,5,7,6,0,0,2,10,0,2,0,0,0,0,0,0,23,0,0,0,0,1,8,2,0,0,0,4,3,0,0,5,3,3,6,5,1,0
"SS17 9",4038,4000,0,0,0,0,0,0,0,0,0,3,7,3,8,0,4,1,0,0,0,1,0,1,0,0,1,0,0,0,0,0,0,0,0,0,0,0,0,0,0,0,0,0,1,0,0,0,0,0,0,0,8,0,0,4,0,0,0,0,0,4,0,0,0,0,7,2,1,0,0,0,0,1,0,3,0,0,0,0,0,0,1,0,0,0,0,0,0,1,0,0,0,0,0,0,0,0,0,0,0,0,0,0
"SS2  4",15967,15294,0,5,4,0,0,0,0,1,0,20,34,15,235,10,33,106,29,12,6,10,4,7,7,4,4,0,1,0,1,0,1,0,48,28,19,0,0,1,0,0,0,13,8,10,15,1,1,12,0,1,126,21,3,4,0,37,15,0,2,27,13,2,2,0,82,5,18,18,2,1,0,9,2,25,2,0,0,0,0,0,40,0,0,1,0,0,1,0,3,0,1,14,2,0,0,18,13,13,9,9,0,0
"SS2  5",8035,7356,0,1,1,0,0,0,0,0,0,21,27,11,268,16,9,157,10,34,10,14,0,8,3,3,0,0,0,0,2,0,2,0,32,22,7,2,0,1,0,0,0,11,7,11,19,1,11,3,1,3,117,27,2,8,0,54,1,3,0,9,7,2,2,2,72,7,17,24,0,0,0,5,1,17,1,0,0,0,0,0,78,0,0,1,0,1,0,5,3,1,1,41,1,1,0,23,3,3,1,1,0,0
"SS2  6",10951,10492,0,1,0,0,0,0,0,1,0,11,11,7,133,9,4,58,8,13,3,15,3,1,3,7,4,1,1,1,0,1,1,0,26,18,6,0,0,2,0,0,0,7,12,4,12,0,3,6,3,0,124,19,4,17,0,49,8,0,0,13,13,1,0,0,61,3,16,16,1,0,1,7,1,14,2,0,0,0,0,0,43,1,0,0,0,2,0,4,3,0,0,24,0,0,0,9,2,2,5,4,0,1
"SS3  0",7113,7071,0,0,0,0,0,0,0,0,0,1,0,1,15,3,3,3,1,0,2,0,0,0,0,0,1,0,0,0,0,0,2,0,0,0,0,0,0,0,0,0,0,0,2,0,0,0,0,0,0,0,8,0,0,0,0,1,4,0,0,2,0,1,0,0,10,1,4,0,0,0,0,2,0,3,0,0,0,0,0,0,2,0,0,0,0,0,0,0,0,0,0,0,2,0,0,0,0,0,3,2,0,1
"SS3  8",5407,5256,0,0,0,0,0,0,0,0,0,2,3,2,19,3,2,8,0,0,2,3,1,0,0,0,0,0,0,0,0,0,0,0,2,1,0,0,0,1,0,0,0,7,2,1,2,0,0,1,0,1,40,7,2,5,0,5,17,0,0,2,0,2,0,0,44,1,14,22,1,0,0,2,0,4,0,0,0,0,0,0,19,0,0,0,1,0,2,3,0,0,0,8,1,0,0,4,7,7,1,1,0,0
"SS3  9",15023,14597,1,2,2,0,0,0,0,0,0,17,7,8,123,9,10,59,3,4,4,15,2,3,3,1,4,2,3,0,0,0,1,0,20,14,4,0,0,2,0,0,0,10,8,24,9,0,3,5,0,1,52,6,0,5,0,12,24,0,0,4,1,0,0,0,78,7,23,21,1,3,2,5,0,11,5,0,0,0,0,0,61,0,0,0,0,0,1,3,8,1,0,31,2,0,2,13,1,1,5,4,0,1
"SS4  1",11112,10980,0,0,0,0,0,0,0,0,0,3,3,2,36,7,4,10,1,1,2,1,2,1,0,1,3,1,2,0,0,0,0,0,5,3,2,0,0,0,0,0,0,1,4,2,10,1,1,8,0,0,31,0,2,0,0,10,3,0,0,10,1,0,5,0,22,0,3,12,0,0,0,2,0,3,2,0,0,0,0,0,8,0,0,0,0,2,0,0,2,1,0,2,0,1,0,0,1,1,4,3,1,0
"SS4  2",815,807,0,0,0,0,0,0,0,0,0,0,0,0,2,0,1,0,0,0,1,0,0,0,0,0,0,0,0,0,0,0,0,0,0,0,0,0,0,0,0,0,0,0,2,0,0,0,0,0,0,0,1,0,0,0,0,0,0,0,0,0,1,0,0,0,3,0,2,0,0,0,0,0,0,1,0,0,0,0,0,0,0,0,0,0,0,0,0,0,0,0,0,0,0,0,0,0,0,0,0,0,0,0
"SS4  3",8301,8243,0,0,0,0,0,0,0,0,0,1,5,4,15,0,4,5,1,0,2,0,0,0,0,0,1,2,0,0,0,0,0,0,0,0,0,0,0,0,0,0,0,0,0,1,1,0,0,1,0,0,10,1,0,0,0,1,2,0,3,0,1,0,2,0,12,1,3,4,0,0,0,1,2,1,0,0,0,0,0,0,9,0,0,0,0,0,0,0,0,0,0,2,4,0,1,2,0,0,0,0,0,0
"SS5  4",9127,9067,1,0,0,0,0,0,0,0,0,3,1,6,24,0,2,7,2,0,1,0,0,3,5,1,1,0,1,0,0,0,1,0,0,0,0,0,0,0,0,0,0,2,2,3,0,0,0,0,0,0,8,0,0,0,0,0,8,0,0,0,0,0,0,0,5,1,0,2,0,0,0,2,0,0,0,0,0,0,0,0,0,0,0,0,0,0,0,0,0,0,0,0,0,0,0,0,0,0,5,4,0,1
"SS5  5",5757,5712,2,0,0,0,0,0,0,0,0,2,3,2,13,0,2,3,0,0,0,0,0,1,0,0,5,0,0,0,0,0,2,0,2,1,0,0,0,1,0,0,0,0,2,0,0,0,0,0,0,0,14,0,0,0,0,2,12,0,0,0,0,0,0,0,5,0,0,2,0,0,0,2,0,1,0,0,0,0,0,0,0,0,0,0,0,0,0,0,0,0,0,0,0,0,0,0,0,0,0,0,0,0
"SS5  6",6153,6124,0,0,0,0,0,0,0,0,0,1,0,2,11,1,3,5,0,0,0,0,0,0,0,1,1,0,0,0,0,0,0,0,0,0,0,0,0,0,0,0,0,0,0,0,0,0,0,0,0,0,7,0,1,0,0,5,0,0,0,0,0,1,0,0,8,0,0,3,1,0,0,4,0,0,0,0,0,0,0,0,0,0,0,0,0,0,0,0,0,0,0,0,0,0,0,0,0,0,0,0,0,0
"SS6  7",6432,6376,0,0,0,0,0,0,0,0,0,1,4,3,10,0,2,1,0,0,4,0,0,0,0,2,0,0,0,1,0,0,0,0,0,0,0,0,0,0,0,0,0,2,1,0,0,0,0,0,0,0,6,0,0,0,0,0,2,0,0,3,0,0,1,0,25,0,3,0,1,0,0,5,0,15,1,0,0,0,0,0,3,0,0,0,0,0,1,1,0,0,0,1,0,0,0,0,0,0,1,0,0,1
"SS6  8",12475,12253,0,0,0,0,0,0,0,0,0,14,6,18,55,10,2,15,1,0,5,8,2,0,0,3,4,2,0,1,0,0,2,0,8,6,0,2,0,0,0,0,0,4,6,13,2,0,0,1,0,1,31,6,2,1,0,8,7,0,0,5,1,0,1,0,38,0,7,8,1,1,10,6,0,5,0,0,0,0,0,0,22,1,2,7,0,1,3,3,0,1,2,1,0,0,0,1,1,1,4,3,0,1
"SS6  9",11836,11708,1,0,0,0,0,0,0,0,0,5,2,9,35,3,9,11,0,0,1,0,0,0,1,1,5,1,0,0,0,0,3,0,5,0,1,4,0,0,0,0,0,1,6,4,4,2,0,2,0,0,24,0,1,0,0,6,8,0,0,2,3,0,4,0,27,0,10,8,1,0,0,1,0,7,0,0,0,0,0,0,1,0,0,0,0,0,0,0,0,0,0,0,0,0,0,1,1,1,3,2,0,1
"SS7  1",9108,9018,1,1,0,0,0,0,0,1,0,5,1,2,21,3,3,6,0,0,1,0,0,0,0,2,0,4,0,0,2,0,0,0,1,1,0,0,0,0,0,0,0,0,8,1,0,0,0,0,0,0,9,0,0,0,0,3,4,0,0,0,2,0,0,0,26,3,3,1,0,0,0,5,1,9,4,0,0,0,0,0,11,0,0,0,0,1,0,0,0,0,0,5,5,0,0,0,0,0,3,2,1,0
"SS7  2",9501,9413,0,0,0,0,0,0,0,0,0,3,5,5,32,3,2,2,0,2,12,1,0,2,1,0,4,2,0,1,0,0,0,0,0,0,0,0,0,0,0,0,0,0,3,5,2,0,0,2,0,0,5,4,0,0,0,0,0,0,0,1,0,0,0,0,21,0,0,6,1,0,0,12,1,1,0,0,0,0,0,0,6,0,0,0,0,1,0,0,0,0,0,3,1,0,0,1,0,0,1,1,0,0
"SS7  3",10656,10537,0,0,0,0,0,0,0,0,0,13,4,6,23,4,4,4,0,0,4,0,0,1,1,4,0,0,0,0,0,0,0,1,0,0,0,0,0,0,0,0,0,2,7,3,1,0,0,1,0,0,35,0,4,2,0,11,12,0,0,5,1,0,0,0,21,0,5,11,0,0,0,2,0,3,0,0,0,0,0,0,3,0,0,0,0,0,0,0,0,0,0,2,1,0,0,0,0,0,1,1,0,0
"SS7  4",8410,8326,1,0,0,0,0,0,0,0,0,4,0,2,22,4,2,0,0,1,2,0,0,2,0,3,2,1,0,1,0,0,0,4,1,1,0,0,0,0,0,0,0,2,4,1,8,0,0,7,0,1,12,1,0,0,0,5,3,0,0,3,0,0,0,0,20,0,6,7,0,0,2,3,1,1,0,0,0,0,0,0,3,0,0,0,0,0,1,0,0,0,0,2,0,0,0,0,1,1,3,2,0,1
"SS7  5",10303,10204,0,0,0,0,0,0,0,0,0,4,5,1,21,8,4,1,0,0,1,4,0,0,0,0,0,0,0,0,0,1,2,0,0,0,0,0,0,0,0,0,0,1,11,3,1,0,0,1,0,0,22,5,1,1,0,6,9,0,0,0,0,0,0,0,21,2,7,3,1,0,0,7,1,0,0,0,0,0,0,0,5,0,0,0,0,0,0,0,0,0,0,0,1,0,0,4,2,2,2,1,0,1
"SS8  0",6712,6652,0,0,0,0,0,0,0,0,0,0,4,1,22,0,2,17,0,0,0,0,0,0,1,0,2,0,0,0,0,0,0,0,0,0,0,0,0,0,0,0,0,1,3,1,0,0,0,0,0,0,17,1,0,1,0,6,6,0,0,3,0,0,0,0,8,0,2,3,0,0,0,3,0,0,0,0,0,0,0,0,2,0,1,0,0,0,0,0,0,0,0,0,0,0,0,1,0,0,1,1,0,0
"SS8  7",7906,7838,0,0,0,0,0,0,0,0,0,0,6,5,24,1,3,0,0,2,0,0,5,8,0,2,1,0,0,0,0,0,2,0,2,2,0,0,0,0,0,0,0,1,8,2,0,0,0,0,0,0,6,0,1,0,0,3,0,0,0,2,0,0,0,0,10,0,2,0,0,0,0,6,0,2,0,0,0,0,0,0,1,0,0,0,0,0,0,1,0,0,0,0,0,0,0,0,0,0,3,1,0,2
"SS8  8",7245,7186,0,0,0,0,0,0,0,0,0,4,9,0,18,1,3,3,1,1,0,4,0,1,1,3,0,0,0,0,0,0,0,0,0,0,0,0,0,0,0,0,0,1,8,0,1,0,0,0,0,1,2,1,0,0,0,0,1,0,0,0,0,0,0,0,11,1,1,1,0,0,2,4,0,2,0,0,0,0,0,0,2,0,0,0,0,0,1,0,0,0,0,0,1,0,0,0,0,0,3,2,0,1
"SS8  9",15142,14973,0,1,0,0,0,0,0,1,0,6,12,11,25,0,2,8,1,2,7,0,0,0,1,0,1,1,2,0,0,0,0,0,3,1,0,2,0,0,0,0,0,4,17,7,1,0,0,0,0,1,17,0,0,0,0,12,5,0,0,0,0,0,0,0,52,0,23,13,1,0,2,4,0,5,4,0,0,1,1,0,5,0,0,0,0,0,0,0,0,0,0,2,0,0,2,1,1,1,6,3,0,3
"SS9  1",9245,9022,3,1,1,0,0,0,0,0,0,11,11,18,75,13,13,14,2,4,7,2,1,5,3,5,0,3,2,1,0,0,0,0,9,7,1,0,0,1,0,0,0,3,10,2,4,0,2,2,0,0,20,4,0,0,0,10,1,0,0,5,0,0,0,0,41,2,5,9,5,1,3,10,0,4,2,0,0,0,0,0,13,0,0,0,0,0,0,0,1,0,0,4,5,0,0,3,1,1,1,1,0,0
"SS9  2",7989,7858,0,0,0,0,0,0,0,0,0,18,2,10,35,8,10,4,2,0,0,0,0,1,0,5,2,1,0,1,0,0,1,0,3,1,0,1,0,1,0,0,0,4,7,3,3,0,1,2,0,0,18,1,3,0,0,0,0,0,0,10,4,0,0,0,18,0,2,3,6,0,1,3,0,3,0,1,0,0,0,0,6,0,0,0,0,0,0,0,0,0,0,5,0,0,0,1,2,2,1,1,0,0
"SS9  3",10211,10033,1,0,0,0,0,0,0,0,0,12,4,12,34,3,5,12,0,2,1,2,1,1,1,2,3,1,0,0,0,0,0,0,13,11,1,0,0,1,0,0,0,2,5,1,4,0,0,4,0,0,51,7,0,15,0,11,8,0,0,10,0,0,0,0,23,0,3,8,1,0,0,3,0,8,0,0,0,0,0,0,11,0,0,0,0,0,0,3,0,0,0,4,0,0,0,4,0,0,5,2,0,3
"SS9  4",9423,9232,1,1,0,0,0,0,0,1,0,5,0,6,46,4,1,23,0,4,1,3,0,4,2,0,4,0,0,0,0,0,0,0,5,4,0,0,1,0,0,0,0,1,9,7,9,0,5,4,0,0,51,8,0,3,0,17,10,0,2,8,2,0,0,1,35,2,5,15,2,0,0,6,1,4,0,0,0,0,0,0,14,0,0,0,0,0,0,0,5,1,0,1,1,0,0,6,0,0,1,1,0,0
"SS9  5",11502,11318,0,0,0,0,0,0,0,0,0,2,4,1,47,7,13,7,7,4,0,3,1,0,0,0,1,1,0,0,0,3,0,0,1,1,0,0,0,0,0,0,0,1,4,8,2,0,1,0,0,1,39,5,1,0,0,8,11,0,0,11,3,0,0,0,55,4,13,28,1,0,0,2,0,7,0,0,0,0,0,0,16,0,0,0,0,0,0,0,0,0,0,7,3,0,0,6,1,1,3,0,1,2
"ST1  2",3451,2962,1,1,0,0,0,0,0,1,0,9,6,3,92,5,1,68,9,1,4,1,0,3,0,0,0,0,0,0,0,0,0,0,0,0,0,0,0,0,0,0,0,7,15,31,109,0,69,29,11,0,131,66,0,25,7,7,4,0,1,7,10,3,0,1,35,11,5,13,0,1,0,1,0,4,0,0,0,0,0,0,48,2,14,4,0,0,0,0,4,0,0,2,0,3,5,14,1,1,0,0,0,0
"ST1  3",4802,4101,0,0,0,0,0,0,0,0,0,15,4,2,166,16,3,46,30,32,1,5,5,21,5,1,0,1,0,0,0,0,0,0,5,2,1,2,0,0,0,0,0,7,9,38,143,0,67,50,23,3,226,90,4,64,9,27,0,0,3,15,4,9,0,1,53,7,11,27,0,0,0,1,3,4,0,0,0,0,0,0,30,2,2,2,0,3,0,0,1,1,0,2,0,5,6,6,0,0,3,1,0,2
"ST1  4",3858,2821,0,0,0,0,0,0,0,0,0,5,2,7,175,6,7,55,33,45,5,0,4,5,0,2,9,3,0,1,0,0,0,0,5,0,3,1,0,1,0,0,0,1,10,81,136,0,81,35,20,0,490,245,10,170,15,11,3,0,7,12,5,8,0,4,49,7,5,25,0,0,0,0,0,9,3,6,0,1,1,0,64,1,21,0,0,2,4,0,5,0,1,11,0,2,4,13,4,4,1,1,0,0
"ST1  5",3130,2490,0,0,0,0,0,0,0,0,0,6,8,9,224,21,7,66,28,5,11,7,1,24,6,16,0,12,20,0,0,0,0,0,7,0,1,0,0,6,0,0,0,4,8,21,78,0,61,11,2,4,182,78,6,28,3,52,3,0,2,5,2,1,1,1,38,6,3,19,0,0,2,0,2,4,2,0,0,0,0,0,51,9,8,7,0,4,0,0,2,0,5,5,0,10,0,1,1,1,3,2,0,1
"ST1  6",13379,12924,0,2,0,0,0,0,0,0,2,8,4,2,115,35,0,35,8,1,7,1,0,6,6,7,8,0,1,0,0,0,0,0,1,0,0,0,0,1,0,0,0,0,7,16,92,0,68,20,0,4,108,69,2,20,3,3,0,0,3,2,0,6,0,0,77,2,6,25,0,0,1,11,1,23,8,0,0,0,0,0,17,2,0,0,0,0,0,0,1,0,1,3,0,0,1,9,2,2,4,3,0,1
"ST10 1",10933,10832,0,0,0,0,0,0,0,0,0,1,3,1,50,0,2,22,7,4,4,1,0,6,0,1,0,1,2,0,0,0,0,0,3,0,1,0,0,2,0,0,0,0,0,0,0,0,0,0,0,0,27,7,0,4,0,0,0,0,0,4,12,0,0,0,12,4,4,2,0,0,0,0,1,1,0,0,0,0,0,0,0,0,0,0,0,0,0,0,0,0,0,0,0,0,0,0,1,1,3,1,2,0
"ST10 2",5069,5046,1,1,1,0,0,0,0,0,0,1,0,0,8,0,1,1,4,1,0,0,0,0,0,0,0,0,0,1,0,0,0,0,0,0,0,0,0,0,0,0,0,1,1,0,1,0,0,1,0,0,4,1,0,1,0,0,2,0,0,0,0,0,0,0,3,1,0,0,0,0,0,1,0,1,0,0,0,0,0,0,1,0,0,0,0,0,0,0,0,0,0,0,0,0,1,0,1,1,0,0,0,0
"ST10 3",2169,2158,0,0,0,0,0,0,0,0,0,0,0,0,5,1,2,0,0,0,0,0,0,0,0,0,0,2,0,0,0,0,0,0,2,0,1,0,0,1,0,0,0,0,0,1,0,0,0,0,0,0,0,0,0,0,0,0,0,0,0,0,0,0,0,0,2,0,1,1,0,0,0,0,0,0,0,0,0,0,0,0,0,0,0,0,0,0,0,0,0,0,0,0,0,0,0,0,1,1,0,0,0,0
"ST10 4",6708,6661,1,2,2,0,0,0,0,0,0,3,3,1,22,1,3,4,0,1,2,0,0,5,0,1,3,1,0,0,1,0,0,0,0,0,0,0,0,0,0,0,0,0,1,5,1,0,1,0,0,0,3,0,0,0,0,0,1,0,0,2,0,0,0,0,4,1,0,0,1,0,0,2,0,0,0,0,0,0,0,0,0,0,0,0,0,0,0,0,0,0,0,0,0,0,0,0,1,1,0,0,0,0
"ST11 9",9768,9714,0,1,1,0,0,0,0,0,0,1,1,3,19,0,2,10,0,0,0,0,3,1,0,0,2,0,1,0,0,0,0,0,0,0,0,0,0,0,0,0,0,1,2,1,1,0,0,1,0,0,15,5,1,4,0,2,3,0,0,0,0,0,0,0,4,0,0,2,0,0,0,1,0,1,0,0,0,1,1,0,4,0,0,0,0,0,0,0,0,0,0,0,4,0,0,0,0,0,0,0,0,0
"ST12 9",3703,3675,0,0,0,0,0,0,0,0,0,7,1,1,9,2,1,1,0,0,0,0,0,0,0,0,2,1,0,0,0,0,2,0,1,0,0,1,0,0,0,0,0,0,0,0,1,1,0,0,0,0,7,1,0,0,0,0,0,0,2,0,0,4,0,0,0,0,0,0,0,0,0,0,0,0,0,0,0,0,0,0,0,0,0,0,0,0,0,0,0,0,0,0,0,0,0,0,0,0,1,0,0,1
"ST13 5",6122,5986,0,0,0,0,0,0,0,0,0,3,0,4,81,3,1,70,2,0,2,0,0,0,0,1,0,2,0,0,0,0,0,0,2,0,0,2,0,0,0,0,0,4,2,3,1,0,1,0,0,0,16,8,0,3,0,0,1,0,0,4,0,0,0,0,16,1,3,3,0,0,0,6,0,2,1,0,0,0,0,0,1,0,0,0,0,0,0,0,0,1,0,0,0,0,0,0,1,1,2,0,2,0
"ST13 6",5980,5883,0,0,0,0,0,0,0,0,0,0,0,1,70,5,3,36,5,1,18,1,0,0,0,0,0,1,0,0,0,0,0,0,0,0,0,0,0,0,0,0,0,0,4,0,0,0,0,0,0,0,10,2,0,4,0,0,0,0,0,2,0,2,0,0,11,0,3,5,0,0,0,0,0,2,1,0,0,0,0,0,0,0,0,0,0,0,0,0,0,0,0,0,0,0,0,0,0,0,1,1,0,0
"ST13 7",6577,6510,2,0,0,0,0,0,0,0,0,1,1,2,29,6,0,15,2,0,0,2,0,0,1,1,2,0,0,0,0,0,0,0,4,0,2,1,0,1,0,0,0,0,2,1,0,0,0,0,0,0,16,0,0,0,0,0,0,0,0,0,16,0,0,0,5,0,0,2,0,0,2,0,1,0,0,0,0,0,0,0,2,0,2,0,0,0,0,0,0,0,0,0,0,0,0,0,1,1,1,1,0,0
"ST13 8",8426,8332,0,0,0,0,0,0,0,0,0,4,1,2,62,7,5,38,4,0,3,0,0,0,2,1,1,1,0,0,0,0,0,0,1,0,1,0,0,0,0,0,0,5,0,0,0,0,0,0,0,0,10,0,0,0,0,0,4,0,0,4,2,0,0,0,9,1,1,6,0,0,0,1,0,0,0,0,0,0,0,0,0,0,0,0,0,0,0,0,0,0,0,0,0,0,0,0,0,0,0,0,0,0
"ST14 5",4604,4542,2,0,0,0,0,0,0,0,0,2,2,3,25,1,5,12,1,2,1,0,0,2,0,1,0,0,0,0,0,0,0,0,0,0,0,0,0,0,0,0,0,7,1,0,1,0,1,0,0,0,3,1,0,1,0,1,0,0,0,0,0,0,0,0,12,1,3,7,0,1,0,0,0,0,0,0,0,0,0,0,0,0,0,0,0,0,0,0,0,0,0,0,0,0,0,0,0,0,4,4,0,0
"ST14 7",8085,7914,4,0,0,0,0,0,0,0,0,1,0,2,109,1,1,86,7,0,3,0,0,1,3,0,3,0,0,0,0,0,4,0,1,0,0,0,0,1,0,0,0,0,0,11,3,0,2,1,0,0,14,4,3,0,2,0,0,0,0,0,5,0,0,0,22,0,6,2,0,0,0,13,0,1,0,0,0,0,0,0,2,0,1,0,0,0,0,0,0,0,0,0,0,0,0,1,0,0,2,2,0,0
"ST14 8",7226,7095,3,2,1,0,0,0,0,1,0,5,2,1,56,2,9,31,1,0,3,1,0,1,0,0,6,0,0,0,2,0,0,0,1,0,1,0,0,0,0,0,0,1,4,5,3,0,0,2,1,0,24,1,2,9,2,3,0,0,1,0,6,0,0,0,18,0,1,2,0,2,3,3,0,7,0,0,0,0,0,0,4,0,0,1,0,0,0,0,1,0,0,0,0,1,0,1,0,0,2,1,0,1
"ST15 0",8726,8608,1,0,0,0,0,0,0,0,0,11,4,3,50,1,1,37,0,3,2,0,0,0,0,2,1,1,1,1,0,0,0,0,0,0,0,0,0,0,0,0,0,1,4,1,4,0,1,3,0,0,15,2,2,0,0,4,0,0,0,0,0,0,7,0,20,3,5,4,1,0,0,6,0,1,0,0,0,0,0,0,0,0,0,0,0,0,0,0,0,0,0,0,0,0,0,0,0,0,4,3,1,0
"ST15 8",12020,11844,4,0,0,0,0,0,0,0,0,8,11,6,50,4,4,25,4,0,0,1,0,0,0,4,8,0,0,0,0,0,0,0,1,0,0,0,0,1,0,0,0,1,4,13,11,0,1,9,0,1,36,13,4,4,0,2,2,0,0,3,0,0,8,0,25,2,5,8,1,0,2,3,3,1,0,0,0,0,0,0,2,1,0,0,0,0,0,0,0,0,0,0,0,0,0,1,0,0,4,3,0,1
"ST16 1",12473,12151,0,0,0,0,0,0,0,0,0,7,15,8,118,6,3,92,8,0,0,6,0,0,0,2,0,0,1,0,0,0,0,0,0,0,0,0,0,0,0,0,0,5,7,8,4,0,0,2,2,0,89,8,3,26,0,5,6,1,4,9,3,2,16,6,50,3,14,16,1,1,0,4,6,5,0,0,0,0,0,0,7,0,0,0,0,0,0,0,0,0,0,0,7,0,0,0,1,1,3,2,0,1
"ST16 2",1633,1486,0,0,0,0,0,0,0,0,0,2,2,6,58,2,0,45,2,1,3,0,0,0,0,1,1,0,1,0,0,0,0,2,2,0,1,0,0,1,0,0,0,1,2,19,1,0,0,1,0,0,26,5,9,8,0,0,0,0,0,0,0,3,1,0,22,0,0,16,0,0,0,0,2,0,4,0,0,0,0,0,5,0,0,0,0,0,0,0,0,0,0,0,2,0,1,2,0,0,1,0,0,1
"ST16 3",15731,14581,4,3,0,0,0,0,0,3,0,40,12,33,308,4,9,184,23,3,17,9,10,5,12,23,3,2,0,1,0,0,1,2,7,2,0,1,0,4,0,0,0,7,5,54,26,1,1,13,6,5,486,51,20,54,0,21,12,7,9,21,52,36,195,8,123,5,5,52,0,0,1,13,27,10,10,4,0,3,3,0,24,1,2,1,0,0,2,3,2,0,0,3,2,2,0,6,2,2,9,6,1,2
"ST17 0",11914,11703,3,1,1,0,0,0,0,0,0,8,0,7,31,1,4,14,0,1,0,1,0,0,0,3,4,0,3,0,0,0,0,0,1,0,1,0,0,0,0,0,0,5,0,14,10,1,0,4,3,2,85,6,19,11,0,2,3,0,8,15,7,2,2,10,34,1,11,7,2,0,0,6,6,1,0,0,0,0,0,0,11,0,0,0,0,0,0,0,0,0,0,5,2,4,0,0,1,1,0,0,0,0
"ST17 4",11800,11303,2,0,0,0,0,0,0,0,0,17,15,11,176,1,15,121,0,3,13,7,0,0,4,2,1,7,1,0,0,0,0,1,5,0,2,0,0,3,0,0,0,6,3,50,8,0,0,8,0,0,118,14,3,38,0,11,4,1,6,17,10,0,13,1,69,2,0,41,3,1,2,3,9,7,1,3,0,0,0,0,6,0,0,0,0,0,0,0,0,0,0,4,0,0,0,2,3,3,5,4,0,1
"ST17 9",14638,14341,1,1,0,0,0,0,0,1,0,21,6,8,137,3,4,90,7,2,18,5,0,0,0,3,1,0,0,0,0,0,4,0,4,2,0,0,0,2,0,0,0,6,2,7,7,0,1,6,0,0,38,7,1,3,0,13,3,0,0,1,3,1,4,2,40,5,14,12,0,0,0,2,1,6,0,0,0,0,0,0,8,0,0,0,0,2,0,0,1,0,0,0,3,0,2,0,4,4,7,6,0,1
"ST18 0",10474,10318,3,1,0,0,0,0,0,1,0,6,4,3,23,1,2,8,1,1,1,1,0,0,0,5,2,1,0,0,0,0,0,0,3,1,0,0,0,2,0,0,0,5,2,3,9,0,1,1,4,3,68,1,1,2,0,0,0,0,0,3,2,2,57,0,19,1,0,9,0,0,1,4,2,2,0,2,0,0,0,0,5,0,0,0,0,1,2,0,0,0,0,0,1,0,0,1,0,0,0,0,0,0
"ST18 9",5374,5255,0,0,0,0,0,0,0,0,0,1,0,2,97,0,2,15,1,1,32,3,21,3,16,0,2,1,0,0,0,0,0,0,1,0,0,1,0,0,0,0,0,1,0,0,0,0,0,0,0,0,5,1,0,3,0,0,0,0,0,0,1,0,0,0,6,2,0,2,0,0,0,1,0,1,0,0,0,0,0,0,2,0,0,0,0,0,0,0,0,0,0,0,0,0,1,1,2,2,2,0,0,2
"ST19 5",8321,8279,2,0,0,0,0,0,0,0,0,1,0,2,10,0,3,3,0,0,0,0,1,1,0,0,0,0,2,0,0,0,0,0,0,0,0,0,0,0,0,0,0,2,0,2,2,0,0,2,0,0,7,2,0,3,0,0,2,0,0,0,0,0,0,0,9,0,1,3,1,0,0,2,0,2,0,0,0,0,0,0,0,0,0,0,0,0,0,0,0,0,0,0,0,0,0,0,0,0,5,5,0,0
"ST19 9",6074,6036,1,1,0,0,0,0,0,0,1,0,1,1,9,0,4,0,0,1,0,0,1,2,0,1,0,0,0,0,0,0,0,0,2,0,0,1,1,0,0,0,0,0,1,0,0,0,0,0,0,0,16,0,3,4,0,3,0,0,4,0,0,0,2,0,4,0,2,0,0,0,0,1,0,1,0,0,0,0,0,0,2,0,0,1,0,0,0,0,0,0,0,0,0,0,1,0,0,0,0,0,0,0
"ST2  0",9731,9378,1,1,0,0,0,0,0,1,0,19,13,0,232,3,1,190,9,2,0,1,0,20,0,1,0,0,0,1,4,0,0,0,2,0,1,1,0,0,0,0,0,6,4,6,4,0,0,2,0,2,44,10,1,2,0,3,5,0,0,20,0,0,0,3,13,0,2,0,1,0,1,2,0,7,0,0,0,0,0,0,6,0,0,0,0,0,0,0,0,0,0,4,0,0,0,2,1,1,1,1,0,0
"ST2  7",7763,7729,0,0,0,0,0,0,0,0,0,2,0,1,10,3,0,0,0,4,0,0,1,0,1,0,0,0,0,0,0,0,1,0,2,0,1,0,1,0,0,0,0,0,0,0,0,0,0,0,0,0,11,4,3,0,0,2,0,0,0,0,2,0,0,0,1,0,0,0,0,0,1,0,0,0,0,0,0,0,0,0,3,0,0,0,0,0,0,0,1,0,0,1,0,1,0,0,0,0,4,4,0,0
"ST2  8",6965,6810,2,1,0,0,0,0,0,1,0,2,8,3,79,0,1,49,3,19,1,0,2,0,0,1,0,0,0,0,3,0,0,0,2,1,1,0,0,0,0,0,0,6,2,2,2,0,0,1,0,1,9,3,1,1,0,2,0,0,0,0,0,2,0,0,23,4,5,8,0,0,1,1,0,4,0,2,0,0,0,0,6,0,1,0,0,0,0,0,0,1,0,3,0,0,0,1,2,2,4,2,0,2
"ST2  9",8357,8242,0,0,0,0,0,0,0,0,0,5,5,4,45,4,2,22,2,6,0,7,0,0,0,0,1,0,0,1,0,0,0,0,0,0,0,0,0,0,0,0,0,4,1,5,10,0,8,2,0,0,12,2,0,0,0,4,0,0,0,4,2,0,0,0,15,1,1,2,0,0,0,5,1,5,0,1,0,0,0,0,5,1,0,0,0,0,0,0,0,0,0,0,0,0,0,4,0,0,3,1,2,0
"ST20 0",6540,6516,2,0,0,0,0,0,0,0,0,3,0,0,13,1,0,7,0,0,0,0,3,0,0,1,0,0,1,0,0,0,0,0,0,0,0,0,0,0,0,0,0,1,0,0,1,0,0,1,0,0,0,0,0,0,0,0,0,0,0,0,0,0,0,0,3,0,0,1,1,0,0,1,0,0,0,0,0,0,0,0,1,0,0,0,0,0,0,0,1,0,0,0,0,0,0,0,0,0,0,0,0,0
"ST21 6",5537,5435,0,1,0,0,0,0,0,1,0,8,1,5,44,0,7,23,5,1,1,0,0,1,0,1,4,1,0,0,0,0,0,0,2,0,0,2,0,0,0,0,0,3,2,0,0,0,0,0,0,0,13,2,0,7,0,0,0,0,0,0,1,1,2,0,11,2,1,1,1,0,0,1,1,3,1,0,0,0,0,0,11,0,0,0,0,1,2,0,0,0,0,5,2,0,1,0,0,0,1,1,0,0
"ST3  1",5518,5366,1,0,0,0,0,0,0,0,0,2,0,0,60,1,2,41,7,0,0,0,0,5,0,1,0,0,0,0,0,0,3,0,0,0,0,0,0,0,0,0,0,0,0,1,4,0,2,2,0,0,59,21,2,17,2,9,1,0,0,4,2,0,0,1,15,0,1,1,0,0,2,1,0,10,0,0,0,0,0,0,6,0,2,0,0,0,0,0,1,0,0,1,0,0,2,0,0,0,4,2,2,0
"ST3  2",7567,7451,1,1,1,0,0,0,0,0,0,2,12,1,38,2,0,27,2,1,0,0,3,0,0,1,0,1,0,0,0,1,0,0,2,0,1,0,0,1,0,0,0,0,4,3,6,0,6,0,0,0,16,8,2,1,0,1,0,0,0,4,0,0,0,0,15,2,4,9,0,0,0,0,0,0,0,0,0,0,0,0,12,0,6,0,0,0,0,0,4,0,0,1,0,1,0,0,2,2,1,1,0,0
"ST3  3",7626,7444,1,1,0,0,0,0,0,1,0,11,2,5,42,1,2,21,4,3,0,0,1,2,4,0,3,0,0,0,0,0,0,1,1,0,1,0,0,0,0,0,0,9,4,10,18,0,12,5,0,1,26,13,4,1,0,0,0,0,0,8,0,0,0,0,13,0,0,2,0,0,0,4,0,7,0,0,0,0,0,0,36,5,2,0,0,0,0,0,11,0,1,4,0,0,1,12,1,1,2,0,1,1
"ST3  4",8805,7640,1,0,0,0,0,0,0,0,0,12,0,1,73,3,1,21,4,17,3,2,6,9,0,0,1,0,2,1,0,2,1,0,1,0,0,0,1,0,0,0,0,10,6,1,42,0,19,4,18,1,943,481,0,345,62,26,0,0,1,0,11,6,2,9,41,4,2,19,1,0,0,0,0,12,3,11,0,0,0,0,19,0,0,2,0,0,0,0,4,0,0,7,0,1,3,2,3,3,1,1,0,0
"ST3  5",13425,13187,0,1,0,0,0,0,0,1,0,6,3,0,65,5,0,42,0,0,1,2,0,8,0,3,2,1,0,0,0,0,1,0,1,0,0,1,0,0,0,0,0,6,6,3,7,0,7,0,0,0,99,50,0,21,4,14,6,0,0,0,4,0,0,0,21,0,4,8,0,0,2,1,0,6,0,3,0,0,0,0,7,1,1,0,0,0,0,0,0,0,0,5,0,0,0,0,2,2,8,8,0,0
"ST3  6",9256,9038,3,2,2,0,0,0,0,0,0,11,9,1,95,1,2,78,2,5,0,0,0,1,0,3,0,0,1,1,0,0,1,0,1,1,0,0,0,0,0,0,0,14,6,2,3,0,1,0,1,1,29,17,0,3,3,0,3,0,0,0,0,2,0,1,15,0,4,7,0,0,0,0,0,3,1,2,0,0,0,0,22,0,0,0,0,0,0,0,2,0,0,7,4,0,2,7,0,0,3,2,0,1
"ST3  7",12860,12549,0,1,0,0,0,0,0,1,0,7,16,4,78,5,5,36,1,5,3,6,8,3,0,4,1,0,0,1,0,0,0,0,1,0,0,1,0,0,0,0,0,1,2,5,1,0,0,0,1,0,159,87,4,32,14,10,8,0,0,0,1,0,0,3,22,1,7,5,1,0,0,5,0,3,0,0,0,0,0,0,8,0,2,0,0,0,0,0,0,0,0,5,0,0,0,1,0,0,6,6,0,0
"ST4  1",1279,1082,0,0,0,0,0,0,0,0,0,4,4,0,50,0,1,14,7,0,0,14,5,4,0,3,2,0,0,0,0,0,0,0,0,0,0,0,0,0,0,0,0,2,7,7,18,0,7,3,8,0,65,11,7,0,0,15,1,0,2,1,2,26,0,0,30,1,1,23,0,0,0,1,0,4,0,4,0,0,0,0,5,0,0,0,0,1,0,0,0,0,0,4,0,0,0,0,1,1,0,0,0,0
"ST4  2",7167,5915,4,0,0,0,0,0,0,0,0,12,2,9,122,9,5,53,21,4,1,0,1,0,4,15,2,1,4,1,0,0,0,1,20,9,4,0,6,1,0,0,0,1,12,36,126,0,53,21,44,8,701,153,38,156,10,32,0,3,205,26,9,53,7,9,158,11,19,116,0,0,3,2,6,1,0,3,0,0,0,0,40,2,4,4,0,1,0,7,1,0,2,7,0,1,1,10,3,3,3,2,0,1
"ST4  3",6904,6632,0,0,0,0,0,0,0,0,0,8,11,1,73,1,1,43,4,1,2,1,5,6,1,7,0,0,0,1,0,0,0,0,1,1,0,0,0,0,0,0,0,0,7,2,24,0,14,0,10,0,98,27,2,33,0,7,4,0,7,11,2,5,0,0,20,7,2,2,0,0,0,1,0,8,0,0,0,0,0,0,17,1,3,0,0,0,0,0,4,0,1,3,4,0,0,1,5,5,5,5,0,0
"ST4  4",6212,5876,3,0,0,0,0,0,0,0,0,6,7,1,87,3,0,56,12,0,2,7,0,0,5,0,0,0,1,0,0,0,0,1,5,5,0,0,0,0,0,0,0,0,8,29,11,0,5,6,0,0,122,32,0,28,2,4,0,0,3,19,17,17,0,0,32,11,0,7,0,0,2,2,1,7,2,0,0,0,0,0,22,2,4,0,0,2,2,2,0,0,0,7,0,0,1,2,1,1,2,2,0,0
"ST4  5",7525,7162,8,0,0,0,0,0,0,0,0,7,9,1,71,0,5,32,10,3,2,5,3,1,0,5,3,0,1,1,0,0,0,0,0,0,0,0,0,0,0,0,0,7,21,12,17,0,7,6,0,4,97,34,1,9,0,15,1,2,6,7,11,8,3,0,76,5,4,24,0,0,5,3,1,29,5,1,0,0,0,0,30,0,0,0,0,5,0,0,4,0,0,13,4,0,2,2,0,0,6,6,0,0
"ST4  6",7708,7167,4,0,0,0,0,0,0,0,0,5,8,7,77,12,7,21,14,2,0,0,2,5,4,5,0,2,1,0,2,0,0,0,7,3,2,1,0,1,0,0,0,1,5,5,24,0,16,3,5,0,182,40,12,21,3,18,7,0,9,5,49,17,0,1,191,4,3,29,4,1,8,6,1,135,0,6,0,0,0,0,12,0,0,0,0,0,2,0,5,0,0,3,0,0,0,2,1,1,6,5,0,1
"ST4  7",6448,5770,0,0,0,0,0,0,0,0,0,7,9,7,163,11,11,56,19,10,11,9,0,9,6,10,2,1,4,1,3,0,0,0,5,0,4,1,0,0,0,0,0,1,6,33,50,0,28,9,11,2,232,70,3,29,2,9,6,9,7,23,34,23,6,11,124,5,2,20,2,2,3,5,0,85,0,3,0,0,0,0,34,4,1,0,0,0,0,2,7,0,4,10,0,0,3,3,1,1,3,3,0,0
"ST4  8",11742,11477,5,2,0,0,0,0,1,1,0,8,5,4,45,7,14,9,1,0,2,4,0,0,4,0,3,1,0,0,0,0,0,0,3,0,0,3,0,0,0,0,0,9,12,4,5,0,0,4,1,0,99,19,0,18,0,2,2,3,8,12,18,7,0,10,41,0,6,24,0,0,0,4,0,7,0,6,0,0,0,0,10,4,0,0,0,2,0,0,0,0,0,2,0,0,0,2,1,1,6,4,0,2
"ST5  0",8740,8520,0,0,0,0,0,0,0,0,0,14,6,4,50,3,4,23,6,1,0,2,0,5,0,6,0,0,0,0,0,0,0,0,1,1,0,0,0,0,0,0,0,5,15,4,11,0,9,1,1,0,44,4,5,8,1,8,2,0,5,0,8,2,0,1,49,2,3,30,1,0,0,7,0,5,1,5,0,1,1,0,2,0,0,0,0,0,0,0,1,0,0,0,0,0,1,0,1,1,8,7,0,1
"ST5  1",2995,2650,1,0,0,0,0,0,0,0,0,7,2,5,36,1,5,17,2,2,2,0,0,5,0,2,0,0,0,0,0,0,0,0,3,1,1,0,0,1,0,0,0,5,73,3,26,0,3,22,1,0,49,11,6,2,0,15,0,1,2,0,1,9,0,2,114,2,10,60,12,0,2,11,2,15,0,2,0,0,0,0,14,0,4,0,0,0,0,0,1,0,0,5,0,0,0,4,0,0,5,5,0,0
"ST5  2",8909,8542,3,0,0,0,0,0,0,0,0,7,15,4,92,0,8,59,12,0,5,0,0,3,0,3,0,0,1,0,1,0,0,0,1,0,1,0,0,0,0,0,0,4,17,4,30,0,2,10,15,3,98,18,3,2,0,12,8,0,7,24,8,15,0,1,68,2,2,29,3,0,1,6,2,23,0,0,0,0,0,0,9,0,1,0,0,1,0,0,0,0,0,0,0,0,5,2,12,12,3,2,0,1
"ST5  3",9305,9121,3,0,0,0,0,0,0,0,0,7,1,1,19,2,2,2,1,3,0,2,0,2,0,3,1,0,0,0,0,0,0,1,6,1,3,0,1,1,0,0,0,2,5,14,23,1,3,6,9,4,59,18,4,7,0,8,2,3,0,10,4,1,0,2,37,2,4,12,7,0,2,3,0,7,0,0,0,0,0,0,3,0,0,0,0,0,0,1,1,0,0,1,0,0,0,0,1,1,3,2,0,1
"ST5  4",6036,5885,3,0,0,0,0,0,0,0,0,3,0,2,21,1,2,11,0,0,0,0,0,0,0,2,0,0,3,0,0,0,2,0,0,0,0,0,0,0,0,0,0,0,9,6,8,0,4,3,0,1,52,13,5,8,0,1,0,6,4,8,5,0,0,2,38,1,17,14,4,0,0,1,0,1,0,1,0,0,0,0,4,0,0,0,0,1,2,0,0,0,0,1,0,0,0,0,1,1,3,2,1,0
"ST5  5",5858,5119,4,1,1,0,0,0,0,0,0,17,7,17,92,8,14,23,2,0,1,2,0,3,2,19,4,7,0,3,0,0,0,4,3,0,1,2,0,0,0,0,0,27,24,8,15,0,0,8,3,4,64,14,8,7,2,3,6,0,7,7,2,5,0,3,442,14,66,304,1,3,10,4,36,1,3,0,0,0,0,0,18,0,0,3,0,0,0,1,2,0,0,8,0,3,0,1,0,0,0,0,0,0
"ST5  6",8459,8279,1,2,1,0,0,0,0,1,0,4,10,1,74,2,3,48,3,0,0,2,4,3,0,5,3,0,0,0,0,0,0,1,1,0,0,0,0,1,0,0,0,0,15,5,9,1,8,0,0,0,19,0,0,2,0,10,0,0,0,0,0,7,0,0,35,0,5,14,0,0,2,3,0,11,0,0,0,0,0,0,2,0,0,0,0,0,0,0,0,0,0,0,0,0,2,0,0,0,2,1,1,0
"ST5  7",11137,10864,1,2,0,0,0,0,0,2,0,1,3,5,153,3,3,129,6,0,5,1,0,2,0,0,2,2,0,0,0,0,0,0,2,0,0,1,0,1,0,0,0,2,6,1,7,0,4,1,2,0,43,4,6,4,0,7,0,0,0,1,9,11,0,1,33,0,10,14,0,0,0,3,0,6,0,1,0,0,0,0,2,0,0,1,0,0,0,0,0,0,0,0,1,0,0,0,1,1,10,9,0,1
"ST5  8",11154,10995,3,0,0,0,0,0,0,0,0,3,2,0,59,6,1,41,5,0,0,0,1,1,0,3,0,0,1,0,0,0,0,0,0,0,0,0,0,0,0,0,0,7,7,0,4,1,1,1,1,0,36,7,6,1,0,3,0,0,4,0,6,9,0,0,31,2,10,5,4,0,2,4,1,3,0,0,0,0,0,0,3,0,0,0,0,0,0,0,0,1,0,1,0,0,0,1,0,0,4,4,0,0
"ST5  9",7263,7039,1,1,0,0,0,1,0,0,0,3,4,1,75,3,2,44,20,0,0,1,2,0,0,2,1,0,0,0,0,0,0,0,2,0,2,0,0,0,0,0,0,5,20,8,10,0,1,9,0,0,49,9,3,8,0,10,0,0,2,10,3,3,0,1,31,0,7,14,0,0,1,0,0,8,1,0,0,0,0,0,2,0,0,0,0,0,0,0,0,0,0,1,0,0,1,0,4,4,8,8,0,0
"ST6  1",6896,6579,0,0,0,0,0,0,0,0,0,3,5,1,112,4,1,82,1,5,7,0,2,7,3,0,0,0,0,0,0,0,0,0,0,0,0,0,0,0,0,0,0,5,13,3,60,0,55,4,1,0,52,17,2,7,3,4,0,0,0,14,4,0,0,1,26,0,1,11,0,0,0,4,0,9,1,0,0,0,0,0,32,13,0,2,0,0,0,3,1,1,0,6,0,2,0,4,0,0,5,5,0,0
"ST6  2",2713,2018,2,0,0,0,0,0,0,0,0,8,0,1,74,3,0,35,8,4,1,1,3,11,3,3,1,0,1,0,0,0,0,0,0,0,0,0,0,0,0,0,0,2,11,28,137,0,114,16,7,0,334,173,0,61,8,70,2,0,0,1,0,1,0,18,61,6,1,8,0,0,3,0,7,36,0,3,0,0,0,0,28,3,3,0,0,0,0,0,2,1,0,6,0,0,1,12,0,0,6,4,1,1
"ST6  3",3214,2597,0,0,0,0,0,0,0,0,0,7,2,1,144,7,1,98,17,0,7,3,0,4,0,3,3,0,0,0,0,0,0,1,0,0,0,0,0,0,0,0,0,3,13,11,78,0,56,13,7,2,300,152,0,68,15,56,1,0,0,3,0,0,0,5,25,4,0,13,0,0,0,0,1,7,0,3,0,0,0,0,26,3,4,2,0,0,0,0,0,0,0,14,0,1,0,2,0,0,4,4,0,0
"ST6  4",4534,3996,2,1,0,0,0,0,0,1,0,1,1,2,244,6,3,190,13,7,3,8,0,12,2,0,0,0,0,0,0,0,0,0,0,0,0,0,0,0,0,0,0,3,13,9,52,0,33,8,7,4,151,62,0,38,3,27,5,0,3,4,0,2,3,4,35,1,2,20,0,0,4,1,0,7,0,8,0,0,0,0,15,0,0,4,0,1,3,0,0,0,0,1,0,0,4,2,0,0,1,1,0,0
"ST6  5",9503,9040,0,0,0,0,0,0,0,0,0,3,3,1,80,1,3,59,9,0,0,4,0,1,2,0,0,0,0,1,0,0,0,0,2,0,0,0,0,2,0,0,0,4,8,10,49,0,18,19,11,1,230,122,1,70,20,6,2,0,0,6,0,2,0,1,39,3,0,11,1,0,0,1,2,21,0,0,0,0,0,0,27,5,1,1,0,5,1,0,1,0,0,4,0,4,5,0,2,2,5,4,1,0
"ST6  6",13458,12725,0,1,0,0,0,0,0,1,0,10,9,3,129,2,5,88,10,1,2,5,3,3,0,2,0,4,0,2,2,0,0,0,1,1,0,0,0,0,0,0,0,15,14,11,41,0,25,12,4,0,404,202,2,125,19,23,2,0,0,12,11,0,0,8,63,6,4,14,0,0,2,4,0,33,0,0,0,0,0,0,20,0,0,0,0,0,0,0,3,0,1,10,0,1,1,4,4,4,8,8,0,0
"ST6  7",9024,8767,0,0,0,0,0,0,0,0,0,8,11,0,55,2,1,41,4,0,0,1,1,2,0,2,0,0,0,0,0,0,1,0,6,3,2,1,0,0,0,0,0,7,7,1,22,0,19,1,2,0,85,36,0,22,1,13,0,0,0,6,0,4,2,1,23,0,3,2,0,0,0,0,0,18,0,0,0,0,0,0,28,10,0,1,0,0,0,0,0,0,0,1,0,0,7,9,1,1,3,3,0,0
"ST6  8",12021,11851,0,2,0,0,0,0,1,1,0,2,3,5,64,3,2,33,3,4,1,2,1,2,4,6,2,0,0,0,0,0,0,1,2,1,0,0,0,1,0,0,0,2,7,8,4,0,0,4,0,0,41,16,0,5,0,5,0,0,0,10,2,2,0,1,17,3,0,2,1,0,0,5,1,4,1,1,0,0,0,0,2,0,1,0,0,0,0,0,0,0,0,1,0,0,0,0,0,0,10,9,1,0
"ST7  1",10685,10610,4,0,0,0,0,0,0,0,0,1,3,0,32,2,1,26,1,0,1,0,0,0,0,0,0,1,0,0,0,0,0,0,0,0,0,0,0,0,0,0,0,1,5,0,2,1,1,0,0,0,9,4,0,0,0,3,0,2,0,0,0,0,0,0,10,0,6,2,0,0,0,2,0,0,0,1,0,0,0,0,6,0,0,0,0,0,0,0,0,0,0,3,0,3,0,0,0,0,1,0,0,1
"ST7  2",11585,11473,0,1,0,0,0,0,0,1,0,5,1,9,33,0,2,18,0,2,0,1,0,1,2,3,2,2,0,0,0,0,0,0,3,0,0,3,0,0,0,0,0,2,9,1,2,1,0,0,0,1,11,0,1,1,0,0,1,0,0,1,0,0,6,1,30,0,7,18,1,0,1,1,0,2,0,0,0,0,0,0,1,0,0,0,0,0,0,0,0,0,0,0,1,0,0,0,2,2,2,1,0,1
"ST7  3",7294,7247,1,0,0,0,0,0,0,0,0,2,3,4,15,2,1,7,0,1,1,0,0,3,0,0,0,0,0,0,0,0,0,0,0,0,0,0,0,0,0,0,0,2,3,3,0,0,0,0,0,0,1,0,1,0,0,0,0,0,0,0,0,0,0,0,10,0,0,6,0,0,0,1,1,1,1,0,0,0,0,0,1,0,0,0,0,0,0,0,0,0,0,0,1,0,0,0,0,0,2,2,0,0
"ST7  4",14152,14071,0,0,0,0,0,0,0,0,0,1,1,0,23,2,0,15,1,0,0,1,0,1,2,0,1,0,0,0,0,0,0,0,1,0,1,0,0,0,0,0,0,2,18,0,0,0,0,0,0,0,14,2,1,8,0,0,0,0,0,3,0,0,0,0,12,0,2,6,0,0,0,0,0,4,0,0,0,0,0,0,0,0,0,0,0,0,0,0,0,0,0,0,0,0,0,0,1,1,8,7,1,0
"ST7  8",7670,7620,1,0,0,0,0,0,0,0,0,1,0,1,25,0,2,18,0,0,4,0,0,0,0,0,1,0,0,0,0,0,0,0,1,0,0,0,0,1,0,0,0,1,0,0,2,0,1,1,0,0,5,2,0,2,0,0,1,0,0,0,0,0,0,0,8,0,1,0,1,0,2,2,1,1,0,0,0,0,0,0,2,0,0,0,0,0,0,0,0,0,0,0,0,0,0,2,0,0,3,2,1,0
"ST8  6",10794,10729,0,0,0,0,0,0,0,0,0,2,1,2,29,5,1,16,0,0,1,4,0,0,0,0,0,0,0,1,0,0,1,0,0,0,0,0,0,0,0,0,0,1,1,0,0,0,0,0,0,0,8,3,0,1,0,0,0,0,0,0,4,0,0,0,12,0,1,7,0,0,0,2,0,0,2,0,0,0,0,0,1,0,0,0,0,0,0,0,0,0,0,1,0,0,0,0,0,0,8,6,0,2
"ST8  7",8923,8875,2,0,0,0,0,0,0,0,0,1,3,2,17,3,3,7,1,0,0,0,0,0,0,1,2,0,0,0,0,0,0,0,0,0,0,0,0,0,0,0,0,3,0,0,1,0,0,1,0,0,2,2,0,0,0,0,0,0,0,0,0,0,0,0,11,1,0,3,2,1,1,1,0,1,1,0,0,0,0,0,1,0,0,0,0,0,0,0,0,0,0,0,0,0,1,0,2,2,3,2,0,1
"ST9  0",6012,5978,1,0,0,0,0,0,0,0,0,0,1,1,11,0,2,6,1,0,0,0,0,0,2,0,0,0,0,0,0,0,0,0,0,0,0,0,0,0,0,0,0,0,0,0,2,0,0,0,2,0,6,0,0,0,0,0,0,0,0,6,0,0,0,0,10,3,4,1,0,0,0,2,0,0,0,0,0,0,0,0,1,0,0,1,0,0,0,0,0,0,0,0,0,0,0,0,0,0,1,1,0,0
"ST9  9",5403,5366,1,0,0,0,0,0,0,0,0,2,0,3,21,1,0,18,0,1,0,0,0,0,0,0,1,0,0,0,0,0,0,0,1,1,0,0,0,0,0,0,0,1,0,1,0,0,0,0,0,0,2,1,0,1,0,0,0,0,0,0,0,0,0,0,2,0,1,1,0,0,0,0,0,0,0,0,0,0,0,0,0,0,0,0,0,0,0,0,0,0,0,0,0,0,0,0,1,1,2,2,0,0
"SW10 0",8705,6436,3,0,0,0,0,0,0,0,0,271,125,238,462,152,88,59,5,1,5,5,1,12,19,16,30,50,10,4,0,0,2,3,113,67,28,4,2,12,0,0,0,58,59,313,146,4,43,74,0,25,121,25,4,2,0,54,14,0,0,2,0,3,5,12,243,5,22,30,31,3,8,20,7,105,12,0,0,0,0,0,110,30,13,36,0,5,2,2,3,2,7,0,0,1,2,7,4,4,3,2,1,0
"SW10 9",9100,6606,4,1,0,1,0,0,0,0,0,573,88,281,920,368,155,48,3,6,15,9,2,7,21,63,64,115,24,10,4,1,0,5,53,9,13,1,7,23,0,0,0,57,34,123,63,3,0,44,3,13,37,10,8,0,0,4,1,0,0,5,0,5,3,1,216,7,13,31,43,16,1,26,5,65,9,0,0,0,0,0,40,3,16,3,0,1,0,0,3,0,0,0,10,0,1,3,4,4,0,0,0,0
"SW11 1",9084,8113,3,0,0,0,0,0,0,0,0,202,39,84,314,94,57,51,6,5,4,5,3,5,8,21,11,19,7,6,2,1,1,8,31,8,9,2,0,12,0,0,0,14,14,27,17,0,1,13,1,2,54,8,1,1,0,24,17,0,0,2,1,0,0,0,83,7,5,20,10,5,2,6,0,26,2,0,0,0,0,0,80,5,3,31,0,18,3,0,3,4,0,2,8,0,1,2,6,6,3,2,1,0
"SW11 2",13371,10901,2,3,0,0,0,0,0,3,0,212,197,224,666,209,59,176,36,15,8,13,5,32,35,14,17,26,3,3,6,3,0,6,67,22,32,2,7,4,0,0,0,42,23,88,72,3,15,32,14,8,244,92,13,9,0,44,35,4,0,21,10,5,4,7,207,6,11,37,15,9,7,11,4,99,8,0,0,0,0,0,396,26,15,214,0,53,12,10,5,8,1,4,3,9,25,11,17,17,10,8,2,0
"SW11 3",11249,9062,1,1,1,0,0,0,0,0,0,209,132,207,790,304,87,152,19,17,15,20,7,32,24,38,17,32,12,3,2,2,1,6,88,26,38,2,5,17,0,0,0,50,28,91,59,1,6,46,0,6,90,25,11,3,0,12,16,0,1,14,6,2,0,0,184,7,17,25,24,13,3,15,1,75,4,0,0,1,1,0,235,9,13,103,1,35,15,11,4,9,2,0,14,1,9,9,10,10,11,10,1,0
"SW11 4",7842,6348,2,2,2,0,0,0,0,0,0,241,115,123,576,190,80,101,23,7,8,13,1,14,17,24,31,23,23,11,0,5,1,4,39,3,16,5,4,11,0,0,0,68,21,47,30,4,1,22,3,0,48,5,4,10,0,10,6,1,0,5,4,2,0,1,118,6,5,17,19,10,3,5,2,45,6,0,0,1,1,0,53,3,2,38,0,3,0,0,0,1,0,0,1,1,2,2,4,4,6,5,1,0
"SW11 5",16390,13619,9,2,1,0,0,0,0,1,0,342,204,253,848,258,83,219,20,24,16,34,10,34,50,16,27,28,12,8,5,0,1,3,97,44,22,7,14,10,0,0,0,63,34,82,47,1,7,28,5,6,181,74,10,25,0,15,23,0,0,14,11,2,5,2,277,6,7,43,33,8,11,24,5,126,14,1,0,0,0,0,320,19,12,176,3,38,9,15,0,8,3,3,3,5,10,16,5,5,6,4,0,2
"SW11 6",10465,9400,2,1,0,0,0,0,0,1,0,400,24,77,346,91,65,42,9,7,6,2,0,5,5,31,29,38,6,5,1,0,1,3,20,3,8,0,1,8,0,0,0,23,13,13,11,1,4,5,0,1,41,9,0,4,0,12,7,0,0,5,0,1,0,3,55,5,2,11,12,2,0,6,2,13,2,0,0,0,0,0,31,2,1,17,0,4,0,0,1,0,0,0,4,0,0,2,5,5,3,2,0,1
"SW12 0",7431,6610,3,4,1,0,0,0,0,0,3,96,70,107,237,57,34,69,8,4,14,5,4,5,14,9,6,2,2,0,0,0,4,0,16,8,4,0,0,4,0,0,0,16,9,23,8,1,6,1,0,0,107,23,3,10,0,35,30,0,0,2,0,1,1,2,35,0,14,8,5,4,0,1,0,3,0,0,0,0,0,0,82,8,7,24,0,8,7,0,1,0,4,0,7,3,7,6,8,8,0,0,0,0
"SW12 8",12235,11076,4,2,2,0,0,0,0,0,0,192,46,83,368,84,51,99,8,7,3,10,6,16,5,13,25,23,4,5,3,1,4,1,16,4,1,1,1,9,0,0,0,25,6,33,26,2,2,18,2,2,158,52,3,22,1,34,29,1,0,9,1,1,3,2,80,5,8,12,6,4,10,4,0,30,1,0,0,0,0,0,109,2,12,54,0,7,9,3,4,0,0,0,10,3,1,4,6,6,5,3,2,0
"SW12 9",10469,9327,7,1,1,0,0,0,0,0,0,120,69,92,297,56,41,76,11,9,3,6,2,9,9,12,19,19,15,3,0,2,3,2,20,3,10,2,0,5,0,0,0,22,11,41,25,0,13,9,2,1,215,82,8,26,0,23,48,0,0,7,3,0,1,17,78,5,12,23,14,1,5,6,1,7,4,0,0,0,0,0,111,4,8,56,0,14,2,8,1,2,2,0,6,2,0,6,17,17,16,12,2,2
"SW13 0",6479,5924,4,0,0,0,0,0,0,0,0,49,28,48,246,35,34,37,8,5,7,4,0,4,12,10,15,64,5,2,3,0,0,1,25,11,7,0,4,3,0,0,0,12,12,13,29,3,1,22,0,3,23,3,1,2,0,6,4,0,0,2,0,2,1,2,54,1,3,9,15,0,1,9,1,13,2,0,0,0,0,0,9,0,0,3,0,0,0,0,0,0,0,0,4,0,1,1,3,3,0,0,0,0
"SW13 8",1827,1475,0,0,0,0,0,0,0,0,0,28,6,29,147,15,31,12,1,2,0,2,0,1,1,8,9,60,0,5,0,0,0,0,15,0,5,0,0,10,0,0,0,30,6,4,18,2,2,13,0,1,23,6,4,0,0,3,5,0,0,2,0,2,1,0,42,0,5,12,18,2,0,1,1,1,2,0,0,0,0,0,1,0,0,0,0,0,0,0,0,0,0,0,1,0,0,0,3,3,0,0,0,0
"SW13 9",7110,6184,2,0,0,0,0,0,0,0,0,66,18,65,414,53,39,72,20,1,6,11,2,10,8,11,13,142,15,6,3,1,0,1,53,18,23,1,5,6,0,0,0,16,5,64,87,5,14,55,3,10,33,0,0,13,0,11,4,0,0,3,0,1,1,0,71,3,1,11,18,5,1,7,1,14,10,0,0,0,0,0,25,5,3,4,0,0,0,0,0,0,3,0,2,0,0,8,7,7,0,0,0,0
"SW14 7",7193,6437,1,0,0,0,0,0,0,0,0,33,50,45,318,35,74,78,26,4,2,4,0,6,18,9,9,26,14,12,0,1,0,0,29,9,8,0,4,8,0,0,0,16,9,32,63,3,8,47,0,5,63,12,3,4,1,11,12,0,0,4,0,16,0,0,73,1,5,19,14,6,0,19,1,7,1,0,0,1,1,0,22,7,1,0,0,0,0,0,1,0,0,0,9,0,2,2,1,1,0,0,0,0
"SW14 8",8724,7951,6,0,0,0,0,0,0,0,0,59,27,49,412,47,87,101,12,11,3,6,2,19,19,8,27,48,11,8,0,0,0,3,30,11,6,3,0,10,0,0,0,8,11,34,29,1,0,21,2,5,38,0,2,3,0,9,14,0,0,3,2,3,0,2,56,4,4,15,14,4,0,11,0,2,2,0,0,0,0,0,10,0,2,0,0,0,0,0,0,0,0,0,4,0,0,4,2,2,2,1,1,0
"SW15 1",9567,8636,1,1,1,0,0,0,0,0,0,135,65,106,362,73,55,79,17,15,9,9,2,11,7,18,29,28,6,3,0,0,0,1,20,2,9,3,0,6,0,0,0,16,17,17,16,2,0,12,1,1,48,20,1,3,0,6,10,2,0,3,1,1,0,1,88,1,8,16,15,9,4,19,0,16,0,0,0,0,0,0,36,5,3,12,0,5,0,0,1,0,0,0,9,0,1,0,2,2,1,0,0,1
"SW15 2",9974,8554,2,2,1,0,0,1,0,0,0,155,114,148,478,105,79,122,23,15,4,17,5,16,6,28,20,22,6,5,2,0,0,3,31,8,10,1,0,12,0,0,0,48,22,28,41,2,3,27,2,7,111,48,10,2,0,14,18,3,2,2,0,0,5,7,196,11,7,35,58,7,8,54,2,12,2,0,0,0,0,0,39,6,3,9,0,2,0,3,1,0,0,0,13,0,0,2,2,2,3,3,0,0
"SW15 3",11117,8610,1,1,1,0,0,0,0,0,0,105,171,148,860,104,84,426,23,17,11,13,11,59,37,24,13,26,4,6,0,0,0,2,68,21,26,6,3,12,1,0,1,41,43,169,162,0,28,119,3,12,317,155,19,16,1,28,37,5,1,19,4,10,12,10,279,4,7,32,69,38,6,38,5,75,5,1,0,0,0,0,135,5,0,69,0,6,6,4,3,4,5,2,14,0,5,12,2,2,3,0,0,3
"SW15 4",9857,7204,1,6,1,0,0,0,0,0,5,110,123,156,937,57,35,550,35,26,39,34,15,65,35,7,13,8,5,0,10,0,2,1,105,45,20,4,3,33,0,0,0,53,132,128,97,3,13,52,10,19,273,182,6,8,3,24,7,0,0,21,2,2,7,11,254,3,9,22,10,10,12,29,4,147,8,0,0,0,0,0,260,14,7,121,1,18,5,10,12,20,4,1,6,7,20,14,13,13,5,1,2,2
"SW15 5",9531,7851,3,0,0,0,0,0,0,0,0,77,114,100,662,77,63,275,23,20,21,19,2,50,24,22,19,21,7,5,6,2,4,2,64,18,6,1,8,31,0,0,0,37,35,80,72,2,5,53,0,12,204,108,5,12,0,15,25,1,0,14,0,5,14,5,163,7,4,44,23,17,3,21,1,40,3,0,0,0,0,0,60,8,0,18,0,2,5,0,0,1,3,1,8,1,2,11,2,2,7,4,0,3
"SW15 6",7987,6880,2,0,0,0,0,0,0,0,0,95,75,134,402,66,40,144,8,26,6,13,4,20,10,6,20,17,8,5,3,0,5,1,31,4,8,3,4,12,0,0,0,27,21,34,35,0,0,21,9,5,94,32,13,1,0,8,12,1,0,18,1,0,7,1,95,1,5,19,32,4,3,15,2,12,2,0,0,0,0,0,59,2,2,16,1,8,3,3,0,1,0,0,17,0,2,4,1,1,2,2,0,0
"SW16 1",10262,7925,2,1,1,0,0,0,0,0,0,105,205,148,1058,136,45,648,21,19,29,27,4,38,33,10,13,16,4,8,3,1,2,1,39,18,8,4,0,9,0,0,0,27,25,54,45,0,13,11,17,4,367,168,14,15,0,30,67,0,2,19,1,8,22,21,79,1,7,15,11,4,2,9,1,27,2,0,0,0,0,0,172,3,21,85,0,12,7,3,3,2,4,1,8,14,1,8,6,6,4,3,1,0
"SW16 2",15584,11809,0,3,2,0,0,0,0,1,0,263,433,312,1635,181,62,953,36,27,88,61,8,57,61,33,12,17,1,7,18,1,6,6,73,38,18,4,0,13,0,0,0,45,40,73,59,0,19,26,12,2,284,101,44,16,1,45,33,2,0,18,0,1,4,19,174,10,31,50,5,1,24,10,2,35,6,0,1,1,1,0,365,11,52,172,0,38,20,4,10,2,19,1,9,6,6,15,9,9,5,1,2,2
"SW16 3",8464,6900,0,1,0,0,0,0,0,0,1,67,117,104,469,75,11,235,7,3,20,19,5,16,11,47,7,1,3,2,2,0,4,1,11,6,3,0,1,1,0,0,0,9,25,36,49,0,7,25,17,0,484,144,36,50,0,34,163,0,3,23,8,3,0,20,47,4,6,15,3,0,9,0,1,9,0,0,2,0,0,0,133,4,11,62,1,13,12,5,2,3,0,2,2,6,4,6,8,8,2,1,0,1
"SW16 4",12875,9699,1,1,0,0,0,0,0,0,1,100,162,87,923,46,27,549,15,11,60,84,1,36,42,24,16,1,4,1,1,0,5,0,20,14,2,2,0,2,1,1,0,29,47,57,125,0,29,48,43,5,1264,478,17,97,0,65,419,2,6,134,22,10,5,9,100,7,12,29,9,5,8,4,3,23,0,0,2,0,0,0,224,5,5,67,0,45,18,11,13,9,8,5,7,1,14,16,19,19,14,5,4,5
"SW16 5",16341,11644,1,2,2,0,0,0,0,0,0,165,336,191,2055,145,33,1284,25,33,105,66,20,98,158,33,27,12,4,3,3,1,5,0,52,21,10,12,2,7,5,5,0,33,38,48,97,3,13,26,46,9,1103,397,33,79,0,76,356,1,5,109,3,2,19,23,139,11,24,41,7,5,7,5,1,33,5,0,1,2,2,0,391,13,29,206,2,68,10,12,9,3,7,5,3,4,9,11,21,21,17,10,3,4
"SW16 6",13406,10363,2,4,4,0,0,0,0,0,0,136,212,133,1265,118,80,779,30,15,32,45,5,44,58,16,20,11,3,4,2,0,1,2,40,12,8,9,5,6,1,0,1,41,22,59,76,2,10,36,27,1,556,267,9,36,0,43,95,0,0,78,3,6,4,15,140,4,12,29,7,5,10,6,2,58,7,0,0,0,0,0,330,19,15,184,1,38,20,3,2,12,4,1,1,5,12,13,14,14,12,10,1,1
"SW17 0",14100,10688,3,3,3,0,0,0,0,0,0,127,159,118,870,80,65,444,28,24,16,35,11,36,67,10,15,18,8,7,3,0,2,1,37,15,11,1,1,9,1,0,1,17,37,79,115,4,7,31,70,3,1118,521,29,41,0,37,211,6,13,195,37,10,4,14,296,3,5,44,23,4,1,11,5,191,9,0,3,2,2,0,397,17,14,248,1,13,8,8,17,12,5,3,13,6,9,23,24,24,6,4,1,1
"SW17 6",1723,1423,0,0,0,0,0,0,0,0,0,11,19,18,135,20,10,68,6,0,3,1,2,3,4,9,1,2,0,3,0,0,2,1,3,2,0,0,0,1,0,0,0,8,0,9,7,0,4,1,2,0,65,49,2,0,0,4,4,0,0,4,2,0,0,0,10,1,1,4,1,0,0,0,0,3,0,0,0,0,0,0,15,1,4,4,0,0,1,1,0,0,0,0,4,0,0,0,0,0,0,0,0,0
"SW17 7",11833,9840,5,2,2,0,0,0,0,0,0,149,93,72,538,87,70,226,5,8,8,10,6,21,5,36,16,19,5,4,3,1,7,1,19,3,8,4,0,4,0,0,0,17,10,23,33,1,6,10,14,2,706,275,19,41,1,58,212,3,3,61,5,3,7,18,132,3,27,32,16,0,2,5,2,38,7,0,1,0,0,0,178,1,14,124,0,8,5,1,2,1,0,0,1,6,2,13,9,9,6,5,0,1
"SW17 8",18605,15123,6,1,1,0,0,0,0,0,0,190,71,155,923,122,63,495,26,14,19,25,4,37,37,21,17,18,8,6,3,2,3,3,37,11,5,9,5,7,0,0,0,20,27,72,137,1,13,39,80,4,1284,551,17,68,2,95,305,3,3,174,10,8,15,33,201,5,28,53,13,4,3,6,2,79,8,0,2,0,0,0,307,15,32,192,0,13,6,4,4,6,2,0,4,4,2,23,34,34,15,11,2,2
"SW17 9",14985,10565,3,1,1,0,0,0,0,0,0,180,142,122,1381,85,66,940,30,14,39,46,10,24,53,13,12,21,9,4,0,1,10,4,61,33,14,9,0,5,0,0,0,33,21,84,90,1,10,26,50,3,1755,518,40,101,0,94,210,2,6,675,45,19,13,32,217,5,16,37,10,1,11,6,4,121,6,0,0,0,0,0,271,1,9,172,2,30,9,6,1,6,2,2,9,7,4,11,44,44,15,12,1,2
"SW18 1",10240,8775,3,1,0,0,0,0,0,1,0,117,124,137,449,85,80,89,16,8,13,16,7,25,17,20,28,27,5,4,7,1,0,1,19,1,9,0,4,5,0,0,0,34,26,50,32,0,3,24,1,4,205,125,13,17,0,8,15,0,2,15,0,0,8,2,192,5,9,47,27,10,2,34,8,47,3,0,0,0,0,0,65,2,5,31,0,5,0,0,1,1,0,2,10,0,6,2,3,3,8,7,1,0
"SW18 2",9291,8090,1,1,0,0,0,0,0,1,0,82,90,76,427,90,50,140,24,15,4,5,4,21,18,10,21,14,2,4,1,0,3,1,20,3,6,2,5,4,0,0,0,17,19,18,16,0,0,10,6,0,209,148,3,9,0,12,16,0,0,13,0,3,2,3,92,5,5,17,7,2,3,14,2,32,5,0,0,0,0,0,109,2,7,65,0,5,2,3,0,3,0,1,12,4,5,0,13,13,11,11,0,0
"SW18 3",13836,12428,4,2,1,0,0,0,0,1,0,130,92,66,504,64,59,178,12,14,43,17,5,31,11,15,11,24,4,2,2,2,9,1,33,13,12,0,0,8,3,3,0,37,12,55,50,4,1,29,14,2,240,134,7,29,0,15,22,0,1,23,0,6,1,2,79,7,6,14,9,4,4,6,2,21,6,0,0,0,0,0,88,1,5,29,1,6,4,1,3,3,0,1,33,0,0,1,11,11,2,0,1,1
"SW18 4",9977,8132,4,1,1,0,0,0,0,0,0,84,108,92,496,82,53,170,23,20,11,8,6,46,28,15,15,9,3,2,0,1,1,3,37,13,12,3,3,6,0,0,0,26,22,44,48,0,7,28,13,0,449,253,16,26,0,36,48,5,0,48,0,9,2,6,151,7,24,26,17,17,10,17,1,26,6,0,0,0,0,0,269,9,8,168,2,17,4,1,0,12,1,4,24,1,12,6,10,10,4,2,2,0
"SW18 5",12648,10561,3,1,0,0,0,1,0,0,0,181,122,145,611,82,103,201,21,13,10,20,9,40,26,18,15,25,20,2,0,0,0,6,37,16,11,2,2,6,0,0,0,34,14,27,32,3,5,13,7,4,637,515,7,46,0,9,28,3,0,13,1,4,0,11,137,5,13,26,21,15,6,26,2,19,4,0,0,0,0,0,95,3,5,39,0,2,0,0,0,1,0,2,36,1,3,3,6,6,5,3,1,1
"SW19 1",9883,8022,2,2,0,0,0,2,0,0,0,122,125,106,678,89,53,261,22,14,18,26,5,40,69,14,12,29,10,8,4,1,1,2,30,9,12,0,0,9,0,0,0,68,31,75,66,1,11,37,9,8,282,67,10,12,0,52,29,7,0,83,8,8,3,3,172,4,14,44,26,28,4,11,9,26,6,0,0,0,0,0,90,2,1,12,0,14,0,2,6,3,2,5,36,0,3,4,8,8,4,4,0,0
"SW19 2",11549,8305,3,1,1,0,0,0,0,0,0,112,178,98,1297,97,67,711,53,28,55,68,14,43,97,19,11,18,7,4,3,0,0,2,61,21,15,13,5,7,0,0,0,65,26,50,88,1,20,38,23,6,879,240,27,18,0,127,72,3,6,309,23,22,24,8,215,7,16,40,22,40,4,27,4,47,8,0,0,0,0,0,146,0,1,28,2,24,2,2,6,12,1,7,45,0,7,9,21,21,4,4,0,0
"SW19 3",10333,8902,1,1,0,0,0,1,0,0,0,101,54,75,433,50,73,156,16,6,10,5,1,25,31,16,15,12,4,10,1,0,1,1,19,4,4,1,3,7,0,0,0,34,27,31,46,2,10,25,0,9,374,110,9,7,0,50,61,5,3,112,2,9,0,6,191,4,8,35,24,78,2,9,4,24,3,0,0,0,0,0,34,0,0,1,0,0,1,0,0,1,1,2,23,0,5,0,9,9,1,1,0,0
"SW19 4",6215,5284,1,1,0,0,0,0,0,1,0,74,37,65,291,44,52,62,23,4,3,10,2,14,10,13,10,16,17,7,3,1,0,0,41,5,7,2,0,27,0,0,0,47,16,28,20,3,0,13,0,4,80,16,8,6,0,16,11,0,1,14,0,5,2,1,199,4,4,25,67,69,3,13,0,11,3,0,0,0,0,0,31,1,0,9,0,3,0,0,0,0,0,0,16,1,1,0,0,0,0,0,0,0
"SW19 5",3850,3193,2,0,0,0,0,0,0,0,0,55,18,32,221,27,41,40,2,5,0,1,1,11,2,9,26,19,31,2,1,2,0,1,17,1,3,1,0,12,0,0,0,14,10,40,19,0,2,14,0,3,79,42,7,6,0,0,10,0,4,2,1,3,2,2,119,1,4,8,64,13,0,6,2,15,6,0,0,0,0,0,31,0,3,4,0,0,0,0,0,0,0,0,16,0,0,8,0,0,0,0,0,0
"SW19 6",11485,8585,5,2,0,0,0,0,1,1,0,140,221,152,943,97,80,451,60,21,8,30,10,60,39,32,14,24,5,4,3,0,2,3,84,17,38,5,5,19,0,0,0,62,36,103,113,2,16,66,21,8,692,552,8,29,0,11,49,2,2,21,8,2,0,8,192,1,10,34,30,28,14,30,4,31,10,0,0,0,0,0,145,1,9,71,0,5,0,4,6,4,1,0,28,3,1,12,6,6,4,2,1,1
"SW19 7",6138,5177,1,0,0,0,0,0,0,0,0,78,18,60,331,46,57,66,9,12,6,3,5,20,13,9,19,25,30,3,4,3,0,1,42,2,7,6,1,26,0,0,0,40,14,23,18,0,0,12,1,5,107,38,10,5,0,7,13,3,0,16,3,8,1,3,206,6,0,25,97,51,1,3,3,15,5,0,1,0,0,0,21,0,0,0,0,2,0,0,0,0,1,0,17,0,0,1,0,0,1,1,0,0
"SW19 8",14564,12345,7,0,0,0,0,0,0,0,0,201,124,149,717,113,84,230,50,19,22,14,2,25,53,27,26,22,10,8,5,3,4,0,42,11,13,1,3,14,0,0,0,84,28,44,44,6,3,24,5,6,425,118,26,28,0,33,39,7,6,111,6,25,15,11,242,12,11,54,34,79,0,16,10,21,5,0,0,0,0,0,103,1,3,12,1,7,1,1,1,2,4,1,66,0,2,1,4,4,5,5,0,0
"SW1A 1",244,169,1,0,0,0,0,0,0,0,0,20,6,5,12,5,1,2,0,0,0,0,0,1,0,1,1,1,0,0,0,0,0,0,3,1,0,0,0,2,0,0,0,3,3,3,3,2,0,1,0,0,4,0,1,0,0,0,0,0,0,1,0,0,0,2,11,0,0,0,0,0,0,0,0,11,0,0,0,0,0,0,1,0,0,0,0,0,0,0,0,0,0,0,0,0,0,1,0,0,0,0,0,0
"SW1E 5",254,174,0,0,0,0,0,0,0,0,0,9,2,3,22,12,4,2,0,1,2,0,0,0,0,1,0,0,0,0,0,0,0,0,1,1,0,0,0,0,0,0,0,17,1,2,1,0,0,1,0,0,0,0,0,0,0,0,0,0,0,0,0,0,0,0,8,0,1,2,4,0,0,1,0,0,0,0,0,0,0,0,13,2,9,0,0,0,0,0,0,0,0,0,0,0,0,2,1,1,0,0,0,0
"SW1E 6",648,570,0,0,0,0,0,0,0,0,0,4,3,9,21,8,4,4,0,0,0,0,0,0,0,1,0,3,1,0,0,0,0,0,6,3,0,3,0,0,0,0,0,3,0,8,2,0,0,2,0,0,10,4,0,3,0,2,0,0,0,0,0,1,0,0,7,1,0,4,0,0,0,0,1,0,1,0,0,0,0,0,4,0,0,1,0,1,0,0,0,0,0,0,2,0,0,0,0,0,1,1,0,0
"SW1H 0",378,243,0,0,0,0,0,0,0,0,0,15,4,4,42,18,13,1,0,0,2,0,0,2,1,3,1,0,1,0,0,0,0,0,4,4,0,0,0,0,0,0,0,7,2,6,2,0,0,2,0,0,5,1,0,0,0,0,1,0,0,0,0,0,3,0,41,0,0,7,31,2,0,1,0,0,0,0,0,0,0,0,2,0,1,0,0,0,1,0,0,0,0,0,0,0,0,0,1,1,0,0,0,0
"SW1H 9",333,236,0,0,0,0,0,0,0,0,0,6,5,2,34,11,7,2,0,0,1,0,0,1,1,2,3,3,2,0,0,0,0,1,2,1,0,1,0,0,0,0,0,12,2,4,2,0,0,2,0,0,7,0,1,0,0,4,0,0,0,2,0,0,0,0,21,1,2,6,9,2,0,1,0,0,0,0,0,0,0,0,0,0,0,0,0,0,0,0,0,0,0,0,0,0,0,0,0,0,0,0,0,0
"SW1P 1",2503,1899,0,0,0,0,0,0,0,0,0,70,54,40,192,80,29,16,1,0,7,0,3,10,2,18,3,6,7,6,0,0,0,4,22,8,7,2,5,0,0,0,0,31,6,29,24,0,7,16,0,1,35,2,9,0,0,13,2,0,1,0,1,0,6,1,64,4,2,23,10,5,7,0,0,11,2,2,0,0,0,0,31,2,10,1,0,2,0,0,2,1,0,2,4,0,2,5,4,4,0,0,0,0
"SW1P 2",3424,2492,0,2,1,0,0,0,0,1,0,106,71,68,209,118,35,9,2,1,2,2,3,5,4,11,6,9,1,1,0,0,0,0,59,29,20,5,0,5,1,0,1,39,14,127,56,0,16,25,3,12,46,10,3,1,0,24,1,0,0,2,0,2,2,1,87,5,11,16,31,4,0,7,3,9,1,0,0,0,0,0,45,15,8,7,0,1,1,0,1,0,1,0,0,3,2,6,2,2,0,0,0,0
"SW1P 3",835,660,0,0,0,0,0,0,0,0,0,26,6,12,76,29,13,12,3,1,0,1,0,1,1,2,8,2,1,2,0,0,0,0,1,0,0,0,0,1,0,0,0,20,0,2,4,0,0,1,0,3,0,0,0,0,0,0,0,0,0,0,0,0,0,0,27,2,5,12,1,2,0,0,0,5,0,0,0,0,0,0,1,0,0,0,0,0,0,0,0,0,0,0,1,0,0,0,0,0,0,0,0,0
"SW1P 4",6324,4639,5,2,1,0,0,0,1,0,0,119,137,158,361,133,61,26,10,6,12,3,4,6,17,34,14,21,2,9,1,0,0,2,93,55,27,3,0,8,0,0,0,98,27,180,85,0,20,35,9,21,148,17,9,0,0,101,10,0,0,2,0,0,6,3,181,10,19,40,42,17,2,7,3,35,6,0,0,0,0,0,78,17,19,25,0,4,4,0,0,0,3,0,2,1,1,2,12,12,1,1,0,0
"SW1V 1",2080,1539,1,0,0,0,0,0,0,0,0,37,25,52,159,44,23,15,0,1,1,2,1,6,9,26,5,17,6,0,1,1,0,1,26,12,10,1,0,3,0,0,0,18,8,51,26,1,6,12,2,5,29,2,2,0,0,17,4,1,0,2,0,0,0,1,96,4,6,29,27,9,0,8,4,8,1,0,0,0,0,0,12,0,3,4,0,1,0,0,0,0,2,0,1,1,0,0,0,0,1,0,0,1
"SW1V 2",5587,4290,3,2,1,1,0,0,0,0,0,171,89,145,385,155,69,44,4,4,3,9,1,8,9,30,13,19,4,6,1,0,4,2,51,28,18,0,0,5,0,0,0,41,23,117,36,1,17,15,0,3,83,6,4,0,0,64,5,0,0,1,0,0,0,3,102,6,8,23,17,10,3,6,0,29,0,0,0,0,0,0,39,13,6,4,0,0,5,0,1,0,3,0,2,1,1,3,4,4,6,6,0,0
"SW1V 3",8296,6173,1,3,0,0,0,3,0,0,0,134,210,209,376,134,58,39,3,5,9,6,6,5,7,32,22,23,13,2,2,3,2,5,100,80,7,3,2,8,0,0,0,67,33,305,160,2,60,73,22,3,210,22,2,0,0,172,5,0,0,4,2,1,1,1,209,5,8,49,23,50,4,8,8,44,10,0,1,0,0,0,97,29,23,28,1,3,2,0,1,0,2,0,2,0,2,4,2,2,6,6,0,0
"SW1V 4",5916,4659,2,0,0,0,0,0,0,0,0,146,103,147,330,130,45,36,9,1,1,5,3,8,8,28,10,21,11,5,0,5,1,3,55,28,16,1,2,8,0,0,0,41,14,142,52,1,31,15,3,2,78,12,3,0,0,57,2,0,1,2,0,0,0,1,83,2,8,18,17,1,0,3,0,29,5,0,0,0,0,0,44,15,11,4,0,1,2,0,1,2,1,0,1,3,0,3,16,16,4,1,0,3
"SW1W 0",674,482,0,0,0,0,0,0,0,0,0,21,19,13,71,25,14,4,1,0,4,1,2,5,1,1,6,0,5,0,1,0,1,0,3,0,0,0,0,3,0,0,0,5,1,9,7,1,1,3,0,2,11,2,0,0,0,5,2,0,2,0,0,0,0,0,32,0,0,4,17,1,0,0,0,10,0,0,0,0,0,0,0,0,0,0,0,0,0,0,0,0,0,0,0,0,0,0,0,0,0,0,0,0
"SW1W 8",5370,3853,0,1,1,0,0,0,0,0,0,153,111,169,375,116,63,39,2,4,10,12,5,6,9,24,18,46,11,5,2,1,2,0,49,24,10,4,0,11,0,0,0,68,49,168,85,1,34,42,0,8,50,2,0,0,0,32,4,0,0,0,2,8,1,1,177,5,5,19,46,22,0,11,4,56,9,0,0,0,0,0,59,28,8,10,0,0,1,4,0,0,2,0,2,0,0,4,3,3,0,0,0,0
"SW1W 9",2226,1567,0,0,0,0,0,0,0,0,0,74,53,106,136,45,33,7,0,1,2,2,2,0,4,10,9,6,11,2,0,0,2,0,14,5,4,1,0,4,0,0,0,36,6,49,15,1,8,4,2,0,83,14,1,0,0,51,6,0,0,0,5,0,6,0,73,1,1,6,27,3,0,4,1,24,6,0,0,0,0,0,14,6,1,5,0,0,0,0,1,0,0,0,0,0,0,1,0,0,0,0,0,0
"SW1X 0",1843,1226,0,0,0,0,0,0,0,0,0,107,65,52,194,76,30,5,0,5,2,0,0,2,2,21,20,12,14,0,0,1,0,4,13,1,7,1,0,4,0,0,0,35,21,47,23,0,1,16,1,5,10,1,1,0,0,0,0,0,0,0,0,0,8,0,42,0,4,8,7,3,0,5,0,7,8,0,0,0,0,0,2,0,0,0,0,0,0,1,0,0,0,0,0,0,0,1,6,6,0,0,0,0
"SW1X 7",966,686,0,0,0,0,0,0,0,0,0,31,24,18,91,32,16,9,4,2,0,1,0,0,0,8,4,8,6,0,0,0,0,1,13,3,3,0,0,7,0,0,0,23,2,24,10,2,0,6,0,2,8,0,5,0,0,0,0,0,0,1,0,1,1,0,31,2,3,8,2,3,0,1,1,8,3,0,0,0,0,0,4,2,0,0,0,0,0,0,0,0,0,0,2,0,0,0,1,1,0,0,0,0
"SW1X 8",1405,900,0,0,0,0,0,0,0,0,0,72,72,82,135,26,22,11,1,0,2,0,0,12,0,23,10,16,6,2,1,1,0,2,8,2,2,0,0,4,0,0,0,24,16,13,19,2,0,8,0,9,11,0,3,0,0,2,0,0,0,0,0,3,2,1,49,4,0,4,11,1,0,1,10,13,5,0,0,0,0,0,2,0,0,1,0,0,0,0,0,0,0,0,1,0,0,0,2,2,0,0,0,0
"SW1X 9",1621,1082,0,0,0,0,0,0,0,0,0,66,31,54,160,53,28,12,2,1,0,1,0,2,0,25,1,24,4,3,1,0,0,3,8,0,1,0,0,7,0,0,0,36,8,80,21,2,0,14,0,5,22,16,0,0,0,0,0,0,0,0,0,0,3,3,50,0,1,12,11,0,0,8,0,14,4,0,0,0,0,0,1,1,0,0,0,0,0,0,0,0,0,0,0,0,0,0,2,2,0,0,0,0
"SW1Y 4",293,209,0,0,0,0,0,0,0,0,0,15,2,6,28,6,6,1,1,0,0,1,2,0,0,6,0,5,0,0,0,0,0,0,0,0,0,0,0,0,0,0,0,8,0,8,2,2,0,0,0,0,1,0,0,0,0,1,0,0,0,0,0,0,0,0,12,2,1,1,4,0,0,0,0,4,0,0,0,0,0,0,0,0,0,0,0,0,0,0,0,0,0,0,0,0,0,0,2,2,0,0,0,0
"SW1Y 6",248,182,0,0,0,0,0,0,0,0,0,9,2,5,26,8,10,0,0,0,0,0,0,2,0,4,2,0,0,0,0,0,0,0,4,1,0,1,0,2,0,0,0,6,0,3,2,0,0,0,0,2,1,0,0,0,0,0,0,0,0,1,0,0,0,0,6,0,0,0,4,0,0,1,0,1,0,0,0,0,0,0,2,0,0,0,0,0,0,0,0,0,0,0,0,0,0,2,0,0,0,0,0,0
"SW2  1",7025,5727,4,0,0,0,0,0,0,0,0,160,224,160,322,86,48,92,9,4,6,8,5,5,8,18,10,9,4,3,0,2,1,4,15,8,5,0,0,2,0,0,0,8,15,41,7,0,3,0,4,0,52,13,1,1,0,19,7,0,0,1,0,0,10,0,78,3,12,29,9,2,11,3,3,4,2,0,0,3,3,0,202,11,31,60,1,27,21,5,6,0,8,2,2,8,13,7,5,5,2,1,0,1
"SW2  2",11484,9370,3,1,1,0,0,0,0,0,0,202,395,348,492,129,59,157,20,5,7,7,5,8,6,20,19,21,9,10,1,0,5,4,30,11,10,2,1,6,0,0,0,11,14,60,27,1,9,7,7,3,80,33,4,8,0,26,6,0,0,2,0,0,1,0,98,12,16,28,4,1,11,7,0,19,0,1,0,1,1,0,319,22,60,95,2,51,38,2,6,2,11,0,6,7,8,9,24,24,8,7,0,1
"SW2  3",13087,10246,3,2,1,0,0,0,0,1,0,235,513,374,767,148,52,314,28,13,14,23,4,46,39,26,13,31,4,1,2,0,5,4,67,45,10,3,2,7,0,0,0,26,57,54,55,1,23,10,16,5,159,39,11,12,0,61,21,0,0,8,3,1,1,2,110,5,19,19,11,5,10,3,2,33,3,0,0,1,1,0,399,20,45,125,2,52,51,15,0,5,33,6,1,10,19,15,5,5,14,11,2,1
"SW2  4",10723,8318,9,1,0,0,0,1,0,0,0,199,442,400,671,109,59,295,12,8,53,23,10,22,20,24,15,11,2,6,1,1,0,0,32,20,6,3,0,3,0,0,0,27,16,39,23,2,2,13,1,5,145,48,4,7,0,49,12,1,0,10,0,1,4,9,89,8,15,11,17,1,1,9,0,20,7,0,1,0,0,0,287,20,23,92,4,65,24,14,3,2,4,1,7,10,10,8,18,18,6,4,1,1
"SW2  5",9702,8206,2,2,1,0,0,0,1,0,0,152,190,197,468,127,56,145,19,5,2,14,2,10,6,26,11,22,9,3,1,1,4,5,28,14,8,1,0,5,0,0,0,12,16,48,14,1,3,5,5,0,71,12,1,8,0,17,7,0,1,9,5,2,0,9,99,6,17,22,8,2,16,7,0,18,3,0,0,0,0,0,180,14,23,41,1,37,23,2,2,3,4,2,4,7,2,15,6,6,11,10,0,1
"SW20 0",8694,7302,2,0,0,0,0,0,0,0,0,76,42,59,404,45,37,188,7,6,10,13,1,31,11,15,14,13,7,3,0,0,3,0,93,6,1,5,0,81,0,0,0,35,21,44,50,1,5,37,0,7,219,43,7,4,0,24,68,0,3,51,3,10,5,1,282,9,14,43,84,91,1,12,1,25,2,0,0,0,0,0,60,0,1,1,0,0,0,0,0,1,0,7,44,3,1,2,4,4,1,1,0,0
"SW20 8",10017,8618,3,2,2,0,0,0,0,0,0,90,56,83,480,51,58,193,29,20,7,8,1,28,24,8,12,15,13,4,3,2,3,1,85,4,13,1,2,65,0,0,0,43,24,30,24,1,0,16,1,6,171,38,11,9,0,20,34,1,1,38,8,5,4,2,214,8,9,38,65,62,2,10,1,14,5,0,0,0,0,0,79,0,0,3,0,1,0,0,0,0,2,1,68,0,3,1,7,7,8,7,0,1
"SW20 9",8233,7063,3,0,0,0,0,0,0,0,0,52,61,66,366,35,44,137,19,4,26,10,0,25,22,12,8,8,7,0,6,0,1,2,20,6,5,5,0,4,0,0,0,28,24,43,22,0,2,14,2,4,275,64,8,25,0,24,44,0,0,90,7,8,0,5,151,1,4,24,17,80,1,11,3,8,2,0,0,0,0,0,50,0,0,6,1,0,1,0,0,0,1,3,36,0,0,2,8,8,1,1,0,0
"SW3  1",1077,685,0,0,0,0,0,0,0,0,0,77,12,15,125,39,31,5,1,3,1,0,1,1,8,10,11,7,3,3,1,0,0,0,6,0,3,1,0,2,0,0,0,28,10,43,22,0,0,17,0,5,10,4,2,0,0,0,0,0,0,0,0,0,4,0,42,1,0,15,8,0,0,12,0,6,0,0,0,0,0,0,1,1,0,0,0,0,0,0,0,0,0,0,0,0,0,0,1,1,0,0,0,0
"SW3  2",4346,3124,0,1,0,0,1,0,0,0,0,246,68,111,384,160,50,13,0,3,3,15,1,4,1,33,26,52,16,5,0,2,0,0,22,2,7,3,0,10,0,0,0,52,24,113,41,1,11,21,0,8,45,4,2,0,0,27,5,0,0,0,4,0,1,2,94,3,2,16,15,3,2,12,0,33,8,0,0,0,0,0,16,1,2,8,0,0,0,0,2,0,0,0,1,2,0,0,5,5,0,0,0,0
"SW3  3",4210,2973,2,1,0,0,0,0,0,1,0,182,53,113,374,117,46,34,4,4,5,1,1,7,3,94,24,25,6,0,0,0,0,3,30,10,11,1,1,7,0,0,0,53,39,88,73,0,9,45,0,19,31,2,1,0,0,9,2,0,0,1,0,2,8,6,169,2,3,27,76,6,1,16,0,35,3,0,0,0,0,0,25,3,8,8,0,0,0,0,0,2,0,0,3,1,0,0,4,4,0,0,0,0
"SW3  4",4071,3313,1,0,0,0,0,0,0,0,0,128,46,85,281,81,46,20,0,3,0,6,1,8,5,41,20,41,2,3,0,1,2,1,24,5,7,1,3,8,0,0,0,27,15,31,21,1,0,13,0,7,17,3,4,0,0,2,0,0,0,0,1,0,7,0,78,1,0,12,20,0,0,6,2,25,12,0,0,0,0,0,3,0,1,2,0,0,0,0,0,0,0,0,0,0,0,0,1,1,0,0,0,0
"SW3  5",4852,3761,0,2,2,0,0,0,0,0,0,181,67,105,320,126,35,23,3,4,3,1,2,10,3,35,13,46,8,2,0,0,2,4,38,5,21,1,2,9,1,1,0,32,27,84,66,0,14,42,0,10,24,7,2,0,0,3,0,0,0,1,1,0,9,1,114,7,4,15,34,4,0,4,1,41,4,0,0,0,0,0,26,4,2,12,0,0,0,1,0,0,0,0,0,6,1,0,3,3,1,1,0,0
"SW3  6",2948,2134,0,1,0,0,0,0,0,1,0,218,40,79,246,76,46,18,0,2,3,1,0,3,3,15,16,42,17,1,1,0,1,1,27,8,6,2,0,11,0,0,0,9,23,44,20,0,2,14,0,4,18,5,2,0,0,2,3,0,1,1,0,1,2,1,70,0,2,11,12,0,0,5,0,35,5,0,0,0,0,0,15,5,3,3,0,1,0,0,0,0,0,0,2,0,0,1,4,4,0,0,0,0
"SW4  0",6162,5415,1,6,3,0,0,0,0,0,3,166,62,80,220,57,37,35,6,4,5,4,1,7,3,17,17,24,1,2,0,0,0,0,16,1,8,2,0,5,0,0,0,14,8,13,14,1,3,8,1,1,32,8,2,4,0,11,5,0,0,2,0,0,0,0,55,1,6,6,10,3,7,6,2,12,2,0,0,1,0,1,48,5,7,6,3,7,3,2,0,0,0,2,4,2,4,3,9,9,2,1,0,1
"SW4  6",10019,8044,1,5,1,0,0,1,0,2,1,174,386,231,589,130,60,232,11,9,24,11,4,15,16,18,15,13,6,7,2,1,7,8,22,7,7,3,1,4,0,0,0,29,20,70,34,1,15,14,2,2,60,7,1,7,0,29,9,0,0,2,0,0,0,5,96,4,10,27,14,5,17,6,0,12,1,0,0,1,1,0,245,22,45,78,0,33,23,7,1,3,3,0,3,9,11,7,9,9,3,2,1,0
"SW4  7",8208,7034,3,1,0,0,0,1,0,0,0,151,170,155,318,78,51,68,9,6,5,8,6,7,9,24,22,14,0,5,0,0,4,2,18,5,7,0,0,6,0,0,0,10,17,26,6,0,0,6,0,0,52,16,0,2,1,20,2,0,0,8,0,1,0,2,65,6,16,11,7,5,8,0,1,11,0,0,0,0,0,0,167,22,31,54,1,22,12,2,0,0,2,0,6,5,8,2,11,11,4,4,0,0
"SW4  8",6983,5474,2,4,1,0,0,2,1,0,0,116,260,262,300,55,29,112,6,5,8,10,3,11,21,6,4,8,5,5,2,1,4,5,60,48,11,0,1,0,0,0,0,20,17,38,19,0,6,7,5,1,99,15,1,11,0,33,12,3,0,2,0,2,4,16,67,1,8,13,5,0,16,4,0,17,3,0,0,0,0,0,228,23,32,53,4,49,23,3,1,4,8,0,4,8,10,6,12,12,5,2,3,0
"SW4  9",6766,5958,2,1,1,0,0,0,0,0,0,171,90,90,205,47,39,50,1,3,4,3,2,8,11,11,10,10,1,1,0,0,3,1,18,6,5,1,2,4,0,0,0,11,3,11,15,2,2,3,4,4,69,26,4,0,0,27,8,0,0,0,0,2,1,1,56,2,9,18,6,0,3,1,0,8,9,0,0,0,0,0,64,4,11,11,2,16,9,0,1,1,1,2,2,0,1,3,1,1,1,0,1,0
"SW5  0",6748,4203,0,0,0,0,0,0,0,0,0,680,82,200,730,295,149,41,4,9,8,4,0,15,8,47,62,58,17,4,0,0,0,9,51,15,19,1,7,9,0,0,0,61,17,212,90,3,24,49,1,13,38,20,4,2,0,2,1,1,0,2,0,2,0,4,327,21,38,111,42,5,3,27,2,69,9,0,0,0,0,0,50,7,11,12,0,3,0,1,0,0,0,0,3,1,0,12,5,5,2,2,0,0
"SW5  9",8229,5144,0,1,1,0,0,0,0,0,0,463,104,324,828,241,125,129,10,8,21,26,10,39,12,92,37,37,23,5,1,0,0,12,90,38,29,7,5,11,0,0,0,87,29,370,151,3,58,71,5,14,80,27,9,2,0,14,13,1,0,2,1,1,2,8,446,16,20,111,47,8,11,66,10,142,15,0,0,0,0,0,104,23,25,36,0,0,2,2,0,1,0,1,7,0,1,6,5,5,3,2,0,1
"SW6  1",6792,5220,1,5,0,0,0,0,0,4,1,218,71,133,502,148,44,106,5,4,13,11,2,16,20,48,23,40,12,7,2,0,0,1,42,12,25,2,0,3,0,0,0,34,33,95,73,0,22,41,3,7,69,28,3,8,0,3,4,1,0,4,0,1,11,6,180,13,14,28,15,1,3,16,1,66,23,1,0,0,0,0,113,35,16,41,0,2,1,1,0,1,2,3,6,2,0,3,0,0,2,2,0,0
"SW6  2",11986,9540,2,4,2,0,0,1,0,0,1,302,139,208,603,157,77,114,18,13,22,12,4,15,12,55,33,32,19,11,1,0,0,8,106,56,28,6,4,12,0,0,0,73,39,203,185,0,15,130,11,29,90,24,17,5,0,20,9,0,0,0,3,8,2,2,247,9,14,43,29,8,1,23,4,103,13,0,0,0,0,0,237,40,23,142,0,2,7,1,1,2,0,0,6,3,3,7,6,6,2,1,1,0
"SW6  3",8561,6988,1,0,0,0,0,0,0,0,0,481,58,137,445,103,75,56,5,7,15,7,0,8,6,23,46,67,15,3,2,2,0,5,46,14,19,0,2,11,0,0,0,52,21,46,56,1,2,36,3,14,50,4,2,0,0,17,12,7,0,8,0,0,0,0,116,5,10,17,27,3,1,19,2,23,9,0,0,0,0,0,60,9,7,37,0,0,0,0,2,1,0,0,0,0,1,3,3,3,1,1,0,0
"SW6  4",6961,5726,0,0,0,0,0,0,0,0,0,253,56,143,343,118,49,41,4,3,9,6,3,13,14,10,26,32,4,6,4,0,0,1,32,12,7,3,0,10,2,2,0,11,13,84,59,2,12,40,0,5,51,7,2,4,0,15,8,0,1,4,0,3,3,4,81,8,0,13,8,5,3,29,2,10,3,0,0,0,0,0,100,19,13,53,0,2,2,2,1,0,0,0,2,3,0,3,6,6,1,1,0,0
"SW6  5",7316,5854,1,0,0,0,0,0,0,0,0,409,77,117,389,138,41,64,4,8,5,3,2,15,16,20,26,22,18,2,2,2,0,1,38,19,10,2,1,6,0,0,0,29,16,93,41,3,4,29,0,5,65,16,6,0,0,33,3,0,0,3,0,0,0,4,96,1,8,15,10,0,8,23,5,22,4,0,0,0,0,0,87,13,14,44,0,1,2,1,5,0,0,0,2,2,1,2,3,3,1,1,0,0
"SW6  6",10972,9209,1,4,0,0,0,0,0,0,4,393,97,178,609,185,79,99,14,6,20,11,5,20,22,30,46,49,15,5,1,0,0,2,51,12,24,3,1,11,0,0,0,28,24,66,61,4,10,35,1,11,51,11,3,3,0,11,10,1,0,1,0,1,4,6,112,3,0,20,9,1,1,26,1,46,5,0,0,0,0,0,78,20,2,27,0,7,0,2,1,1,0,0,5,6,2,5,6,6,4,3,0,1
"SW6  7",9708,7566,0,5,1,0,0,1,1,1,1,368,141,190,596,157,75,148,13,11,16,17,5,22,9,37,32,41,7,2,0,1,1,2,67,29,24,3,1,10,0,0,0,34,36,141,105,3,26,61,4,11,90,26,6,8,1,19,15,2,0,8,1,2,0,2,130,9,3,25,21,6,5,7,2,40,12,2,0,0,0,0,223,43,23,116,0,7,7,1,3,2,5,0,4,3,1,8,11,11,3,2,1,0
"SW7  1",3654,2474,1,0,0,0,0,0,0,0,0,150,56,79,270,63,44,15,4,4,10,4,3,3,4,67,10,26,5,2,2,2,0,2,27,3,10,7,1,6,0,0,0,68,2,152,65,3,7,37,0,18,44,1,11,1,0,8,2,1,2,5,7,2,2,2,250,8,14,113,21,24,2,13,6,35,14,1,0,1,1,0,13,8,1,1,0,0,0,0,2,0,0,0,0,0,0,1,1,1,0,0,0,0
"SW7  2",2221,1383,1,0,0,0,0,0,0,0,0,242,13,67,179,50,36,12,0,3,10,3,0,1,13,18,8,12,6,6,1,0,0,0,12,0,3,0,2,7,0,0,0,37,11,90,32,4,0,17,0,11,20,8,1,0,0,3,2,0,0,0,0,3,2,1,118,1,11,63,3,5,1,8,13,10,3,1,0,1,0,1,7,1,0,0,0,0,0,0,3,0,0,0,1,0,0,2,5,5,2,1,0,1
"SW7  3",4294,2809,3,0,0,0,0,0,0,0,0,443,56,111,500,186,112,34,6,4,14,3,1,4,5,34,36,40,10,9,0,0,0,2,16,0,4,3,0,9,0,0,0,45,23,36,27,6,3,10,0,8,21,7,5,1,0,2,1,0,1,0,2,2,0,0,195,10,14,78,28,12,0,10,18,23,2,0,0,0,0,0,6,1,0,0,0,0,0,2,0,0,0,1,1,0,0,1,2,2,1,1,0,0
"SW7  4",4211,2728,2,0,0,0,0,0,0,0,0,342,49,150,433,155,96,24,7,1,3,10,0,2,7,31,25,36,24,6,0,1,0,5,13,5,2,0,0,6,0,0,0,62,21,78,68,0,4,46,0,18,18,6,1,0,0,1,1,0,0,2,1,6,0,0,234,15,16,89,42,23,6,29,4,8,2,0,0,0,0,0,11,3,2,3,0,0,0,0,0,0,0,0,2,0,0,1,2,2,0,0,0,0
"SW7  5",4855,3186,2,0,0,0,0,0,0,0,0,445,48,150,473,182,96,16,3,4,4,3,3,7,18,45,36,34,15,6,0,0,0,1,32,11,6,3,0,12,0,0,0,76,18,107,34,9,0,17,0,8,31,4,11,1,0,6,1,0,0,1,0,5,0,2,235,14,19,69,41,14,2,22,25,13,16,0,0,0,0,0,15,2,1,3,0,1,0,0,0,0,0,0,0,6,0,2,3,3,0,0,0,0
"SW8  1",10689,7758,5,1,0,0,0,0,0,0,1,242,714,361,649,188,55,172,21,16,3,36,6,21,22,34,11,22,16,1,3,6,6,10,61,31,15,5,2,8,0,0,0,50,27,72,57,5,24,18,3,7,101,13,10,1,1,54,10,1,0,7,1,1,1,1,236,8,45,58,29,32,17,2,6,37,2,0,1,0,0,0,326,33,56,86,0,38,35,5,5,7,5,2,5,17,6,26,22,22,6,2,2,2
"SW8  2",9818,7241,4,0,0,0,0,0,0,0,0,196,615,301,500,131,62,143,8,11,8,24,1,25,24,20,22,8,1,3,0,2,5,2,49,17,28,2,0,2,0,0,0,61,22,101,42,4,8,20,5,5,98,21,3,6,0,42,12,0,0,6,0,3,1,4,254,7,60,71,9,35,16,17,1,29,9,0,0,0,0,0,325,31,56,95,2,51,26,14,4,0,8,0,3,9,11,15,7,7,2,2,0,0
"SW8  3",6000,5077,1,0,0,0,0,0,0,0,0,107,121,115,243,70,28,60,5,1,5,7,3,10,15,6,12,14,5,1,0,0,0,1,11,1,1,1,2,6,0,0,0,24,23,54,29,0,9,13,0,7,18,6,1,0,0,8,3,0,0,0,0,0,0,0,64,2,13,12,9,3,1,3,0,21,0,1,0,0,0,0,99,13,25,26,0,10,3,1,3,0,0,0,2,3,6,7,5,5,8,5,1,2
"SW8  4",8207,5807,0,6,2,0,0,2,0,2,0,129,342,279,566,152,34,135,14,12,10,12,17,24,48,33,23,27,9,4,1,1,4,6,54,24,4,10,1,15,0,0,0,81,56,129,71,0,15,27,19,10,136,36,2,6,0,47,16,0,0,25,0,1,0,3,248,10,38,62,27,14,12,16,1,62,6,3,0,0,0,0,287,5,34,127,0,35,18,5,3,12,14,1,6,4,12,11,7,7,6,6,0,0
"SW8  5",364,273,0,1,1,0,0,0,0,0,0,8,11,17,16,0,5,0,0,0,0,0,0,1,0,4,3,1,0,0,2,0,0,0,1,0,0,1,0,0,0,0,0,1,11,3,7,1,0,4,0,2,4,2,0,0,0,2,0,0,0,0,0,0,0,0,7,0,0,4,0,1,0,0,2,0,0,1,0,0,0,0,3,0,2,1,0,0,0,0,0,0,0,0,0,0,0,0,0,0,0,0,0,0
"SW9  0",10978,8105,7,5,3,0,0,1,0,1,0,214,720,536,556,129,55,185,11,23,14,17,10,27,10,20,12,17,6,8,5,2,3,2,27,11,3,3,2,8,0,0,0,13,36,72,39,3,7,13,9,7,94,13,10,9,0,35,10,0,1,8,1,3,2,2,186,20,60,46,12,6,17,7,3,8,7,0,0,4,4,0,349,32,68,60,10,61,40,10,5,4,11,2,8,11,9,18,10,10,5,4,1,0
"SW9  6",5721,4508,2,0,0,0,0,0,0,0,0,115,207,188,182,69,14,55,9,5,1,2,1,6,2,6,3,3,0,0,4,0,0,2,14,8,1,4,1,0,0,0,0,8,24,30,24,6,2,11,2,3,33,4,3,2,0,22,2,0,0,0,0,0,0,0,92,7,16,32,4,2,24,1,0,3,3,0,0,0,0,0,266,38,42,59,6,29,20,18,6,8,1,1,5,11,12,10,23,23,5,3,0,2
"SW9  7",8500,6422,2,6,1,0,0,0,0,0,5,198,437,306,244,68,16,91,5,6,3,3,2,16,6,6,4,1,2,1,0,2,8,4,36,20,9,3,0,4,0,0,0,12,28,53,38,0,9,13,14,2,84,14,2,6,0,32,13,0,2,2,0,0,8,5,102,4,22,46,4,1,12,3,1,5,4,0,2,0,0,0,508,35,88,181,3,69,49,16,6,10,10,0,1,10,16,14,19,19,3,1,1,1
"SW9  8",5366,4395,0,2,2,0,0,0,0,0,0,97,156,124,150,54,28,24,3,3,9,5,0,0,3,5,7,4,1,0,0,1,1,2,13,7,2,0,0,4,0,0,0,12,16,25,18,0,4,3,10,1,72,5,3,5,0,44,8,0,2,1,0,0,2,2,60,2,11,12,4,3,12,0,0,15,1,0,0,1,1,0,223,12,39,63,0,26,37,1,0,0,7,6,1,5,14,12,1,1,1,1,0,0
"SW9  9",11236,9024,1,3,1,0,0,2,0,0,0,176,600,271,479,152,51,145,9,1,8,21,8,7,5,16,7,25,7,4,2,0,9,2,34,11,10,12,0,1,0,0,0,10,20,59,37,2,4,26,4,1,95,26,11,9,0,23,11,0,0,4,2,4,0,5,135,9,38,28,8,4,13,10,0,22,3,0,0,2,2,0,261,28,65,69,2,23,19,6,4,2,6,0,5,11,9,12,24,24,5,4,1,0
"SY1  1",1508,1401,0,0,0,0,0,0,0,0,0,4,2,1,64,10,0,32,3,2,6,5,2,3,0,0,1,0,0,0,0,0,0,0,3,0,1,0,0,2,0,0,0,4,7,1,1,0,1,0,0,0,3,1,0,0,0,2,0,0,0,0,0,0,0,0,17,1,0,4,0,0,1,2,0,9,0,0,0,0,0,0,0,0,0,0,0,0,0,0,0,0,0,0,0,0,0,0,0,0,0,0,0,0
"SY1  2",6834,6484,12,1,1,0,0,0,0,0,0,10,12,11,202,6,6,141,6,0,10,10,7,0,12,1,1,2,0,0,0,0,0,0,3,0,0,0,0,3,0,0,0,12,1,4,3,0,1,2,0,0,22,2,0,5,0,1,0,0,0,0,12,0,2,0,50,7,11,4,1,0,0,7,0,20,0,0,0,0,0,0,4,1,0,0,0,0,0,1,0,0,0,0,1,0,0,1,2,2,1,1,0,0
"SY1  3",8076,7889,3,0,0,0,0,0,0,0,0,2,5,3,119,3,5,69,2,1,4,6,14,3,11,0,0,0,0,1,0,0,0,0,1,1,0,0,0,0,0,0,0,5,8,0,0,0,0,0,0,0,9,0,4,0,0,3,0,0,0,0,0,2,0,0,25,1,4,8,0,0,0,2,0,10,0,0,0,0,0,0,2,0,0,0,0,0,0,0,0,0,0,0,1,0,0,1,0,0,5,4,0,1
"SY1  4",9004,8839,4,1,0,0,0,0,0,1,0,0,26,8,86,3,2,57,9,1,1,2,1,0,8,1,0,0,0,0,1,0,0,0,3,2,0,1,0,0,0,0,0,3,3,1,2,0,0,2,0,0,4,1,0,0,0,0,0,0,0,0,1,2,0,0,17,0,0,9,1,0,0,4,0,3,0,1,0,0,0,0,3,0,0,0,0,0,0,0,0,0,0,0,0,0,0,3,0,0,3,3,0,0
"SY10 0",2179,2165,0,0,0,0,0,0,0,0,0,0,0,0,13,0,4,1,0,1,2,1,0,1,1,0,1,0,0,0,0,1,0,0,0,0,0,0,0,0,0,0,0,0,0,0,0,0,0,0,0,0,0,0,0,0,0,0,0,0,0,0,0,0,0,0,1,0,0,1,0,0,0,0,0,0,0,0,0,0,0,0,0,0,0,0,0,0,0,0,0,0,0,0,0,0,0,0,0,0,0,0,0,0
"SY10 7",3968,3871,17,0,0,0,0,0,0,0,0,0,1,4,21,0,5,0,2,0,0,0,0,0,7,0,7,0,0,0,0,0,0,0,0,0,0,0,0,0,0,0,0,1,1,0,0,0,0,0,0,0,2,0,0,0,0,2,0,0,0,0,0,0,0,0,48,0,1,41,1,1,0,2,0,2,0,0,0,0,0,0,1,0,0,0,0,0,0,0,0,0,0,0,1,0,0,0,0,0,1,0,1,0
"SY10 8",3455,3421,11,0,0,0,0,0,0,0,0,0,0,1,14,0,0,7,4,2,0,0,0,0,1,0,0,0,0,0,0,0,0,0,0,0,0,0,0,0,0,0,0,3,0,1,0,0,0,0,0,0,0,0,0,0,0,0,0,0,0,0,0,0,0,0,1,0,0,0,0,0,0,0,0,1,0,0,0,0,0,0,2,0,0,0,0,0,0,0,0,0,0,0,2,0,0,0,0,0,1,0,0,1
"SY10 9",4682,4596,38,0,0,0,0,0,0,0,0,1,3,0,29,0,1,12,6,0,0,0,0,0,6,0,3,0,0,1,0,0,0,0,2,2,0,0,0,0,0,0,0,3,0,2,0,0,0,0,0,0,5,0,0,5,0,0,0,0,0,0,0,0,0,0,3,0,0,0,0,0,1,1,0,0,1,0,0,0,0,0,0,0,0,0,0,0,0,0,0,0,0,0,0,0,0,0,0,0,0,0,0,0
"SY11 1",5817,5475,46,0,0,0,0,0,0,0,0,4,2,4,242,0,3,71,15,1,2,0,1,3,139,2,2,0,0,0,0,2,0,1,0,0,0,0,0,0,0,0,0,2,8,2,0,0,0,0,0,0,10,0,3,0,0,1,5,0,0,0,1,0,0,0,20,1,2,4,1,0,3,4,0,2,3,1,0,0,0,0,0,0,0,0,0,0,0,0,0,0,0,0,0,0,0,0,1,1,0,0,0,0
"SY11 2",10397,9995,57,0,0,0,0,0,0,0,0,3,6,5,219,3,15,103,15,8,2,4,1,1,59,1,3,2,1,0,0,0,0,1,2,0,0,1,1,0,0,0,0,17,1,2,1,0,0,0,1,0,22,2,1,0,0,14,0,0,3,2,0,0,0,0,59,2,25,21,1,2,1,5,1,1,0,0,0,0,0,0,5,0,0,1,0,0,0,0,0,0,0,3,0,1,0,0,1,1,2,1,0,1
"SY11 3",5608,5519,19,0,0,0,0,0,0,0,0,1,0,1,33,2,4,4,0,2,3,0,0,3,13,1,1,0,0,0,0,0,0,0,1,1,0,0,0,0,0,0,0,0,0,5,0,0,0,0,0,0,3,1,0,0,0,0,0,0,0,0,2,0,0,0,21,0,2,6,0,0,0,2,0,11,0,0,0,0,0,0,3,0,0,0,0,0,0,0,2,0,0,0,0,0,1,0,0,0,2,0,0,2
"SY11 4",4309,4257,12,0,0,0,0,0,0,0,0,2,0,0,18,1,1,7,5,0,0,0,4,0,0,0,0,0,0,0,0,0,0,0,0,0,0,0,0,0,0,0,0,0,0,1,0,0,0,0,0,0,10,0,0,3,0,2,0,0,3,0,0,0,2,0,8,0,0,1,2,0,0,0,0,0,5,0,0,0,0,0,0,0,0,0,0,0,0,0,0,0,0,0,0,0,0,0,0,0,1,1,0,0
"SY12 0",4291,4167,3,0,0,0,0,0,0,0,0,3,0,0,94,1,2,61,2,0,1,0,0,0,24,1,1,1,0,0,0,0,0,0,1,0,0,0,0,1,0,0,0,1,4,0,2,0,0,0,0,2,2,1,0,0,0,0,0,0,0,0,1,0,0,0,13,0,2,3,0,0,0,1,0,7,0,0,0,0,0,0,1,0,0,0,0,0,0,0,0,0,0,0,0,0,0,1,0,0,0,0,0,0
"SY12 9",3728,3590,10,0,0,0,0,0,0,0,0,3,3,2,67,0,30,16,1,0,2,0,1,1,14,0,2,0,0,0,0,0,0,0,4,0,0,4,0,0,0,0,0,6,0,3,0,0,0,0,0,0,6,0,0,0,0,2,0,0,0,0,0,1,3,0,32,0,4,18,0,1,2,4,2,1,0,0,0,0,0,0,0,0,0,0,0,0,0,0,0,0,0,0,0,0,0,0,0,0,2,0,0,2
"SY13 1",9356,9018,13,0,0,0,0,0,0,0,0,5,2,2,270,0,10,208,21,0,1,0,8,11,11,0,0,0,0,0,0,0,0,0,0,0,0,0,0,0,0,0,0,3,1,6,0,0,0,0,0,0,10,2,1,3,0,3,0,0,1,0,0,0,0,0,23,0,1,2,0,0,0,6,0,11,3,0,0,0,0,0,1,0,0,0,0,0,0,0,0,0,0,0,0,0,0,1,2,2,0,0,0,0
"SY13 2",3951,3897,0,0,0,0,0,0,0,0,0,4,0,0,35,0,2,30,0,1,1,0,0,1,0,0,0,0,0,0,0,0,0,0,0,0,0,0,0,0,0,0,0,0,0,0,0,0,0,0,0,0,8,0,0,3,0,3,0,0,0,0,2,0,0,0,6,0,3,0,1,0,0,0,0,2,0,0,0,0,0,0,1,0,0,0,0,0,0,0,0,0,0,0,0,0,0,1,0,0,0,0,0,0
"SY13 3",2937,2914,0,0,0,0,0,0,0,0,0,1,0,1,17,1,0,10,0,3,0,0,0,2,0,0,1,0,0,0,0,0,0,0,0,0,0,0,0,0,0,0,0,0,0,0,0,0,0,0,0,0,0,0,0,0,0,0,0,0,0,0,0,0,0,0,4,0,0,2,0,0,0,1,0,0,1,0,0,0,0,0,0,0,0,0,0,0,0,0,0,0,0,0,0,0,0,0,0,0,0,0,0,0
"SY13 4",2704,2691,2,0,0,0,0,0,0,0,0,0,0,1,8,0,2,6,0,0,0,0,0,0,0,0,0,0,0,0,0,0,0,0,0,0,0,0,0,0,0,0,0,0,0,1,0,0,0,0,0,0,0,0,0,0,0,0,0,0,0,0,0,0,0,0,1,0,0,0,1,0,0,0,0,0,0,0,0,0,0,0,0,0,0,0,0,0,0,0,0,0,0,0,0,0,0,0,0,0,0,0,0,0
"SY14 7",2373,2358,3,0,0,0,0,0,0,0,0,0,0,0,5,0,1,0,0,0,2,0,0,1,0,0,0,1,0,0,0,0,0,0,0,0,0,0,0,0,0,0,0,0,1,0,0,0,0,0,0,0,2,0,0,0,0,0,0,0,0,0,0,2,0,0,2,1,0,0,0,0,0,1,0,0,0,0,0,0,0,0,1,0,0,0,0,0,1,0,0,0,0,0,0,0,0,0,1,1,0,0,0,0
"SY14 8",3142,3115,1,0,0,0,0,0,0,0,0,2,6,1,10,2,1,4,0,0,0,0,0,0,2,0,1,0,0,0,0,0,0,0,0,0,0,0,0,0,0,0,0,0,1,0,0,0,0,0,0,0,2,0,0,0,0,0,0,0,0,0,2,0,0,0,1,1,0,0,0,0,0,0,0,0,0,0,0,0,0,0,0,0,0,0,0,0,0,0,0,0,0,0,0,0,0,0,0,0,3,3,0,0
"SY15 6",5049,5003,1,0,0,0,0,0,0,0,0,1,4,1,20,1,2,10,1,1,0,0,0,1,0,0,1,1,0,2,0,0,0,0,0,0,0,0,0,0,0,0,0,2,3,1,4,0,4,0,0,0,1,0,0,0,0,0,0,0,0,0,0,0,1,0,5,0,3,0,0,0,0,1,0,0,1,0,0,0,0,0,1,0,0,0,0,0,0,0,0,0,0,0,1,0,0,0,2,2,0,0,0,0
"SY16 1",6333,6164,0,0,0,0,0,0,0,0,0,1,3,1,120,6,4,94,3,1,0,0,2,2,1,1,3,0,3,0,0,0,0,0,0,0,0,0,0,0,0,0,0,3,10,2,2,2,0,0,0,0,19,0,1,0,0,10,0,0,1,7,0,0,0,0,6,0,1,1,1,0,0,1,2,0,0,0,0,0,0,0,2,0,0,0,0,0,0,0,0,0,1,0,0,1,0,0,0,0,0,0,0,0
"SY16 2",4138,4045,0,0,0,0,0,0,0,0,0,1,0,3,50,2,0,37,0,3,0,0,0,0,0,0,3,1,3,1,0,0,0,0,0,0,0,0,0,0,0,0,0,4,2,1,0,0,0,0,0,0,17,0,1,0,0,4,0,0,0,0,1,0,10,1,14,2,2,2,0,0,0,6,0,2,0,0,0,0,0,0,0,0,0,0,0,0,0,0,0,0,0,0,0,0,0,0,0,0,1,1,0,0
"SY16 3",2651,2628,0,0,0,0,0,0,0,0,0,0,0,1,16,0,1,12,1,0,1,0,0,0,0,0,1,0,0,0,0,0,0,0,0,0,0,0,0,0,0,0,0,0,0,0,0,0,0,0,0,0,5,0,0,0,0,4,0,0,0,0,0,0,1,0,0,0,0,0,0,0,0,0,0,0,0,0,0,0,0,0,1,0,0,0,0,0,0,0,0,0,0,0,1,0,0,0,0,0,0,0,0,0
"SY16 4",2477,2456,0,0,0,0,0,0,0,0,0,2,1,0,16,1,6,7,0,0,0,0,1,0,1,0,0,0,0,0,0,0,0,0,0,0,0,0,0,0,0,0,0,0,0,0,0,0,0,0,0,0,0,0,0,0,0,0,0,0,0,0,0,0,0,0,1,0,0,0,0,0,0,1,0,0,0,0,0,0,0,0,0,0,0,0,0,0,0,0,0,0,0,0,0,0,0,0,1,1,0,0,0,0
"SY17 5",3449,3431,0,0,0,0,0,0,0,0,0,2,0,0,10,0,1,4,0,0,0,0,0,0,0,0,0,1,4,0,0,0,0,0,0,0,0,0,0,0,0,0,0,0,0,0,3,0,0,3,0,0,0,0,0,0,0,0,0,0,0,0,0,0,0,0,3,0,0,1,0,0,0,0,0,0,2,0,0,0,0,0,0,0,0,0,0,0,0,0,0,0,0,0,0,0,0,0,0,0,0,0,0,0
"SY18 6",4507,4436,0,0,0,0,0,0,0,0,0,4,0,2,54,0,10,30,7,0,0,0,0,5,0,0,1,1,0,0,0,0,0,0,0,0,0,0,0,0,0,0,0,0,3,0,0,0,0,0,0,0,3,0,1,0,0,0,0,0,0,0,0,0,2,0,3,0,0,1,0,0,0,2,0,0,0,0,0,0,0,0,0,0,0,0,0,0,0,0,0,0,0,0,0,0,0,0,0,0,2,1,0,1
"SY19 7",1139,1135,0,0,0,0,0,0,0,0,0,0,1,0,1,0,0,0,0,0,0,0,0,0,0,0,0,1,0,0,0,0,0,0,0,0,0,0,0,0,0,0,0,1,0,0,0,0,0,0,0,0,0,0,0,0,0,0,0,0,0,0,0,0,0,0,0,0,0,0,0,0,0,0,0,0,0,0,0,0,0,0,0,0,0,0,0,0,0,0,0,0,0,0,0,0,0,0,1,1,0,0,0,0
"SY2  5",11443,11242,15,1,0,0,0,0,0,1,0,9,13,12,79,7,5,28,5,1,7,0,8,3,5,2,3,3,2,0,0,0,0,0,3,0,2,0,0,1,0,0,0,9,1,3,1,0,0,1,0,0,26,2,2,13,0,5,0,0,1,1,0,0,0,2,27,1,6,8,2,2,1,3,0,3,1,0,0,0,0,0,0,0,0,0,0,0,0,0,0,0,0,0,0,0,0,0,0,0,2,0,0,2
"SY2  6",5506,5414,11,0,0,0,0,0,0,0,0,4,5,2,31,0,2,12,0,0,3,5,2,1,5,0,1,0,0,0,0,0,0,0,7,3,4,0,0,0,0,0,0,2,3,0,2,0,1,1,0,0,9,0,0,0,0,7,0,0,0,0,0,0,2,0,10,0,3,3,3,0,1,0,0,0,0,0,0,0,0,0,2,0,0,0,0,0,0,0,2,0,0,0,0,0,0,0,2,2,2,2,0,0
"SY20 8",4447,4418,0,0,0,0,0,0,0,0,0,4,0,1,14,2,1,5,0,0,0,0,0,0,0,1,3,2,0,0,0,0,0,0,0,0,0,0,0,0,0,0,0,0,2,0,0,0,0,0,0,0,1,0,0,0,0,1,0,0,0,0,0,0,0,0,6,2,1,1,0,0,1,0,0,1,0,0,0,0,0,0,1,0,0,0,0,1,0,0,0,0,0,0,0,0,0,0,0,0,0,0,0,0
"SY20 9",2264,2246,0,0,0,0,0,0,0,0,0,2,0,2,8,0,1,1,0,2,1,0,0,0,0,0,0,1,0,0,0,0,0,2,0,0,0,0,0,0,0,0,0,0,0,0,0,0,0,0,0,0,0,0,0,0,0,0,0,0,0,0,0,0,0,0,3,0,0,0,0,0,0,2,0,1,0,0,0,0,0,0,2,0,0,0,0,0,0,0,2,0,0,0,0,0,0,0,0,0,1,1,0,0
"SY21 0",2745,2735,0,0,0,0,0,0,0,0,0,0,0,0,9,0,1,5,0,0,1,0,0,1,0,0,0,0,0,1,0,0,0,0,0,0,0,0,0,0,0,0,0,0,0,0,0,0,0,0,0,0,0,0,0,0,0,0,0,0,0,0,0,0,0,0,0,0,0,0,0,0,0,0,0,0,0,0,0,0,0,0,1,0,0,0,0,0,0,0,0,0,0,0,0,0,0,1,0,0,0,0,0,0
"SY21 7",5735,5303,0,0,0,0,0,0,0,0,0,1,3,0,382,4,3,334,19,0,5,2,2,0,9,2,1,0,1,0,0,0,0,0,2,0,0,0,0,2,0,0,0,4,0,3,4,0,3,1,0,0,12,0,0,2,0,6,0,0,0,0,0,0,4,0,16,0,0,2,0,0,0,1,0,13,0,0,0,0,0,0,2,0,0,0,0,0,0,0,0,0,0,0,0,0,1,1,1,1,2,2,0,0
"SY21 8",4572,4539,0,0,0,0,0,0,0,0,0,2,0,0,26,1,1,10,2,1,0,0,7,0,0,1,3,0,0,0,0,0,0,0,1,0,0,0,0,1,0,0,0,1,0,0,0,0,0,0,0,0,0,0,0,0,0,0,0,0,0,0,0,0,0,0,0,0,0,0,0,0,0,0,0,0,0,0,0,0,0,0,2,0,0,0,0,0,0,0,0,0,0,2,0,0,0,0,0,0,1,0,0,1
"SY21 9",2707,2683,0,0,0,0,0,0,0,0,0,1,0,0,19,0,1,16,2,0,0,0,0,0,0,0,0,0,0,0,0,0,0,0,1,0,0,0,0,1,0,0,0,0,0,0,0,0,0,0,0,0,1,0,0,1,0,0,0,0,0,0,0,0,0,0,1,0,0,0,1,0,0,0,0,0,0,0,0,0,0,0,1,0,0,0,0,0,0,0,0,0,0,0,0,0,1,0,0,0,0,0,0,0
"SY22 5",1942,1913,0,0,0,0,0,0,0,0,0,1,0,0,26,0,1,21,1,0,0,0,0,0,0,0,2,0,0,1,0,0,0,0,0,0,0,0,0,0,0,0,0,0,0,0,1,0,0,0,0,1,0,0,0,0,0,0,0,0,0,0,0,0,0,0,0,0,0,0,0,0,0,0,0,0,0,0,0,0,0,0,0,0,0,0,0,0,0,0,0,0,0,0,0,0,0,0,1,1,0,0,0,0
"SY22 6",7330,7272,1,0,0,0,0,0,0,0,0,1,0,0,34,2,2,23,3,0,1,0,0,0,0,1,1,0,0,1,0,0,0,0,1,0,0,1,0,0,0,0,0,0,0,0,0,0,0,0,0,0,10,0,0,0,0,4,0,0,0,0,6,0,0,0,10,0,3,2,4,0,0,0,0,1,0,0,0,0,0,0,1,0,0,0,0,0,0,0,0,0,0,0,1,0,0,0,0,0,0,0,0,0
"SY23 1",7136,6693,0,1,1,0,0,0,0,0,0,13,5,12,257,9,25,140,2,1,5,9,3,2,40,8,5,0,0,3,4,0,0,1,12,0,1,0,0,11,0,0,0,4,8,7,4,0,1,3,0,0,48,7,6,0,0,10,3,0,1,1,20,0,0,0,65,3,2,35,6,1,4,4,5,3,2,0,0,0,0,0,4,0,0,0,0,0,1,0,1,0,0,1,0,0,1,0,2,2,1,1,0,0
"SY23 2",3935,3555,0,3,1,0,1,0,1,0,0,10,4,8,217,3,30,94,6,2,9,12,2,2,23,9,5,4,4,5,6,0,0,1,25,0,0,0,0,25,0,0,0,7,4,10,5,0,0,2,1,2,22,0,3,0,0,5,0,0,0,5,8,0,0,1,59,1,7,39,5,0,2,2,1,0,2,0,0,0,0,0,4,2,0,0,0,0,1,0,1,0,0,0,0,0,0,0,0,0,2,2,0,0
"SY23 3",11092,10525,0,0,0,0,0,0,0,0,0,15,11,13,284,6,27,142,5,5,8,4,3,7,43,11,5,8,3,2,5,0,0,0,25,0,0,2,0,23,0,0,0,17,6,28,8,0,1,0,2,5,54,4,11,2,0,10,1,0,0,5,13,3,2,3,87,4,6,45,12,3,2,4,10,1,0,0,0,0,0,0,11,0,0,1,0,0,3,0,1,0,0,1,1,1,0,3,1,1,7,7,0,0
"SY23 4",5217,5150,0,0,0,0,0,0,0,0,0,10,1,0,31,1,7,9,0,0,0,0,1,6,1,0,4,0,1,0,1,0,0,0,0,0,0,0,0,0,0,0,0,0,0,1,0,0,0,0,0,0,8,0,0,0,0,6,0,0,2,0,0,0,0,0,11,0,0,2,2,0,0,4,2,0,1,0,0,0,0,0,1,0,0,0,0,0,0,0,0,0,0,0,1,0,0,0,1,1,3,2,0,1
"SY23 5",2743,2718,0,0,0,0,0,0,0,0,0,1,0,2,15,4,2,0,1,0,0,0,0,0,4,0,3,0,1,0,0,0,0,0,0,0,0,0,0,0,0,0,0,2,0,1,0,0,0,0,0,0,2,0,0,0,0,2,0,0,0,0,0,0,0,0,0,0,0,0,0,0,0,0,0,0,0,0,0,0,0,0,1,0,0,0,0,0,0,0,0,0,0,0,1,0,0,0,0,0,1,1,0,0
"SY24 5",4520,4460,0,1,1,0,0,0,0,0,0,5,2,4,24,2,6,4,1,0,0,1,1,1,1,3,2,1,0,0,0,0,0,1,1,0,0,1,0,0,0,0,0,6,0,2,1,0,0,0,0,1,8,0,0,0,0,4,0,0,0,0,2,2,0,0,4,0,1,1,0,0,0,2,0,0,0,0,0,0,0,0,2,0,0,0,0,0,0,0,0,0,0,0,1,0,1,0,0,0,0,0,0,0
"SY25 6",4216,4194,0,0,0,0,0,0,0,0,0,3,0,0,13,0,3,5,0,1,1,0,0,0,0,0,2,0,1,0,0,0,0,0,0,0,0,0,0,0,0,0,0,0,0,0,1,0,0,0,1,0,2,0,0,0,0,2,0,0,0,0,0,0,0,0,1,0,0,0,0,0,0,0,1,0,0,0,0,0,0,0,0,0,0,0,0,0,0,0,0,0,0,0,0,0,0,0,1,1,1,0,1,0
"SY3  0",4965,4908,3,0,0,0,0,0,0,0,0,2,10,2,27,1,3,12,1,0,0,0,1,6,0,0,1,1,1,0,0,0,0,0,1,0,1,0,0,0,0,0,0,1,0,0,0,0,0,0,0,0,0,0,0,0,0,0,0,0,0,0,0,0,0,0,7,0,2,1,0,0,0,2,0,2,0,0,0,0,0,0,3,0,0,0,0,0,0,0,0,0,0,0,0,0,0,3,0,0,1,1,0,0
"SY3  5",4208,4038,3,0,0,0,0,0,0,0,0,1,2,8,50,1,4,18,1,0,8,1,2,1,7,0,2,1,1,1,0,1,1,0,1,0,0,1,0,0,0,0,0,0,0,8,1,0,0,1,0,0,46,6,4,0,0,7,1,0,1,6,13,0,0,8,41,0,10,1,1,0,0,2,2,23,2,0,0,0,0,0,6,0,1,0,1,0,0,0,0,0,0,0,0,0,1,3,1,1,2,2,0,0
"SY3  6",2589,2513,4,0,0,0,0,0,0,0,0,0,0,2,21,2,2,6,0,1,2,2,0,2,4,0,0,0,0,0,0,0,0,0,2,1,0,0,0,1,0,0,0,1,0,0,4,0,2,0,2,0,14,3,3,3,0,3,0,0,0,0,0,0,0,2,25,2,0,3,2,0,0,0,0,18,0,0,0,0,0,0,3,0,0,0,0,0,0,0,0,0,0,0,3,0,0,0,0,0,0,0,0,0
"SY3  7",7609,7375,4,0,0,0,0,0,0,0,0,16,8,9,73,13,12,23,6,5,2,1,0,2,1,3,0,1,4,0,0,0,0,0,5,0,2,2,0,1,0,0,0,11,1,2,4,0,2,2,0,0,8,1,2,0,0,3,0,0,1,0,0,0,0,1,89,3,25,28,5,0,0,18,2,7,1,0,0,0,0,0,2,0,0,0,0,0,0,0,0,0,0,1,0,0,0,1,0,0,2,1,0,1
"SY3  8",8552,8355,13,0,0,0,0,0,0,0,0,7,7,8,85,4,4,27,3,3,17,1,3,3,11,2,3,2,1,0,1,0,0,0,0,0,0,0,0,0,0,0,0,0,0,7,7,0,0,6,1,0,28,4,5,1,0,4,0,0,5,6,0,1,0,2,26,0,2,12,2,0,0,5,0,5,0,0,0,0,0,0,3,0,0,0,0,0,0,1,0,0,0,0,2,0,0,0,1,1,5,4,0,1
"SY3  9",4892,4823,3,0,0,0,0,0,0,0,0,1,2,1,36,0,5,18,1,0,4,4,0,0,1,2,0,1,0,0,0,0,0,0,2,2,0,0,0,0,0,0,0,1,0,2,1,0,1,0,0,0,4,0,0,2,0,2,0,0,0,0,0,0,0,0,13,0,0,3,1,0,0,5,0,4,0,0,0,0,0,0,2,0,0,0,0,0,0,0,0,0,0,1,0,0,1,0,0,0,1,1,0,0
"SY4  1",3043,3014,2,0,0,0,0,0,0,0,0,1,0,0,16,0,2,4,4,0,0,0,1,0,4,1,0,0,0,0,0,0,0,0,0,0,0,0,0,0,0,0,0,0,0,0,0,0,0,0,0,0,0,0,0,0,0,0,0,0,0,0,0,0,0,0,8,0,0,3,1,0,1,1,0,2,0,0,0,0,0,0,1,0,0,0,0,0,0,0,0,0,0,1,0,0,0,0,0,0,1,0,0,1
"SY4  2",2726,2667,2,0,0,0,0,0,0,0,0,4,0,1,12,1,5,3,0,0,2,0,0,0,0,0,1,0,0,0,0,0,0,0,1,0,0,0,0,1,0,0,0,1,0,0,0,0,0,0,0,0,2,0,0,0,0,0,0,0,0,0,0,0,2,0,26,0,12,13,0,0,0,0,0,1,0,0,0,0,0,0,5,0,0,0,0,0,4,0,0,0,0,0,0,0,0,1,0,0,5,1,0,4
"SY4  3",3867,3841,4,0,0,0,0,0,0,0,0,1,0,3,17,0,6,2,0,1,0,2,5,0,0,0,1,0,0,0,0,0,0,0,0,0,0,0,0,0,0,0,0,0,0,0,0,0,0,0,0,0,0,0,0,0,0,0,0,0,0,0,0,0,0,0,1,0,0,0,0,0,0,0,0,0,1,0,0,0,0,0,0,0,0,0,0,0,0,0,0,0,0,0,0,0,0,0,0,0,0,0,0,0
"SY4  4",5704,5658,9,0,0,0,0,0,0,0,0,0,1,2,21,2,4,7,1,0,0,2,0,1,2,0,1,0,0,0,0,0,1,0,2,1,1,0,0,0,0,0,0,0,0,1,1,1,0,0,0,0,2,0,1,0,0,0,0,0,1,0,0,0,0,0,7,0,1,4,0,0,0,1,1,0,0,0,0,0,0,0,0,0,0,0,0,0,0,0,0,0,0,0,0,0,0,0,0,0,0,0,0,0
"SY4  5",8507,8295,6,0,0,0,0,0,0,0,0,5,0,3,146,0,13,117,0,0,5,3,0,0,3,0,2,0,2,1,0,0,0,0,2,0,1,1,0,0,0,0,0,3,2,1,3,0,0,0,3,0,5,1,0,4,0,0,0,0,0,0,0,0,0,0,25,0,13,1,1,0,0,0,0,10,0,0,0,0,0,0,6,0,0,0,0,0,0,0,0,0,0,5,0,0,1,0,0,0,5,1,0,4
"SY5  0",6252,6165,3,0,0,0,0,0,0,0,0,5,1,1,42,4,2,16,0,0,0,4,12,0,0,0,3,1,0,0,0,0,0,0,0,0,0,0,0,0,0,0,0,4,0,1,0,0,0,0,0,0,8,0,0,1,0,1,0,0,2,4,0,0,0,0,21,2,1,1,1,0,0,0,0,14,2,0,0,0,0,0,1,0,0,0,0,0,0,0,0,0,0,0,1,0,0,0,0,0,0,0,0,0
"SY5  6",3766,3725,3,0,0,0,0,0,0,0,0,3,4,0,19,3,3,5,0,1,0,0,7,0,0,0,0,0,0,0,0,0,0,0,2,0,0,0,0,2,0,0,0,0,0,1,0,0,0,0,0,0,0,0,0,0,0,0,0,0,0,0,0,0,0,0,7,0,2,2,0,0,0,0,0,3,0,0,0,0,0,0,1,0,0,0,0,0,0,0,0,0,0,0,0,0,0,1,0,0,1,0,0,1
"SY5  7",3086,2852,2,0,0,0,0,0,0,0,0,0,0,3,24,1,2,4,0,0,6,2,0,0,6,3,0,0,0,0,0,0,0,0,3,0,0,2,0,1,0,0,0,21,1,0,3,0,0,0,0,3,2,0,0,0,0,0,0,0,2,0,0,0,0,0,171,8,42,91,1,2,7,6,12,0,2,0,0,0,0,0,4,0,0,0,0,0,2,0,0,0,0,0,2,0,0,0,0,0,0,0,0,0
"SY5  8",3051,3010,0,0,0,0,0,0,0,0,0,2,1,2,18,0,2,16,0,0,0,0,0,0,0,0,0,0,0,0,0,0,0,0,0,0,0,0,0,0,0,0,0,1,0,3,0,0,0,0,0,0,4,4,0,0,0,0,0,0,0,0,0,0,0,0,10,0,0,1,1,0,0,1,0,7,0,0,0,0,0,0,0,0,0,0,0,0,0,0,0,0,0,0,0,0,0,0,0,0,0,0,0,0
"SY5  9",4517,4472,1,0,0,0,0,0,0,0,0,2,0,0,16,1,3,0,0,2,0,0,8,2,0,0,0,0,0,0,0,0,0,0,0,0,0,0,0,0,0,0,0,6,0,0,1,0,0,1,0,0,2,0,0,2,0,0,0,0,0,0,0,0,0,0,9,0,0,0,2,0,0,0,0,7,0,0,0,0,0,0,1,0,0,0,0,0,0,1,0,0,0,0,0,0,0,0,1,1,6,0,0,6
"SY6  6",4034,3973,2,0,0,0,0,0,0,0,0,1,2,1,32,0,2,20,3,4,0,1,1,0,0,0,1,0,0,0,0,0,0,0,0,0,0,0,0,0,0,0,0,1,5,1,0,0,0,0,0,0,2,1,0,0,0,0,0,0,0,1,0,0,0,0,13,1,4,2,0,0,0,0,0,5,1,0,0,0,0,0,1,0,0,0,0,0,0,0,0,0,0,0,0,0,1,0,0,0,0,0,0,0
"SY6  7",2392,2380,2,0,0,0,0,0,0,0,0,3,1,0,6,0,1,4,0,0,1,0,0,0,0,0,0,0,0,0,0,0,0,0,0,0,0,0,0,0,0,0,0,0,0,0,0,0,0,0,0,0,0,0,0,0,0,0,0,0,0,0,0,0,0,0,0,0,0,0,0,0,0,0,0,0,0,0,0,0,0,0,0,0,0,0,0,0,0,0,0,0,0,0,0,0,0,0,0,0,0,0,0,0
"SY7  0",3468,3416,2,0,0,0,0,0,0,0,0,3,0,0,22,0,7,6,2,0,0,1,0,0,4,0,1,0,1,0,0,0,0,0,1,0,0,1,0,0,0,0,0,1,1,0,0,0,0,0,0,0,1,1,0,0,0,0,0,0,0,0,0,0,0,0,19,0,2,13,3,0,0,1,0,0,0,1,0,0,0,0,1,0,0,0,0,0,0,0,1,0,0,0,0,0,0,0,0,0,0,0,0,0
"SY7  8",3544,3498,1,0,0,0,0,0,0,0,0,5,0,0,27,0,0,21,1,0,0,0,0,2,1,1,0,0,0,0,0,0,0,1,1,1,0,0,0,0,0,0,0,1,1,2,0,0,0,0,0,0,0,0,0,0,0,0,0,0,0,0,0,0,0,0,6,0,0,0,1,1,3,0,0,0,1,0,0,0,0,0,2,0,0,0,0,0,0,0,0,0,0,0,0,1,0,1,0,0,0,0,0,0
"SY7  9",4571,4469,2,1,0,0,0,1,0,0,0,3,0,0,73,1,2,43,6,2,0,0,1,16,0,2,0,0,0,0,0,0,0,0,0,0,0,0,0,0,0,0,0,0,0,2,0,0,0,0,0,0,14,12,0,2,0,0,0,0,0,0,0,0,0,0,6,1,0,2,0,0,0,2,0,1,0,0,0,0,0,0,0,0,0,0,0,0,0,0,0,0,0,0,0,0,0,0,1,1,0,0,0,0
"SY8  1",8194,8035,9,0,0,0,0,0,0,0,0,12,0,0,95,4,8,44,9,3,4,0,0,12,4,3,2,2,0,0,0,0,0,0,2,0,0,1,1,0,0,0,0,3,5,0,1,0,0,1,0,0,5,0,0,3,0,1,0,0,0,1,0,0,0,0,20,0,6,8,2,0,0,2,1,1,0,0,0,0,0,0,0,0,0,0,0,0,0,0,0,0,0,0,0,0,0,0,2,2,5,1,3,1
"SY8  2",3302,3251,4,0,0,0,0,0,0,0,0,5,0,3,22,1,0,7,3,0,1,0,1,4,0,1,2,0,0,0,1,0,1,0,0,0,0,0,0,0,0,0,0,0,0,2,1,0,0,1,0,0,1,0,0,0,0,0,0,0,0,1,0,0,0,0,9,1,0,4,0,0,0,1,0,3,0,2,0,0,0,0,1,0,0,0,0,0,0,0,0,0,0,0,0,0,0,1,0,0,1,0,0,1
"SY8  3",3356,3327,1,0,0,0,0,0,0,0,0,4,2,0,16,4,2,1,3,0,1,3,0,0,0,0,0,2,0,0,0,0,0,0,0,0,0,0,0,0,0,0,0,1,1,0,0,0,0,0,0,0,0,0,0,0,0,0,0,0,0,0,0,0,0,0,3,0,0,0,0,0,0,3,0,0,0,0,0,0,0,0,0,0,0,0,0,0,0,0,0,0,0,0,0,0,0,0,0,0,1,0,0,1
"SY8  4",3286,3258,0,0,0,0,0,0,0,0,0,4,1,8,10,0,0,3,1,0,2,0,0,0,0,0,2,0,0,1,0,0,1,0,0,0,0,0,0,0,0,0,0,0,0,0,0,0,0,0,0,0,0,0,0,0,0,0,0,0,0,0,0,0,0,0,2,0,1,0,0,0,0,0,0,1,0,0,0,0,0,0,0,0,0,0,0,0,0,0,0,0,0,0,0,0,0,0,0,0,3,1,1,1
"SY9  5",2807,2743,1,0,0,0,0,0,0,0,0,2,5,1,30,0,3,13,0,1,0,2,8,1,0,1,1,0,0,0,0,0,0,0,1,0,1,0,0,0,0,0,0,1,4,0,2,0,2,0,0,0,6,0,2,0,0,4,0,0,0,0,0,0,0,0,10,0,0,1,0,0,0,0,0,9,0,0,0,0,0,0,0,0,0,0,0,0,0,0,0,0,0,0,0,0,0,0,1,1,0,0,0,0
"TA1  1",5491,4973,3,1,0,0,0,0,1,0,0,5,18,12,373,5,4,264,16,7,10,26,7,9,13,0,3,0,2,0,7,0,0,0,8,7,0,1,0,0,0,0,0,2,11,1,5,0,0,2,2,1,26,5,0,0,0,10,3,0,0,3,5,0,0,0,46,0,2,7,4,0,1,5,0,26,1,0,0,0,0,0,2,0,0,0,0,0,0,0,0,0,0,0,2,0,0,0,1,1,4,2,1,1
"TA1  2",12332,11920,1,0,0,0,0,0,0,0,0,7,36,9,243,2,5,173,4,3,15,25,0,1,8,0,3,0,1,1,1,0,1,0,0,0,0,0,0,0,1,1,0,0,5,6,2,0,0,2,0,0,35,0,2,0,0,20,0,0,0,1,10,2,0,0,52,0,8,26,1,1,0,3,0,11,2,0,0,0,0,0,3,0,0,0,0,0,0,0,0,0,0,2,0,0,0,1,5,5,7,4,3,0
"TA1  3",7750,7274,1,1,0,0,0,0,1,0,0,13,29,5,267,5,15,185,9,3,10,20,1,8,4,3,2,0,1,0,1,0,0,0,13,8,0,4,0,1,0,0,0,6,5,3,1,0,0,1,0,0,29,2,4,2,0,6,0,0,0,6,6,3,0,0,98,2,13,31,2,1,1,14,2,32,0,0,0,0,0,0,5,0,0,0,0,0,0,0,0,0,0,0,4,0,0,1,0,0,0,0,0,0
"TA1  4",5908,5596,0,0,0,0,0,0,0,0,0,5,31,4,92,3,5,55,4,1,2,8,3,2,0,1,6,1,1,0,0,0,0,0,1,0,1,0,0,0,0,0,0,9,0,2,8,0,0,6,2,0,62,4,7,0,0,12,0,0,3,5,22,7,0,2,97,3,21,28,6,1,0,1,1,29,7,0,0,0,0,0,1,0,0,0,0,0,0,0,0,0,1,0,0,0,0,0,0,0,0,0,0,0
"TA1  5",6527,6305,2,0,0,0,0,0,0,0,0,2,8,9,86,6,5,55,0,1,0,11,0,3,3,0,1,1,0,0,0,0,0,0,2,0,0,2,0,0,0,0,0,1,2,4,1,0,0,1,0,0,31,2,6,0,0,0,0,0,1,2,19,0,1,0,69,0,4,1,4,0,0,1,0,58,1,0,0,0,0,0,4,0,0,0,0,0,0,0,0,0,0,0,2,0,0,2,1,1,0,0,0,0
"TA10 0",3838,3810,0,0,0,0,0,0,0,0,0,2,2,0,17,1,2,6,3,0,0,0,0,0,0,0,2,1,2,0,0,0,0,0,1,0,0,0,0,1,0,0,0,0,2,0,0,0,0,0,0,0,0,0,0,0,0,0,0,0,0,0,0,0,0,0,3,0,0,0,0,0,0,1,0,2,0,0,0,0,0,0,1,0,0,0,0,0,0,0,0,0,0,0,0,0,0,1,0,0,0,0,0,0
"TA10 9",5199,5075,2,0,0,0,0,0,0,0,0,10,8,0,87,1,0,63,1,0,11,1,3,0,2,0,3,0,1,1,0,0,0,0,1,0,0,0,0,1,0,0,0,3,0,1,0,0,0,0,0,0,2,0,0,0,0,2,0,0,0,0,0,0,0,0,7,0,0,3,0,0,0,0,1,3,0,0,0,0,0,0,0,0,0,0,0,0,0,0,0,0,0,0,0,0,0,0,0,0,3,3,0,0
"TA11 6",6279,6187,2,0,0,0,0,0,0,0,0,3,6,1,50,2,8,26,3,0,3,2,0,4,1,0,1,0,0,0,0,0,0,0,2,0,0,0,0,2,0,0,0,1,0,3,0,0,0,0,0,0,3,0,0,0,0,0,0,0,0,0,3,0,0,0,15,0,2,2,1,0,0,2,1,7,0,0,0,0,0,0,3,0,0,0,0,0,0,0,0,0,0,0,3,0,0,0,1,1,2,2,0,0
"TA11 7",2670,2638,1,0,0,0,0,0,0,0,0,4,1,4,17,1,1,7,2,0,2,0,0,3,0,1,0,0,0,0,0,0,0,0,1,0,0,0,0,1,0,0,0,0,0,0,0,0,0,0,0,0,1,0,0,0,0,1,0,0,0,0,0,0,0,0,0,0,0,0,0,0,0,0,0,0,0,0,0,0,0,0,3,0,0,0,0,0,0,0,0,0,0,1,0,0,0,2,0,0,0,0,0,0
"TA12 6",6168,6101,0,0,0,0,0,0,0,0,0,2,2,2,28,2,5,10,4,1,2,0,0,0,4,0,0,0,0,0,0,0,0,0,1,0,1,0,0,0,0,0,0,1,8,3,0,0,0,0,0,0,5,0,0,0,0,2,0,0,0,3,0,0,0,0,12,0,0,1,1,0,1,3,1,5,0,0,0,0,0,0,2,0,0,0,0,0,2,0,0,0,0,0,0,0,0,0,0,0,1,0,1,0
"TA13 5",3857,3835,1,0,0,0,0,0,0,0,0,2,2,1,10,0,0,9,0,0,0,0,0,0,0,0,1,0,0,0,0,0,0,0,1,0,0,0,0,1,0,0,0,0,0,1,0,0,0,0,0,0,1,1,0,0,0,0,0,0,0,0,0,0,0,0,3,0,0,1,1,0,0,1,0,0,0,0,0,0,0,0,0,0,0,0,0,0,0,0,0,0,0,0,0,0,0,0,0,0,0,0,0,0
"TA14 6",2899,2885,1,0,0,0,0,0,0,0,0,1,1,0,5,1,2,1,0,0,0,0,0,0,0,0,1,0,0,0,0,0,0,0,1,0,0,0,0,1,0,0,0,0,0,0,0,0,0,0,0,0,0,0,0,0,0,0,0,0,0,0,0,0,0,0,4,0,0,0,3,0,0,0,0,0,1,0,0,0,0,0,1,0,0,0,0,0,0,0,0,0,0,0,1,0,0,0,0,0,0,0,0,0
"TA15 6",800,790,0,1,0,0,0,0,0,1,0,1,0,1,7,4,0,0,0,0,0,0,0,2,0,0,0,0,1,0,0,0,0,0,0,0,0,0,0,0,0,0,0,0,0,0,0,0,0,0,0,0,0,0,0,0,0,0,0,0,0,0,0,0,0,0,0,0,0,0,0,0,0,0,0,0,0,0,0,0,0,0,0,0,0,0,0,0,0,0,0,0,0,0,0,0,0,0,0,0,0,0,0,0
"TA16 5",1933,1923,0,0,0,0,0,0,0,0,0,0,0,0,3,0,0,1,0,0,0,2,0,0,0,0,0,0,0,0,0,0,0,0,0,0,0,0,0,0,0,0,0,0,0,2,0,0,0,0,0,0,0,0,0,0,0,0,0,0,0,0,0,0,0,0,3,0,0,2,0,0,0,1,0,0,0,0,0,0,0,0,1,0,0,0,0,0,0,0,1,0,0,0,0,0,0,0,0,0,1,1,0,0
"TA17 8",432,424,1,0,0,0,0,0,0,0,0,0,0,0,4,0,0,0,2,0,0,0,0,1,0,0,1,0,0,0,0,0,0,0,0,0,0,0,0,0,0,0,0,0,0,0,0,0,0,0,0,0,0,0,0,0,0,0,0,0,0,0,0,0,0,0,3,0,0,0,0,0,0,2,0,1,0,0,0,0,0,0,0,0,0,0,0,0,0,0,0,0,0,0,0,0,0,0,0,0,0,0,0,0
"TA18 7",3731,3661,0,0,0,0,0,0,0,0,0,4,3,2,33,0,3,21,0,0,3,0,1,3,0,0,1,0,0,1,0,0,0,0,2,0,0,0,0,2,0,0,0,0,1,0,0,0,0,0,0,0,3,0,0,0,0,3,0,0,0,0,0,0,0,0,21,0,0,5,1,0,0,0,0,12,3,0,0,0,0,0,0,0,0,0,0,0,0,0,0,0,0,0,0,0,0,0,0,0,1,1,0,0
"TA18 8",5999,5933,0,0,0,0,0,0,0,0,0,1,10,2,24,1,2,15,0,1,1,1,3,0,0,0,0,0,0,0,0,0,0,0,1,0,0,0,0,1,0,0,0,3,2,0,0,0,0,0,0,0,6,0,0,0,0,2,0,0,0,0,3,0,1,0,12,0,1,7,0,0,0,2,0,2,0,0,0,0,0,0,3,0,0,0,0,0,3,0,0,0,0,0,0,0,0,0,1,1,1,0,1,0
"TA19 0",5598,5535,0,1,0,0,0,0,0,1,0,5,1,7,31,0,2,19,0,1,3,0,0,1,2,0,2,1,0,0,0,0,0,0,0,0,0,0,0,0,0,0,0,0,4,1,0,0,0,0,0,0,1,0,0,0,0,0,0,0,1,0,0,0,0,0,8,0,0,5,2,0,0,0,1,0,0,0,0,0,0,0,2,0,0,0,0,0,0,0,1,0,0,0,1,0,0,0,1,1,1,1,0,0
"TA19 9",5703,5644,0,0,0,0,0,0,0,0,0,1,5,2,34,7,2,14,0,0,2,2,0,0,3,1,1,1,0,1,0,0,0,0,0,0,0,0,0,0,0,0,0,1,0,2,1,0,0,1,0,0,2,1,0,0,0,0,0,0,0,1,0,0,0,0,9,0,1,1,1,0,0,3,0,2,1,0,0,0,0,0,1,0,0,0,0,0,0,0,0,0,0,0,0,0,0,1,1,1,0,0,0,0
"TA2  6",8221,7792,1,0,0,0,0,0,0,0,0,14,12,8,212,4,21,150,1,2,6,10,6,4,4,0,2,0,0,0,1,1,0,0,5,0,0,5,0,0,0,0,0,39,3,10,3,1,0,0,0,2,6,0,0,0,0,6,0,0,0,0,0,0,0,0,102,8,11,49,3,3,2,11,0,15,0,0,0,0,0,0,11,0,0,0,0,0,0,0,0,1,0,0,3,1,2,4,3,3,0,0,0,0
"TA2  7",9625,9191,1,1,0,0,0,0,0,0,1,7,26,4,301,3,3,238,1,4,22,20,3,0,3,0,1,1,0,2,0,0,0,0,6,3,0,0,0,3,0,0,0,7,4,7,0,0,0,0,0,0,14,3,1,0,0,4,0,0,0,0,4,0,0,2,48,0,10,19,1,1,0,7,0,9,1,0,0,0,0,0,8,0,0,0,0,0,0,0,0,0,0,4,0,0,0,4,0,0,0,0,0,0
"TA2  8",7651,7526,1,0,0,0,0,0,0,0,0,8,5,3,71,2,5,41,3,3,1,8,0,1,2,2,0,1,2,0,0,0,0,0,1,1,0,0,0,0,0,0,0,0,3,3,0,0,0,0,0,0,3,2,0,0,0,1,0,0,0,0,0,0,0,0,23,1,2,7,1,0,0,4,1,7,0,0,0,0,0,0,0,0,0,0,0,0,0,0,0,0,0,0,0,0,0,0,1,1,3,2,1,0
"TA20 1",7519,7191,2,0,0,0,0,0,0,0,0,0,158,3,130,2,3,101,12,2,0,8,0,1,0,0,1,0,0,0,0,0,0,0,2,0,0,1,0,1,0,0,0,0,1,0,0,0,0,0,0,0,7,2,0,0,0,3,0,0,1,0,0,0,0,1,22,0,0,7,1,0,0,1,0,12,1,0,0,0,0,0,2,0,0,0,0,0,0,0,0,0,0,2,0,0,0,0,0,0,1,1,0,0
"TA20 2",7275,6950,0,0,0,0,0,0,0,0,0,3,146,3,142,0,1,102,18,1,5,5,0,2,5,1,0,1,0,1,0,0,0,0,0,0,0,0,0,0,0,0,0,1,0,1,0,0,0,0,0,0,5,3,0,0,0,2,0,0,0,0,0,0,0,0,18,0,6,4,2,0,0,1,1,4,0,0,0,0,0,0,2,0,0,0,0,0,0,0,1,0,0,0,0,0,0,1,2,2,2,0,1,1
"TA20 3",2625,2611,0,0,0,0,0,0,0,0,0,0,2,1,9,1,3,4,0,0,0,0,0,0,0,0,0,0,1,0,0,0,0,0,0,0,0,0,0,0,0,0,0,0,0,1,0,0,0,0,0,0,0,0,0,0,0,0,0,0,0,0,0,0,0,0,1,1,0,0,0,0,0,0,0,0,0,0,0,0,0,0,0,0,0,0,0,0,0,0,0,0,0,0,0,0,0,0,0,0,0,0,0,0
"TA20 4",2255,2215,0,0,0,0,0,0,0,0,0,4,5,4,20,1,0,5,0,0,0,5,0,1,0,0,7,0,0,1,0,0,0,0,0,0,0,0,0,0,0,0,0,0,0,0,1,0,0,1,0,0,4,0,0,0,0,0,0,4,0,0,0,0,0,0,1,0,0,0,1,0,0,0,0,0,0,0,0,0,0,0,1,0,0,0,0,0,0,0,0,0,0,0,0,0,1,0,0,0,0,0,0,0
"TA21 0",3959,3917,1,0,0,0,0,0,0,0,0,1,2,1,30,0,2,11,0,2,0,9,0,1,0,0,2,1,2,0,0,0,0,0,1,0,0,1,0,0,0,0,0,2,0,1,0,0,0,0,0,0,0,0,0,0,0,0,0,0,0,0,0,0,0,0,3,0,1,2,0,0,0,0,0,0,0,0,0,0,0,0,0,0,0,0,0,0,0,0,0,0,0,0,0,0,0,0,0,0,0,0,0,0
"TA21 8",7050,6827,1,0,0,0,0,0,0,0,0,1,5,2,83,4,9,42,4,2,4,12,0,1,2,1,0,0,2,0,0,0,0,0,0,0,0,0,0,0,0,0,0,11,5,0,1,0,0,1,0,0,13,0,1,0,0,12,0,0,0,0,0,0,0,0,98,0,20,20,3,1,0,4,3,44,3,0,0,0,0,0,1,0,0,0,0,0,0,0,0,0,0,0,1,0,0,0,1,1,1,1,0,0
"TA21 9",6577,6464,1,0,0,0,0,0,0,0,0,8,1,3,61,3,4,36,0,3,1,4,0,2,3,0,3,0,0,2,0,0,0,0,0,0,0,0,0,0,0,0,0,3,4,3,0,0,0,0,0,0,2,0,0,0,0,2,0,0,0,0,0,0,0,0,22,0,1,4,0,0,0,1,1,15,0,0,0,0,0,0,3,0,0,0,0,0,0,0,0,0,0,2,1,0,0,0,0,0,2,2,0,0
"TA22 9",2562,2535,1,0,0,0,0,0,0,0,0,2,0,0,9,0,1,2,0,0,0,0,0,2,0,0,2,1,1,0,0,0,0,0,1,0,0,0,0,1,0,0,0,0,0,0,1,0,0,1,0,0,1,0,0,0,0,0,0,0,0,0,1,0,0,0,11,0,0,0,0,1,0,6,0,4,0,0,0,0,0,0,1,0,0,0,0,0,0,0,0,0,0,0,0,0,0,1,0,0,0,0,0,0
"TA23 0",5505,5470,2,0,0,0,0,0,0,0,0,1,2,0,21,0,3,10,1,1,0,2,0,0,0,0,1,0,0,0,0,0,3,0,0,0,0,0,0,0,0,0,0,0,0,0,0,0,0,0,0,0,3,0,0,0,0,0,0,0,0,0,3,0,0,0,5,0,1,0,1,0,0,0,0,3,0,0,0,0,0,0,1,0,0,0,0,0,0,0,1,0,0,0,0,0,0,0,0,0,0,0,0,0
"TA24 5",6243,5800,2,0,0,0,0,0,0,0,0,4,1,2,380,2,4,209,16,4,5,12,15,107,0,0,4,1,0,1,0,0,0,0,0,0,0,0,0,0,0,0,0,6,0,0,1,1,0,0,0,0,9,0,0,1,0,8,0,0,0,0,0,0,0,0,35,0,5,1,0,0,0,1,0,25,3,0,0,0,0,0,1,0,1,0,0,0,0,0,0,0,0,0,0,0,0,0,0,0,2,2,0,0
"TA24 6",5242,5150,0,0,0,0,0,0,0,0,0,5,2,2,69,2,4,34,1,0,5,5,0,6,9,0,1,1,0,1,0,0,0,0,0,0,0,0,0,0,0,0,0,0,0,0,0,0,0,0,0,0,6,0,0,0,0,3,0,0,0,0,3,0,0,0,5,0,0,2,0,0,0,0,0,3,0,1,0,0,0,0,1,0,0,0,0,0,0,0,0,0,0,0,1,0,0,0,0,0,1,1,0,0
"TA24 7",1813,1802,0,0,0,0,0,0,0,0,0,1,0,0,6,0,2,4,0,0,0,0,0,0,0,0,0,0,0,0,0,0,0,0,2,0,0,0,0,2,0,0,0,0,1,0,0,0,0,0,0,0,0,0,0,0,0,0,0,0,0,0,0,0,0,0,1,0,0,0,0,1,0,0,0,0,0,0,0,0,0,0,0,0,0,0,0,0,0,0,0,0,0,0,0,0,0,0,0,0,0,0,0,0
"TA24 8",4909,4862,0,0,0,0,0,0,0,0,0,1,7,4,30,2,4,9,0,0,4,2,0,2,3,0,2,0,0,1,1,0,0,0,0,0,0,0,0,0,0,0,0,0,0,0,0,0,0,0,0,0,0,0,0,0,0,0,0,0,0,0,0,0,0,0,5,0,0,1,0,0,0,3,0,1,0,0,0,0,0,0,0,0,0,0,0,0,0,0,0,0,0,0,0,0,0,0,0,0,0,0,0,0
"TA3  5",5656,5636,0,0,0,0,0,0,0,0,0,1,0,0,7,1,2,1,0,0,0,0,0,0,0,1,2,0,0,0,0,0,0,0,1,0,0,0,0,1,0,0,0,2,1,0,0,0,0,0,0,0,3,0,0,0,0,3,0,0,0,0,0,0,0,0,1,0,1,0,0,0,0,0,0,0,0,0,0,0,0,0,0,0,0,0,0,0,0,0,0,0,0,0,0,0,0,0,0,0,4,1,3,0
"TA3  6",4467,4421,0,0,0,0,0,0,0,0,0,4,0,2,27,0,1,4,1,2,1,0,1,8,4,0,3,0,1,1,0,0,0,0,0,0,0,0,0,0,0,0,0,0,0,1,0,0,0,0,0,0,3,0,0,0,0,1,0,0,0,0,0,0,2,0,8,0,0,4,0,0,0,2,0,2,0,0,0,0,0,0,1,0,0,0,0,0,0,0,0,0,0,1,0,0,0,0,0,0,0,0,0,0
"TA3  7",3937,3889,4,0,0,0,0,0,0,0,0,2,6,0,18,1,7,2,0,1,3,0,0,0,0,2,2,0,0,0,0,0,0,0,0,0,0,0,0,0,0,0,0,0,2,0,0,0,0,0,0,0,3,3,0,0,0,0,0,0,0,0,0,0,0,0,8,0,0,1,0,0,0,2,0,5,0,0,0,0,0,0,5,0,0,0,0,0,0,0,0,0,0,0,4,0,0,1,0,0,0,0,0,0
"TA4  1",5085,5026,0,0,0,0,0,0,0,0,0,4,2,3,36,3,3,19,2,1,0,2,0,0,0,2,1,2,1,0,0,0,0,0,0,0,0,0,0,0,0,0,0,1,0,3,0,0,0,0,0,0,5,0,0,0,0,2,0,0,0,0,0,3,0,0,1,0,0,0,0,0,0,1,0,0,0,0,0,0,0,0,3,0,0,0,0,0,0,0,0,0,0,2,0,0,1,0,0,0,1,1,0,0
"TA4  2",4128,4048,1,0,0,0,0,0,0,0,0,4,8,3,53,0,2,47,2,0,0,0,0,0,1,0,0,1,0,0,0,0,0,0,0,0,0,0,0,0,0,0,0,0,0,0,1,0,0,1,0,0,0,0,0,0,0,0,0,0,0,0,0,0,0,0,8,1,2,2,0,0,0,1,0,2,0,0,0,0,0,0,1,0,0,0,0,0,0,0,0,0,0,0,1,0,0,0,0,0,1,1,0,0
"TA4  3",5221,5173,2,0,0,0,0,0,0,0,0,3,6,3,20,1,8,6,0,0,1,0,0,2,0,1,1,0,0,0,0,0,0,0,0,0,0,0,0,0,0,0,0,3,2,2,1,0,0,0,0,1,0,0,0,0,0,0,0,0,0,0,0,0,0,0,2,0,0,0,0,0,0,1,1,0,0,0,0,0,0,0,4,0,1,0,0,0,0,0,0,0,0,0,1,0,0,2,0,0,0,0,0,0
"TA4  4",3862,3819,1,0,0,0,0,0,0,0,0,5,0,2,16,0,0,6,0,0,1,0,1,0,3,0,3,2,0,0,0,0,0,0,0,0,0,0,0,0,0,0,0,0,0,1,0,0,0,0,0,0,8,0,0,0,0,5,0,0,0,0,0,0,3,0,9,0,0,1,1,0,0,0,0,7,0,0,0,0,0,0,1,0,0,0,0,0,0,0,0,0,0,1,0,0,0,0,0,0,0,0,0,0
"TA5  1",5122,5083,2,0,0,0,0,0,0,0,0,3,0,1,25,2,3,6,2,0,1,5,2,1,0,1,1,0,0,0,0,0,1,0,1,0,1,0,0,0,0,0,0,0,4,1,0,0,0,0,0,0,1,0,0,0,0,1,0,0,0,0,0,0,0,0,1,0,0,0,0,0,0,1,0,0,0,0,0,0,0,0,0,0,0,0,0,0,0,0,0,0,0,0,0,0,0,0,0,0,0,0,0,0
"TA5  2",4751,4669,3,0,0,0,0,0,0,0,0,13,4,4,41,0,2,16,0,0,1,7,7,1,0,2,3,1,0,0,1,0,0,0,2,0,0,0,0,2,1,1,0,1,2,2,0,0,0,0,0,0,1,0,0,0,0,1,0,0,0,0,0,0,0,0,5,0,3,0,0,0,0,0,1,0,1,0,0,0,0,0,3,0,0,0,0,0,0,0,0,0,0,0,2,0,1,0,0,0,0,0,0,0
"TA6  3",9081,8504,0,0,0,0,0,0,0,0,0,7,69,1,402,2,6,256,12,9,9,51,48,0,7,0,0,2,0,0,0,0,0,0,1,0,0,1,0,0,0,0,0,25,5,2,0,0,0,0,0,0,26,0,1,0,0,11,0,0,0,1,7,6,0,0,34,0,8,10,1,0,2,3,1,5,4,0,0,0,0,0,4,0,0,0,0,0,0,0,0,0,0,0,1,0,1,2,1,1,0,0,0,0
"TA6  4",12067,11693,1,0,0,0,0,0,0,0,0,2,44,4,265,5,3,185,5,3,0,36,24,0,0,1,1,0,0,0,2,0,0,0,7,5,0,1,0,1,0,0,0,14,4,0,0,0,0,0,0,0,16,0,1,2,0,11,0,0,2,0,0,0,0,0,11,0,0,1,0,0,0,2,0,7,1,0,0,0,0,0,1,0,0,0,0,0,0,0,0,0,0,0,1,0,0,0,1,1,4,3,1,0
"TA6  5",5676,5260,1,0,0,0,0,0,0,0,0,4,42,0,285,6,0,181,14,4,3,43,26,2,0,4,2,0,0,0,0,0,0,0,2,0,0,1,0,1,0,0,0,30,18,3,1,0,0,0,0,1,19,2,1,0,0,11,0,0,2,1,2,0,0,0,8,0,1,3,0,0,0,0,0,3,1,0,0,0,0,0,1,0,0,0,0,0,0,0,0,0,0,1,0,0,0,0,0,0,2,1,1,0
"TA6  6",10642,10294,1,0,0,0,0,0,0,0,0,5,42,3,226,3,3,150,5,0,2,28,25,8,2,0,0,0,0,0,0,0,0,0,6,3,0,0,0,3,0,0,0,8,3,2,4,0,1,1,0,2,7,0,0,0,0,0,0,0,0,2,0,5,0,0,32,0,3,6,2,0,0,11,2,7,1,0,0,0,0,0,2,0,0,0,0,0,0,0,1,0,0,0,1,0,0,0,1,1,6,2,3,1
"TA6  7",6836,6733,1,0,0,0,0,0,0,0,0,0,1,1,59,0,4,12,4,0,3,25,9,0,1,0,0,0,1,0,0,0,0,0,0,0,0,0,0,0,0,0,0,7,1,0,1,0,0,0,0,1,12,0,0,0,0,7,1,0,0,4,0,0,0,0,17,0,1,7,1,0,0,2,0,6,0,0,0,0,0,0,2,0,0,0,0,0,0,0,0,0,0,0,1,0,0,1,1,1,0,0,0,0
"TA7  0",4792,4746,0,0,0,0,0,0,0,0,0,1,0,1,27,1,2,15,0,1,3,0,1,2,0,0,1,0,1,0,0,0,0,0,0,0,0,0,0,0,0,0,0,2,0,0,0,0,0,0,0,0,6,0,0,0,0,5,0,0,0,1,0,0,0,0,8,0,2,0,0,0,0,2,0,3,1,0,0,0,0,0,0,0,0,0,0,0,0,0,0,0,0,0,0,0,0,0,1,1,0,0,0,0
"TA7  8",5799,5760,0,0,0,0,0,0,0,0,0,4,4,2,18,0,5,9,0,0,2,0,1,0,0,0,1,0,0,0,0,0,0,0,0,0,0,0,0,0,0,0,0,1,2,0,0,0,0,0,0,0,2,2,0,0,0,0,0,0,0,0,0,0,0,0,3,0,0,0,0,0,0,0,0,3,0,0,0,0,0,0,1,0,0,0,0,0,0,0,0,0,0,0,1,0,0,0,1,1,1,1,0,0
"TA7  9",4040,4013,0,0,0,0,0,0,0,0,0,3,0,0,16,2,7,4,0,1,0,0,0,0,0,1,1,0,0,0,0,0,0,0,2,0,0,0,0,2,0,0,0,1,0,0,3,0,0,1,1,1,0,0,0,0,0,0,0,0,0,0,0,0,0,0,1,0,0,0,0,1,0,0,0,0,0,0,0,0,0,0,0,0,0,0,0,0,0,0,0,0,0,0,0,0,0,0,1,1,0,0,0,0
"TA8  1",7316,7136,1,1,0,0,0,0,0,0,1,2,0,0,96,1,2,68,2,3,0,8,0,0,6,2,1,0,1,1,0,0,1,0,0,0,0,0,0,0,0,0,0,2,15,2,1,0,0,1,0,0,16,1,0,2,0,11,0,0,0,0,2,0,0,0,36,2,6,6,1,0,0,2,0,19,0,0,0,0,0,0,6,0,0,0,0,0,0,0,1,0,0,2,1,0,0,2,1,1,1,1,0,0
"TA8  2",9181,9075,1,0,0,0,0,0,0,0,0,1,14,3,67,2,9,33,0,1,0,0,2,9,3,1,5,0,0,2,0,0,0,0,0,0,0,0,0,0,0,0,0,3,0,0,0,0,0,0,0,0,8,0,0,2,0,5,0,0,0,0,1,0,0,0,7,0,0,1,1,0,0,2,1,2,0,0,0,0,0,0,0,0,0,0,0,0,0,0,0,0,0,0,0,0,0,0,0,0,2,0,0,2
"TA9  3",7878,7742,0,0,0,0,0,0,0,0,0,1,23,2,70,5,6,36,4,2,6,2,0,2,0,1,0,1,1,3,0,0,0,1,1,0,0,0,0,1,0,0,0,2,6,0,0,0,0,0,0,0,14,0,0,3,0,11,0,0,0,0,0,0,0,0,11,0,0,1,0,0,0,2,0,8,0,0,0,0,0,0,0,0,0,0,0,0,0,0,0,0,0,0,0,0,0,0,3,3,3,3,0,0
"TA9  4",4114,4057,0,0,0,0,0,0,0,0,0,3,1,1,34,1,3,25,0,0,2,0,0,0,0,1,0,2,0,0,0,0,0,0,0,0,0,0,0,0,0,0,0,1,1,4,0,0,0,0,0,0,2,0,0,0,0,2,0,0,0,0,0,0,0,0,7,0,2,2,0,0,0,3,0,0,0,0,0,0,0,0,0,0,0,0,0,0,0,0,0,0,0,0,0,0,0,0,0,0,3,0,3,0
"TD12 4",1134,1131,1,0,0,0,0,0,0,0,0,1,0,0,1,0,0,0,0,0,0,0,0,0,0,0,1,0,0,0,0,0,0,0,0,0,0,0,0,0,0,0,0,0,0,0,0,0,0,0,0,0,0,0,0,0,0,0,0,0,0,0,0,0,0,0,0,0,0,0,0,0,0,0,0,0,0,0,0,0,0,0,0,0,0,0,0,0,0,0,0,0,0,0,0,0,0,0,0,0,0,0,0,0
"TD15 1",5290,5145,0,2,0,0,0,0,0,2,0,1,14,2,87,1,4,53,0,1,1,6,15,1,0,0,0,2,2,0,0,0,0,1,0,0,0,0,0,0,0,0,0,10,0,0,2,0,2,0,0,0,21,0,0,2,0,2,0,0,3,1,13,0,0,0,4,0,3,0,0,0,0,0,0,1,0,0,0,0,0,0,1,0,0,0,0,0,1,0,0,0,0,0,0,0,0,0,0,0,1,0,1,0
"TD15 2",11336,11136,0,1,0,0,0,0,0,1,0,1,18,2,119,3,8,82,1,0,0,11,9,0,0,2,0,1,1,0,0,0,1,0,1,1,0,0,0,0,0,0,0,4,1,2,0,0,0,0,0,0,23,3,0,0,0,6,0,0,0,0,13,0,1,0,27,0,1,15,2,0,0,2,0,7,0,0,0,0,0,0,1,0,0,0,0,0,0,0,0,0,0,0,0,1,0,0,0,0,0,0,0,0
"TF1  1",4125,3604,1,0,0,0,0,0,0,0,0,4,3,6,198,2,5,161,13,5,9,2,0,1,0,0,0,0,0,0,0,0,0,0,0,0,0,0,0,0,0,0,0,10,8,3,5,0,2,3,0,0,262,134,0,63,33,2,0,1,3,5,4,11,0,6,15,4,3,2,1,0,0,2,0,3,0,0,0,0,0,0,2,0,0,0,0,1,0,0,0,0,0,0,0,0,1,0,0,0,4,4,0,0
"TF1  2",6812,6337,4,0,0,0,0,0,0,0,0,1,1,1,178,2,8,151,1,0,0,2,0,2,0,2,3,1,1,0,5,0,0,0,0,0,0,0,0,0,0,0,0,3,5,4,4,0,1,2,1,0,233,127,1,59,28,0,6,0,4,1,5,2,0,0,25,2,3,12,1,0,0,1,0,6,0,0,0,0,0,0,13,0,0,0,0,2,0,0,0,0,0,0,0,5,2,4,1,1,2,0,0,2
"TF1  3",7398,7200,2,0,0,0,0,0,0,0,0,1,7,1,72,9,10,43,1,2,0,1,1,2,1,2,0,0,0,0,0,0,0,0,0,0,0,0,0,0,0,0,0,2,2,1,1,0,1,0,0,0,42,15,0,12,0,3,2,0,0,2,8,0,0,0,51,4,10,21,3,2,0,1,0,10,0,0,0,0,0,0,4,0,0,0,0,3,0,0,0,0,0,0,0,0,0,1,2,2,10,10,0,0
"TF1  5",8131,7196,1,0,0,0,0,0,0,0,0,1,2,4,569,0,4,517,26,2,1,9,1,5,2,0,0,2,0,0,0,0,0,0,6,0,4,2,0,0,0,0,0,17,1,3,8,0,2,1,5,0,291,103,5,154,11,0,5,0,5,4,0,0,0,4,23,0,3,11,1,0,0,4,1,3,0,0,0,0,0,0,5,0,0,0,0,2,0,1,0,0,0,0,1,0,1,0,2,2,2,0,1,1
"TF1  6",9128,8343,3,0,0,0,0,0,0,0,0,12,7,6,333,0,8,287,4,5,6,12,0,3,4,2,1,1,0,0,0,0,0,0,2,0,0,2,0,0,0,0,0,2,1,7,11,0,5,1,5,0,281,87,3,133,9,27,8,0,0,2,8,2,0,2,95,4,25,19,27,0,1,5,0,14,0,0,0,0,0,0,20,0,0,1,1,5,0,0,0,0,0,2,0,1,8,2,3,3,2,0,1,1
"TF10 7",10214,10019,23,2,2,0,0,0,0,0,0,4,2,9,69,3,7,26,2,0,2,2,8,4,5,2,3,3,0,0,0,0,2,0,2,2,0,0,0,0,0,0,0,5,7,6,2,0,0,2,0,0,24,2,0,6,0,0,2,0,8,0,4,0,2,0,35,2,1,12,5,0,0,6,0,5,4,2,0,0,0,0,1,0,0,0,0,0,0,0,0,0,0,0,0,0,1,0,2,2,0,0,0,0
"TF10 8",4414,4305,14,0,0,0,0,0,0,0,0,0,1,2,17,0,4,9,0,0,0,0,0,0,1,0,1,2,0,0,0,0,0,0,0,0,0,0,0,0,0,0,0,0,1,1,0,0,0,0,0,0,4,0,2,2,0,0,0,0,0,0,0,0,0,0,67,3,1,63,0,0,0,0,0,0,0,0,0,0,0,0,1,0,0,0,0,0,0,0,1,0,0,0,0,0,0,0,0,0,1,0,0,1
"TF10 9",3307,3276,2,0,0,0,0,0,0,0,0,2,2,0,9,0,1,6,0,0,0,0,1,0,1,0,0,0,0,0,0,0,0,0,1,0,0,1,0,0,0,0,0,0,2,0,0,0,0,0,0,0,7,2,0,4,0,1,0,0,0,0,0,0,0,0,5,0,3,1,0,0,0,0,1,0,0,0,0,0,0,0,0,0,0,0,0,0,0,0,0,0,0,0,0,0,0,0,1,1,0,0,0,0
"TF11 8",6188,6094,4,0,0,0,0,0,0,0,0,5,0,1,65,0,1,37,0,2,2,0,7,5,3,5,1,2,0,0,0,0,0,0,0,0,0,0,0,0,0,0,0,0,0,0,0,0,0,0,0,0,8,1,1,0,0,3,0,0,0,0,3,0,0,0,9,0,0,3,1,0,0,2,0,3,0,0,0,0,0,0,0,0,0,0,0,0,0,0,0,0,0,0,0,0,0,0,1,1,1,0,0,1
"TF11 9",3447,3418,3,0,0,0,0,0,0,0,0,2,0,0,13,2,1,4,1,1,1,1,0,0,0,1,1,0,0,0,0,0,0,0,0,0,0,0,0,0,0,0,0,0,0,0,0,0,0,0,0,0,3,0,2,1,0,0,0,0,0,0,0,0,0,0,6,2,0,1,0,0,0,1,0,2,0,0,0,0,0,0,0,0,0,0,0,0,0,0,0,0,0,0,0,0,0,0,0,0,2,0,0,2
"TF12 5",5441,5411,1,0,0,0,0,0,0,0,0,2,1,0,20,5,0,5,0,0,0,0,0,0,3,2,1,4,0,0,0,0,0,0,0,0,0,0,0,0,0,0,0,0,0,1,0,0,0,0,0,0,1,0,0,0,0,0,0,1,0,0,0,0,0,0,2,0,1,0,0,0,0,0,0,1,0,0,0,0,0,0,0,0,0,0,0,0,0,0,0,0,0,0,0,0,0,0,1,1,1,0,0,1
"TF13 6",3603,3583,1,0,0,0,0,0,0,0,0,4,1,2,9,0,1,1,1,1,0,0,0,0,0,0,1,2,0,0,2,0,0,0,0,0,0,0,0,0,0,0,0,0,0,0,0,0,0,0,0,0,1,0,0,0,0,1,0,0,0,0,0,0,0,0,1,0,0,0,1,0,0,0,0,0,0,0,0,0,0,0,0,0,0,0,0,0,0,0,0,0,0,0,0,0,0,0,0,0,1,1,0,0
"TF2  0",2557,2484,0,0,0,0,0,0,0,0,0,2,0,0,44,0,4,31,3,0,3,1,0,1,0,0,1,0,0,0,0,0,0,0,0,0,0,0,0,0,0,0,0,2,2,0,0,0,0,0,0,0,13,3,0,8,0,0,2,0,0,0,0,0,0,0,4,0,2,2,0,0,0,0,0,0,0,0,0,0,0,0,6,0,0,0,0,1,0,0,0,0,0,0,3,0,1,1,0,0,0,0,0,0
"TF2  6",6690,6366,2,0,0,0,0,0,0,0,0,0,0,1,163,1,2,111,13,2,0,3,22,5,0,2,2,0,0,0,0,0,0,0,12,1,9,2,0,0,0,0,0,7,8,1,1,0,1,0,0,0,115,1,1,104,0,9,0,0,0,0,0,0,0,0,8,0,1,1,2,0,0,2,0,2,0,0,0,0,0,0,5,0,0,1,0,1,0,0,0,0,0,0,1,2,0,0,0,0,1,0,0,1
"TF2  7",7485,7197,1,0,0,0,0,0,0,0,0,2,4,6,145,4,8,96,5,4,5,11,4,6,0,0,1,1,0,0,0,0,0,0,9,2,7,0,0,0,0,0,0,7,0,1,2,0,1,1,0,0,74,0,5,59,0,2,0,0,3,3,0,0,2,0,10,0,2,5,1,0,1,0,0,1,0,0,0,0,0,0,22,0,0,0,0,8,0,0,0,0,0,1,3,1,4,5,1,1,4,4,0,0
"TF2  8",9894,9631,6,0,0,0,0,0,0,0,0,3,0,0,136,0,8,97,0,5,1,13,7,1,1,0,3,0,0,0,0,0,0,0,11,0,8,1,0,2,0,0,0,7,5,1,3,0,2,1,0,0,55,15,3,24,0,4,1,0,1,5,0,0,2,0,19,0,1,4,3,0,0,4,0,5,2,0,0,0,0,0,16,0,0,0,0,7,0,0,4,0,0,0,4,0,0,1,0,0,1,0,0,1
"TF2  9",10646,10184,2,1,1,0,0,0,0,0,0,4,4,6,125,0,7,75,10,5,2,10,4,4,3,1,0,3,1,0,0,0,0,0,5,0,0,4,0,1,2,2,0,9,4,22,1,0,0,1,0,0,153,9,0,90,0,6,21,0,7,8,1,0,0,11,117,8,13,40,51,2,0,0,0,2,1,0,0,0,0,0,5,0,0,1,0,0,0,0,0,0,0,1,1,1,1,0,1,1,1,0,1,0
"TF3  1",10327,9991,3,1,0,0,0,0,0,1,0,12,11,2,130,1,7,71,3,5,1,14,8,11,1,2,6,0,0,0,0,0,0,0,2,0,0,0,1,1,0,0,0,4,7,4,3,0,3,0,0,0,71,3,0,49,0,0,13,3,0,0,2,0,0,1,25,0,7,3,5,0,1,4,2,3,0,0,0,0,0,0,56,0,0,0,0,43,0,0,0,0,2,3,0,1,6,1,1,1,4,3,1,0
"TF3  2",8622,8124,0,0,0,0,0,0,0,0,0,3,13,3,245,0,2,120,31,3,0,9,20,48,0,6,4,2,0,0,0,0,0,0,1,1,0,0,0,0,0,0,0,24,6,11,1,0,1,0,0,0,130,9,15,37,1,3,25,10,8,5,3,2,8,4,29,2,3,17,2,0,0,2,1,2,0,0,0,0,0,0,29,0,0,3,0,21,2,0,0,0,0,2,0,0,1,0,0,0,3,0,0,3
"TF3  5",3848,3688,1,0,0,0,0,0,0,0,0,1,0,0,75,0,3,66,1,0,2,1,0,1,0,0,0,0,1,0,0,0,0,0,3,0,2,0,0,1,0,0,0,0,2,3,0,0,0,0,0,0,51,6,1,38,0,0,4,0,0,2,0,0,0,0,18,0,3,10,2,0,0,1,0,2,0,0,0,0,0,0,3,0,0,0,0,0,0,0,0,0,0,2,1,0,0,0,1,1,2,2,0,0
"TF4  2",8625,8390,1,0,0,0,0,0,0,0,0,6,6,2,111,0,6,68,4,0,11,4,9,2,1,2,1,0,0,1,0,0,2,0,1,0,0,1,0,0,0,0,0,13,0,6,3,0,2,1,0,0,34,7,0,18,3,0,4,0,0,2,0,0,0,0,29,0,5,2,4,0,2,4,1,11,0,0,0,0,0,0,15,0,0,0,0,6,0,0,0,0,0,3,0,4,2,0,2,2,6,5,0,1
"TF4  3",8664,8527,3,0,0,0,0,0,0,0,0,6,3,3,80,2,4,43,10,4,3,5,5,1,0,0,1,0,0,0,1,0,1,0,4,2,1,0,0,1,0,0,0,3,0,3,1,1,0,0,0,0,12,1,0,7,0,0,2,0,0,0,2,0,0,0,15,0,3,5,2,0,0,1,0,4,0,0,0,0,0,0,1,0,0,0,0,1,0,0,0,0,0,0,0,0,0,0,1,1,2,0,0,2
"TF5  0",5162,5064,2,0,0,0,0,0,0,0,0,2,3,0,32,0,2,12,2,6,5,0,0,2,0,0,0,1,1,0,0,0,1,0,1,0,0,1,0,0,0,0,0,0,2,1,1,0,1,0,0,0,36,2,1,23,0,2,0,0,0,2,5,0,0,1,13,1,3,1,7,0,0,1,0,0,0,0,0,0,0,0,3,0,0,0,0,0,0,0,0,0,0,3,0,0,0,0,0,0,2,2,0,0
"TF6  5",1408,1386,0,0,0,0,0,0,0,0,0,2,0,0,3,0,1,1,0,0,0,0,0,0,0,0,1,0,0,0,0,0,0,0,0,0,0,0,0,0,0,0,0,0,0,0,0,0,0,0,0,0,4,0,0,3,0,1,0,0,0,0,0,0,0,0,1,0,0,1,0,0,0,0,0,0,0,0,0,0,0,0,1,0,0,0,0,0,0,0,1,0,0,0,0,0,0,0,1,1,10,0,1,9
"TF6  6",3483,3437,0,0,0,0,0,0,0,0,0,0,1,0,32,0,5,18,0,0,4,0,4,0,0,0,1,0,0,0,0,0,0,0,0,0,0,0,0,0,0,0,0,2,0,1,0,0,0,0,0,0,3,0,0,3,0,0,0,0,0,0,0,0,0,0,5,0,0,0,0,0,0,1,0,4,0,0,0,0,0,0,0,0,0,0,0,0,0,0,0,0,0,0,0,0,0,0,0,0,2,2,0,0
"TF7  4",5617,5431,2,0,0,0,0,0,0,0,0,2,1,3,96,1,2,65,12,0,1,2,7,4,0,1,1,0,0,0,0,0,0,0,0,0,0,0,0,0,0,0,0,1,3,6,2,0,2,0,0,0,43,7,1,23,1,5,2,0,0,0,0,0,0,4,19,0,8,3,2,0,1,3,2,0,0,0,0,0,0,0,5,0,0,0,0,3,0,0,1,0,0,0,0,0,0,1,0,0,3,2,0,1
"TF7  5",11135,10907,7,0,0,0,0,0,0,0,0,2,10,5,106,1,4,68,10,1,3,1,9,2,1,2,2,0,2,0,0,0,0,0,0,0,0,0,0,0,0,0,0,3,1,7,2,0,0,1,0,1,54,0,2,15,0,2,23,0,0,0,8,0,0,4,17,0,2,6,1,0,2,3,0,3,0,0,0,0,0,0,5,0,0,0,0,4,0,0,0,0,0,0,0,0,1,0,0,0,9,4,2,3
"TF8  7",2822,2796,1,0,0,0,0,0,0,0,0,3,0,1,13,0,2,4,3,0,0,1,0,2,0,0,0,1,0,0,0,0,0,0,0,0,0,0,0,0,0,0,0,0,0,0,0,0,0,0,0,0,0,0,0,0,0,0,0,0,0,0,0,0,0,0,6,0,1,0,3,0,0,1,0,1,0,0,0,0,0,0,0,0,0,0,0,0,0,0,0,0,0,0,0,0,0,0,0,0,2,1,0,1
"TF9  1",6043,5911,7,0,0,0,0,0,0,0,0,5,3,0,90,3,1,69,12,2,0,0,2,0,0,0,0,0,0,0,1,0,0,0,0,0,0,0,0,0,0,0,0,1,1,1,2,0,0,1,0,1,2,0,0,1,0,0,0,0,0,0,1,0,0,0,17,0,0,3,0,0,0,0,0,14,0,0,0,0,0,0,1,0,0,0,0,1,0,0,0,0,0,0,0,0,0,0,0,0,2,0,0,2
"TF9  2",5905,5826,1,0,0,0,0,0,0,0,0,4,3,3,31,0,0,19,8,0,0,0,0,3,0,0,0,1,0,0,0,0,0,0,1,1,0,0,0,0,0,0,0,2,0,2,0,0,0,0,0,0,10,2,0,6,0,1,1,0,0,0,0,0,0,0,11,0,4,4,1,0,0,2,0,0,0,7,0,0,0,0,4,0,0,1,0,0,0,0,0,0,0,1,2,0,0,0,0,0,0,0,0,0
"TF9  3",7918,7740,2,3,3,0,0,0,0,0,0,6,6,1,106,2,0,68,12,2,0,0,6,0,12,1,2,0,1,0,0,0,0,0,0,0,0,0,0,0,0,0,0,0,3,4,0,0,0,0,0,0,12,0,0,2,0,0,0,0,0,1,0,0,8,1,22,0,5,4,0,0,1,0,0,12,0,8,0,0,0,0,4,0,0,0,0,0,0,0,0,0,0,0,2,0,0,2,1,1,0,0,0,0
"TF9  4",4711,4665,1,0,0,0,0,0,0,0,0,1,0,0,22,1,4,12,2,0,0,0,0,0,0,1,0,2,0,0,0,0,0,0,0,0,0,0,0,0,0,0,0,2,0,2,3,1,0,2,0,0,3,0,0,0,0,0,0,0,0,1,2,0,0,0,7,1,1,4,0,0,0,0,0,0,1,0,0,0,0,0,5,0,0,0,0,0,0,0,0,0,0,0,5,0,0,0,0,0,0,0,0,0
"TN1  1",3646,3141,0,1,0,0,0,0,0,1,0,36,15,26,254,17,22,133,16,19,2,10,5,15,0,1,2,8,0,3,0,0,1,0,4,2,1,1,0,0,0,0,0,10,6,7,9,0,1,5,1,2,66,6,10,2,0,10,11,0,4,7,10,2,4,0,53,4,8,4,2,2,0,14,0,19,0,0,0,0,0,0,16,0,1,0,0,0,0,0,0,0,0,0,8,2,0,5,1,1,1,0,0,1
"TN1  2",7059,6268,0,0,0,0,0,0,0,0,0,32,23,24,382,31,10,235,22,20,9,10,6,11,13,4,5,1,1,3,0,0,1,0,8,5,1,1,0,1,8,8,0,12,20,15,16,0,1,5,10,0,75,12,2,0,0,22,16,1,2,5,8,1,1,5,147,1,2,14,7,3,0,2,0,111,7,0,0,0,0,0,21,0,0,0,0,3,0,0,0,0,0,4,4,0,3,7,4,4,4,1,0,3
"TN10 3",7704,7477,0,0,0,0,0,0,0,0,0,11,4,8,80,5,12,31,4,0,10,1,1,6,4,2,1,1,1,0,0,0,1,0,2,0,0,1,0,1,0,0,0,6,4,3,4,0,2,2,0,0,59,6,1,1,0,14,4,0,0,2,11,0,20,0,30,0,2,7,1,0,1,5,1,13,0,0,0,0,0,0,11,0,0,0,0,0,0,0,0,0,0,4,7,0,0,0,3,3,2,1,0,1
"TN10 4",8073,7949,0,0,0,0,0,0,0,0,0,11,0,6,38,3,6,7,1,0,10,0,0,3,2,3,2,1,0,0,0,0,0,0,6,1,0,3,2,0,0,0,0,5,11,2,1,0,0,1,0,0,19,1,0,0,0,2,0,0,0,0,4,1,10,1,22,1,1,16,1,0,0,0,1,1,1,0,0,0,0,0,1,0,0,0,0,0,0,0,0,0,0,0,0,0,0,1,0,0,2,0,1,1
"TN11 0",4282,4198,0,1,0,1,0,0,0,0,0,3,2,0,56,2,15,17,4,0,4,2,1,6,0,0,4,0,0,0,1,0,0,0,2,0,0,2,0,0,0,0,0,0,0,0,0,0,0,0,0,0,2,0,0,0,0,0,2,0,0,0,0,0,0,0,16,0,0,6,2,0,0,7,0,1,0,0,0,0,0,0,1,0,0,0,0,0,0,0,0,0,0,0,0,1,0,0,0,0,1,1,0,0
"TN11 8",3567,3513,0,0,0,0,0,0,0,0,0,8,1,1,25,5,4,2,4,3,0,0,0,0,0,0,4,2,1,0,0,0,0,0,1,0,1,0,0,0,0,0,0,2,2,0,0,0,0,0,0,0,3,0,0,1,0,0,0,0,0,0,1,0,1,0,8,2,0,0,2,0,0,2,0,2,0,0,0,0,0,0,1,0,0,0,0,0,0,0,0,0,0,0,0,0,0,1,0,0,2,2,0,0
"TN11 9",5590,5463,0,0,0,0,0,0,0,0,0,8,6,3,65,2,13,3,8,2,0,3,3,3,16,1,7,4,0,0,0,0,0,0,3,0,0,1,0,2,0,0,0,1,1,0,5,3,0,0,0,2,14,3,1,1,0,0,0,0,0,0,6,0,3,0,20,0,3,4,2,0,0,1,0,10,0,0,0,0,0,0,1,0,0,0,0,0,0,0,0,0,0,1,0,0,0,0,0,0,0,0,0,0
"TN12 0",5756,5628,0,0,0,0,0,0,0,0,0,7,0,3,37,3,3,18,1,0,1,2,0,1,0,3,3,0,1,1,0,0,0,0,7,1,0,0,6,0,0,0,0,2,8,2,2,0,1,0,0,1,35,2,0,0,0,4,2,1,0,3,19,0,1,3,20,0,4,0,1,0,0,5,0,1,9,0,0,0,0,0,3,0,0,0,0,0,0,0,0,0,0,0,3,0,0,0,0,0,2,2,0,0
"TN12 5",3222,3164,2,0,0,0,0,0,0,0,0,3,8,2,28,5,2,7,0,0,0,0,9,3,0,1,1,0,0,0,0,0,0,0,0,0,0,0,0,0,0,0,0,0,0,2,0,0,0,0,0,0,2,0,1,1,0,0,0,0,0,0,0,0,0,0,9,0,0,7,0,0,0,1,0,1,0,0,0,0,0,0,1,0,0,0,0,0,0,0,0,0,0,0,0,0,0,1,0,0,1,1,0,0
"TN12 6",10043,9887,3,0,0,0,0,0,0,0,0,5,5,7,75,4,4,22,11,6,0,2,10,1,2,3,7,1,0,2,0,0,0,0,4,2,0,0,0,2,0,0,0,2,3,5,1,0,0,1,0,0,18,0,2,0,0,7,0,0,0,0,0,0,8,1,16,0,1,1,3,0,0,6,0,4,1,0,0,0,0,0,6,0,0,0,0,0,0,0,0,0,0,2,3,1,0,0,0,0,6,3,1,2
"TN12 7",2798,2769,1,0,0,0,0,0,0,0,0,2,1,0,12,1,2,2,0,0,1,2,0,0,1,0,3,0,0,0,0,0,0,0,1,0,0,0,0,1,0,0,0,0,3,0,0,0,0,0,0,0,3,1,0,0,0,0,0,0,0,0,2,0,0,0,6,0,1,3,0,0,0,2,0,0,0,0,0,0,0,0,0,0,0,0,0,0,0,0,0,0,0,0,0,0,0,0,0,0,0,0,0,0
"TN12 8",2349,2312,0,0,0,0,0,0,0,0,0,4,0,2,27,1,3,10,4,1,4,0,0,0,1,0,3,0,0,0,0,0,0,0,0,0,0,0,0,0,0,0,0,2,0,1,0,0,0,0,0,0,0,0,0,0,0,0,0,0,0,0,0,0,0,0,1,0,0,0,0,0,0,1,0,0,0,0,0,0,0,0,0,0,0,0,0,0,0,0,0,0,0,0,0,0,0,0,0,0,0,0,0,0
"TN12 9",4380,4289,0,0,0,0,0,0,0,0,0,8,6,2,41,0,2,18,3,9,0,2,1,1,2,0,2,0,1,0,0,0,0,0,8,0,0,0,8,0,0,0,0,0,4,0,5,0,0,4,0,1,1,0,0,0,0,1,0,0,0,0,0,0,0,0,12,0,0,8,1,0,1,1,0,1,0,2,0,0,0,0,1,1,0,0,0,0,0,0,0,0,0,0,0,0,0,0,1,1,0,0,0,0
"TN13 1",5247,4895,0,1,0,0,0,1,0,0,0,33,5,15,172,16,37,41,5,6,6,2,1,14,5,1,16,9,12,1,0,0,0,0,7,0,1,4,0,2,0,0,0,17,0,1,1,0,0,0,0,1,9,2,0,0,0,2,2,0,0,3,0,0,0,0,67,6,9,17,5,3,3,10,0,13,1,0,0,0,0,0,22,0,0,0,0,0,0,0,0,0,0,5,15,0,0,2,1,1,1,0,0,1
"TN13 2",8863,8519,0,0,0,0,0,0,0,0,0,31,9,18,144,6,22,44,3,3,2,1,4,13,0,4,19,2,16,5,0,0,0,0,5,1,0,0,0,4,1,1,0,13,8,5,0,0,0,0,0,0,24,2,1,2,0,0,4,0,0,8,5,1,1,0,53,3,7,14,7,0,1,5,0,16,0,0,0,0,0,0,31,0,0,0,0,0,0,0,0,0,0,0,31,0,0,0,1,1,1,0,0,1
"TN13 3",9790,9274,0,0,0,0,0,0,0,0,0,55,13,17,246,16,32,89,15,14,2,5,2,16,8,4,17,9,11,2,1,1,0,2,9,1,4,1,0,3,0,0,0,11,12,3,1,1,0,0,0,0,39,0,0,3,0,17,5,0,0,11,0,0,3,0,82,6,15,11,13,1,0,7,4,20,5,0,0,0,0,0,25,0,0,0,0,0,1,0,1,0,0,0,22,0,0,1,1,1,2,1,1,0
"TN14 5",6419,6211,0,0,0,0,0,0,0,0,0,13,2,10,104,3,8,49,4,5,0,7,3,8,1,2,11,2,0,1,0,0,0,0,0,0,0,0,0,0,0,0,0,2,2,0,3,1,1,1,0,0,31,2,0,2,0,10,0,0,0,1,0,1,15,0,32,2,4,5,3,0,1,1,0,14,2,0,0,0,0,0,5,0,0,0,0,0,0,0,0,0,0,0,4,0,1,0,1,1,3,3,0,0
"TN14 6",3220,3151,0,0,0,0,0,0,0,0,0,6,2,6,38,1,7,6,2,3,1,3,0,4,0,0,8,0,3,0,0,0,0,0,0,0,0,0,0,0,0,0,0,1,0,0,0,0,0,0,0,0,5,0,0,0,0,1,0,0,0,2,1,1,0,0,6,0,0,4,0,0,0,0,0,2,0,0,0,0,0,0,5,0,0,0,0,0,0,0,0,0,0,0,4,0,1,0,0,0,0,0,0,0
"TN14 7",4781,4724,0,0,0,0,0,0,0,0,0,8,0,3,13,3,3,1,2,0,0,1,1,0,1,0,1,0,0,0,0,0,0,0,1,1,0,0,0,0,0,0,0,1,5,2,3,0,0,0,0,3,8,3,0,0,0,0,5,0,0,0,0,0,0,0,7,1,2,1,0,0,0,1,0,2,0,0,0,0,0,0,3,0,0,0,0,0,0,0,0,0,0,0,2,0,1,0,0,0,3,1,2,0
"TN15 0",4100,3974,2,0,0,0,0,0,0,0,0,19,3,4,60,7,8,5,2,2,2,2,4,1,1,7,12,6,1,0,0,0,0,0,2,0,0,0,0,2,0,0,0,7,2,0,2,0,0,0,1,1,3,0,0,1,0,2,0,0,0,0,0,0,0,0,14,0,4,5,2,0,0,1,0,2,0,0,0,0,0,0,6,0,0,0,0,0,0,0,1,0,0,0,5,0,0,0,2,2,0,0,0,0
"TN15 6",9407,9299,0,0,0,0,0,0,0,0,0,4,0,4,48,4,10,14,1,3,0,1,2,6,0,0,2,3,2,0,0,0,0,0,2,1,0,0,0,1,1,1,0,1,0,0,0,0,0,0,0,0,25,0,4,0,0,7,0,0,0,0,4,1,9,0,13,0,1,4,2,0,0,4,0,2,0,0,0,0,0,0,7,0,0,0,0,1,0,0,0,0,0,0,4,0,1,1,3,3,0,0,0,0
"TN15 7",3326,3265,0,1,1,0,0,0,0,0,0,2,0,0,28,1,4,9,4,1,0,0,0,3,0,0,4,1,0,0,1,0,0,0,3,0,0,0,0,3,0,0,0,3,0,0,0,0,0,0,0,0,14,0,0,0,0,10,0,0,0,2,1,0,1,0,5,0,0,1,0,0,0,2,0,2,0,0,0,0,0,0,5,0,0,0,0,0,0,0,0,0,0,1,4,0,0,0,0,0,0,0,0,0
"TN15 8",4908,4792,0,0,0,0,0,0,0,0,0,4,1,6,38,4,8,9,0,0,2,1,0,2,0,0,10,1,1,0,0,0,0,0,0,0,0,0,0,0,0,0,0,4,8,1,0,0,0,0,0,0,45,0,0,0,0,7,6,0,0,0,1,3,28,0,9,0,0,2,0,0,0,2,0,4,1,0,0,0,0,0,0,0,0,0,0,0,0,0,0,0,0,0,0,0,0,0,0,0,0,0,0,0
"TN15 9",1884,1833,0,0,0,0,0,0,0,0,0,5,1,3,16,0,3,2,3,0,1,0,0,0,0,0,2,0,0,5,0,0,0,0,0,0,0,0,0,0,0,0,0,3,0,0,0,0,0,0,0,0,16,2,0,0,0,9,0,0,0,0,0,0,5,0,2,0,0,0,0,0,0,0,0,2,0,0,0,0,0,0,5,0,0,0,0,0,0,0,0,0,0,0,5,0,0,0,0,0,0,0,0,0
"TN16 1",4827,4706,2,0,0,0,0,0,0,0,0,5,8,11,56,4,5,32,2,3,0,0,0,3,0,2,1,2,1,1,0,0,0,0,1,0,1,0,0,0,0,0,0,2,0,4,0,0,0,0,0,0,17,6,0,0,0,4,0,0,0,5,0,2,0,0,13,0,2,8,1,0,1,1,0,0,0,0,0,0,0,0,1,0,0,0,0,0,0,0,0,0,0,0,0,0,0,1,1,1,0,0,0,0
"TN16 2",2447,2400,0,0,0,0,0,0,0,0,0,4,7,3,22,1,5,5,0,1,2,0,0,4,0,1,2,0,0,0,0,0,0,1,1,0,0,0,0,1,0,0,0,4,0,0,1,0,0,1,0,0,0,0,0,0,0,0,0,0,0,0,0,0,0,0,3,0,0,1,1,0,0,0,0,1,0,0,0,0,0,0,0,0,0,0,0,0,0,0,0,0,0,0,0,0,0,0,1,1,1,1,0,0
"TN16 3",11350,11211,2,0,0,0,0,0,0,0,0,4,0,6,46,1,10,9,2,1,1,5,0,2,5,2,4,2,0,0,0,0,1,1,5,2,0,0,0,3,0,0,0,5,6,4,3,0,0,3,0,0,29,5,0,0,0,10,8,0,0,5,0,1,0,0,20,0,5,3,1,0,0,6,1,3,1,0,0,0,0,0,4,0,0,0,0,0,0,0,0,0,0,0,4,0,0,0,2,2,3,3,0,0
"TN17 1",2496,2433,0,0,0,0,0,0,0,0,0,4,1,1,17,2,3,4,0,0,2,1,0,4,0,0,1,0,0,0,0,0,0,0,2,0,0,0,0,2,0,0,0,2,1,1,1,1,0,0,0,0,2,1,0,0,0,0,0,0,0,1,0,0,0,0,25,0,8,14,0,0,2,0,0,1,0,0,0,0,0,0,4,0,0,0,0,1,0,1,1,0,0,1,0,0,0,0,1,1,1,1,0,0
"TN17 2",3501,3403,0,0,0,0,0,0,0,0,0,6,3,5,25,0,6,8,0,0,0,0,0,0,6,2,2,0,0,0,1,0,0,0,5,0,0,2,0,3,10,10,0,2,5,9,9,0,0,3,0,6,1,1,0,0,0,0,0,0,0,0,0,0,0,0,17,0,1,10,1,2,1,0,0,1,1,0,0,0,0,0,0,0,0,0,0,0,0,0,0,0,0,0,0,0,0,0,1,1,0,0,0,0
"TN17 3",4665,4591,0,2,0,0,0,0,0,0,2,6,2,5,20,0,2,2,1,1,1,4,0,3,0,2,2,1,0,1,0,0,0,0,1,0,1,0,0,0,0,0,0,2,0,2,0,0,0,0,0,0,3,0,0,0,0,3,0,0,0,0,0,0,0,0,28,0,4,19,0,0,0,3,0,2,0,0,0,0,0,0,1,0,0,0,0,0,0,0,0,0,0,0,1,0,0,0,0,0,2,1,0,1
"TN17 4",3701,3596,0,0,0,0,0,0,0,0,0,19,1,4,28,3,2,9,1,0,0,0,1,5,2,0,2,2,0,0,1,0,0,0,0,0,0,0,0,0,0,0,0,1,1,1,1,0,0,0,0,1,3,1,0,0,0,0,0,0,0,0,1,0,1,0,45,0,14,20,0,2,0,4,1,3,1,0,0,0,0,0,0,0,0,0,0,0,0,0,0,0,0,0,0,0,0,0,1,1,0,0,0,0
"TN18 4",3815,3731,0,0,0,0,0,0,0,0,0,4,1,3,41,1,2,26,1,0,1,0,1,3,0,0,4,0,1,1,0,0,0,0,0,0,0,0,0,0,0,0,0,4,3,1,1,0,0,1,0,0,3,3,0,0,0,0,0,0,0,0,0,0,0,0,23,0,5,1,2,0,0,2,1,12,0,0,0,0,0,0,0,0,0,0,0,0,0,0,0,0,0,0,0,0,0,0,0,0,0,0,0,0
"TN18 5",2573,2521,0,0,0,0,0,0,0,0,0,3,1,2,29,1,3,16,3,1,0,0,0,1,0,0,2,1,0,1,0,0,0,0,1,0,0,0,0,1,0,0,0,1,0,1,0,0,0,0,0,0,2,1,0,0,0,0,0,0,0,0,0,0,1,0,6,0,0,0,2,0,0,0,0,4,0,0,0,0,0,0,3,0,0,0,0,0,3,0,0,0,0,0,0,0,0,0,2,2,1,0,1,0
"TN19 7",4854,4793,1,0,0,0,0,0,0,0,0,3,1,0,17,3,2,1,0,0,0,0,0,0,0,1,3,2,1,3,0,1,0,0,6,0,0,3,0,3,0,0,0,3,0,5,0,0,0,0,0,0,4,0,0,0,0,0,0,0,0,3,0,0,0,1,9,0,0,8,0,0,0,1,0,0,0,1,0,0,0,0,1,0,0,0,0,0,0,0,0,0,0,0,1,0,0,0,5,5,5,4,0,1
"TN2  3",9386,8877,2,0,0,0,0,0,0,0,0,15,20,18,216,12,9,107,16,10,12,19,1,14,4,3,6,2,0,1,0,0,0,0,9,0,4,2,0,3,6,6,0,9,16,5,18,1,2,11,4,0,98,9,1,2,0,50,8,0,0,7,11,0,8,2,54,0,11,24,3,1,0,9,1,5,0,0,0,0,0,0,15,0,0,0,0,0,0,0,0,0,0,4,9,1,0,1,2,2,6,5,0,1
"TN2  4",8355,8080,1,0,0,0,0,0,0,0,0,23,1,11,121,8,14,57,7,3,7,7,1,1,2,1,6,3,3,1,0,0,0,0,2,0,0,0,0,2,0,0,0,9,4,4,4,3,1,0,0,0,39,8,4,0,0,8,5,2,0,1,4,0,6,1,45,3,2,26,1,0,0,6,0,7,0,1,0,0,0,0,4,0,0,0,0,0,0,0,0,0,0,2,2,0,0,0,1,1,5,2,1,2
"TN2  5",9530,9105,0,1,0,0,0,0,0,1,0,36,10,25,208,14,14,92,10,13,4,4,2,6,13,4,5,15,7,3,1,0,0,1,2,0,0,0,0,2,0,0,0,14,13,11,9,0,2,5,1,1,46,8,9,0,0,16,3,0,0,1,5,2,1,1,35,2,2,7,4,0,0,4,4,12,0,0,0,0,0,0,11,0,0,0,0,0,0,0,1,0,0,1,1,0,3,5,3,3,1,1,0,0
"TN20 6",3610,3530,1,0,0,0,0,0,0,0,0,7,3,9,19,1,6,5,0,0,1,0,0,1,0,0,4,1,0,0,0,0,0,0,1,0,1,0,0,0,0,0,0,0,0,0,1,0,0,1,0,0,5,1,1,0,0,0,0,1,0,0,2,0,0,0,32,1,6,16,2,1,0,0,0,6,0,0,0,0,0,0,1,0,0,0,0,0,0,1,0,0,0,0,0,0,0,0,0,0,1,1,0,0
"TN21 0",5727,5628,0,0,0,0,0,0,0,0,0,8,4,1,23,5,6,2,0,1,3,0,0,2,1,0,2,1,0,0,0,0,0,0,2,0,0,1,0,1,1,1,0,4,9,1,2,0,0,2,0,0,19,1,0,0,0,4,1,0,0,6,7,0,0,0,17,0,0,4,0,3,0,1,1,8,0,0,0,0,0,0,5,0,0,0,0,0,0,0,1,0,0,0,3,0,0,1,0,0,3,1,0,2
"TN21 8",6953,6867,1,0,0,0,0,0,0,0,0,6,8,3,28,3,5,10,0,3,2,0,0,0,0,1,2,0,1,1,0,0,0,0,0,0,0,0,0,0,0,0,0,0,6,0,1,0,0,1,0,0,12,0,0,0,0,3,1,0,0,2,6,0,0,0,18,0,4,0,1,0,0,2,0,11,0,0,0,0,0,0,3,0,0,0,0,0,0,0,1,0,0,0,1,0,0,1,0,0,0,0,0,0
"TN21 9",2897,2875,0,0,0,0,0,0,0,0,0,1,1,0,11,2,2,0,0,2,0,0,0,0,2,0,3,0,0,0,0,0,0,0,0,0,0,0,0,0,0,0,0,0,0,0,1,1,0,0,0,0,3,0,0,1,0,0,0,0,0,0,2,0,0,0,2,0,0,1,0,0,0,0,0,1,0,0,0,0,0,0,0,0,0,0,0,0,0,0,0,0,0,0,0,0,0,0,0,0,3,0,1,2
"TN22 1",6076,5910,0,1,0,0,0,0,0,1,0,7,4,2,73,7,5,20,6,3,5,2,2,8,0,0,6,5,3,0,1,0,0,0,1,0,1,0,0,0,0,0,0,8,2,0,1,0,0,0,0,1,45,0,0,0,0,17,0,0,0,7,21,0,0,0,18,1,9,4,0,0,0,1,0,3,0,0,0,0,0,0,4,0,0,0,0,0,0,0,0,0,0,0,4,0,0,0,0,0,0,0,0,0
"TN22 2",3288,3258,0,0,0,0,0,0,0,0,0,3,0,1,11,1,3,2,0,2,1,0,0,0,0,0,1,0,0,0,0,0,0,1,1,0,0,0,0,1,0,0,0,3,0,0,0,0,0,0,0,0,3,0,0,0,0,1,0,0,0,0,2,0,0,0,2,0,0,0,0,0,0,0,0,2,0,0,0,0,0,0,4,0,0,0,0,0,0,0,0,0,0,4,0,0,0,0,2,2,0,0,0,0
"TN22 3",4115,4032,0,0,0,0,0,0,0,0,0,4,2,3,42,5,7,2,3,4,6,0,0,1,0,2,5,2,2,2,0,0,0,1,1,0,0,0,0,1,0,0,0,0,1,3,0,0,0,0,0,0,11,0,0,0,0,3,0,0,0,0,7,1,0,0,11,0,0,0,0,1,0,0,0,10,0,0,0,0,0,0,3,0,0,0,0,0,0,0,1,0,0,2,0,0,0,0,1,1,1,1,0,0
"TN22 4",3359,3298,0,0,0,0,0,0,0,0,0,8,2,2,38,4,4,5,1,8,4,0,0,1,0,0,5,4,1,1,0,0,0,0,1,0,0,1,0,0,0,0,0,1,0,0,0,0,0,0,0,0,4,0,0,0,0,1,1,0,0,0,0,0,2,0,4,0,0,0,0,0,0,0,1,3,0,0,0,0,0,0,1,0,0,0,0,0,0,0,0,0,0,1,0,0,0,0,0,0,0,0,0,0
"TN22 5",8489,8313,1,0,0,0,0,0,0,0,0,9,7,4,82,3,10,43,2,4,1,3,2,3,0,3,3,1,1,0,0,0,3,0,1,0,0,0,0,1,0,0,0,8,10,2,3,0,0,1,0,2,22,0,1,1,0,3,6,0,0,4,7,0,0,0,19,0,1,10,0,0,0,1,0,7,0,0,0,0,0,0,5,0,0,0,0,0,0,0,0,0,0,0,5,0,0,0,0,0,3,0,0,3
"TN23 1",1658,1376,0,0,0,0,0,0,0,0,0,18,5,1,70,1,1,31,6,2,6,10,7,0,2,0,2,1,0,0,1,0,0,0,2,2,0,0,0,0,0,0,0,0,1,6,2,0,1,1,0,0,155,1,0,0,0,9,0,0,0,6,0,0,139,0,14,5,2,0,1,0,0,4,0,2,0,0,0,0,0,0,7,0,0,0,0,0,0,0,0,0,0,5,0,0,1,1,1,1,0,0,0,0
"TN23 3",13275,12542,6,1,0,0,0,0,0,1,0,54,10,10,147,4,4,86,10,4,6,6,3,16,0,3,3,0,2,0,0,0,0,0,1,1,0,0,0,0,0,0,0,6,19,4,15,0,10,3,0,2,382,6,10,7,0,8,2,0,0,18,20,0,303,8,42,7,2,15,3,0,1,3,1,6,4,0,0,0,0,0,32,0,0,0,0,0,1,2,1,2,0,14,8,0,0,4,0,0,4,1,0,3
"TN23 4",4897,4431,0,0,0,0,0,0,0,0,0,14,3,1,132,1,6,85,4,3,2,16,1,2,0,3,8,1,0,0,0,0,0,0,8,6,0,1,0,1,0,0,0,8,6,2,4,0,1,0,1,2,259,2,3,0,0,3,0,0,0,14,7,0,229,1,19,0,4,4,3,0,0,4,0,3,1,0,0,0,0,0,7,0,0,0,0,0,0,0,0,0,0,3,2,0,0,2,1,1,2,1,1,0
"TN23 5",13726,12745,1,1,1,0,0,0,0,0,0,27,14,7,334,9,2,250,8,2,12,27,11,2,1,3,6,1,0,0,0,0,0,0,20,17,3,0,0,0,0,0,0,24,27,20,27,1,11,9,4,2,406,2,1,0,1,27,1,0,0,17,5,0,351,1,40,1,5,17,1,0,1,9,0,6,0,0,0,0,0,0,29,0,0,0,0,0,2,0,0,0,0,18,6,0,1,2,1,1,3,2,0,1
"TN23 6",1467,1336,0,0,0,0,0,0,0,0,0,14,0,1,55,0,2,26,1,0,2,10,4,8,0,0,1,0,0,0,0,1,0,0,4,1,0,1,2,0,0,0,0,2,0,2,0,0,0,0,0,0,49,5,0,2,0,0,1,0,0,6,1,0,34,0,2,1,0,0,1,0,0,0,0,0,0,0,0,0,0,0,0,0,0,0,0,0,0,0,0,0,0,0,0,0,0,0,1,1,1,1,0,0
"TN23 7",2881,2562,0,0,0,0,0,0,0,0,0,12,2,1,154,2,0,103,20,6,0,4,6,5,3,0,3,0,0,1,0,0,1,0,2,2,0,0,0,0,0,0,0,14,3,1,5,0,5,0,0,0,102,2,0,0,0,8,0,0,0,3,9,0,79,1,10,0,0,3,2,0,0,0,4,0,1,0,0,0,0,0,12,2,0,0,0,0,0,0,0,0,0,6,1,0,0,3,0,0,1,0,1,0
"TN24 0",13607,12849,2,0,0,0,0,0,0,0,0,33,2,13,239,9,6,156,10,1,12,11,3,2,2,3,8,6,7,0,1,0,2,0,16,15,0,0,0,1,0,0,0,3,7,12,18,0,11,1,6,0,323,14,8,19,0,7,3,3,4,43,86,11,122,3,48,5,4,11,4,0,2,4,1,16,1,0,0,0,0,0,37,1,2,0,0,0,3,0,2,0,0,20,1,2,0,6,0,0,5,5,0,0
"TN24 8",5795,5077,1,0,0,0,0,0,0,0,0,31,16,11,163,10,10,89,7,3,8,15,5,1,7,1,5,0,0,2,0,0,0,0,9,7,2,0,0,0,0,0,0,13,2,3,14,0,5,3,4,2,312,1,4,7,0,19,4,3,2,15,17,0,236,4,121,0,34,65,7,2,1,0,0,11,1,0,0,0,0,0,15,0,0,0,2,0,0,0,0,0,0,10,0,0,0,3,5,5,2,2,0,0
"TN24 9",10914,10459,0,1,0,0,0,1,0,0,0,33,18,9,134,12,10,78,1,1,1,5,0,1,2,1,14,3,2,2,0,0,1,0,15,13,1,0,0,1,0,0,0,4,6,7,15,0,1,11,3,0,118,12,5,5,0,7,8,1,0,10,5,2,61,2,48,1,6,19,4,2,0,5,1,10,0,0,0,1,1,0,37,0,0,0,0,0,1,0,0,0,0,26,3,0,1,6,2,2,7,5,0,2
"TN25 4",4644,4495,1,0,0,0,0,0,0,0,0,21,0,8,31,3,2,14,0,1,1,1,0,0,0,0,5,1,2,0,0,0,0,1,0,0,0,0,0,0,0,0,0,0,0,4,8,0,8,0,0,0,55,9,0,0,0,7,1,0,4,0,2,0,30,2,13,0,2,3,1,0,5,1,0,1,0,0,0,0,0,0,5,0,0,0,0,0,2,0,0,0,0,0,1,0,0,2,1,1,2,2,0,0
"TN25 5",3461,3388,0,0,0,0,0,0,0,0,0,17,3,6,25,3,2,7,1,6,0,0,0,0,0,0,4,1,1,0,0,0,0,0,2,1,0,0,0,1,0,0,0,1,0,2,0,0,0,0,0,0,12,3,1,0,0,5,3,0,0,0,0,0,0,0,4,0,0,3,0,0,0,1,0,0,0,0,0,0,0,0,1,0,0,0,0,0,0,0,0,0,0,1,0,0,0,0,0,0,0,0,0,0
"TN25 6",4848,4800,0,1,1,0,0,0,0,0,0,10,0,4,7,1,1,0,0,0,0,0,0,0,0,0,4,0,0,1,0,0,0,0,1,0,0,0,0,1,0,0,0,0,1,0,0,0,0,0,0,0,11,0,0,0,0,0,1,0,0,0,0,0,10,0,9,2,2,2,0,0,0,0,0,0,3,0,0,0,0,0,2,0,0,0,0,0,0,0,0,0,0,1,1,0,0,0,0,0,2,0,0,2
"TN25 7",2071,2052,0,0,0,0,0,0,0,0,0,2,0,0,10,0,1,7,0,0,0,0,1,0,0,1,0,0,0,0,0,0,0,0,1,0,0,0,0,1,0,0,0,0,0,0,1,1,0,0,0,0,1,0,0,0,0,0,0,0,0,0,1,0,0,0,3,1,0,2,0,0,0,0,0,0,0,0,0,0,0,0,0,0,0,0,0,0,0,0,0,0,0,0,0,0,0,0,0,0,1,0,0,1
"TN26 1",2651,2610,0,1,0,0,0,0,0,1,0,6,0,2,10,1,5,1,0,0,2,0,0,0,0,0,0,0,1,0,0,0,0,0,1,1,0,0,0,0,4,4,0,0,1,0,0,0,0,0,0,0,11,0,0,0,0,0,0,0,0,0,0,1,9,1,3,0,0,1,0,0,0,2,0,0,0,1,0,0,0,0,1,0,0,0,0,0,0,0,0,0,0,1,0,0,0,0,0,0,0,0,0,0
"TN26 2",3384,3356,0,0,0,0,0,0,0,0,0,3,0,1,11,3,1,1,2,0,0,0,0,0,0,0,3,0,1,0,0,0,0,0,0,0,0,0,0,0,0,0,0,0,1,2,0,0,0,0,0,0,4,2,0,0,0,1,0,0,0,0,0,0,0,1,3,0,1,1,0,0,0,1,0,0,0,0,0,0,0,0,1,1,0,0,0,0,0,0,0,0,0,0,0,0,0,0,0,0,2,1,0,1
"TN26 3",4858,4823,0,0,0,0,0,0,0,0,0,4,1,0,14,1,2,7,1,0,0,0,0,0,0,0,2,1,0,0,0,0,0,0,1,0,0,1,0,0,0,0,0,0,0,0,1,1,0,0,0,0,5,0,0,2,0,0,0,0,0,3,0,0,0,0,6,0,0,2,1,0,0,0,1,0,2,0,0,0,0,0,0,0,0,0,0,0,0,0,0,0,0,0,0,0,0,0,0,0,3,1,0,2
"TN27 0",3979,3931,0,0,0,0,0,0,0,0,0,8,1,0,23,0,5,6,0,0,0,0,0,7,0,0,4,0,1,0,0,0,0,0,1,1,0,0,0,0,1,1,0,2,3,0,1,0,1,0,0,0,2,0,0,0,0,0,1,0,0,1,0,0,0,0,2,0,0,0,0,1,0,1,0,0,0,0,0,0,0,0,1,0,1,0,0,0,0,0,0,0,0,0,0,0,0,0,0,0,3,0,0,3
"TN27 8",3768,3734,0,0,0,0,0,0,0,0,0,4,0,3,18,3,1,5,0,1,0,0,0,0,0,0,5,2,1,0,0,0,0,0,2,0,0,1,0,1,0,0,0,0,0,0,0,0,0,0,0,0,2,2,0,0,0,0,0,0,0,0,0,0,0,0,5,0,0,1,0,0,0,4,0,0,0,0,0,0,0,0,0,0,0,0,0,0,0,0,0,0,0,0,0,0,0,0,0,0,0,0,0,0
"TN27 9",4327,4277,0,0,0,0,0,0,0,0,0,9,0,5,17,2,1,8,0,0,0,0,0,0,1,0,2,0,1,0,0,2,0,0,1,0,0,1,0,0,0,0,0,0,5,0,0,0,0,0,0,0,9,0,0,0,0,4,3,0,2,0,0,0,0,0,2,0,0,1,0,0,0,0,0,1,0,0,0,0,0,0,2,0,0,0,0,0,0,0,0,0,0,0,2,0,0,0,0,0,0,0,0,0
"TN28 8",8252,8116,8,2,0,0,0,0,0,2,0,6,0,3,42,2,4,12,0,0,1,0,0,10,0,5,4,0,1,0,2,0,1,0,4,0,0,3,0,1,0,0,0,3,4,1,2,1,1,0,0,0,24,3,1,1,0,11,0,0,0,2,2,0,3,1,27,0,6,3,0,0,0,2,2,11,3,0,0,0,0,0,3,0,0,0,0,0,2,0,0,0,0,1,0,0,0,0,1,1,6,0,0,6
"TN29 0",7312,7252,3,0,0,0,0,0,0,0,0,8,0,2,22,1,8,4,0,1,0,3,0,2,0,0,2,0,0,0,0,0,1,0,1,1,0,0,0,0,0,0,0,0,4,0,0,0,0,0,0,0,11,1,0,0,0,0,0,0,0,0,0,0,10,0,7,0,2,0,0,0,0,0,0,4,1,0,0,0,0,0,1,0,1,0,0,0,0,0,0,0,0,0,0,0,0,0,0,0,1,0,1,0
"TN29 9",6090,6027,1,2,1,0,0,0,0,1,0,7,4,4,22,2,8,2,6,1,0,0,0,1,0,0,1,0,1,0,0,0,0,0,0,0,0,0,0,0,0,0,0,0,4,0,3,0,0,3,0,0,8,0,1,0,0,3,0,0,0,0,0,0,2,2,4,0,2,0,0,0,1,0,0,1,0,0,0,0,0,0,2,0,0,0,0,0,0,0,0,0,0,0,0,0,0,2,0,0,2,1,0,1
"TN3  0",5450,5321,0,0,0,0,0,0,0,0,0,10,1,10,75,3,10,18,5,4,5,2,4,6,6,2,1,4,5,0,0,0,0,0,1,0,0,0,0,1,0,0,0,3,2,2,2,0,0,1,0,1,11,0,0,1,0,3,4,0,0,3,0,0,0,0,11,2,0,2,1,0,0,3,1,1,1,0,0,0,0,0,0,0,0,0,0,0,0,0,0,0,0,0,0,0,0,0,0,0,1,1,0,0
"TN3  8",1628,1605,0,0,0,0,0,0,0,0,0,2,0,5,6,0,4,0,0,0,0,0,0,0,0,0,1,0,0,1,0,0,0,0,2,0,2,0,0,0,0,0,0,0,0,0,0,0,0,0,0,0,2,0,0,0,0,0,0,0,0,1,0,1,0,0,3,0,0,2,1,0,0,0,0,0,0,0,0,0,0,0,2,0,0,0,0,0,0,0,0,0,0,0,2,0,0,0,1,1,0,0,0,0
"TN3  9",4274,4215,0,0,0,0,0,0,0,0,0,6,2,4,30,1,9,7,1,1,5,0,0,0,0,0,4,0,0,1,0,0,1,0,3,2,0,1,0,0,0,0,0,3,0,0,2,0,0,2,0,0,3,0,0,0,0,0,1,0,0,2,0,0,0,0,4,0,2,0,0,0,0,2,0,0,0,0,0,0,0,0,1,0,0,0,0,0,0,0,0,0,0,0,1,0,0,0,0,0,1,1,0,0
"TN30 6",5499,5395,0,0,0,0,0,0,0,0,0,10,3,2,43,2,8,14,0,0,0,1,0,9,0,0,4,4,0,0,0,1,0,0,0,0,0,0,0,0,0,0,0,6,7,1,2,0,0,2,0,0,11,0,0,0,0,6,0,0,0,1,2,0,2,0,13,0,3,6,0,0,0,0,1,3,0,0,1,0,0,0,2,0,0,0,0,0,0,0,0,0,0,1,0,0,0,1,2,2,1,1,0,0
"TN30 7",3582,3540,0,0,0,0,0,0,0,0,0,3,0,2,16,5,0,2,1,0,3,0,0,0,0,1,2,1,0,0,0,1,0,0,0,0,0,0,0,0,0,0,0,1,10,0,0,0,0,0,0,0,6,0,1,0,0,0,1,0,0,0,1,0,2,1,0,0,0,0,0,0,0,0,0,0,0,0,0,0,0,0,3,0,0,0,0,0,0,0,0,0,0,0,0,0,0,3,1,1,0,0,0,0
"TN31 6",6320,6263,3,0,0,0,0,0,0,0,0,10,1,0,18,3,6,1,0,0,4,0,0,2,0,0,0,1,1,0,0,0,0,0,3,3,0,0,0,0,0,0,0,2,1,4,1,0,0,0,0,1,6,0,0,0,0,4,2,0,0,0,0,0,0,0,7,0,0,1,1,0,0,1,0,4,0,0,0,0,0,0,0,0,0,0,0,0,0,0,0,0,0,0,0,0,0,0,1,1,0,0,0,0
"TN31 7",6917,6808,1,0,0,0,0,0,0,0,0,10,10,1,51,3,10,17,4,4,1,1,0,2,0,3,3,0,2,0,1,0,0,0,3,1,0,0,0,2,0,0,0,2,2,1,1,0,0,1,0,0,9,1,0,0,0,7,0,0,0,1,0,0,0,0,15,0,1,5,2,1,0,4,0,2,0,0,0,0,0,0,3,0,0,0,0,0,0,0,0,0,0,0,3,0,0,0,0,0,0,0,0,0
"TN32 5",5082,4985,0,0,0,0,0,0,0,0,0,7,3,5,33,2,8,7,0,0,2,1,0,1,1,0,5,1,2,0,2,0,1,0,4,1,0,0,0,3,0,0,0,2,0,0,1,1,0,0,0,0,10,1,0,0,0,2,1,0,0,0,6,0,0,0,27,0,1,7,2,7,1,0,0,9,0,0,0,0,0,0,2,0,0,0,0,1,0,0,0,0,0,0,0,0,0,1,0,0,3,3,0,0
"TN33 0",7973,7798,1,0,0,0,0,0,0,0,0,17,1,7,50,4,17,12,2,3,0,0,0,1,1,0,6,2,0,1,0,0,1,0,2,0,0,1,0,1,1,1,0,10,2,5,4,0,2,0,0,2,29,3,5,0,0,0,5,2,0,0,2,0,11,1,36,0,13,6,2,0,0,1,0,9,5,0,0,0,0,0,8,0,0,0,0,0,0,0,0,0,0,1,1,0,0,6,0,0,2,2,0,0
"TN33 9",4450,4405,0,0,0,0,0,0,0,0,0,4,1,2,20,3,2,3,1,2,0,4,0,0,0,0,3,2,0,0,0,0,0,0,2,1,0,0,0,1,0,0,0,1,0,1,2,0,0,0,0,2,0,0,0,0,0,0,0,0,0,0,0,0,0,0,7,0,0,0,0,1,0,0,0,6,0,0,0,0,0,0,3,0,0,0,0,0,0,0,0,0,0,0,3,0,0,0,0,0,2,2,0,0
"TN34 1",5518,5065,3,5,0,0,0,0,0,5,0,13,5,7,202,14,8,81,22,15,7,19,15,4,4,3,1,3,3,0,1,0,1,1,22,15,1,2,1,3,0,0,0,20,11,3,32,0,11,10,8,3,53,0,7,0,0,23,11,0,0,10,0,2,0,0,58,3,2,17,3,0,2,4,1,22,4,1,0,0,0,0,17,0,1,0,0,0,0,0,0,0,0,13,0,0,1,2,0,0,1,0,0,1
"TN34 2",11958,11727,1,1,0,0,0,0,0,1,0,15,5,6,67,9,12,19,4,1,2,0,7,1,0,3,4,1,0,2,0,2,0,0,3,3,0,0,0,0,0,0,0,9,2,18,21,0,7,11,0,3,33,0,3,0,0,12,0,0,0,13,1,0,1,3,32,5,4,7,5,0,0,6,0,5,0,0,0,0,0,0,13,0,0,0,0,0,0,0,5,0,0,2,3,0,0,3,0,0,5,2,1,2
"TN34 3",11107,10641,1,0,0,0,0,0,0,0,0,15,14,14,232,22,12,99,12,6,9,21,26,3,5,10,1,2,1,3,0,0,0,0,18,14,0,1,0,3,0,0,0,24,5,4,24,0,16,7,0,1,48,0,0,0,0,24,13,0,0,7,0,0,3,1,42,6,1,10,1,1,0,12,0,11,0,0,0,0,0,0,22,1,0,0,0,0,4,0,2,0,0,7,5,0,1,2,0,0,3,3,0,0
"TN35 4",6607,6460,1,0,0,0,0,0,0,0,0,16,2,10,52,2,18,4,1,1,6,1,0,2,10,4,1,1,1,0,0,0,0,0,3,0,1,1,0,1,0,0,0,24,2,3,11,0,0,5,0,6,3,0,0,0,0,0,0,0,0,0,0,2,1,0,12,0,3,4,1,0,0,1,0,0,3,0,0,0,0,0,6,0,0,0,0,0,0,0,0,0,0,1,4,0,0,1,1,1,1,1,0,0
"TN35 5",10030,9844,0,1,1,0,0,0,0,0,0,20,7,14,69,13,6,16,5,6,0,8,3,3,1,3,1,2,1,0,1,0,0,0,7,1,3,1,0,2,0,0,0,5,8,5,7,0,5,0,0,2,12,0,0,1,0,2,2,0,0,5,2,0,0,0,17,1,3,3,0,0,0,3,1,6,0,0,0,0,0,0,10,0,0,0,0,0,0,0,0,1,0,2,0,0,1,6,2,2,2,2,0,0
"TN36 4",2253,2221,2,0,0,0,0,0,0,0,0,2,1,4,11,1,1,3,0,2,0,2,0,0,0,0,1,0,1,0,0,0,0,0,0,0,0,0,0,0,0,0,0,4,0,1,0,0,0,0,0,0,4,0,1,0,0,0,0,0,0,2,0,1,0,0,2,0,0,2,0,0,0,0,0,0,0,0,0,0,0,0,1,0,0,0,0,0,0,0,0,0,0,0,1,0,0,0,0,0,0,0,0,0
"TN37 6",9799,8882,1,2,0,0,0,0,0,2,0,33,9,14,361,15,8,134,14,39,14,18,59,29,5,5,6,5,4,2,4,0,0,0,14,10,2,0,0,2,0,0,0,70,15,22,98,0,50,39,5,4,120,3,1,0,0,41,1,0,0,12,17,6,39,0,108,12,3,27,6,1,0,5,0,50,4,0,0,0,0,0,39,0,0,0,0,0,0,0,6,1,1,7,4,1,7,12,6,6,5,1,2,2
"TN37 7",10021,9750,1,0,0,0,0,0,0,0,0,9,3,3,63,9,7,15,0,1,2,16,2,2,0,5,2,0,1,1,0,0,0,0,1,0,0,0,0,1,0,0,0,8,17,15,10,0,4,6,0,0,68,6,0,0,0,12,3,0,3,18,21,1,1,3,65,5,6,19,3,0,0,7,0,22,3,0,0,0,0,0,4,0,0,0,0,0,0,0,0,0,0,2,1,0,1,0,0,0,4,1,0,3
"TN38 0",13649,12780,1,4,0,0,0,0,0,2,2,37,16,10,279,10,20,103,14,17,19,21,27,17,7,6,7,5,5,0,0,1,0,0,14,8,2,1,1,2,0,0,0,66,12,15,75,0,41,28,2,4,184,9,5,0,0,38,9,1,0,9,23,9,79,2,118,7,10,47,4,0,2,12,4,31,1,0,0,0,0,0,26,0,0,0,0,0,0,0,7,1,0,7,4,0,0,7,5,5,7,6,0,1
"TN38 8",4499,4424,0,1,0,0,0,0,0,1,0,6,1,2,24,1,2,4,1,5,4,1,0,0,4,1,0,1,0,0,0,0,0,0,2,2,0,0,0,0,0,0,0,2,5,3,4,0,2,1,1,0,9,0,0,0,0,2,0,0,0,2,5,0,0,0,13,0,1,3,2,0,0,2,0,5,0,0,0,0,0,0,1,0,0,1,0,0,0,0,0,0,0,0,0,0,0,0,1,1,1,1,0,0
"TN38 9",9829,9661,0,1,1,0,0,0,0,0,0,3,5,5,48,5,4,16,1,2,7,1,1,0,0,1,6,0,3,1,0,0,0,0,6,5,0,0,0,1,0,0,0,7,7,2,13,0,8,2,0,3,33,0,2,1,0,17,6,0,0,6,0,0,1,0,23,0,2,1,2,1,1,2,0,14,0,0,0,0,0,0,8,0,0,0,0,0,1,0,6,0,0,0,0,0,0,1,3,3,4,4,0,0
"TN39 3",10106,9901,1,1,0,0,0,0,0,1,0,5,6,8,52,6,3,21,1,1,4,0,0,0,4,3,6,1,0,2,0,0,0,0,4,1,0,0,0,3,0,0,0,6,10,17,8,0,3,5,0,0,33,0,0,1,0,7,1,0,2,3,9,6,3,1,41,3,4,6,1,0,1,2,0,24,0,0,0,0,0,0,8,0,0,0,0,0,0,0,2,0,0,0,2,0,0,4,1,1,4,3,0,1
"TN39 4",9608,9484,1,0,0,0,0,0,0,0,0,11,4,8,30,7,6,8,0,1,1,1,0,1,0,2,2,0,0,0,0,0,1,0,3,0,0,0,0,3,0,0,0,0,4,0,4,1,2,1,0,0,18,0,0,0,0,5,0,0,0,7,0,1,5,0,30,0,1,11,1,0,1,6,2,8,0,0,0,0,0,0,4,0,0,0,0,0,0,0,0,0,0,0,3,0,0,1,4,4,3,1,2,0
"TN39 5",5353,5283,0,0,0,0,0,0,0,0,0,3,1,2,20,2,4,0,1,1,1,0,0,5,3,0,3,0,0,0,0,0,0,0,7,0,1,0,0,6,0,0,0,2,3,2,0,0,0,0,0,0,14,0,0,0,0,6,5,0,0,3,0,0,0,0,5,0,0,3,0,0,0,1,0,1,0,0,0,0,0,0,8,1,0,0,0,1,0,0,0,0,0,1,5,0,0,0,0,0,3,1,0,2
"TN4  0",8756,8537,1,2,0,0,0,0,0,2,0,19,7,5,84,8,11,37,4,2,2,1,1,2,2,4,3,3,2,2,0,0,0,0,6,1,2,1,0,2,0,0,0,1,4,7,9,0,2,5,1,1,34,0,0,2,0,17,0,0,0,1,10,3,0,1,28,1,6,1,5,1,0,5,0,9,0,0,0,0,0,0,7,0,0,0,0,0,0,0,0,0,0,1,2,2,0,2,2,2,3,0,0,3
"TN4  8",8740,8245,1,0,0,0,0,0,0,0,0,27,25,18,176,5,6,112,8,8,9,2,1,5,2,0,8,1,4,5,0,0,0,0,5,2,1,0,0,2,0,0,0,2,7,10,13,1,6,5,1,0,155,8,2,0,0,125,10,0,0,1,6,2,1,0,46,0,5,16,2,0,0,2,1,20,0,0,0,0,0,0,5,0,0,0,0,0,0,0,0,0,0,4,0,0,1,0,2,2,3,1,0,2
"TN4  9",13432,12745,0,0,0,0,0,0,0,0,0,32,23,28,301,14,17,134,28,17,25,13,7,9,16,0,10,5,4,2,0,0,0,0,14,5,4,1,0,4,0,0,0,16,12,4,9,0,3,1,4,1,127,14,2,1,0,28,24,3,0,3,31,2,18,1,85,5,10,17,4,2,0,10,0,37,0,1,0,0,0,0,34,3,1,0,0,3,0,8,0,0,0,14,3,0,1,1,0,0,1,1,0,0
"TN40 1",7109,6831,0,0,0,0,0,0,0,0,0,18,4,10,80,15,9,25,3,3,10,2,0,2,1,1,5,1,1,1,0,0,0,1,6,1,3,2,0,0,0,0,0,1,7,11,5,0,1,4,0,0,39,0,2,0,0,14,0,0,0,6,13,4,0,0,76,3,5,9,3,1,2,3,0,49,1,0,0,0,0,0,15,0,0,0,0,0,6,0,1,0,0,3,0,0,0,5,1,1,5,3,0,2
"TN40 2",9834,9638,0,0,0,0,0,0,0,0,0,11,2,8,64,9,6,17,8,2,5,2,1,3,0,5,3,3,0,0,0,0,0,0,2,0,1,0,0,1,5,5,0,7,1,8,9,0,0,9,0,0,39,0,0,0,0,8,3,0,0,2,25,1,0,0,26,1,2,9,1,0,2,2,0,9,0,0,0,0,0,0,4,0,0,0,0,0,0,0,0,0,0,1,0,0,0,3,0,0,10,5,0,5
"TN5  6",4748,4656,1,0,0,0,0,0,0,0,0,6,2,8,39,6,5,8,0,4,3,0,0,2,0,1,6,2,1,1,0,0,0,0,0,0,0,0,0,0,0,0,0,3,6,0,2,0,0,2,0,0,4,0,0,0,0,0,0,0,0,4,0,0,0,0,20,0,0,6,1,0,0,3,0,10,0,0,0,0,0,0,0,0,0,0,0,0,0,0,0,0,0,0,0,0,0,0,0,0,1,1,0,0
"TN5  7",3731,3675,0,0,0,0,0,0,0,0,0,8,0,5,27,0,1,7,2,4,0,0,0,0,1,0,5,1,2,1,0,1,0,2,1,0,0,0,0,1,0,0,0,1,0,2,0,0,0,0,0,0,2,0,0,0,0,2,0,0,0,0,0,0,0,0,9,0,0,4,0,0,0,5,0,0,0,0,0,0,0,0,1,0,0,0,0,0,0,0,0,0,0,1,0,0,0,0,0,0,0,0,0,0
"TN6  1",7900,7738,0,0,0,0,0,0,0,0,0,10,7,7,68,2,12,27,0,2,4,0,0,2,2,1,7,5,4,0,0,0,0,0,1,0,0,0,0,1,0,0,0,4,4,1,1,0,0,1,0,0,18,1,2,0,0,1,2,0,3,0,4,1,4,0,32,4,1,5,2,0,0,3,1,16,0,0,0,0,0,0,4,0,0,0,0,0,0,0,0,0,0,0,3,0,1,0,2,2,3,1,2,0
"TN6  2",9932,9696,1,0,0,0,0,0,0,0,0,12,3,4,104,9,8,33,15,4,13,1,1,2,11,0,1,2,1,3,0,0,0,0,1,0,1,0,0,0,0,0,0,5,13,2,4,1,0,2,0,1,31,2,0,0,0,10,5,0,0,4,5,0,5,0,55,5,3,13,1,1,1,4,0,26,1,0,0,0,0,0,1,0,0,0,0,0,0,0,0,0,0,0,0,0,0,1,0,0,0,0,0,0
"TN6  3",5871,5657,0,0,0,0,0,0,0,0,0,37,2,5,117,20,19,24,2,1,0,1,2,31,3,0,5,4,2,3,0,0,0,0,2,0,1,0,0,1,0,0,0,6,8,9,0,0,0,0,0,0,22,4,1,0,1,4,0,0,0,6,6,0,0,0,4,0,0,0,0,1,0,1,0,1,1,0,0,0,0,0,2,0,0,0,0,0,0,0,0,0,0,0,2,0,0,0,0,0,0,0,0,0
"TN7  4",2090,2016,0,0,0,0,0,0,0,0,0,6,1,9,45,4,5,17,3,4,0,0,0,4,0,2,2,0,4,0,0,0,0,0,4,0,0,0,0,4,0,0,0,3,0,2,0,0,0,0,0,0,2,0,0,0,0,0,0,0,0,0,2,0,0,0,2,0,0,0,0,0,0,0,0,1,1,0,0,0,0,0,0,0,0,0,0,0,0,0,0,0,0,0,0,0,0,0,0,0,0,0,0,0
"TN8  5",4984,4866,0,0,0,0,0,0,0,0,0,5,4,10,49,3,4,30,0,1,0,0,0,2,2,2,3,1,1,0,0,0,0,0,3,0,1,0,1,1,0,0,0,2,2,0,0,0,0,0,0,0,21,0,0,8,0,3,3,0,0,0,6,0,1,0,19,7,2,3,0,0,0,2,0,5,0,0,0,0,0,0,0,0,0,0,0,0,0,0,0,0,0,0,0,0,0,0,1,1,2,1,1,0
"TN8  6",4677,4575,3,0,0,0,0,0,0,0,0,10,2,5,59,1,5,29,3,0,6,1,0,1,2,0,8,2,1,0,0,0,0,0,0,0,0,0,0,0,0,0,0,0,0,0,3,0,0,2,0,1,7,0,0,1,0,2,3,0,0,1,0,0,0,0,8,1,0,0,4,0,0,2,0,1,0,0,0,0,0,0,2,0,0,0,0,0,0,0,0,0,0,0,2,0,0,0,1,1,2,1,1,0
"TN8  7",2547,2504,1,0,0,0,0,0,0,0,0,7,2,1,24,0,4,7,0,2,4,1,0,2,0,1,2,1,0,0,0,0,0,0,0,0,0,0,0,0,0,0,0,0,0,0,0,0,0,0,0,0,1,0,0,1,0,0,0,0,0,0,0,0,0,0,4,0,0,0,1,0,0,1,0,2,0,0,0,0,0,0,0,0,0,0,0,0,0,0,0,0,0,0,0,0,0,0,0,0,3,2,1,0
"TN9  1",6775,6354,1,1,1,0,0,0,0,0,0,23,8,13,139,3,10,54,14,10,3,3,3,4,14,1,7,6,2,3,1,1,0,0,2,0,0,1,0,1,0,0,0,11,6,2,7,3,0,4,0,0,85,6,5,0,0,7,13,0,1,1,1,2,48,1,121,4,22,39,4,4,1,15,3,20,9,0,0,0,0,0,0,0,0,0,0,0,0,0,0,0,0,0,0,0,0,0,1,1,1,1,0,0
"TN9  2",10544,10086,0,0,0,0,0,0,0,0,0,28,4,14,143,5,17,54,6,5,4,18,9,5,9,2,7,0,2,0,0,0,0,0,9,1,5,3,0,0,0,0,0,8,7,8,4,0,0,4,0,0,150,19,3,1,0,36,15,0,4,6,3,3,56,4,62,3,9,24,8,0,0,2,0,10,6,0,0,0,0,0,14,0,1,0,0,0,0,0,1,0,0,0,11,0,0,1,2,2,5,4,0,1
"TQ1  1",7872,7568,1,0,0,0,0,0,0,0,0,13,5,12,196,11,9,140,7,4,0,3,1,8,4,2,3,1,1,0,1,0,1,0,3,0,1,0,1,1,0,0,0,3,2,5,3,0,0,3,0,0,16,1,0,1,0,7,2,0,0,1,4,0,0,0,35,0,2,0,2,0,2,6,0,22,1,0,0,0,0,0,10,0,0,0,0,0,1,0,0,0,0,0,2,0,1,6,0,0,0,0,0,0
"TQ1  2",4323,4177,0,1,0,0,0,0,0,1,0,5,2,5,100,5,12,43,8,2,8,2,0,4,3,4,1,6,2,0,0,0,0,0,4,0,2,0,0,2,0,0,0,2,0,2,3,0,0,3,0,0,4,0,0,2,0,0,0,0,0,2,0,0,0,0,12,1,2,3,1,0,0,4,0,0,1,0,0,0,0,0,3,0,0,0,0,0,0,1,0,0,0,0,1,0,1,0,3,3,0,0,0,0
"TQ1  3",8728,8499,1,1,0,0,0,0,1,0,0,11,6,5,106,5,9,51,8,5,4,10,0,6,6,1,0,0,1,0,0,0,0,0,1,0,0,1,0,0,0,0,0,5,1,1,10,0,0,5,0,5,20,0,1,0,0,3,0,0,0,2,11,0,3,0,54,2,0,7,2,0,2,9,1,29,2,0,0,0,0,0,3,0,0,0,0,0,0,0,0,0,0,0,2,0,0,1,1,1,3,2,1,0
"TQ1  4",9777,9507,1,0,0,0,0,0,0,0,0,2,9,12,147,10,15,90,8,2,0,0,6,4,4,2,0,1,0,1,1,1,2,0,6,0,5,0,0,1,0,0,0,5,2,2,2,0,0,2,0,0,15,1,5,4,0,2,3,0,0,0,0,0,0,0,58,1,1,10,1,1,1,2,0,40,1,0,0,0,0,0,3,0,0,1,0,0,0,0,0,0,0,0,2,0,0,0,0,0,6,3,2,1
"TQ10 9",3947,3901,1,0,0,0,0,0,0,0,0,4,0,2,26,1,8,4,0,0,2,6,1,0,0,0,4,0,0,0,0,0,0,0,1,0,0,0,0,1,0,0,0,3,0,0,0,0,0,0,0,0,0,0,0,0,0,0,0,0,0,0,0,0,0,0,8,0,0,0,1,0,0,2,0,4,1,0,0,0,0,0,0,0,0,0,0,0,0,0,0,0,0,0,0,0,0,0,0,0,1,0,1,0
"TQ11 0",4004,3931,0,0,0,0,0,0,0,0,0,2,2,3,37,2,7,6,1,2,1,3,1,3,2,0,7,2,0,0,0,0,0,0,0,0,0,0,0,0,0,0,0,2,1,1,1,1,0,0,0,0,7,0,0,0,0,6,0,0,0,0,1,0,0,0,15,1,3,3,3,0,0,0,0,5,0,0,0,0,0,0,0,0,0,0,0,0,0,0,0,0,0,0,0,0,0,0,1,1,1,0,1,0
"TQ12 1",10869,10706,4,0,0,0,0,0,0,0,0,9,2,3,73,4,3,31,2,4,4,13,1,2,5,0,1,2,0,0,0,0,0,1,2,0,0,2,0,0,0,0,0,4,3,1,1,0,0,1,0,0,23,0,0,0,0,5,3,0,1,6,8,0,0,0,28,5,3,2,2,5,0,1,0,10,0,0,0,0,0,0,1,0,0,0,0,0,0,0,0,0,0,0,0,0,1,0,1,1,8,8,0,0
"TQ12 2",5001,4813,2,0,0,0,0,0,0,0,0,6,1,1,77,0,3,51,1,0,6,6,3,0,4,0,2,0,0,1,0,0,0,0,6,0,0,6,0,0,0,0,0,11,7,1,3,1,2,0,0,0,15,0,0,0,0,7,0,0,0,2,6,0,0,0,54,1,4,27,2,0,4,1,0,14,1,0,0,0,0,0,0,0,0,0,0,0,0,0,0,0,0,0,0,0,0,0,0,0,4,3,0,1
"TQ12 3",10140,10051,0,0,0,0,0,0,0,0,0,6,9,6,37,1,6,17,1,1,0,0,1,3,4,1,0,0,0,2,0,0,0,0,0,0,0,0,0,0,0,0,0,3,2,2,1,1,0,0,0,0,1,1,0,0,0,0,0,0,0,0,0,0,0,0,21,0,3,8,0,0,0,6,0,4,0,0,0,0,0,0,1,0,0,0,0,0,0,0,0,0,0,0,1,0,0,0,0,0,0,0,0,0
"TQ12 4",8313,8234,1,1,0,0,0,0,1,0,0,6,2,3,34,1,5,15,6,0,0,4,1,1,0,1,0,0,0,0,0,0,0,0,1,0,1,0,0,0,0,0,0,6,0,0,1,1,0,0,0,0,2,0,0,1,0,1,0,0,0,0,0,0,0,0,14,0,3,3,1,0,0,3,0,4,0,0,0,0,0,0,0,0,0,0,0,0,0,0,0,0,0,0,0,0,0,0,1,1,7,6,1,0
"TQ12 5",8695,8619,1,0,0,0,0,0,0,0,0,8,0,6,25,0,7,5,3,1,0,1,0,2,0,0,3,2,1,0,0,0,0,0,2,0,0,0,0,2,0,0,0,3,0,0,1,1,0,0,0,0,7,0,0,2,0,1,0,0,4,0,0,0,0,0,19,0,1,11,0,0,0,3,0,3,1,0,0,0,0,0,2,0,0,0,0,0,0,0,0,0,0,0,1,0,0,1,0,0,2,2,0,0
"TQ12 6",8322,8103,2,1,0,0,0,0,0,1,0,6,4,3,136,0,4,108,4,1,6,0,2,1,1,0,5,1,0,3,0,0,0,0,2,2,0,0,0,0,0,0,0,10,0,0,1,0,0,1,0,0,2,0,0,0,0,0,0,0,2,0,0,0,0,0,50,0,30,13,1,2,0,2,2,0,0,0,0,1,1,0,1,0,0,0,0,0,0,0,0,0,0,1,0,0,0,0,0,0,0,0,0,0
"TQ13 0",5896,5851,1,0,0,0,0,0,0,0,0,8,1,1,14,0,5,4,1,0,0,0,0,1,2,0,1,0,0,0,0,0,0,0,1,0,0,0,0,1,0,0,0,5,0,1,0,0,0,0,0,0,3,0,0,0,0,3,0,0,0,0,0,0,0,0,7,0,0,3,1,0,0,3,0,0,0,0,0,0,0,0,0,0,0,0,0,0,0,0,0,0,0,0,0,0,0,0,0,0,3,1,0,2
"TQ13 7",5339,5264,1,0,0,0,0,0,0,0,0,3,0,2,49,1,5,18,7,1,2,6,0,1,1,4,1,0,2,0,0,0,0,0,1,1,0,0,0,0,0,0,0,3,3,0,0,0,0,0,0,0,2,0,0,0,0,0,0,0,0,2,0,0,0,0,10,0,0,2,1,1,0,1,0,5,0,0,0,0,0,0,1,0,0,0,0,0,0,0,0,0,0,0,0,1,0,0,0,0,0,0,0,0
"TQ13 8",3762,3673,0,0,0,0,0,0,0,0,0,13,2,3,51,2,7,13,2,8,0,0,0,11,0,0,4,1,2,0,1,0,0,0,1,0,0,1,0,0,0,0,0,5,2,1,0,0,0,0,0,0,2,0,0,0,0,0,0,0,0,0,2,0,0,0,9,0,0,2,4,0,0,0,0,1,2,0,0,0,0,0,0,0,0,0,0,0,0,0,0,0,0,0,0,0,0,0,0,0,0,0,0,0
"TQ13 9",7570,7477,0,0,0,0,0,0,0,0,0,7,2,1,53,6,12,15,0,0,1,4,0,1,0,1,9,4,0,0,0,0,0,0,3,0,0,0,0,3,0,0,0,2,1,1,0,0,0,0,0,0,2,0,0,0,0,0,2,0,0,0,0,0,0,0,16,0,0,8,4,0,0,2,0,1,1,0,0,0,0,0,0,0,0,0,0,0,0,0,0,0,0,0,0,0,0,0,1,1,4,0,4,0
"TQ14 0",1723,1707,0,0,0,0,0,0,0,0,0,3,0,0,5,2,2,0,0,0,0,0,0,0,0,0,0,0,1,0,0,0,0,0,0,0,0,0,0,0,0,0,0,2,0,0,0,0,0,0,0,0,3,0,0,0,0,3,0,0,0,0,0,0,0,0,2,0,0,0,0,0,0,1,0,1,0,0,0,0,0,0,0,0,0,0,0,0,0,0,0,0,0,0,0,0,0,0,1,1,0,0,0,0
"TQ14 8",7314,7098,2,0,0,0,0,0,0,0,0,7,5,3,87,8,21,10,9,2,19,0,1,3,6,4,1,2,1,0,0,0,0,0,2,0,0,1,0,1,0,0,0,8,4,3,1,1,0,0,0,0,13,0,0,0,0,4,0,0,0,7,2,0,0,0,75,0,32,33,0,0,0,0,0,10,0,0,0,0,0,0,2,0,0,0,0,0,0,0,0,0,0,2,0,0,0,0,0,0,4,2,0,2
"TQ14 9",9911,9829,1,0,0,0,0,0,0,0,0,6,0,7,38,1,7,13,4,1,0,0,4,5,0,1,0,1,1,0,0,0,0,0,1,0,0,0,0,1,0,0,0,0,2,1,0,0,0,0,0,0,7,0,0,0,0,7,0,0,0,0,0,0,0,0,11,0,0,1,0,0,0,2,0,8,0,0,0,0,0,0,2,0,0,0,0,0,0,0,0,0,0,0,2,0,0,0,0,0,6,5,0,1
"TQ2  5",4636,4209,0,1,0,0,0,0,0,1,0,13,8,12,315,5,8,215,25,8,8,3,0,18,19,5,0,0,0,0,0,0,1,0,2,0,1,0,0,1,0,0,0,5,6,13,2,0,0,2,0,0,15,0,1,0,0,11,0,1,0,1,0,1,0,0,32,0,5,13,0,0,0,5,0,7,2,0,0,0,0,0,2,0,0,0,0,0,0,0,0,0,0,0,0,0,0,2,1,1,0,0,0,0
"TQ2  6",9993,9787,1,0,0,0,0,0,0,0,0,6,6,6,91,8,13,45,5,2,2,0,0,4,1,2,6,2,0,0,0,0,1,0,1,0,0,0,0,1,0,0,0,1,0,7,4,0,1,2,0,1,42,0,0,0,0,3,0,2,0,3,31,3,0,0,33,1,2,13,1,1,1,7,1,5,1,0,0,0,0,0,2,0,0,0,0,0,0,0,0,0,0,0,2,0,0,0,0,0,6,5,0,1
"TQ2  7",10396,10132,1,1,0,0,0,0,0,1,0,10,7,10,108,6,12,59,2,2,3,4,1,6,5,2,4,1,0,1,0,0,0,0,0,0,0,0,0,0,0,0,0,1,4,9,11,0,0,4,4,3,45,5,0,0,0,5,0,1,2,6,19,3,0,4,45,0,0,12,3,0,2,8,0,19,1,0,0,0,0,0,6,0,0,0,0,0,0,0,0,0,0,2,1,0,3,0,0,0,6,6,0,0
"TQ2  8",7266,7167,1,2,0,0,0,0,0,2,0,1,1,1,64,10,1,43,1,0,0,4,2,0,0,1,1,0,1,0,0,0,0,0,1,0,1,0,0,0,0,0,0,4,1,0,2,0,0,2,0,0,3,0,0,0,0,0,0,0,0,3,0,0,0,0,14,1,3,6,0,1,0,0,0,3,0,0,0,0,0,0,0,0,0,0,0,0,0,0,0,0,0,0,0,0,0,0,0,0,4,3,0,1
"TQ3  1",8131,8077,0,0,0,0,0,0,0,0,0,2,2,0,28,2,9,5,2,0,6,0,0,2,1,0,0,0,1,0,0,0,0,0,0,0,0,0,0,0,0,0,0,0,0,3,0,0,0,0,0,0,0,0,0,0,0,0,0,0,0,0,0,0,0,0,13,0,0,0,4,0,0,3,0,6,0,0,0,0,0,0,3,0,0,0,0,0,0,0,0,0,0,1,0,0,1,1,3,3,0,0,0,0
"TQ3  2",8179,8049,1,0,0,0,0,0,0,0,0,5,1,6,56,3,14,24,1,1,3,1,2,0,1,3,1,1,0,1,0,0,0,0,1,0,0,0,0,1,0,0,0,1,1,9,4,0,3,1,0,0,10,2,1,0,0,3,0,0,0,0,4,0,0,0,31,0,4,10,1,0,0,5,0,10,1,0,0,0,0,0,0,0,0,0,0,0,0,0,0,0,0,0,0,0,0,0,0,0,4,2,0,2
"TQ3  3",13097,12921,3,0,0,0,0,0,0,0,0,4,5,5,82,2,11,43,6,0,6,2,1,0,6,1,1,1,0,1,0,0,1,0,2,0,0,1,0,1,0,0,0,6,4,5,4,0,1,0,0,3,18,0,0,0,0,4,0,2,0,0,12,0,0,0,25,0,5,7,0,0,0,4,0,9,0,0,0,0,0,0,1,0,0,0,0,0,0,0,0,0,0,0,1,0,0,0,0,0,12,10,1,1
"TQ4  5",5646,5543,0,1,0,0,0,0,0,1,0,8,3,3,52,3,6,26,1,4,0,6,0,1,0,0,0,0,2,3,0,0,0,0,3,0,2,0,0,1,0,0,0,1,1,2,0,0,0,0,0,0,8,4,0,0,0,3,0,0,0,0,0,1,0,0,17,0,1,8,1,0,0,3,0,4,0,0,0,0,0,0,1,0,0,0,0,0,0,0,0,0,0,0,0,0,0,1,0,0,3,2,1,0
"TQ4  6",4041,3944,0,0,0,0,0,0,0,0,0,4,0,4,63,0,8,33,8,0,3,3,0,0,0,1,3,3,0,0,0,0,1,0,0,0,0,0,0,0,0,0,0,0,4,3,2,0,0,2,0,0,3,0,0,0,0,3,0,0,0,0,0,0,0,0,10,0,0,6,0,0,0,1,0,3,0,0,0,0,0,0,3,0,0,0,0,0,0,0,2,0,0,0,1,0,0,0,0,0,1,0,0,1
"TQ4  7",8565,8468,1,0,0,0,0,0,0,0,0,3,2,5,37,3,7,20,0,0,3,1,0,0,0,1,0,1,0,1,0,0,0,0,6,5,1,0,0,0,0,0,0,3,4,2,0,0,0,0,0,0,4,0,0,0,0,4,0,0,0,0,0,0,0,0,25,0,11,6,0,0,2,4,0,2,0,0,0,0,0,0,0,0,0,0,0,0,0,0,0,0,0,0,0,0,0,0,1,1,4,2,2,0
"TQ5  0",5864,5827,1,0,0,0,0,0,0,0,0,1,2,1,26,0,12,7,0,0,0,1,0,1,0,1,2,1,0,0,0,0,0,1,0,0,0,0,0,0,0,0,0,2,0,1,1,0,0,1,0,0,0,0,0,0,0,0,0,0,0,0,0,0,0,0,2,0,0,0,0,0,0,1,0,1,0,0,0,0,0,0,0,0,0,0,0,0,0,0,0,0,0,0,0,0,0,0,0,0,0,0,0,0
"TQ5  8",4911,4868,5,0,0,0,0,0,0,0,0,0,0,1,24,0,8,12,0,0,2,0,0,0,0,1,0,1,0,0,0,0,0,0,0,0,0,0,0,0,0,0,0,0,3,0,0,0,0,0,0,0,0,0,0,0,0,0,0,0,0,0,0,0,0,0,8,0,2,1,0,0,0,1,2,1,1,0,0,0,0,0,1,0,0,0,0,0,0,0,0,0,0,0,0,1,0,0,1,1,0,0,0,0
"TQ5  9",8062,7992,0,0,0,0,0,0,0,0,0,11,0,2,38,2,5,19,3,0,0,0,1,0,0,6,0,1,1,0,0,0,0,0,0,0,0,0,0,0,0,0,0,2,1,3,0,0,0,0,0,0,7,1,0,0,0,0,0,0,0,0,6,0,0,0,3,0,0,0,1,0,0,1,0,1,0,0,0,0,0,0,2,0,0,0,0,0,0,0,0,0,0,0,2,0,0,0,0,0,1,0,0,1
"TQ6  0",3154,3092,0,0,0,0,0,0,0,0,0,3,0,0,7,0,4,0,0,0,0,0,0,0,0,0,0,2,1,0,0,0,0,0,0,0,0,0,0,0,0,0,0,3,0,40,0,0,0,0,0,0,3,0,0,0,0,0,0,0,0,0,3,0,0,0,3,0,2,0,1,0,0,0,0,0,0,1,0,0,0,0,2,0,0,0,0,0,0,0,0,0,0,0,2,0,0,0,0,0,0,0,0,0
"TQ6  9",4942,4840,0,0,0,0,0,0,0,0,0,12,0,4,71,0,12,16,4,1,7,8,7,9,0,0,4,2,0,1,0,0,0,0,1,0,0,0,0,1,0,0,0,2,0,2,0,0,0,0,0,0,4,0,0,0,0,1,0,0,0,0,0,0,3,0,4,0,0,3,0,0,0,1,0,0,0,0,0,0,0,0,1,0,0,0,0,0,0,1,0,0,0,0,0,0,0,0,0,0,1,0,1,0
"TQ7  1",5703,5619,0,0,0,0,0,0,0,0,0,9,0,3,35,0,1,26,0,0,3,0,0,0,1,2,2,0,0,0,0,0,0,0,0,0,0,0,0,0,0,0,0,2,2,1,0,0,0,0,0,0,24,0,0,0,0,20,0,0,0,0,2,0,2,0,5,0,0,3,1,1,0,0,0,0,0,0,0,0,0,0,2,0,0,0,0,0,0,0,0,0,0,0,2,0,0,0,0,0,1,1,0,0
"TQ7  2",3808,3779,0,0,0,0,0,0,0,0,0,4,0,0,10,0,2,3,0,1,0,0,0,1,0,0,3,0,0,0,0,0,0,0,1,0,0,0,0,1,0,0,0,1,0,0,0,0,0,0,0,0,4,0,0,0,0,0,0,0,0,0,4,0,0,0,1,0,1,0,0,0,0,0,0,0,0,0,0,0,0,0,8,0,0,0,0,0,0,0,0,0,0,0,8,0,0,0,0,0,0,0,0,0
"TQ7  3",3618,3554,0,0,0,0,0,0,0,0,0,1,1,4,51,0,7,19,7,1,1,3,1,6,2,0,3,0,1,0,0,0,0,0,1,0,0,0,0,1,0,0,0,0,0,2,0,0,0,0,0,0,0,0,0,0,0,0,0,0,0,0,0,0,0,0,3,0,0,2,0,0,0,0,0,1,0,0,0,0,0,0,0,0,0,0,0,0,0,0,0,0,0,0,0,0,0,0,1,1,0,0,0,0
"TQ7  4",2973,2936,0,0,0,0,0,0,0,0,0,5,0,0,18,0,1,4,2,1,3,3,0,0,0,0,3,0,0,1,0,0,0,0,1,0,0,0,0,1,0,0,0,4,0,0,0,0,0,0,0,0,1,0,0,0,0,0,0,0,0,0,1,0,0,0,5,0,0,0,0,0,0,1,0,4,0,0,0,0,0,0,3,0,0,0,0,0,0,0,0,0,0,1,0,0,0,2,0,0,0,0,0,0
"TQ8  8",2018,1983,1,0,0,0,0,0,0,0,0,2,0,1,27,1,4,15,1,0,0,2,1,1,0,0,0,1,1,0,0,0,0,0,0,0,0,0,0,0,0,0,0,1,1,1,0,0,0,0,0,0,0,0,0,0,0,0,0,0,0,0,0,0,0,0,0,0,0,0,0,0,0,0,0,0,0,0,0,0,0,0,1,0,0,0,0,0,0,0,0,0,0,0,1,0,0,0,0,0,0,0,0,0
"TQ9  5",7869,7713,0,0,0,0,0,0,0,0,0,11,2,20,93,10,30,21,3,5,6,1,2,1,0,3,3,7,0,0,0,0,0,1,4,0,0,0,0,4,0,0,0,0,1,0,1,0,0,0,0,1,4,0,1,0,0,0,0,0,0,1,2,0,0,0,16,0,1,9,2,0,0,3,0,1,0,0,0,0,0,0,2,0,0,0,0,0,0,0,1,0,0,0,0,0,0,1,1,1,1,1,0,0
"TQ9  6",4580,4539,0,0,0,0,0,0,0,0,0,5,1,2,18,4,6,5,1,0,0,1,0,0,0,0,1,0,0,0,0,0,0,0,1,0,0,0,0,1,0,0,0,2,1,1,1,1,0,0,0,0,0,0,0,0,0,0,0,0,0,0,0,0,0,0,4,0,0,0,2,0,0,1,0,1,0,0,0,0,0,0,0,0,0,0,0,0,0,0,0,0,0,0,0,0,0,0,0,0,5,4,0,1
"TQ9  7",4386,4337,0,1,1,0,0,0,0,0,0,6,1,0,19,1,7,1,2,0,0,0,0,0,0,0,4,3,0,1,0,0,0,0,2,0,0,1,0,1,0,0,0,6,0,3,1,1,0,0,0,0,2,0,1,0,0,1,0,0,0,0,0,0,0,0,4,0,0,0,1,0,0,0,0,3,0,0,0,0,0,0,2,0,0,0,0,0,0,0,0,0,0,0,2,0,0,0,0,0,2,1,1,0
"TR1  1",8363,8201,3,5,0,0,0,0,5,0,0,6,0,6,58,3,12,15,7,0,2,0,4,10,0,0,2,1,1,1,0,0,0,0,0,0,0,0,0,0,0,0,0,7,1,10,1,0,0,1,0,0,30,0,0,0,0,14,0,0,1,7,0,0,8,0,32,2,0,21,1,1,1,6,0,0,0,0,0,0,0,0,3,0,0,0,0,0,0,0,0,0,0,0,3,0,0,0,0,0,0,0,0,0
"TR1  2",3125,3072,1,1,0,0,0,0,1,0,0,1,1,2,32,1,3,11,1,0,0,1,0,5,4,0,1,3,0,2,0,0,0,0,0,0,0,0,0,0,0,0,0,0,0,5,1,0,1,0,0,0,2,0,0,0,0,2,0,0,0,0,0,0,0,0,7,0,2,2,0,0,0,1,0,0,2,0,0,0,0,0,0,0,0,0,0,0,0,0,0,0,0,0,0,0,0,0,0,0,0,0,0,0
"TR1  3",8312,8088,1,9,0,0,0,0,9,0,0,13,1,6,86,5,14,19,1,4,4,11,1,17,4,1,2,1,2,0,0,0,0,0,2,0,0,1,0,1,0,0,0,2,0,11,0,0,0,0,0,0,53,2,2,0,0,16,0,4,0,4,14,0,6,5,32,1,5,14,0,0,1,5,0,2,4,0,0,0,0,0,3,0,0,0,0,0,0,0,0,0,0,0,3,0,0,0,1,1,4,1,1,2
"TR10 8",6841,6720,0,8,0,0,0,0,7,1,0,5,5,3,67,8,10,13,1,0,1,8,4,4,3,3,2,3,4,0,1,0,0,2,2,0,0,0,0,2,0,0,0,2,2,0,0,0,0,0,0,0,5,0,0,0,0,5,0,0,0,0,0,0,0,0,13,1,0,9,1,0,0,0,0,1,1,0,0,0,0,0,5,0,0,0,0,0,0,1,0,0,0,0,2,0,0,2,1,1,3,2,0,1
"TR10 9",4077,3976,0,2,0,0,0,0,2,0,0,9,2,5,38,0,7,6,0,0,0,3,1,0,2,5,9,1,2,0,0,0,0,2,15,0,0,0,0,15,0,0,0,3,1,2,6,0,3,0,0,3,7,0,0,0,0,6,1,0,0,0,0,0,0,0,7,4,1,1,0,0,0,0,0,1,0,0,0,0,0,0,3,0,0,0,0,0,0,0,0,0,0,0,2,0,0,1,1,1,0,0,0,0
"TR11 2",8121,7957,2,9,0,0,0,0,9,0,0,5,8,7,65,10,7,20,0,0,1,3,8,2,0,1,6,3,0,2,0,0,0,2,5,0,0,0,0,5,1,1,0,2,0,3,1,0,0,0,0,1,27,0,1,0,0,0,0,0,0,8,0,0,18,0,24,3,2,10,0,0,0,3,0,6,0,0,0,0,0,0,2,0,0,0,0,0,0,0,0,0,0,0,1,0,0,1,0,0,3,1,0,2
"TR11 3",4610,4451,0,6,0,0,0,0,6,0,0,6,5,8,64,8,13,23,0,2,4,2,0,2,1,0,1,1,2,3,0,2,0,0,8,0,0,0,0,8,0,0,0,2,1,1,0,0,0,0,0,0,21,0,0,0,0,0,0,0,0,0,0,1,20,0,33,4,4,22,0,1,0,1,1,0,0,0,0,0,0,0,4,0,0,0,0,0,0,0,0,0,0,1,0,0,0,3,0,0,0,0,0,0
"TR11 4",6628,6496,0,6,0,0,0,0,6,0,0,8,5,3,59,10,11,19,2,4,0,3,1,0,0,2,1,3,0,3,0,0,0,0,18,0,0,0,0,18,0,0,0,3,1,0,2,0,0,0,0,2,9,0,5,3,0,0,0,0,1,0,0,0,0,0,18,0,4,13,1,0,0,0,0,0,0,0,0,0,0,0,0,0,0,0,0,0,0,0,0,0,0,0,0,0,0,0,0,0,0,0,0,0
"TR11 5",8783,8670,1,5,0,0,0,0,5,0,0,15,1,3,50,3,14,17,0,0,3,1,0,0,0,2,7,3,0,0,0,0,0,0,9,0,0,0,0,9,0,0,0,3,1,10,3,1,0,2,0,0,2,0,0,0,0,2,0,0,0,0,0,0,0,0,9,1,0,6,0,1,0,1,0,0,0,1,0,0,0,0,0,0,0,0,0,0,0,0,0,0,0,0,0,0,0,0,0,0,0,0,0,0
"TR12 6",4010,3967,0,4,0,0,0,0,4,0,0,4,1,3,17,0,0,7,0,0,0,6,2,0,0,0,0,0,2,0,0,0,0,0,0,0,0,0,0,0,0,0,0,0,1,0,0,0,0,0,0,0,0,0,0,0,0,0,0,0,0,0,0,0,0,0,11,0,0,5,0,0,0,1,0,5,0,0,0,0,0,0,2,0,0,0,0,0,0,0,1,0,0,0,1,0,0,0,0,0,0,0,0,0
"TR12 7",5334,5282,1,14,0,0,0,1,10,2,1,3,0,3,14,1,5,0,0,1,1,1,2,1,0,0,1,1,0,0,0,0,0,0,1,0,0,0,0,1,0,0,0,2,0,2,1,1,0,0,0,0,0,0,0,0,0,0,0,0,0,0,0,0,0,0,5,0,1,0,0,0,0,0,0,4,0,5,0,0,0,0,0,0,0,0,0,0,0,0,0,0,0,0,0,0,0,0,0,0,1,1,0,0
"TR13 0",4170,4151,1,2,0,0,0,0,2,0,0,2,0,0,8,1,2,1,0,0,1,2,1,0,0,0,0,0,0,0,0,0,0,0,1,0,0,0,0,1,0,0,0,3,0,2,0,0,0,0,0,0,0,0,0,0,0,0,0,0,0,0,0,0,0,0,0,0,0,0,0,0,0,0,0,0,0,0,0,0,0,0,0,0,0,0,0,0,0,0,0,0,0,0,0,0,0,0,0,0,0,0,0,0
"TR13 8",9628,9530,1,12,0,0,0,0,12,0,0,17,0,3,30,2,4,14,2,0,1,4,0,0,0,0,2,1,0,0,0,0,0,0,1,0,0,0,1,0,0,0,0,2,5,0,1,0,1,0,0,0,4,0,0,0,0,4,0,0,0,0,0,0,0,0,17,0,4,7,0,0,0,1,0,4,1,0,0,0,0,0,2,0,0,0,0,0,0,0,1,0,0,0,1,0,0,0,1,1,2,1,0,1
"TR13 9",5325,5239,2,3,0,0,0,0,3,0,0,5,2,1,65,0,3,29,0,0,2,24,1,0,0,0,6,0,0,0,0,0,0,0,1,0,0,0,0,1,0,0,0,1,0,0,0,0,0,0,0,0,2,0,2,0,0,0,0,0,0,0,0,0,0,0,3,0,0,1,0,0,0,2,0,0,0,0,0,0,0,0,0,0,0,0,0,0,0,0,0,0,0,0,0,0,0,0,1,1,0,0,0,0
"TR14 0",4513,4398,1,3,0,0,0,0,3,0,0,0,0,2,89,0,2,7,1,0,8,62,5,3,0,0,1,0,0,0,0,0,0,0,1,0,0,0,0,1,0,0,0,1,0,0,0,0,0,0,0,0,1,0,0,0,0,1,0,0,0,0,0,0,0,0,11,0,5,4,0,0,0,0,0,0,2,0,0,0,0,0,2,0,0,0,0,0,0,0,0,0,0,0,1,0,0,1,0,0,4,2,1,1
"TR14 7",8482,8366,2,10,0,0,0,0,10,0,0,8,1,2,54,3,2,28,0,0,0,21,0,0,0,0,0,0,0,0,0,0,0,0,2,1,0,0,0,1,0,0,0,0,2,0,2,0,0,2,0,0,8,0,0,0,0,8,0,0,0,0,0,0,0,0,9,0,1,4,0,0,0,2,0,1,1,0,0,0,0,0,0,0,0,0,0,0,0,0,0,0,0,0,0,0,0,0,1,1,15,12,1,2
"TR14 8",8479,8230,0,11,0,0,0,0,11,0,0,5,3,0,162,6,10,67,0,0,5,63,2,0,5,2,0,0,0,0,0,0,2,0,0,0,0,0,0,0,0,0,0,8,7,1,0,0,0,0,0,0,30,0,19,4,0,7,0,0,0,0,0,0,0,0,20,0,2,17,0,0,0,0,0,1,0,0,0,0,0,0,0,0,0,0,0,0,0,0,0,0,0,0,0,0,0,0,0,0,2,2,0,0
"TR14 9",2279,2244,0,9,0,0,0,0,9,0,0,2,2,1,13,0,4,1,0,0,0,3,4,0,0,0,0,0,0,0,1,0,0,0,3,1,1,0,0,1,0,0,0,0,0,3,0,0,0,0,0,0,0,0,0,0,0,0,0,0,0,0,0,0,0,0,0,0,0,0,0,0,0,0,0,0,0,0,0,0,0,0,0,0,0,0,0,0,0,0,0,0,0,0,0,0,0,0,1,1,1,0,1,0
"TR15 1",5810,5718,1,12,0,0,0,0,12,0,0,2,0,1,63,2,1,45,1,0,2,11,1,0,0,0,0,0,0,0,0,0,0,0,3,0,0,1,0,2,0,0,0,1,0,2,0,0,0,0,0,0,0,0,0,0,0,0,0,0,0,0,0,0,0,0,4,0,0,1,0,0,0,1,0,1,1,0,0,0,0,0,0,0,0,0,0,0,0,0,0,0,0,0,0,0,0,0,0,0,3,0,1,2
"TR15 2",5906,5705,0,11,0,0,0,0,10,1,0,1,4,0,136,0,0,95,1,0,0,23,13,0,1,0,0,2,1,0,0,0,0,0,0,0,0,0,0,0,0,0,0,7,3,9,0,0,0,0,0,0,12,0,8,4,0,0,0,0,0,0,0,0,0,0,11,0,2,7,2,0,0,0,0,0,0,0,0,0,0,0,5,0,0,0,0,0,2,0,0,0,0,0,0,0,0,3,0,0,2,2,0,0
"TR15 3",7617,7399,1,24,0,0,0,0,24,0,0,5,2,3,124,2,1,70,0,0,0,26,22,0,0,0,0,0,2,0,1,0,0,0,3,0,0,3,0,0,0,0,0,13,2,0,1,0,0,0,0,1,10,0,4,2,0,4,0,0,0,0,0,0,0,0,24,1,9,8,0,0,0,1,0,5,0,0,0,0,0,0,2,0,0,0,0,0,0,0,0,0,0,1,0,0,0,1,0,0,4,2,0,2
"TR16 4",5211,5160,0,4,0,0,0,0,4,0,0,1,0,0,30,0,5,16,0,0,0,6,3,0,0,0,0,0,0,0,0,0,0,0,2,0,0,2,0,0,0,0,0,1,0,1,0,0,0,0,0,0,1,1,0,0,0,0,0,0,0,0,0,0,0,0,8,2,0,3,0,0,0,2,0,1,0,0,0,0,0,0,0,0,0,0,0,0,0,0,0,0,0,0,0,0,0,0,0,0,3,2,0,1
"TR16 5",4929,4865,0,13,0,0,0,0,13,0,0,2,6,0,24,0,0,12,5,0,0,1,0,4,0,1,0,1,0,0,0,0,0,0,1,0,0,0,0,1,0,0,0,0,0,0,0,0,0,0,0,0,5,0,0,1,0,0,0,0,0,0,0,0,4,0,11,2,4,0,0,0,0,3,0,2,0,0,0,0,0,0,0,0,0,0,0,0,0,0,0,0,0,0,0,0,0,0,0,0,2,0,2,0
"TR16 6",3528,3509,1,3,0,0,0,0,3,0,0,1,2,0,7,0,2,0,0,0,0,1,0,2,0,0,1,0,1,0,0,0,0,0,0,0,0,0,0,0,0,0,0,0,0,0,0,0,0,0,0,0,1,0,0,0,0,0,1,0,0,0,0,0,0,0,4,2,0,2,0,0,0,0,0,0,0,0,0,0,0,0,0,0,0,0,0,0,0,0,0,0,0,0,0,0,0,0,0,0,0,0,0,0
"TR17 0",1410,1398,0,1,0,0,0,0,1,0,0,1,0,1,3,0,2,0,0,0,0,0,0,0,0,0,1,0,0,0,0,0,0,0,0,0,0,0,0,0,0,0,0,0,0,0,0,0,0,0,0,0,0,0,0,0,0,0,0,0,0,0,0,0,0,0,1,0,0,1,0,0,0,0,0,0,0,0,0,0,0,0,0,0,0,0,0,0,0,0,0,0,0,0,0,0,0,0,1,1,4,2,2,0
"TR18 2",5050,4901,0,25,0,0,0,0,24,1,0,4,0,5,78,2,6,30,10,1,0,16,7,1,0,0,1,0,2,1,0,1,0,0,3,0,1,2,0,0,0,0,0,4,1,1,2,2,0,0,0,0,7,0,1,2,0,4,0,0,0,0,0,0,0,0,16,0,0,6,3,0,0,6,1,0,0,0,0,0,0,0,2,0,0,0,0,0,0,0,0,0,0,0,1,0,0,1,0,0,1,1,0,0
"TR18 3",6186,6100,0,5,0,0,0,0,5,0,0,7,2,4,53,2,6,32,2,0,0,6,2,0,0,0,3,0,0,0,0,0,0,0,1,1,0,0,0,0,0,0,0,3,0,0,0,0,0,0,0,0,0,0,0,0,0,0,0,0,0,0,0,0,0,0,9,0,0,3,2,0,0,0,2,1,1,0,0,0,0,0,0,0,0,0,0,0,0,0,0,0,0,0,0,0,0,0,1,1,1,1,0,0
"TR18 4",4628,4487,0,6,0,0,0,0,6,0,0,6,5,3,57,1,14,28,0,0,0,8,0,1,0,0,1,1,0,1,0,0,1,1,0,0,0,0,0,0,0,0,0,1,4,0,4,4,0,0,0,0,15,0,0,0,0,4,0,0,0,0,1,0,10,0,35,1,10,19,2,0,0,1,0,2,0,0,0,0,0,0,5,0,0,0,0,1,0,2,0,0,0,0,2,0,0,0,0,0,0,0,0,0
"TR18 5",3449,3396,1,7,0,0,0,0,7,0,0,5,7,1,15,1,1,5,0,0,0,6,0,1,0,0,0,1,0,0,0,0,0,0,0,0,0,0,0,0,0,0,0,0,1,0,0,0,0,0,0,0,0,0,0,0,0,0,0,0,0,0,0,0,0,0,12,8,0,1,1,0,0,1,0,0,1,0,0,0,0,0,0,0,0,0,0,0,0,0,0,0,0,0,0,0,0,0,0,0,4,2,0,2
"TR19 6",3230,3193,1,0,0,0,0,0,0,0,0,3,1,0,18,3,3,6,0,0,1,2,0,0,0,0,1,0,1,1,0,0,0,0,2,0,0,0,0,2,0,0,0,2,0,1,1,0,0,0,0,1,0,0,0,0,0,0,0,0,0,0,0,0,0,0,6,0,0,4,0,0,0,1,1,0,0,0,0,0,0,0,0,0,0,0,0,0,0,0,0,0,0,0,0,0,0,0,1,1,1,1,0,0
"TR19 7",5568,5518,1,2,0,0,0,0,2,0,0,2,0,1,33,2,18,5,0,0,2,1,0,0,2,0,0,3,0,0,0,0,0,0,0,0,0,0,0,0,0,0,0,2,0,0,0,0,0,0,0,0,0,0,0,0,0,0,0,0,0,0,0,0,0,0,6,1,0,1,3,0,0,0,0,0,1,0,0,0,0,0,0,0,0,0,0,0,0,0,0,0,0,0,0,0,0,0,1,1,2,2,0,0
"TR2  4",5173,5141,0,4,0,0,0,0,4,0,0,1,2,1,20,1,1,9,0,1,1,2,0,1,0,0,2,1,0,0,1,0,0,0,0,0,0,0,0,0,0,0,0,1,0,2,0,0,0,0,0,0,0,0,0,0,0,0,0,0,0,0,0,0,0,0,0,0,0,0,0,0,0,0,0,0,0,0,0,0,0,0,1,0,0,0,0,1,0,0,0,0,0,0,0,0,0,0,0,0,0,0,0,0
"TR2  5",4062,3972,0,5,0,0,0,0,5,0,0,6,4,2,54,5,5,31,0,0,1,4,0,4,1,0,3,0,0,0,0,0,0,0,5,0,0,5,0,0,0,0,0,1,0,0,0,0,0,0,0,0,0,0,0,0,0,0,0,0,0,0,0,0,0,0,13,0,0,0,3,0,0,1,0,9,0,0,0,0,0,0,0,0,0,0,0,0,0,0,0,0,0,0,0,0,0,0,0,0,0,0,0,0
"TR20 8",4613,4562,0,4,0,0,0,0,4,0,0,1,0,2,42,1,8,17,1,1,0,8,1,0,0,0,1,3,1,0,0,0,0,0,0,0,0,0,0,0,0,0,0,0,0,0,0,0,0,0,0,0,0,0,0,0,0,0,0,0,0,0,0,0,0,0,1,0,0,1,0,0,0,0,0,0,0,0,0,0,0,0,0,0,0,0,0,0,0,0,0,0,0,0,0,0,0,0,1,1,0,0,0,0
"TR20 9",4468,4402,0,3,1,0,0,0,2,0,0,4,0,2,37,1,3,21,0,5,0,3,0,0,0,0,3,1,0,0,0,0,0,0,2,0,1,0,0,1,0,0,0,1,0,0,0,0,0,0,0,0,0,0,0,0,0,0,0,0,0,0,0,0,0,0,14,0,6,5,0,0,0,2,0,1,0,0,0,0,0,0,1,0,0,0,0,0,0,0,0,0,0,0,0,0,0,1,1,1,1,0,0,1
"TR21 0",1696,1664,0,0,0,0,0,0,0,0,0,2,0,1,23,0,2,7,1,4,0,2,0,6,1,0,0,0,0,0,0,0,0,0,0,0,0,0,0,0,0,0,0,1,0,0,0,0,0,0,0,0,1,0,0,0,0,0,0,0,0,0,0,0,0,1,2,0,0,0,0,0,0,2,0,0,0,0,0,0,0,0,2,0,0,0,0,0,0,0,0,0,0,0,0,0,0,2,0,0,0,0,0,0
"TR22 0",161,161,0,0,0,0,0,0,0,0,0,0,0,0,0,0,0,0,0,0,0,0,0,0,0,0,0,0,0,0,0,0,0,0,0,0,0,0,0,0,0,0,0,0,0,0,0,0,0,0,0,0,0,0,0,0,0,0,0,0,0,0,0,0,0,0,0,0,0,0,0,0,0,0,0,0,0,0,0,0,0,0,0,0,0,0,0,0,0,0,0,0,0,0,0,0,0,0,0,0,0,0,0,0
"TR24 0",171,157,0,0,0,0,0,0,0,0,0,0,0,0,14,0,0,9,0,0,0,0,0,5,0,0,0,0,0,0,0,0,0,0,0,0,0,0,0,0,0,0,0,0,0,0,0,0,0,0,0,0,0,0,0,0,0,0,0,0,0,0,0,0,0,0,0,0,0,0,0,0,0,0,0,0,0,0,0,0,0,0,0,0,0,0,0,0,0,0,0,0,0,0,0,0,0,0,0,0,0,0,0,0
"TR25 0",131,128,0,0,0,0,0,0,0,0,0,0,0,0,2,0,1,0,0,0,0,0,0,0,0,0,0,1,0,0,0,0,0,0,0,0,0,0,0,0,0,0,0,0,0,0,0,0,0,0,0,0,0,0,0,0,0,0,0,0,0,0,0,0,0,0,0,0,0,0,0,0,0,0,0,0,0,0,0,0,0,0,1,0,0,0,0,0,0,0,0,0,0,0,1,0,0,0,0,0,0,0,0,0
"TR26 1",3659,3593,0,10,0,0,0,0,9,1,0,5,4,0,25,2,11,4,1,2,0,0,2,1,0,0,0,0,1,0,0,0,1,0,0,0,0,0,0,0,0,0,0,0,0,0,0,0,0,0,0,0,1,0,0,0,0,0,0,0,0,0,1,0,0,0,20,16,2,0,2,0,0,0,0,0,0,0,0,0,0,0,1,0,1,0,0,0,0,0,0,0,0,0,0,0,0,0,0,0,0,0,0,0
"TR26 2",6082,6004,0,4,0,0,0,0,4,0,0,2,4,6,49,0,11,15,3,2,1,5,0,4,0,0,2,1,3,0,0,2,0,0,1,0,0,0,0,1,0,0,0,2,0,0,1,0,0,0,0,1,0,0,0,0,0,0,0,0,0,0,0,0,0,0,9,0,1,1,5,0,0,2,0,0,0,0,0,0,0,0,0,0,0,0,0,0,0,0,0,0,0,0,0,0,0,0,0,0,0,0,0,0
"TR26 3",1639,1613,0,2,0,0,0,0,2,0,0,3,0,3,7,0,5,1,0,0,0,0,0,1,0,0,0,0,0,0,0,0,0,0,2,0,0,2,0,0,0,0,0,0,0,1,0,0,0,0,0,0,0,0,0,0,0,0,0,0,0,0,0,0,0,0,7,0,3,4,0,0,0,0,0,0,0,0,0,0,0,0,0,0,0,0,0,0,0,0,0,0,0,0,0,0,0,0,1,1,0,0,0,0
"TR27 4",7072,6974,3,13,0,0,0,0,11,2,0,4,0,3,37,1,5,6,0,0,0,22,0,0,0,0,2,0,0,1,0,0,0,0,1,0,0,0,0,1,0,0,0,1,0,0,1,0,1,0,0,0,10,0,0,0,0,4,0,0,0,6,0,0,0,0,20,0,1,14,2,0,0,1,0,1,1,0,0,0,0,0,4,0,0,1,0,0,0,0,0,0,0,0,3,0,0,0,0,0,1,1,0,0
"TR27 5",4147,4047,0,2,0,0,0,0,2,0,0,0,4,1,76,1,4,7,0,0,0,59,1,0,0,1,0,2,0,1,0,0,0,0,0,0,0,0,0,0,0,0,0,0,1,1,0,0,0,0,0,0,6,0,0,2,0,4,0,0,0,0,0,0,0,0,7,1,2,1,1,0,0,0,0,2,0,0,0,0,0,0,2,0,0,0,0,0,0,0,0,0,0,0,0,0,0,2,0,0,0,0,0,0
"TR27 6",3102,3074,0,1,0,0,0,0,1,0,0,3,0,1,20,1,3,5,0,2,0,7,2,0,0,0,0,0,0,0,0,0,0,0,0,0,0,0,0,0,0,0,0,0,0,0,0,0,0,0,0,0,0,0,0,0,0,0,0,0,0,0,0,0,0,0,2,1,0,0,0,0,0,1,0,0,0,0,0,0,0,0,1,0,0,0,0,0,0,0,1,0,0,0,0,0,0,0,0,0,0,0,0,0
"TR3  6",7714,7618,0,4,0,0,0,0,3,0,1,6,1,4,35,1,6,11,0,0,2,0,4,0,2,1,5,1,2,0,0,0,0,0,1,0,0,0,0,1,0,0,0,1,0,1,3,0,0,3,0,0,16,8,2,0,0,0,0,0,1,0,0,0,3,2,18,1,4,0,4,0,0,1,0,0,8,0,0,0,0,0,5,0,0,0,0,0,0,0,0,0,0,2,0,0,1,2,1,1,0,0,0,0
"TR3  7",4396,4374,1,1,0,0,0,0,1,0,0,3,0,1,9,0,5,0,0,0,0,0,0,0,0,1,2,1,0,0,0,0,0,0,1,0,0,0,0,1,0,0,0,0,0,0,1,1,0,0,0,0,4,0,0,0,0,0,0,0,0,0,3,0,1,0,0,0,0,0,0,0,0,0,0,0,0,0,0,0,0,0,1,0,0,0,0,0,0,0,1,0,0,0,0,0,0,0,0,0,0,0,0,0
"TR4  8",5840,5784,1,4,1,0,0,0,2,1,0,5,1,0,20,1,5,4,1,0,0,7,0,0,0,1,1,0,0,0,0,0,0,0,0,0,0,0,0,0,0,0,0,0,0,1,0,0,0,0,0,0,10,6,0,0,0,2,0,0,0,0,0,0,2,0,12,1,0,3,1,1,0,4,0,1,1,0,0,0,0,0,2,0,0,0,0,0,0,0,0,0,0,0,2,0,0,0,0,0,0,0,0,0
"TR4  9",4860,4810,0,3,0,0,0,0,3,0,0,6,1,2,21,1,1,7,1,1,3,1,0,4,0,1,0,0,0,1,0,0,0,0,2,0,0,0,0,2,0,0,0,0,0,0,0,0,0,0,0,0,7,0,0,1,0,0,0,0,0,4,2,0,0,0,2,0,0,0,0,0,0,0,1,1,0,0,0,0,0,0,5,0,0,0,0,0,0,0,0,0,0,0,5,0,0,0,1,1,0,0,0,0
"TR5  0",3773,3744,0,0,0,0,0,0,0,0,0,2,2,2,8,0,3,2,1,0,0,0,1,0,0,0,1,0,0,0,0,0,0,0,0,0,0,0,0,0,0,0,0,1,0,1,0,0,0,0,0,0,7,0,0,0,0,0,0,2,0,0,0,1,4,0,4,0,0,2,0,0,0,0,0,2,0,1,0,0,0,0,1,0,0,0,0,0,0,0,1,0,0,0,0,0,0,0,0,0,0,0,0,0
"TR6  0",3415,3372,0,7,1,0,0,0,6,0,0,4,2,2,10,0,6,1,1,0,0,0,0,0,0,0,1,1,0,0,0,0,0,0,0,0,0,0,0,0,0,0,0,0,0,0,0,0,0,0,0,0,7,1,0,1,0,0,0,1,0,0,4,0,0,0,11,0,0,8,0,0,0,1,0,1,1,0,0,0,0,0,0,0,0,0,0,0,0,0,0,0,0,0,0,0,0,0,0,0,0,0,0,0
"TR7  1",5997,5737,0,2,0,0,0,0,2,0,0,5,7,9,176,6,18,89,3,4,1,14,4,22,2,2,2,4,0,2,3,0,0,0,1,0,1,0,0,0,0,0,0,1,2,2,2,2,0,0,0,0,13,0,1,4,0,2,2,0,1,0,2,0,1,0,37,0,0,8,0,0,0,10,2,17,0,0,0,0,0,0,3,0,0,0,0,0,0,0,0,0,0,0,2,0,0,1,0,0,0,0,0,0
"TR7  2",8110,7895,0,6,0,0,0,0,6,0,0,4,9,4,120,6,15,64,3,0,0,16,3,9,1,0,2,1,0,0,0,0,0,0,3,0,0,0,0,3,0,0,0,9,8,1,0,0,0,0,0,0,10,0,1,0,0,8,0,0,1,0,0,0,0,0,37,0,9,14,1,1,0,10,1,1,0,0,0,0,0,0,2,0,0,0,0,0,1,0,0,0,0,0,1,0,0,0,1,1,1,1,0,0
"TR7  3",5410,5340,0,3,0,1,0,0,2,0,0,4,6,3,37,0,6,16,1,1,0,3,0,5,1,3,1,0,0,0,0,0,0,0,2,0,0,0,0,2,0,0,0,0,2,2,0,0,0,0,0,0,2,2,0,0,0,0,0,0,0,0,0,0,0,0,6,0,1,2,1,0,0,2,0,0,0,0,0,0,0,0,1,0,0,0,0,0,0,0,0,0,0,0,0,1,0,0,0,0,2,2,0,0
"TR8  4",3407,3332,1,2,0,0,0,0,2,0,0,4,0,2,33,2,2,24,0,1,1,0,0,0,0,0,3,0,0,0,0,0,0,0,1,0,0,0,0,1,0,0,0,0,0,12,0,0,0,0,0,0,0,0,0,0,0,0,0,0,0,0,0,0,0,0,17,0,0,0,2,0,0,4,1,10,0,1,0,0,0,0,0,0,0,0,0,0,0,0,0,0,0,0,0,0,0,0,0,0,2,1,0,1
"TR8  5",4327,4300,3,4,0,0,0,0,3,1,0,2,0,1,13,1,6,0,0,0,4,0,0,0,0,0,2,0,0,0,0,0,0,0,2,0,1,0,0,1,0,0,0,1,0,0,0,0,0,0,0,0,0,0,0,0,0,0,0,0,0,0,0,0,0,0,1,0,0,0,0,0,0,1,0,0,0,0,0,0,0,0,0,0,0,0,0,0,0,0,0,0,0,0,0,0,0,0,0,0,0,0,0,0
"TR9  6",7861,7788,1,8,1,0,0,0,7,0,0,0,2,1,40,2,2,28,0,0,1,5,0,2,0,0,0,0,0,0,0,0,0,0,2,0,0,2,0,0,0,0,0,0,1,1,0,0,0,0,0,0,0,0,0,0,0,0,0,0,0,0,0,0,0,0,15,0,0,12,0,0,0,1,0,2,0,0,0,0,0,0,1,0,0,0,0,0,0,0,0,0,0,0,1,0,0,0,0,0,1,0,0,1
"TS1  1",147,137,0,0,0,0,0,0,0,0,0,0,0,1,0,0,0,0,0,0,0,0,0,0,0,0,0,0,0,0,0,0,0,0,0,0,0,0,0,0,0,0,0,0,0,0,5,0,2,2,1,0,4,0,0,2,0,2,0,0,0,0,0,0,0,0,0,0,0,0,0,0,0,0,0,0,0,0,0,0,0,0,0,0,0,0,0,0,0,0,0,0,0,0,0,0,0,0,0,0,0,0,0,0
"TS1  2",1423,1181,0,0,0,0,0,0,0,0,0,3,1,4,30,1,1,13,1,5,0,1,0,4,0,2,0,1,0,0,0,0,1,0,5,1,0,1,0,3,0,0,0,1,0,46,19,0,9,10,0,0,53,27,0,15,1,4,0,0,0,4,0,0,2,0,71,5,4,52,0,0,0,2,6,2,0,0,0,0,0,0,8,0,0,1,1,0,2,0,0,0,1,0,0,0,1,2,1,1,0,0,0,0
"TS1  3",5577,4110,1,0,0,0,0,0,0,0,0,25,4,4,175,2,6,33,27,44,1,25,6,3,2,18,5,0,0,0,0,0,3,0,24,6,0,0,1,17,0,0,0,24,1,199,197,0,93,35,69,0,593,244,22,212,8,28,1,5,5,35,8,2,17,6,143,13,4,104,1,3,2,8,1,5,2,0,0,0,0,0,72,5,3,8,1,1,0,2,6,0,2,4,0,7,5,28,3,3,2,1,1,0
"TS1  4",8031,6271,0,0,0,0,0,0,0,0,0,54,16,6,504,7,9,206,21,133,23,28,24,13,1,25,1,1,4,2,1,4,1,0,25,8,1,0,0,16,0,0,0,12,7,192,208,0,106,73,25,4,429,166,16,132,13,12,5,3,15,41,9,0,12,5,174,20,10,121,0,0,0,14,3,3,3,0,0,0,0,0,124,6,20,12,0,1,7,10,7,0,2,7,0,6,7,39,6,6,3,2,1,0
"TS1  5",1160,1075,0,0,0,0,0,0,0,0,0,2,0,0,15,0,0,10,1,0,0,3,0,0,0,1,0,0,0,0,0,0,0,0,2,2,0,0,0,0,0,0,0,0,0,18,16,0,15,1,0,0,13,3,0,8,0,0,0,2,0,0,0,0,0,0,8,0,0,7,0,0,0,0,1,0,0,0,0,0,0,0,8,1,2,2,0,0,0,0,2,0,0,0,0,0,1,0,0,0,3,0,3,0
"TS10 1",6781,6701,0,1,1,0,0,0,0,0,0,7,2,1,22,4,0,12,0,1,0,0,2,0,0,2,1,0,0,0,0,0,0,0,0,0,0,0,0,0,0,0,0,2,3,0,4,0,4,0,0,0,15,2,0,0,0,1,0,0,0,10,2,0,0,0,13,1,0,6,2,0,0,1,0,3,0,0,0,0,0,0,1,0,0,0,0,0,0,0,0,0,0,0,0,0,1,0,2,2,7,6,0,1
"TS10 2",10698,10638,0,0,0,0,0,0,0,0,0,6,0,3,14,2,1,6,0,0,0,1,1,0,0,0,1,0,2,0,0,0,0,0,0,0,0,0,0,0,0,0,0,4,3,2,2,0,0,2,0,0,8,1,0,2,0,5,0,0,0,0,0,0,0,0,12,1,0,4,0,0,0,0,2,5,0,0,0,0,0,0,3,0,0,0,0,0,0,0,0,0,0,3,0,0,0,0,0,0,3,1,0,2
"TS10 3",5247,5222,0,0,0,0,0,0,0,0,0,0,0,0,8,1,2,2,0,0,0,1,1,0,0,0,1,0,0,0,0,0,0,0,0,0,0,0,0,0,0,0,0,5,0,0,4,0,4,0,0,0,1,1,0,0,0,0,0,0,0,0,0,0,0,0,7,0,0,2,0,0,0,0,0,4,1,0,0,0,0,0,0,0,0,0,0,0,0,0,0,0,0,0,0,0,0,0,0,0,0,0,0,0
"TS10 4",8614,8555,2,1,1,0,0,0,0,0,0,0,0,0,13,1,1,8,0,0,0,0,0,1,0,0,1,0,0,1,0,0,0,0,11,11,0,0,0,0,0,0,0,2,4,3,1,0,1,0,0,0,10,5,0,4,0,1,0,0,0,0,0,0,0,0,9,1,2,2,0,0,0,0,1,3,0,0,0,0,0,0,0,0,0,0,0,0,0,0,0,0,0,0,0,0,0,0,0,0,3,3,0,0
"TS10 5",4436,4398,0,1,0,0,0,0,0,1,0,2,0,0,15,2,1,5,1,0,3,1,1,0,0,0,0,0,0,0,0,0,1,0,3,3,0,0,0,0,0,0,0,0,1,0,1,0,1,0,0,0,7,0,0,1,0,6,0,0,0,0,0,0,0,0,3,0,1,0,0,0,0,2,0,0,0,0,0,0,0,0,0,0,0,0,0,0,0,0,0,0,0,0,0,0,0,0,1,1,4,2,2,0
"TS11 6",3816,3799,1,0,0,0,0,0,0,0,0,1,0,0,2,0,1,0,0,0,0,0,0,0,0,0,0,0,0,0,0,0,0,1,0,0,0,0,0,0,0,0,0,2,2,0,0,0,0,0,0,0,3,0,0,0,0,2,0,0,0,0,0,1,0,0,6,3,0,2,0,0,1,0,0,0,0,0,0,0,0,0,0,0,0,0,0,0,0,0,0,0,0,0,0,0,0,0,0,0,0,0,0,0
"TS11 7",4264,4235,0,0,0,0,0,0,0,0,0,1,2,1,14,2,4,4,0,0,4,0,0,0,0,0,0,0,0,0,0,0,0,0,0,0,0,0,0,0,0,0,0,0,0,1,0,0,0,0,0,0,2,0,0,0,0,0,0,0,0,2,0,0,0,0,8,3,0,1,3,0,0,0,0,0,1,0,0,0,0,0,0,0,0,0,0,0,0,0,0,0,0,0,0,0,0,0,0,0,0,0,0,0
"TS11 8",3562,3539,0,1,0,0,0,1,0,0,0,2,0,3,6,0,2,1,0,0,0,0,0,0,0,1,1,0,0,1,0,0,0,0,1,0,0,0,1,0,0,0,0,2,2,1,0,0,0,0,0,0,0,0,0,0,0,0,0,0,0,0,0,0,0,0,5,0,0,3,0,0,0,1,0,1,0,0,0,0,0,0,0,0,0,0,0,0,0,0,0,0,0,0,0,0,0,0,0,0,0,0,0,0
"TS12 1",5819,5744,3,0,0,0,0,0,0,0,0,6,0,4,34,2,3,2,1,1,0,1,0,4,1,12,4,1,1,1,0,0,0,0,2,1,1,0,0,0,0,0,0,1,0,3,2,0,1,0,0,1,1,0,0,1,0,0,0,0,0,0,0,0,0,0,17,0,0,14,0,0,0,2,0,1,0,0,0,0,0,0,0,0,0,0,0,0,0,0,0,0,0,0,0,0,0,0,1,1,1,1,0,0
"TS12 2",12337,12287,0,2,0,0,0,2,0,0,0,2,1,5,18,0,3,10,0,1,0,0,0,1,0,0,3,0,0,0,0,0,0,0,0,0,0,0,0,0,0,0,0,0,0,4,3,1,1,1,0,0,3,1,0,0,0,0,0,0,0,2,0,0,0,0,6,0,0,1,0,0,0,4,0,1,0,0,0,0,0,0,1,0,0,0,0,0,0,0,0,0,0,0,1,0,0,0,0,0,5,4,1,0
"TS12 3",3575,3541,0,0,0,0,0,0,0,0,0,2,0,1,5,0,0,4,0,0,0,0,0,0,0,0,0,1,0,0,0,0,0,0,0,0,0,0,0,0,0,0,0,3,4,0,0,0,0,0,0,0,9,3,0,4,0,2,0,0,0,0,0,0,0,0,10,0,0,1,0,0,0,1,0,8,0,0,0,0,0,0,0,0,0,0,0,0,0,0,0,0,0,0,0,0,0,0,0,0,0,0,0,0
"TS13 4",7708,7686,0,1,0,0,0,0,0,1,0,0,1,0,6,0,0,5,0,0,0,0,0,0,0,0,0,0,0,0,1,0,0,0,1,1,0,0,0,0,0,0,0,2,1,1,3,1,1,1,0,0,1,0,0,0,0,0,1,0,0,0,0,0,0,0,4,1,2,1,0,0,0,0,0,0,0,1,0,0,0,0,0,0,0,0,0,0,0,0,0,0,0,0,0,0,0,0,0,0,0,0,0,0
"TS13 5",2327,2319,0,0,0,0,0,0,0,0,0,1,0,0,6,0,2,3,0,0,0,0,0,0,0,0,1,0,0,0,0,0,0,0,0,0,0,0,0,0,0,0,0,0,1,0,0,0,0,0,0,0,0,0,0,0,0,0,0,0,0,0,0,0,0,0,0,0,0,0,0,0,0,0,0,0,0,0,0,0,0,0,0,0,0,0,0,0,0,0,0,0,0,0,0,0,0,0,0,0,0,0,0,0
"TS14 6",6654,6597,0,0,0,0,0,0,0,0,0,2,0,2,13,0,1,9,0,0,2,0,0,1,0,0,0,0,0,0,0,0,0,0,1,0,0,0,0,1,0,0,0,0,2,4,3,0,2,0,0,1,18,2,4,4,1,5,0,0,0,0,0,0,2,0,10,0,0,2,0,0,0,6,0,2,0,0,0,0,0,0,0,0,0,0,0,0,0,0,0,0,0,0,0,0,0,0,0,0,2,1,1,0
"TS14 7",5585,5553,0,1,0,0,0,0,0,1,0,1,0,0,15,0,1,4,0,0,2,0,1,0,0,3,4,0,0,0,0,0,0,0,4,4,0,0,0,0,0,0,0,0,0,1,0,0,0,0,0,0,2,0,0,2,0,0,0,0,0,0,0,0,0,0,5,0,0,1,0,0,1,0,0,3,0,0,0,0,0,0,0,0,0,0,0,0,0,0,0,0,0,0,0,0,0,0,1,1,2,2,0,0
"TS14 8",4877,4823,0,0,0,0,0,0,0,0,0,1,0,4,19,0,1,0,0,0,14,0,0,1,0,0,3,0,0,0,0,0,0,0,1,0,0,0,0,1,0,0,0,0,3,2,2,0,1,1,0,0,11,4,0,2,0,0,0,0,0,5,0,0,0,0,9,0,5,2,0,0,0,0,0,2,0,0,0,0,0,0,0,0,0,0,0,0,0,0,0,0,0,0,0,0,0,0,0,0,2,0,0,2
"TS15 0",2347,2318,1,0,0,0,0,0,0,0,0,2,1,0,16,0,3,9,0,1,0,1,0,0,0,0,2,0,0,0,0,0,0,0,0,0,0,0,0,0,0,0,0,2,0,1,0,0,0,0,0,0,1,1,0,0,0,0,0,0,0,0,0,0,0,0,0,0,0,0,0,0,0,0,0,0,0,0,0,0,0,0,5,0,0,0,0,0,0,0,1,0,0,0,4,0,0,0,0,0,0,0,0,0
"TS15 9",10145,10004,0,0,0,0,0,0,0,0,0,5,5,10,31,7,1,5,1,0,0,0,0,3,0,3,7,1,0,1,0,0,1,1,0,0,0,0,0,0,0,0,0,2,0,6,16,0,1,15,0,0,34,7,0,2,0,5,3,4,0,6,5,2,0,0,24,2,0,0,4,0,0,6,5,5,2,0,0,0,0,0,3,0,0,0,0,0,0,0,0,0,0,0,1,1,1,0,1,1,4,3,1,0
"TS16 0",7180,7062,0,1,0,0,0,1,0,0,0,5,0,7,34,2,4,7,4,3,6,0,3,1,1,0,2,1,0,0,0,0,0,0,2,0,0,1,0,1,0,0,0,1,0,3,11,0,4,7,0,0,31,11,1,12,0,3,0,0,0,0,0,3,0,1,22,0,2,8,0,0,0,9,0,2,1,0,0,0,0,0,1,0,0,0,0,0,0,0,0,0,0,1,0,0,0,0,0,0,0,0,0,0
"TS16 9",2911,2880,1,0,0,0,0,0,0,0,0,0,1,1,9,0,1,1,0,1,0,0,3,0,0,1,1,0,1,0,0,0,0,0,1,0,0,0,0,1,0,0,0,3,0,4,0,0,0,0,0,0,1,0,0,1,0,0,0,0,0,0,0,0,0,0,8,0,2,3,2,0,0,0,0,0,1,0,0,0,0,0,1,0,0,0,0,0,0,0,0,0,0,0,1,0,0,0,0,0,1,1,0,0
"TS17 0",13481,13220,1,1,0,0,0,0,0,1,0,7,3,6,39,7,8,16,1,0,0,1,0,2,1,0,2,0,0,0,0,0,1,0,5,0,2,0,0,3,0,0,0,2,2,17,14,0,7,7,0,0,117,26,7,59,0,5,0,1,4,4,4,0,2,5,36,0,0,11,1,7,1,4,1,10,1,0,0,0,0,0,5,0,0,0,0,0,0,0,0,0,1,0,0,0,1,3,1,1,5,5,0,0
"TS17 5",9726,9430,0,0,0,0,0,0,0,0,0,5,4,8,31,1,4,11,0,0,8,2,0,1,2,2,0,0,0,0,0,0,0,0,3,0,0,1,0,2,0,0,0,1,1,18,16,1,5,6,3,1,142,29,3,43,1,13,1,3,13,21,2,0,1,12,54,2,6,33,1,6,0,0,2,4,0,0,0,0,0,0,12,0,0,0,0,0,0,5,0,0,0,4,3,0,0,0,0,0,1,1,0,0
"TS17 6",4198,3770,0,2,0,0,0,0,0,2,0,5,1,6,61,4,5,24,5,2,3,4,2,1,2,1,1,4,2,0,0,0,0,1,5,2,1,1,0,1,0,0,0,6,5,19,39,0,17,15,0,7,112,32,9,53,2,3,5,0,2,1,0,3,0,2,153,19,20,103,2,4,0,0,4,1,0,0,0,0,0,0,10,1,1,0,0,0,0,0,3,0,3,0,0,0,0,2,1,1,3,3,0,0
"TS17 7",2066,1937,0,0,0,0,0,0,0,0,0,4,0,5,16,0,0,8,0,4,0,0,1,0,1,1,0,0,0,0,0,0,0,1,1,0,0,0,0,1,0,0,0,1,1,2,3,0,2,1,0,0,72,33,0,26,0,7,4,0,0,1,0,0,0,1,21,7,4,9,1,0,0,0,0,0,0,0,0,0,0,0,2,0,0,1,0,0,0,0,0,0,1,0,0,0,0,0,0,0,1,1,0,0
"TS17 8",6177,6052,0,0,0,0,0,0,0,0,0,8,3,1,27,1,2,20,0,0,1,0,0,0,0,0,1,2,0,0,0,0,0,0,2,0,2,0,0,0,0,0,0,1,0,2,2,0,1,1,0,0,63,24,0,34,0,0,0,0,2,3,0,0,0,0,7,0,2,3,0,0,0,1,0,1,0,0,0,0,0,0,7,0,0,0,0,0,0,0,1,1,0,2,0,1,0,2,0,0,2,2,0,0
"TS17 9",7460,7403,0,0,0,0,0,0,0,0,0,3,2,2,8,0,2,2,0,1,1,0,0,0,0,2,0,0,0,0,0,0,0,0,1,0,1,0,0,0,0,0,0,0,0,2,6,0,2,4,0,0,17,4,0,9,0,0,2,0,0,1,0,1,0,0,10,2,0,1,1,0,0,5,0,1,0,0,0,0,0,0,0,0,0,0,0,0,0,0,0,0,0,0,0,0,0,0,0,0,6,6,0,0
"TS18 1",2228,1953,0,1,1,0,0,0,0,0,0,3,1,3,68,0,2,34,0,3,18,0,7,0,0,3,0,1,0,0,0,0,0,0,0,0,0,0,0,0,0,0,0,0,1,9,26,0,11,10,2,3,119,52,0,59,0,0,2,0,0,2,0,3,0,1,25,0,3,7,0,0,0,2,0,13,0,0,0,0,0,0,15,0,1,0,0,0,0,0,2,1,0,6,0,0,0,5,1,1,3,1,2,0
"TS18 2",3245,3029,1,3,3,0,0,0,0,0,0,4,3,0,20,2,1,6,5,1,1,0,0,0,1,1,2,0,0,0,0,0,0,0,0,0,0,0,0,0,0,0,0,0,0,11,40,0,20,16,4,0,52,32,1,14,0,0,0,0,1,4,0,0,0,0,29,9,8,4,0,0,8,0,0,0,0,0,0,0,0,0,49,1,5,0,0,0,0,0,2,0,0,12,0,0,4,25,2,2,2,2,0,0
"TS18 3",5719,5112,0,0,0,0,0,0,0,0,0,8,6,9,89,3,6,39,0,29,5,0,1,0,2,2,1,0,1,0,0,0,0,0,0,0,0,0,0,0,0,0,0,5,0,26,47,0,28,3,11,5,270,112,6,116,8,20,2,0,0,2,3,0,0,1,126,7,26,48,1,6,0,1,0,36,1,0,0,1,1,0,18,0,1,0,0,0,0,1,1,0,0,6,0,1,2,6,1,1,1,1,0,0
"TS18 4",6035,5867,0,1,1,0,0,0,0,0,0,2,3,1,18,1,3,5,0,4,0,2,0,0,1,0,0,2,0,0,0,0,0,0,2,0,0,2,0,0,0,0,0,0,1,17,14,0,7,6,0,1,82,35,1,35,2,0,2,0,3,0,2,0,0,2,22,1,0,9,1,0,0,0,1,9,1,0,0,0,0,0,4,0,0,0,0,0,1,0,0,0,0,0,0,1,0,2,1,1,0,0,0,0
"TS18 5",6749,6657,0,1,0,0,0,1,0,0,0,6,0,2,15,1,3,7,0,0,0,0,1,1,0,0,0,0,1,0,1,0,0,0,0,0,0,0,0,0,0,0,0,1,0,1,5,0,2,0,2,1,49,15,1,25,0,6,2,0,0,0,0,0,0,0,4,0,2,1,0,1,0,0,0,0,0,0,0,0,0,0,4,0,0,0,0,1,2,0,0,0,0,0,0,0,0,1,0,0,4,4,0,0
"TS19 0",11851,11608,0,3,1,0,0,1,0,1,0,3,1,10,76,1,2,45,0,12,3,3,5,0,1,1,2,1,0,0,0,0,0,0,4,1,0,2,0,1,0,0,0,0,2,6,14,0,5,9,0,0,74,10,3,38,3,4,2,0,0,7,6,0,0,1,32,1,4,12,1,0,0,5,0,6,3,0,0,0,0,0,15,0,1,0,0,1,0,0,1,0,0,4,3,0,1,4,0,0,3,3,0,0
"TS19 7",8753,8668,0,1,0,0,0,0,0,1,0,1,0,1,9,0,0,3,0,0,0,0,0,0,0,3,2,0,0,0,0,0,1,0,0,0,0,0,0,0,0,0,0,2,1,2,3,0,0,3,0,0,35,5,2,23,0,5,0,0,0,0,0,0,0,0,19,3,0,10,1,0,1,1,0,3,0,0,0,0,0,0,7,0,0,0,0,0,0,0,0,0,0,7,0,0,0,0,1,1,3,3,0,0
"TS19 8",9480,9308,0,2,0,0,0,0,0,1,1,0,0,3,22,0,0,11,1,1,2,4,0,0,0,0,2,1,0,0,0,0,0,0,0,0,0,0,0,0,0,0,0,1,1,6,5,0,3,1,0,1,40,10,1,14,0,4,0,0,0,4,3,2,0,2,81,0,3,11,0,0,2,2,0,60,3,0,0,0,0,0,3,0,0,0,0,0,0,0,2,0,0,0,0,0,1,0,0,0,8,5,3,0
"TS19 9",5495,5435,0,2,0,0,0,0,0,2,0,0,0,0,13,1,0,7,4,0,0,0,0,0,0,0,1,0,0,0,0,0,0,0,0,0,0,0,0,0,0,0,0,0,2,3,5,0,1,3,0,1,2,1,0,1,0,0,0,0,0,0,0,0,0,0,22,0,0,0,0,2,0,1,0,19,0,0,0,0,0,0,7,1,0,0,0,0,0,0,0,0,0,4,0,0,0,2,0,0,4,2,2,0
"TS2  1",728,688,0,0,0,0,0,0,0,0,0,1,0,1,38,0,2,31,0,0,0,3,0,1,0,0,0,0,0,0,1,0,0,0,0,0,0,0,0,0,0,0,0,0,0,0,0,0,0,0,0,0,0,0,0,0,0,0,0,0,0,0,0,0,0,0,0,0,0,0,0,0,0,0,0,0,0,0,0,0,0,0,0,0,0,0,0,0,0,0,0,0,0,0,0,0,0,0,0,0,0,0,0,0
"TS20 1",10877,10778,1,0,0,0,0,0,0,0,0,0,3,3,12,0,1,7,0,0,1,0,1,0,0,0,1,0,1,0,0,0,0,0,1,0,0,0,0,1,0,0,0,2,3,4,11,0,4,7,0,0,25,6,4,8,0,1,1,0,0,2,1,2,0,0,24,4,2,10,0,0,0,3,0,5,0,0,0,0,0,0,6,0,0,0,0,0,0,0,0,0,1,0,4,0,0,1,0,0,4,4,0,0
"TS20 2",9020,8869,0,0,0,0,0,0,0,0,0,3,3,2,52,1,1,32,0,0,5,0,6,4,0,1,2,0,0,0,0,0,0,0,0,0,0,0,0,0,0,0,0,5,3,5,8,0,1,7,0,0,20,10,0,7,0,2,0,0,0,0,0,0,0,1,15,7,2,1,0,0,0,0,0,5,0,0,0,0,0,0,27,0,1,1,0,0,3,0,3,0,0,7,0,1,6,5,1,1,7,6,1,0
"TS21 1",3837,3809,0,0,0,0,0,0,0,0,0,0,0,2,9,0,1,4,0,0,2,0,0,1,0,0,0,0,1,0,0,0,0,0,1,0,0,0,0,1,0,0,0,0,0,1,1,1,0,0,0,0,7,4,0,2,0,1,0,0,0,0,0,0,0,0,5,1,3,0,0,0,0,0,0,1,0,0,0,0,0,0,1,0,0,0,0,0,0,0,0,0,0,0,1,0,0,0,0,0,1,0,1,0
"TS21 2",2897,2878,0,0,0,0,0,0,0,0,0,0,0,1,14,3,0,6,0,0,0,3,0,0,0,0,1,1,0,0,0,0,0,0,0,0,0,0,0,0,0,0,0,2,0,1,0,0,0,0,0,0,0,0,0,0,0,0,0,0,0,0,0,0,0,0,1,0,0,0,0,0,0,0,0,1,0,0,0,0,0,0,0,0,0,0,0,0,0,0,0,0,0,0,0,0,0,0,0,0,0,0,0,0
"TS21 3",3064,3021,0,0,0,0,0,0,0,0,0,1,2,0,24,5,4,14,0,0,0,0,0,0,0,0,0,0,0,0,1,0,0,0,0,0,0,0,0,0,0,0,0,0,1,6,2,0,0,2,0,0,4,1,3,0,0,0,0,0,0,0,0,0,0,0,3,1,0,1,0,0,0,0,1,0,0,0,0,0,0,0,0,0,0,0,0,0,0,0,0,0,0,0,0,0,0,0,0,0,0,0,0,0
"TS21 4",2506,2484,0,0,0,0,0,0,0,0,0,0,0,4,11,2,3,5,1,0,0,0,0,0,0,0,0,0,0,0,0,0,0,0,0,0,0,0,0,0,0,0,0,0,1,2,0,0,0,0,0,0,1,0,0,1,0,0,0,0,0,0,0,0,0,0,2,0,0,1,0,0,0,0,0,0,1,0,0,0,0,0,0,0,0,0,0,0,0,0,0,0,0,0,0,0,0,0,0,0,1,0,0,1
"TS22 5",8300,8190,0,0,0,0,0,0,0,0,0,2,1,2,15,0,4,4,0,2,1,0,0,0,0,2,1,1,0,0,0,0,0,0,1,0,1,0,0,0,0,0,0,1,3,7,1,0,0,0,1,0,53,10,4,13,0,0,3,5,1,9,5,0,0,3,20,2,2,5,0,4,0,1,1,1,4,0,0,0,0,0,2,1,0,0,0,0,0,0,0,0,0,0,0,0,1,0,0,0,2,1,1,0
"TS23 1",5735,5700,0,1,0,0,0,0,0,1,0,1,0,2,9,0,0,5,0,0,1,0,0,0,0,1,2,0,0,0,0,0,0,0,0,0,0,0,0,0,0,0,0,0,2,2,1,0,0,1,0,0,12,7,0,1,0,0,0,0,0,4,0,0,0,0,2,0,0,0,0,0,0,1,0,1,0,0,0,0,0,0,0,0,0,0,0,0,0,0,0,0,0,0,0,0,0,0,0,0,3,3,0,0
"TS23 2",7405,7360,0,0,0,0,0,0,0,0,0,2,0,0,20,2,3,8,1,2,2,0,0,0,0,0,1,0,0,0,1,0,0,0,2,0,0,0,0,2,0,0,0,0,0,1,2,0,1,1,0,0,5,2,0,3,0,0,0,0,0,0,0,0,0,0,11,0,0,5,1,0,0,1,2,2,0,0,0,0,0,0,0,0,0,0,0,0,0,0,0,0,0,0,0,0,0,0,0,0,2,2,0,0
"TS23 3",14267,14189,0,0,0,0,0,0,0,0,0,2,1,2,32,4,0,14,1,0,8,2,0,1,0,0,2,0,0,0,0,0,0,0,1,0,0,0,0,1,0,0,0,0,0,0,7,0,1,5,0,1,16,5,0,6,1,2,0,2,0,0,0,0,0,0,11,0,0,3,0,0,1,1,0,5,1,0,0,0,0,0,0,0,0,0,0,0,0,0,0,0,0,0,0,0,0,0,0,0,6,4,2,0
"TS23 4",1621,1614,0,0,0,0,0,0,0,0,0,0,0,0,3,0,1,0,0,0,0,0,0,0,0,0,1,0,0,0,0,0,1,0,0,0,0,0,0,0,0,0,0,1,0,0,0,0,0,0,0,0,1,0,0,0,0,0,0,0,1,0,0,0,0,0,2,0,0,0,0,0,0,1,1,0,0,0,0,0,0,0,0,0,0,0,0,0,0,0,0,0,0,0,0,0,0,0,0,0,0,0,0,0
"TS24 0",6223,6147,0,0,0,0,0,0,0,0,0,0,0,1,32,1,2,19,0,0,2,0,5,1,1,0,1,0,0,0,0,0,0,0,0,0,0,0,0,0,0,0,0,1,0,6,3,0,0,3,0,0,19,4,2,6,0,5,1,0,1,0,0,0,0,0,12,3,1,4,0,0,0,2,0,2,0,1,0,0,0,0,1,0,0,0,0,0,0,0,0,0,0,0,1,0,0,0,0,0,0,0,0,0
"TS24 7",1251,1204,0,0,0,0,0,0,0,0,0,1,0,0,19,1,0,12,0,2,0,0,4,0,0,0,0,0,0,0,0,0,0,0,0,0,0,0,0,0,0,0,0,0,1,1,3,0,0,3,0,0,8,2,0,0,0,4,0,0,0,0,0,2,0,0,10,0,1,6,0,0,0,0,0,3,0,0,0,0,0,0,2,0,0,0,0,0,0,0,1,0,0,0,0,0,0,1,1,1,1,1,0,0
"TS24 8",5866,5729,0,1,0,0,0,0,0,1,0,0,0,0,60,1,1,45,5,0,2,3,0,3,0,0,0,0,0,0,0,0,0,0,0,0,0,0,0,0,0,0,0,0,0,2,2,0,2,0,0,0,44,8,0,7,0,23,0,0,0,6,0,0,0,0,18,0,6,6,0,0,0,0,0,6,0,0,0,0,0,0,7,0,0,0,0,0,0,0,1,0,0,5,0,0,1,0,1,1,2,2,0,0
"TS24 9",7589,7535,0,0,0,0,0,0,0,0,0,2,0,1,30,0,2,24,0,0,0,0,0,3,0,0,1,0,0,0,0,0,0,0,0,0,0,0,0,0,0,0,0,0,4,3,0,0,0,0,0,0,3,1,0,2,0,0,0,0,0,0,0,0,0,0,6,0,0,0,0,0,0,1,0,5,0,0,0,0,0,0,3,0,0,0,0,0,0,0,0,0,0,2,0,1,0,0,1,1,1,1,0,0
"TS25 1",8851,8737,0,0,0,0,0,0,0,0,0,2,1,7,36,0,1,16,1,1,0,5,9,2,0,0,1,0,0,0,0,0,0,0,1,0,1,0,0,0,0,0,0,4,2,5,10,0,7,0,0,3,19,4,0,1,0,0,0,0,0,14,0,0,0,0,13,0,2,3,0,0,0,3,1,4,0,0,0,0,0,0,2,0,0,0,0,0,0,0,0,0,0,0,0,0,1,1,1,1,11,9,2,0
"TS25 2",7668,7652,0,0,0,0,0,0,0,0,0,0,1,0,3,0,0,2,0,0,1,0,0,0,0,0,0,0,0,0,0,0,0,0,0,0,0,0,0,0,0,0,0,0,0,0,0,0,0,0,0,0,2,0,0,0,0,2,0,0,0,0,0,0,0,0,6,1,0,2,0,0,0,3,0,0,0,1,0,0,0,0,1,0,0,0,0,0,0,0,0,0,0,0,1,0,0,0,0,0,2,2,0,0
"TS25 3",5348,5306,0,2,0,0,0,0,0,2,0,0,0,1,22,3,1,16,0,0,0,0,2,0,0,0,0,0,0,0,0,0,0,0,3,0,3,0,0,0,0,0,0,0,0,0,0,0,0,0,0,0,6,3,0,1,0,2,0,0,0,0,0,0,0,0,6,2,0,3,1,0,0,0,0,0,0,0,0,0,0,0,0,0,0,0,0,0,0,0,0,0,0,0,0,0,0,0,0,0,2,1,1,0
"TS25 4",5570,5533,0,0,0,0,0,0,0,0,0,0,1,1,8,0,1,5,1,0,0,0,0,0,0,0,0,0,0,0,0,1,0,0,0,0,0,0,0,0,0,0,0,0,1,0,2,0,0,2,0,0,6,0,3,0,0,2,0,0,1,0,0,0,0,0,11,1,0,0,0,1,0,1,0,4,4,0,0,0,0,0,0,0,0,0,0,0,0,0,0,0,0,0,0,0,0,0,0,0,7,6,1,0
"TS25 5",10016,9922,0,1,0,0,0,0,0,1,0,2,1,2,54,1,5,43,0,2,0,0,0,1,0,1,0,1,0,0,0,0,0,0,0,0,0,0,0,0,0,0,0,1,0,3,1,0,0,1,0,0,5,2,0,3,0,0,0,0,0,0,0,0,0,0,19,0,0,7,1,0,0,1,1,9,0,1,0,0,0,0,0,0,0,0,0,0,0,0,0,0,0,0,0,0,0,0,0,0,4,3,0,1
"TS26 0",12331,12163,0,0,0,0,0,0,0,0,0,1,0,3,30,0,4,17,0,0,0,0,1,4,0,0,2,1,0,1,0,0,0,0,6,0,0,0,0,6,0,0,0,1,0,12,14,0,0,9,5,0,47,11,6,4,0,12,2,0,6,1,5,0,0,0,42,1,7,18,0,4,0,4,0,3,5,0,0,0,0,0,8,1,1,0,0,0,1,0,0,0,0,3,2,0,0,0,0,0,4,4,0,0
"TS26 8",5281,5060,0,0,0,0,0,0,0,0,0,3,0,1,78,0,1,62,1,2,1,2,2,5,0,1,1,0,0,0,0,0,0,0,0,0,0,0,0,0,0,0,0,0,4,5,3,0,2,1,0,0,68,13,0,5,10,34,0,0,2,4,0,0,0,0,40,7,1,11,0,0,0,2,0,13,6,0,0,0,0,0,16,0,2,8,0,0,0,0,0,0,0,3,0,0,3,0,0,0,3,3,0,0
"TS26 9",6876,6686,1,1,0,0,0,0,0,1,0,6,0,3,44,0,1,33,0,1,2,1,0,6,0,0,0,0,0,0,0,0,0,0,1,0,0,0,0,1,0,0,0,1,2,3,10,1,0,1,8,0,70,16,0,14,5,35,0,0,0,0,0,0,0,0,40,0,0,24,1,0,0,6,0,9,0,0,0,0,0,0,6,0,2,0,0,0,0,0,0,0,0,2,2,0,0,0,0,0,2,2,0,0
"TS27 3",5221,5182,2,0,0,0,0,0,0,0,0,1,0,0,10,0,1,7,0,0,0,0,0,2,0,0,0,0,0,0,0,0,0,0,1,0,0,0,0,1,0,0,0,2,2,0,2,0,0,0,0,2,6,3,0,0,0,0,0,0,0,3,0,0,0,0,11,1,1,6,0,0,0,1,1,1,0,0,0,0,0,0,0,0,0,0,0,0,0,0,0,0,0,0,0,0,0,0,0,0,2,2,0,0
"TS27 4",6733,6693,0,0,0,0,0,0,0,0,0,5,0,4,2,0,0,0,0,1,1,0,0,0,0,0,0,0,0,0,0,0,0,0,0,0,0,0,0,0,0,0,0,1,9,1,2,0,0,2,0,0,8,1,0,4,0,0,0,0,0,0,2,0,0,1,7,0,2,0,1,3,0,1,0,0,0,0,0,0,0,0,0,0,0,0,0,0,0,0,0,0,0,0,0,0,0,0,0,0,1,1,0,0
"TS28 5",5056,5021,0,0,0,0,0,0,0,0,0,1,1,0,8,2,0,1,0,0,0,5,0,0,0,0,0,0,0,0,0,0,0,0,0,0,0,0,0,0,0,0,0,0,2,5,0,0,0,0,0,0,7,0,2,3,0,2,0,0,0,0,0,0,0,0,10,3,0,5,0,0,0,0,1,1,0,0,0,0,0,0,0,0,0,0,0,0,0,0,0,0,0,0,0,0,0,0,0,0,1,1,0,0
"TS29 6",6051,6014,0,0,0,0,0,0,0,0,0,0,0,2,17,3,3,10,0,0,0,0,0,0,0,0,1,0,0,0,0,0,0,0,0,0,0,0,0,0,0,0,0,0,5,0,0,0,0,0,0,0,0,0,0,0,0,0,0,0,0,0,0,0,0,0,8,0,5,2,0,0,0,1,0,0,0,0,0,0,0,0,0,0,0,0,0,0,0,0,0,0,0,0,0,0,0,0,0,0,5,3,1,1
"TS3  0",6922,6856,0,0,0,0,0,0,0,0,0,4,1,2,14,1,3,6,0,4,0,0,0,0,0,0,0,0,0,0,0,0,0,0,0,0,0,0,0,0,0,0,0,0,2,4,7,0,0,3,0,4,9,2,0,3,0,0,0,0,0,0,0,4,0,0,10,0,0,6,0,0,0,2,0,2,0,0,0,0,0,0,10,0,0,0,0,0,0,0,0,0,0,5,1,0,0,4,1,1,2,2,0,0
"TS3  6",2973,2813,0,0,0,0,0,0,0,0,0,3,0,1,41,0,1,27,0,8,3,2,0,0,0,0,0,0,0,0,0,0,0,0,1,0,0,0,0,1,0,0,0,0,2,11,15,0,8,6,1,0,48,11,7,13,0,6,2,0,0,6,0,0,0,3,22,6,0,14,0,0,0,0,0,2,0,0,0,0,0,0,12,0,1,0,0,1,0,0,2,0,5,1,0,0,0,2,0,0,4,2,2,0
"TS3  7",6827,6766,0,1,0,0,0,0,0,1,0,1,0,2,35,2,0,18,2,7,0,1,0,2,0,0,2,1,0,0,0,0,0,0,1,1,0,0,0,0,0,0,0,1,0,3,1,0,0,1,0,0,5,2,0,0,0,0,0,0,0,3,0,0,0,0,2,0,0,2,0,0,0,0,0,0,0,0,0,0,0,0,3,0,0,0,0,0,0,0,0,1,0,2,0,0,0,0,0,0,6,3,2,1
"TS3  8",4214,4163,0,0,0,0,0,0,0,0,0,2,0,0,25,2,1,8,0,3,2,5,0,0,0,3,1,0,0,0,0,0,0,0,1,1,0,0,0,0,0,0,0,0,0,2,2,0,0,1,1,0,2,0,0,0,0,0,0,0,0,0,0,2,0,0,6,2,0,4,0,0,0,0,0,0,0,0,0,0,0,0,9,0,0,0,0,0,0,0,1,0,0,6,0,0,0,2,0,0,2,2,0,0
"TS3  9",7177,7085,0,0,0,0,0,0,0,0,0,1,0,0,35,2,1,14,0,5,0,2,2,5,0,3,1,0,0,0,0,0,0,0,0,0,0,0,0,0,0,0,0,8,2,2,9,0,2,6,0,1,13,4,0,3,0,4,0,0,0,0,0,2,0,0,8,1,0,4,0,0,0,2,0,0,1,0,0,0,0,0,7,2,0,0,0,0,0,0,0,0,0,5,0,0,0,0,2,2,5,3,1,1
"TS4  2",8030,7205,0,1,0,0,0,0,0,1,0,11,5,3,128,12,5,57,8,18,4,17,0,2,0,4,0,1,0,0,0,0,0,0,15,7,1,0,0,7,0,0,0,5,4,68,52,0,20,4,26,2,379,127,11,126,21,11,1,2,2,14,50,7,5,2,117,12,20,70,0,0,2,1,2,7,3,0,0,0,0,0,23,1,3,0,0,2,0,0,1,0,2,3,1,0,2,8,10,10,4,3,0,1
"TS4  3",8378,8088,1,3,0,0,0,0,0,3,0,3,6,4,60,2,7,35,0,0,3,5,0,2,2,0,2,0,0,1,1,0,0,0,1,0,1,0,0,0,0,0,0,4,1,31,9,0,4,2,1,2,106,13,9,8,0,9,2,2,9,15,30,7,0,2,31,3,0,9,0,0,0,2,0,12,5,1,0,0,0,0,19,0,0,0,0,6,0,0,1,0,0,0,7,1,1,3,3,3,7,6,1,0
"TS5  4",5537,5370,0,0,0,0,0,0,0,0,0,5,0,4,70,2,3,46,1,5,0,9,0,0,0,3,0,0,0,0,0,0,1,0,0,0,0,0,0,0,0,0,0,1,4,11,7,0,6,1,0,0,34,10,1,10,6,2,0,0,0,4,1,0,0,0,16,0,3,9,0,0,0,1,0,1,2,0,0,0,0,0,9,0,1,1,0,1,0,0,0,0,0,3,1,0,1,1,3,3,3,1,2,0
"TS5  5",7730,7191,0,0,0,0,0,0,0,0,0,5,3,8,57,10,4,17,5,9,1,2,0,0,0,4,2,1,2,0,0,0,0,0,3,1,0,0,0,2,0,0,0,1,3,127,47,0,17,20,7,3,229,72,2,120,5,7,2,0,0,19,1,0,0,1,41,1,4,28,0,0,1,1,5,0,1,0,0,0,0,0,9,2,1,1,0,0,0,0,0,0,1,0,1,0,0,3,1,1,5,4,1,0
"TS5  6",7559,7040,0,0,0,0,0,0,0,0,0,7,3,0,78,0,0,32,13,14,2,7,0,4,0,5,0,1,0,0,0,0,0,0,4,1,2,0,0,1,0,0,0,2,3,24,97,0,51,23,23,0,251,92,4,99,17,14,0,0,0,21,1,2,0,1,34,1,2,10,0,4,3,9,1,4,0,0,0,0,0,0,7,3,0,1,0,0,0,0,0,0,0,0,0,2,0,1,2,2,7,4,3,0
"TS5  7",6232,6051,1,0,0,0,0,0,0,0,0,2,2,0,22,6,2,2,0,8,0,1,0,0,0,3,0,0,0,0,0,0,0,0,1,0,1,0,0,0,0,0,0,0,2,2,7,0,2,2,3,0,112,32,0,61,8,4,2,0,2,2,0,0,0,1,23,9,0,8,2,0,1,2,0,1,0,0,0,0,0,0,6,0,0,0,0,0,0,0,0,0,0,4,0,0,0,2,1,1,0,0,0,0
"TS5  8",11233,10954,0,0,0,0,0,0,0,0,0,7,2,3,59,13,2,24,1,3,2,8,0,2,0,2,2,0,0,0,0,0,0,0,0,0,0,0,0,0,0,0,0,4,3,27,8,0,6,1,1,0,134,47,0,74,5,2,0,0,2,4,0,0,0,0,15,1,5,8,0,0,0,1,0,0,0,0,0,0,0,0,7,0,0,4,0,0,0,0,0,0,0,0,2,1,0,0,1,1,9,6,2,1
"TS6  0",9911,9852,1,1,0,0,0,0,0,0,1,1,1,0,18,0,2,8,1,0,4,0,0,2,0,1,0,0,0,0,0,0,0,0,2,1,1,0,0,0,0,0,0,2,4,2,1,0,1,0,0,0,8,2,0,3,0,3,0,0,0,0,0,0,0,0,5,0,0,0,0,0,2,3,0,0,0,0,0,0,0,0,2,0,0,0,0,0,0,0,0,0,0,0,0,0,0,2,1,1,10,9,1,0
"TS6  6",3016,2928,0,0,0,0,0,0,0,0,0,3,0,0,18,0,2,8,0,0,0,6,0,0,0,0,2,0,0,0,0,0,0,0,0,0,0,0,0,0,0,0,0,1,2,0,4,0,0,2,2,0,45,18,1,17,4,5,0,0,0,0,0,0,0,0,11,0,9,0,0,0,0,0,0,2,0,0,0,0,0,0,0,0,0,0,0,0,0,0,0,0,0,0,0,0,0,0,1,1,3,2,1,0
"TS6  7",4425,4380,0,1,0,0,0,0,0,1,0,0,0,1,28,0,2,23,0,0,0,0,0,0,1,0,0,0,1,0,0,0,1,0,0,0,0,0,0,0,0,0,0,3,1,0,0,0,0,0,0,0,9,4,0,5,0,0,0,0,0,0,0,0,0,0,1,0,0,0,0,0,0,1,0,0,0,0,0,0,0,0,0,0,0,0,0,0,0,0,0,0,0,0,0,0,0,0,1,1,0,0,0,0
"TS6  8",2806,2792,0,0,0,0,0,0,0,0,0,0,2,0,6,0,0,3,0,0,0,0,0,3,0,0,0,0,0,0,0,0,0,0,0,0,0,0,0,0,0,0,0,1,0,0,0,0,0,0,0,0,1,1,0,0,0,0,0,0,0,0,0,0,0,0,3,0,0,2,0,0,0,0,0,0,1,0,0,0,0,0,0,0,0,0,0,0,0,0,0,0,0,0,0,0,0,0,1,1,0,0,0,0
"TS6  9",9043,8999,1,0,0,0,0,0,0,0,0,2,3,0,16,0,2,9,0,0,0,0,0,0,0,0,1,0,0,1,0,0,3,0,0,0,0,0,0,0,0,0,0,7,1,0,0,0,0,0,0,0,8,0,0,3,0,5,0,0,0,0,0,0,0,0,3,0,0,0,0,0,0,2,1,0,0,0,0,0,0,0,0,0,0,0,0,0,0,0,0,0,0,0,0,0,0,0,1,1,2,1,1,0
"TS7  0",6388,6305,0,0,0,0,0,0,0,0,0,5,0,1,11,2,1,0,0,2,2,1,0,2,0,0,1,0,0,0,0,0,0,0,0,0,0,0,0,0,0,0,0,0,0,8,6,0,2,4,0,0,29,4,0,9,0,9,0,0,0,5,0,0,0,2,18,0,0,7,1,3,0,4,0,3,0,0,0,0,0,0,5,0,0,2,0,0,0,0,0,0,0,0,3,0,0,0,0,0,0,0,0,0
"TS7  8",9020,8887,0,0,0,0,0,0,0,0,0,1,0,2,12,0,1,4,0,0,1,0,0,2,0,1,3,0,0,0,0,0,0,0,1,0,0,1,0,0,0,0,0,5,1,14,11,0,2,4,3,2,62,14,2,19,1,5,0,0,4,4,9,0,0,4,20,0,5,3,0,4,0,6,0,2,0,0,0,0,0,0,0,0,0,0,0,0,0,0,0,0,0,0,0,0,0,0,0,0,4,4,0,0
"TS7  9",5843,5788,0,0,0,0,0,0,0,0,0,2,0,3,21,0,2,9,0,0,2,4,0,1,0,2,1,0,0,0,0,0,0,0,0,0,0,0,0,0,0,0,0,1,0,4,2,0,0,2,0,0,13,6,0,0,0,0,2,0,1,4,0,0,0,0,2,0,2,0,0,0,0,0,0,0,0,0,0,0,0,0,4,0,0,0,0,0,0,0,0,0,0,4,0,0,0,0,0,0,3,1,2,0
"TS8  0",9182,9086,0,0,0,0,0,0,0,0,0,2,0,7,30,0,3,17,2,3,0,2,0,0,0,0,3,0,0,0,0,0,0,0,0,0,0,0,0,0,0,0,0,0,2,6,6,0,3,3,0,0,8,5,0,3,0,0,0,0,0,0,0,0,0,0,22,2,1,6,3,0,0,9,0,0,1,0,0,0,0,0,5,0,0,0,0,4,0,0,1,0,0,0,0,0,0,0,0,0,8,3,3,2
"TS8  9",11049,10952,0,1,0,0,0,0,0,1,0,2,0,2,29,3,7,13,0,1,0,0,0,1,0,2,1,0,1,0,0,0,0,0,2,2,0,0,0,0,0,0,0,0,4,1,4,0,3,0,0,1,22,7,4,0,0,1,0,1,3,2,0,0,3,1,16,5,2,5,0,0,0,4,0,0,0,0,0,0,0,0,4,0,0,0,0,0,0,0,0,0,0,3,0,0,0,1,1,1,9,8,0,1
"TS9  5",5187,5133,0,0,0,0,0,0,0,0,0,1,1,5,23,2,4,4,1,1,2,2,1,1,0,0,4,0,0,1,0,0,0,0,0,0,0,0,0,0,0,0,0,4,0,1,4,0,0,3,0,1,6,1,0,0,0,0,0,0,0,2,3,0,0,0,5,0,1,0,0,0,0,0,2,1,1,0,0,0,0,0,2,0,0,0,0,0,0,0,0,0,0,0,2,0,0,0,0,0,2,1,0,1
"TS9  6",5089,5054,1,0,0,0,0,0,0,0,0,1,2,1,17,0,6,3,0,1,2,0,1,0,0,0,2,0,2,0,0,0,0,0,1,0,0,0,0,1,0,0,0,0,2,0,0,0,0,0,0,0,1,0,1,0,0,0,0,0,0,0,0,0,0,0,6,2,3,1,0,0,0,0,0,0,0,0,0,0,0,0,1,0,0,0,0,0,0,0,0,0,0,0,0,0,0,1,0,0,2,0,0,2
"TS9  7",2179,2159,1,0,0,0,0,0,0,0,0,2,0,1,12,1,0,2,0,0,0,0,6,0,0,0,1,2,0,0,0,0,0,0,1,0,0,0,0,1,0,0,0,0,0,1,0,0,0,0,0,0,0,0,0,0,0,0,0,0,0,0,0,0,0,0,2,0,0,2,0,0,0,0,0,0,0,0,0,0,0,0,0,0,0,0,0,0,0,0,0,0,0,0,0,0,0,0,0,0,0,0,0,0
"TW1  1",7660,6978,3,0,0,0,0,0,0,0,0,55,31,49,268,42,70,63,5,4,9,1,2,11,16,6,8,15,7,7,1,1,0,0,32,10,9,1,2,10,0,0,0,34,14,31,34,2,4,24,1,3,57,11,2,11,0,2,17,4,7,1,0,1,0,1,51,7,3,15,14,0,0,6,0,6,0,0,0,0,0,0,17,0,0,0,0,0,0,0,2,0,0,0,11,4,0,0,6,6,0,0,0,0
"TW1  2",5886,5142,0,0,0,0,0,0,0,0,0,63,25,61,356,50,130,38,10,5,12,10,3,13,5,14,18,21,13,8,2,0,0,4,33,8,14,0,0,11,0,0,0,49,15,14,26,3,0,21,0,2,36,10,1,2,0,9,9,0,0,3,0,0,2,0,45,1,5,7,20,5,0,1,2,2,2,0,0,0,0,0,15,0,1,1,0,0,0,0,0,0,2,0,8,0,3,0,3,3,3,0,0,3
"TW1  3",3596,3279,1,0,0,0,0,0,0,0,0,28,5,22,145,16,22,49,5,0,2,2,2,3,2,3,22,11,6,0,0,0,0,0,14,5,3,1,0,5,0,0,0,15,3,4,16,1,0,9,6,0,30,1,2,9,0,11,1,0,0,1,2,0,3,0,28,0,6,4,7,3,0,3,0,3,2,0,1,0,0,0,2,0,0,0,0,0,0,0,0,0,0,0,1,0,0,1,2,2,1,0,0,1
"TW1  4",7066,6566,2,1,1,0,0,0,0,0,0,38,23,30,210,26,57,35,8,14,3,6,0,12,4,4,9,15,4,3,8,1,0,1,15,4,3,0,1,7,0,0,0,8,11,15,47,2,3,34,7,1,36,5,4,9,0,5,5,0,0,6,1,0,1,0,47,2,1,5,20,8,1,4,3,2,1,0,0,0,0,0,15,0,2,0,0,4,0,0,0,0,0,4,4,0,0,1,2,2,0,0,0,0
"TW10 5",2873,2492,0,2,1,0,0,0,0,1,0,28,17,30,131,20,46,28,3,3,0,2,0,4,1,4,3,7,9,1,0,0,0,0,20,15,5,0,0,0,0,0,0,8,14,16,30,0,0,30,0,0,42,5,7,12,0,9,0,0,0,9,0,0,0,0,29,1,1,6,7,3,0,0,1,10,0,0,0,0,0,0,10,0,0,0,0,0,0,0,0,0,0,2,7,0,1,0,3,3,1,0,0,1
"TW10 6",8016,6963,6,1,0,0,0,1,0,0,0,83,27,101,477,78,176,38,3,9,8,3,5,17,13,22,25,46,24,6,0,0,3,1,26,1,10,0,2,13,0,0,0,49,15,35,42,4,0,33,0,5,33,4,6,4,0,4,5,0,0,4,1,0,5,0,132,4,6,34,52,4,0,4,0,25,3,0,0,0,0,0,21,0,0,0,0,2,0,0,0,0,0,1,15,1,0,2,3,3,2,2,0,0
"TW10 7",7458,6284,1,0,0,0,0,0,0,0,0,34,51,55,592,30,350,70,13,14,16,9,4,26,3,6,11,18,17,5,0,0,0,0,46,13,25,1,2,5,0,0,0,38,14,60,91,0,2,76,11,2,36,1,4,10,0,7,1,0,0,4,0,3,1,5,103,6,13,21,15,1,1,6,0,38,2,0,0,1,1,0,42,3,2,4,0,0,0,0,5,0,3,0,16,1,4,4,9,9,1,1,0,0
"TW11 0",6324,5892,3,0,0,0,0,0,0,0,0,33,16,26,176,25,24,72,6,7,7,1,0,7,3,4,6,7,4,3,0,0,0,0,15,10,0,3,0,2,0,0,0,17,8,17,33,0,1,20,9,3,36,4,5,1,0,8,8,3,0,4,0,1,0,2,37,0,0,13,10,5,3,2,0,4,0,0,0,0,0,0,10,0,0,1,0,0,0,0,1,1,1,0,2,0,1,3,3,3,2,2,0,0
"TW11 8",8096,7574,4,0,0,0,0,0,0,0,0,42,25,46,218,37,48,69,2,8,4,3,2,13,4,6,9,6,3,1,1,0,0,2,17,9,2,0,0,6,0,0,0,23,7,2,30,1,4,21,2,2,57,0,8,21,0,13,4,0,2,2,0,3,4,0,44,1,3,14,11,1,5,6,1,2,0,0,0,0,0,0,2,0,0,0,0,0,0,0,0,0,0,0,0,0,0,2,4,4,1,1,0,0
"TW11 9",7936,7477,2,1,0,0,0,0,0,1,0,41,20,35,160,29,45,22,8,3,2,3,0,20,3,5,4,8,3,5,0,0,0,0,20,10,3,3,0,4,0,0,0,13,5,10,39,3,3,30,0,3,38,3,4,8,0,7,10,0,1,2,3,0,0,0,48,3,4,9,16,1,4,4,4,2,1,0,0,0,0,0,22,2,0,2,0,1,0,0,4,2,0,0,7,1,0,3,2,2,3,2,0,1
"TW12 1",6694,6148,0,0,0,0,0,0,0,0,0,36,9,31,169,16,19,72,4,2,2,8,2,14,2,4,10,7,2,4,0,0,1,0,20,11,3,4,2,0,0,0,0,13,12,34,77,1,2,59,12,3,92,15,20,16,0,12,3,0,0,21,0,0,0,5,34,6,7,3,5,1,2,5,0,2,3,0,0,0,0,0,18,1,0,3,0,1,2,0,0,0,0,3,7,0,0,1,1,1,0,0,0,0
"TW12 2",9010,8390,1,0,0,0,0,0,0,0,0,44,28,33,210,24,32,70,8,8,5,15,0,7,6,4,19,8,0,3,0,0,1,0,28,21,4,0,0,3,0,0,0,15,7,15,61,2,9,42,8,0,97,13,6,32,0,17,9,0,0,15,0,4,0,1,62,3,10,11,16,5,1,2,2,12,0,1,0,0,0,0,12,1,1,0,0,0,0,0,0,0,1,1,6,0,0,2,2,2,4,3,0,1
"TW12 3",6285,5687,3,0,0,0,0,0,0,0,0,25,18,23,160,23,13,55,7,3,3,7,0,21,10,1,4,2,1,8,1,0,1,0,36,24,7,4,0,1,0,0,0,15,22,23,64,0,14,30,17,3,119,12,14,41,0,17,11,2,0,10,3,6,0,3,67,1,10,16,2,8,11,14,0,3,2,0,0,0,0,0,22,0,0,9,0,0,0,0,1,0,1,2,8,0,1,0,0,0,1,1,0,0
"TW13 4",11860,9491,1,2,2,0,0,0,0,0,0,44,137,36,681,33,12,465,14,8,41,43,9,5,31,4,4,7,3,1,0,0,1,0,19,11,3,4,1,0,0,0,0,72,11,105,108,0,8,63,23,14,778,116,91,135,0,26,43,14,93,109,29,15,52,55,172,7,8,27,6,6,16,6,3,82,11,0,0,0,0,0,173,10,2,73,0,8,2,8,25,4,1,7,4,6,8,15,23,23,7,5,2,0
"TW13 5",9033,7016,0,0,0,0,0,0,0,0,0,26,139,36,488,18,10,309,27,4,38,21,6,11,30,3,2,4,1,2,1,0,1,0,66,56,5,5,0,0,0,0,0,19,22,88,165,0,2,106,41,16,723,122,51,222,0,92,63,2,13,34,7,19,73,25,104,2,4,22,4,4,21,6,1,31,9,0,0,0,0,0,127,5,2,50,0,9,4,5,1,9,3,10,3,2,5,19,11,11,3,3,0,0
"TW13 6",7872,6513,0,0,0,0,0,0,0,0,0,44,79,21,363,23,6,219,10,5,15,22,4,18,31,4,6,0,0,0,0,0,0,0,55,37,16,2,0,0,0,0,0,17,20,67,103,0,12,68,16,7,393,89,37,101,0,49,37,0,5,35,8,11,16,5,71,1,13,9,1,2,14,7,1,21,2,0,1,0,0,0,113,1,3,69,0,6,2,4,3,7,4,5,1,0,0,8,10,10,2,2,0,0
"TW13 7",5415,4447,1,1,0,0,0,0,0,0,1,21,40,23,324,14,11,206,14,6,16,16,9,14,11,2,1,1,0,0,2,0,1,0,17,10,3,2,0,2,0,0,0,22,7,39,46,1,4,36,2,3,289,70,14,70,0,7,32,1,13,25,7,7,35,8,85,4,7,12,3,1,5,5,3,34,11,0,0,0,0,0,47,0,0,16,0,0,3,5,5,3,0,6,0,1,3,5,3,3,3,2,1,0
"TW14 0",5806,4330,0,0,0,0,0,0,0,0,0,10,53,8,397,11,5,201,47,13,17,47,5,10,32,2,1,1,1,3,0,0,0,1,22,10,6,6,0,0,0,0,0,23,7,45,50,0,5,28,7,10,703,147,42,141,0,24,101,5,28,31,13,2,141,28,80,1,4,6,2,0,6,7,0,47,7,0,1,0,0,0,57,0,2,31,0,2,0,1,4,6,0,3,1,0,6,1,13,13,7,5,2,0
"TW14 8",9235,7385,0,1,1,0,0,0,0,0,0,38,93,30,598,26,18,404,15,7,24,61,3,8,21,2,3,1,0,1,0,2,2,0,20,12,4,2,1,1,0,0,0,20,9,79,84,0,1,39,35,9,639,116,38,182,0,38,79,3,23,41,9,16,73,21,103,3,7,20,3,2,3,5,0,49,11,1,0,1,1,0,113,1,0,57,0,4,5,1,7,10,2,5,4,2,3,12,16,16,5,3,1,1
"TW14 9",11636,8859,3,0,0,0,0,0,0,0,0,37,130,24,727,24,15,416,58,12,46,56,16,17,49,4,10,1,1,2,0,0,0,0,35,11,8,11,3,2,0,0,0,34,12,81,140,0,10,85,34,11,1228,177,50,360,1,57,135,2,58,75,12,30,219,52,145,2,19,30,2,1,8,14,2,47,20,0,2,0,0,0,155,7,5,61,0,12,7,2,15,10,2,7,2,4,6,15,17,17,7,5,1,1
"TW15 1",10074,9569,0,0,0,0,0,0,0,0,0,6,30,19,205,5,8,123,7,6,12,17,1,14,0,3,1,4,2,1,0,0,1,0,2,1,1,0,0,0,0,0,0,10,9,18,3,0,1,1,0,1,127,8,8,40,0,27,26,2,2,5,6,3,0,0,55,10,8,9,5,0,0,9,3,11,0,0,0,0,0,0,15,0,0,1,0,0,0,0,0,3,0,1,8,0,1,1,3,3,3,2,0,1
"TW15 2",7735,7316,0,0,0,0,0,0,0,0,0,14,27,18,153,13,7,78,2,2,2,20,1,16,3,6,3,0,0,0,0,0,0,0,4,1,1,0,0,2,1,1,0,13,11,9,1,0,0,1,0,0,111,8,3,27,0,17,28,0,2,11,3,1,5,6,38,1,6,11,3,2,0,8,1,6,0,0,0,0,0,0,14,0,0,0,0,3,1,0,1,0,0,3,4,0,1,1,5,5,0,0,0,0
"TW15 3",8611,8023,0,0,0,0,0,0,0,0,0,25,41,18,165,14,14,71,1,4,11,13,5,9,9,5,5,1,2,0,1,0,0,0,10,4,1,2,0,3,2,2,0,8,9,24,11,1,1,5,1,3,174,26,8,51,1,13,31,1,7,20,6,2,8,0,66,0,11,17,2,0,5,11,0,20,0,0,0,0,0,0,26,0,0,0,0,0,10,0,5,0,0,7,1,0,0,3,7,7,2,1,0,1
"TW16 5",4837,4644,3,1,0,0,0,0,0,1,0,18,1,8,60,6,17,19,0,1,0,0,0,6,3,0,2,2,3,0,0,0,1,0,4,2,1,0,0,1,0,0,0,4,4,9,11,0,10,1,0,0,32,9,3,4,0,5,10,0,0,1,0,0,0,0,28,0,4,8,4,1,6,4,0,0,1,3,0,0,0,0,7,0,0,0,0,0,0,0,0,0,0,2,4,0,0,1,0,0,0,0,0,0
"TW16 6",5413,5244,0,0,0,0,0,0,0,0,0,11,11,9,52,7,5,29,4,3,0,0,0,0,2,0,1,1,0,0,0,0,0,0,0,0,0,0,0,0,0,0,0,6,2,11,15,0,0,10,2,3,34,1,9,5,0,7,4,0,0,6,0,1,0,1,9,0,3,2,1,0,0,2,0,1,0,1,0,0,0,0,6,0,0,0,0,0,0,0,0,0,0,0,4,0,2,0,0,0,2,1,0,1
"TW16 7",9061,8300,0,0,0,0,0,0,0,0,0,20,42,29,219,12,9,125,5,2,16,14,0,14,5,4,5,2,2,1,3,0,0,0,4,0,2,2,0,0,0,0,0,21,1,30,41,2,6,31,1,1,183,5,25,31,0,14,40,7,13,28,4,5,2,9,134,3,6,34,3,3,43,10,1,26,5,0,0,0,0,0,31,1,0,2,0,0,1,2,1,0,0,17,0,0,0,7,5,5,1,1,0,0
"TW17 0",5128,5039,1,0,0,0,0,0,0,0,0,8,1,2,29,6,5,8,0,1,1,1,0,1,0,4,0,1,0,1,0,0,0,0,4,0,2,0,0,2,0,0,0,4,0,2,2,0,2,0,0,0,18,5,1,3,0,4,1,0,0,2,2,0,0,0,10,0,1,3,0,0,0,5,0,1,0,0,0,0,0,0,5,0,0,0,0,0,0,0,0,0,0,0,4,1,0,0,3,3,0,0,0,0
"TW17 8",6247,6040,1,0,0,0,0,0,0,0,0,11,13,10,76,10,8,30,4,0,4,4,0,6,1,2,4,0,1,0,0,0,2,0,2,0,1,0,0,1,0,0,0,11,1,8,5,2,0,1,0,2,41,4,3,9,0,1,10,2,0,8,2,1,0,1,27,1,2,7,5,3,3,1,0,2,3,0,0,0,0,0,1,0,0,0,0,0,0,0,1,0,0,0,0,0,0,0,0,0,0,0,0,0
"TW17 9",2451,2371,0,0,0,0,0,0,0,0,0,4,7,7,29,1,3,11,2,0,1,0,0,7,0,0,0,1,3,0,0,0,0,0,1,0,0,0,0,1,0,0,0,0,3,0,3,1,0,2,0,0,17,7,0,4,0,2,1,0,0,2,0,0,0,1,5,0,0,4,0,0,0,1,0,0,0,0,0,0,0,0,4,1,0,0,0,0,0,0,0,0,0,0,0,2,0,1,0,0,0,0,0,0
"TW18 1",8582,8209,3,0,0,0,0,0,0,0,0,27,9,18,102,12,8,33,4,2,2,0,1,22,2,8,4,1,0,1,2,0,0,0,3,0,3,0,0,0,0,0,0,4,12,8,8,0,0,4,0,4,104,13,13,13,0,3,19,0,8,22,8,2,0,3,51,3,10,10,8,9,0,4,0,7,0,1,0,0,0,0,17,0,0,0,0,0,0,0,1,0,0,4,12,0,0,0,2,2,4,2,0,2
"TW18 2",7293,6774,0,0,0,0,0,0,0,0,0,19,18,21,188,24,10,69,3,2,17,8,2,26,7,2,8,2,5,1,1,0,0,1,9,2,5,0,0,2,0,0,0,18,7,20,15,6,0,3,0,6,136,9,27,21,0,6,6,1,15,36,5,2,1,7,50,2,8,8,10,9,0,4,3,6,0,0,0,0,0,0,12,0,0,0,0,0,0,0,2,0,0,3,3,0,0,4,6,6,0,0,0,0
"TW18 3",4212,3902,2,0,0,0,0,0,0,0,0,8,9,16,106,12,10,33,7,5,14,6,0,3,2,5,2,2,2,2,0,1,0,0,10,7,0,0,0,3,0,0,0,2,4,21,11,0,4,6,1,0,56,2,4,8,0,6,0,6,4,13,2,2,0,9,51,2,3,18,2,8,3,2,2,10,1,0,0,0,0,0,9,0,0,0,0,0,0,0,0,0,0,0,6,0,0,3,1,1,4,4,0,0
"TW18 4",5072,4361,2,1,0,0,0,1,0,0,0,25,16,24,271,24,11,143,2,5,25,17,1,17,4,12,2,2,1,2,2,0,0,1,7,3,2,0,0,2,0,0,0,26,26,26,15,5,0,5,2,3,180,10,37,7,0,12,27,7,16,35,4,4,13,8,74,4,1,43,5,3,1,2,5,10,0,0,0,0,0,0,15,0,0,0,0,0,3,0,0,0,0,4,0,0,4,4,3,3,0,0,0,0
"TW19 5",3845,3631,0,0,0,0,0,0,0,0,0,4,7,2,42,4,12,6,1,2,1,14,0,0,0,0,1,1,0,0,0,0,0,0,2,0,0,0,0,2,0,0,0,2,1,3,2,0,0,1,0,1,128,17,9,91,0,5,2,0,0,3,0,0,0,1,18,2,4,5,3,2,0,1,0,1,0,0,0,0,0,0,1,0,0,0,0,0,0,0,0,0,0,0,0,1,0,0,0,0,2,2,0,0
"TW19 6",1321,1195,0,0,0,0,0,0,0,0,0,1,13,6,21,4,2,11,1,1,0,0,0,0,0,0,0,1,0,1,0,0,0,0,0,0,0,0,0,0,0,0,0,1,0,3,13,1,0,12,0,0,59,1,12,23,0,0,17,4,0,2,0,0,0,0,7,0,0,0,2,0,0,2,0,3,0,0,0,0,0,0,1,0,0,0,0,0,0,0,0,0,0,0,1,0,0,0,0,0,1,1,0,0
"TW19 7",10230,9125,1,2,2,0,0,0,0,0,0,23,37,34,290,28,16,160,15,0,12,19,0,20,8,0,8,2,0,1,0,0,1,0,19,11,0,5,0,3,0,0,0,17,12,25,9,1,3,0,2,3,422,39,38,165,0,10,46,5,3,23,56,10,19,8,170,0,3,14,3,3,6,19,6,110,6,0,0,0,0,0,33,0,0,4,0,4,3,0,1,1,0,4,4,1,1,10,7,7,4,3,1,0
"TW2  5",9008,8263,5,2,2,0,0,0,0,0,0,50,15,51,256,28,36,97,7,9,4,5,0,22,16,10,6,6,6,4,0,0,0,0,33,17,3,4,0,9,0,0,0,22,8,42,60,1,4,52,0,3,115,13,13,25,0,28,26,0,0,6,0,1,0,3,70,15,7,23,8,0,4,6,1,5,1,0,0,0,0,0,6,0,0,0,0,0,0,0,0,0,0,0,4,0,1,1,7,7,3,2,0,1
"TW2  6",10100,9237,2,1,1,0,0,0,0,0,0,47,16,44,233,38,23,95,14,5,6,7,2,2,7,7,8,14,2,2,0,0,1,0,24,18,2,4,0,0,1,1,0,24,17,19,83,0,4,55,18,6,275,36,13,100,0,31,58,2,0,7,5,17,1,5,55,7,5,17,6,1,4,6,0,8,1,0,0,0,0,0,19,0,5,0,0,0,0,0,2,1,1,4,3,1,0,2,1,1,2,1,0,1
"TW2  7",10099,8954,7,1,1,0,0,0,0,0,0,36,18,48,341,29,34,127,20,14,9,15,1,30,25,7,9,7,5,3,5,0,1,0,47,24,16,0,2,5,0,0,0,16,20,52,131,1,2,110,13,5,295,39,17,63,1,30,70,0,12,15,10,18,16,4,95,5,15,32,11,3,4,7,0,6,12,0,0,0,0,0,29,2,0,2,0,0,0,0,4,0,1,2,12,1,1,4,3,3,6,5,0,1
"TW20 0",10028,8462,2,0,0,0,0,0,0,0,0,94,42,66,447,52,95,45,4,10,22,6,7,14,41,77,17,26,6,16,0,2,2,5,15,7,2,1,0,5,0,0,0,86,25,69,77,2,29,13,1,32,94,21,16,15,0,8,6,1,1,7,3,1,14,1,525,18,34,337,16,39,13,29,30,6,3,0,0,0,0,0,18,0,0,0,0,0,0,0,2,1,0,0,10,5,0,0,4,4,2,2,0,0
"TW20 8",7606,7154,1,0,0,0,0,0,0,0,0,20,25,18,151,21,13,47,11,5,15,2,0,11,6,11,1,2,0,0,5,0,0,1,12,8,1,1,0,2,0,0,0,19,3,7,12,2,0,9,0,1,92,6,18,13,0,13,21,7,0,13,0,0,1,0,78,3,12,34,3,4,2,7,7,4,2,0,0,0,0,0,10,0,0,0,0,1,0,0,0,1,0,1,4,0,0,3,1,1,3,2,0,1
"TW20 9",6478,5683,2,0,0,0,0,0,0,0,0,45,28,19,287,33,42,49,25,3,12,12,4,6,21,34,13,18,3,8,4,0,0,0,15,11,0,0,0,4,0,0,0,27,5,30,13,0,0,4,0,9,106,15,20,5,0,13,13,0,9,19,9,0,1,2,211,13,19,122,11,7,3,12,8,12,4,0,0,0,0,0,4,0,0,0,0,0,0,0,1,0,0,0,3,0,0,0,3,3,0,0,0,0
"TW3  1",7847,4209,0,0,0,0,0,0,0,0,0,47,49,33,736,16,17,490,23,7,46,65,7,16,21,10,8,0,0,2,1,4,2,1,19,6,2,5,1,5,0,0,0,21,23,91,121,0,11,63,27,20,2053,252,331,258,0,145,197,130,247,172,43,39,165,74,278,4,10,17,5,3,0,12,1,146,80,0,0,0,0,0,149,8,7,83,0,4,4,1,14,3,3,1,0,7,2,12,15,15,3,3,0,0
"TW3  2",10002,7156,2,1,1,0,0,0,0,0,0,26,66,22,854,21,21,617,9,8,44,43,21,15,20,13,6,10,2,2,1,0,1,0,28,15,3,7,1,2,0,0,0,15,8,84,132,0,26,68,24,14,1380,165,125,436,0,77,269,20,41,104,17,31,83,12,111,1,14,18,4,2,0,5,0,39,28,0,2,0,0,0,93,2,1,48,0,5,2,1,6,0,4,8,0,2,1,13,15,15,7,5,2,0
"TW3  3",11872,6546,1,0,0,0,0,0,0,0,0,57,90,39,1048,46,18,665,15,5,55,95,28,37,49,14,8,4,7,2,0,0,0,0,19,8,0,9,1,1,1,1,0,51,15,117,176,3,17,84,59,13,3294,472,437,774,0,104,523,74,257,184,66,71,251,81,221,5,16,25,7,0,3,10,5,74,76,0,2,1,1,0,168,9,7,98,0,0,6,1,4,1,8,6,0,8,9,11,22,22,4,3,1,0
"TW3  4",8476,4872,1,0,0,0,0,0,0,0,0,34,39,26,688,14,8,521,15,9,43,51,11,3,8,3,1,0,0,0,0,0,0,1,37,15,6,13,0,3,0,0,0,17,11,106,111,0,0,50,52,9,2220,269,298,716,2,74,319,48,130,115,42,51,101,55,182,7,11,31,6,3,3,7,0,51,63,0,0,0,0,0,122,5,0,84,0,3,0,1,11,2,0,2,0,0,6,8,5,5,5,3,2,0
"TW4  5",9364,6001,0,0,0,0,0,0,0,0,0,33,55,25,512,13,18,361,12,6,21,39,5,3,17,3,6,4,0,0,2,0,2,0,72,59,8,3,1,1,0,0,0,17,15,105,280,0,23,173,64,20,1955,344,152,590,0,109,345,14,90,130,29,37,85,30,131,4,16,19,2,1,0,3,0,72,14,0,1,0,0,0,152,2,4,71,0,3,7,1,6,2,2,17,5,3,4,25,7,7,3,3,0,0
"TW4  6",5464,3124,0,0,0,0,0,0,0,0,0,21,58,9,329,8,5,214,2,2,17,38,15,6,8,6,4,0,0,1,1,0,2,0,8,3,2,3,0,0,0,0,0,8,2,45,122,0,4,81,32,5,1494,239,125,623,2,27,200,9,32,52,7,63,100,15,79,0,1,18,0,0,1,9,0,41,9,1,0,0,0,0,149,0,1,98,0,8,2,2,1,4,3,6,1,2,10,11,6,6,9,8,1,0
"TW4  7",11076,6281,0,1,0,0,0,0,0,0,1,55,61,40,723,20,9,471,17,6,66,76,20,4,24,1,2,3,1,0,1,1,1,0,41,18,12,7,2,2,0,0,0,58,11,111,158,0,6,94,41,17,3151,471,258,1053,2,68,321,25,99,128,42,102,515,67,125,2,9,13,6,1,3,12,2,55,22,0,0,1,0,1,227,1,2,158,0,12,2,5,18,7,0,3,0,1,7,11,23,23,9,7,1,1
"TW5  0",13335,8126,1,1,0,0,0,0,0,1,0,38,97,40,761,17,26,574,11,10,27,36,12,16,13,7,5,3,2,0,0,1,1,0,52,27,15,8,1,1,0,0,0,32,7,139,302,0,26,130,128,18,3302,499,281,1630,3,104,348,22,83,107,31,37,114,43,151,2,30,11,6,3,22,10,1,44,22,0,0,2,2,0,263,3,0,183,1,10,1,6,22,6,1,7,0,4,3,16,12,12,9,8,1,0
"TW5  9",14823,8917,0,2,0,1,0,0,0,0,1,34,166,19,719,28,12,456,11,8,37,79,16,17,19,4,17,7,2,4,0,1,1,0,36,22,5,9,0,0,0,0,0,41,7,106,348,0,17,160,141,30,3963,720,256,2121,5,62,356,23,34,128,29,44,144,41,107,1,15,11,3,1,5,13,3,49,6,0,1,0,0,0,324,5,6,250,0,3,1,1,13,6,6,8,0,6,1,18,23,23,10,8,2,0
"TW7  4",7619,5500,2,0,0,0,0,0,0,0,0,27,33,42,621,40,14,406,15,8,21,38,8,11,19,11,14,5,4,2,1,0,2,2,39,17,13,7,0,2,0,0,0,29,12,104,107,0,5,65,25,12,870,166,117,274,0,25,72,23,52,53,10,25,27,26,123,2,13,27,8,2,2,6,1,43,19,0,1,0,0,0,93,5,0,35,0,2,2,6,8,3,0,10,1,3,2,16,11,11,5,3,2,0
"TW7  5",8698,6476,4,0,0,0,0,0,0,0,0,64,45,33,651,32,19,450,10,13,18,16,11,16,26,18,8,7,3,1,1,0,1,1,50,32,10,7,0,1,3,3,0,23,13,135,130,1,7,84,22,16,825,148,128,257,0,50,92,10,32,54,8,14,15,17,136,2,5,20,9,10,3,22,3,42,20,0,0,0,0,0,98,3,1,65,0,5,0,4,7,0,0,3,1,0,2,7,10,10,2,2,0,0
"TW7  6",10017,8063,0,0,0,0,0,0,0,0,0,51,72,66,695,47,33,435,26,6,16,26,5,16,42,8,12,13,0,4,4,1,1,0,39,17,11,7,0,4,0,0,0,27,26,121,124,0,7,77,35,5,469,79,62,103,0,24,55,12,15,53,17,19,15,15,134,6,18,22,9,2,2,7,2,43,23,0,1,0,0,0,106,2,0,57,0,5,4,0,8,4,0,6,12,2,2,4,9,9,14,11,1,2
"TW7  7",9372,7339,3,0,0,0,0,0,0,0,0,41,72,33,451,23,25,278,15,5,13,11,4,6,45,6,4,11,3,2,0,0,0,0,64,24,31,4,3,2,0,0,0,14,19,99,205,3,26,132,25,19,593,125,49,170,0,37,104,3,5,40,7,21,15,17,133,10,29,33,8,1,4,5,2,36,5,0,1,0,0,0,291,14,6,210,2,9,2,1,7,2,0,3,2,10,10,13,12,12,2,2,0,0
"TW8  0",8247,6335,2,2,1,1,0,0,0,0,0,83,79,83,578,36,39,354,13,10,28,20,10,11,13,4,13,13,6,4,1,2,1,0,87,42,30,7,2,6,0,0,0,40,10,175,201,0,25,149,10,17,241,35,14,70,0,22,34,2,5,39,3,6,7,4,131,4,7,45,22,11,0,9,1,23,9,0,0,0,0,0,192,13,11,120,2,7,0,0,7,8,1,0,7,0,4,12,6,6,2,1,0,1
"TW8  8",4773,3701,0,1,1,0,0,0,0,0,0,29,63,41,393,18,16,274,9,5,10,5,3,11,14,2,12,3,5,4,0,0,2,0,54,23,21,8,0,2,0,0,0,20,8,53,86,2,12,50,17,5,151,36,9,30,0,27,12,0,0,13,0,3,15,6,88,3,2,33,10,2,0,7,0,29,2,0,0,0,0,0,80,8,1,39,1,4,1,3,3,1,0,0,4,6,3,6,4,4,1,1,0,0
"TW8  9",5723,4370,2,0,0,0,0,0,0,0,0,65,41,49,614,31,28,407,14,1,19,26,4,11,38,18,5,2,5,0,2,1,0,2,35,13,8,7,3,4,0,0,0,18,15,49,94,2,5,51,12,24,163,33,20,37,0,12,31,1,1,4,2,9,8,5,113,4,9,50,4,6,3,15,1,14,7,0,0,1,1,0,88,10,0,60,1,0,2,0,4,0,0,2,1,2,0,6,3,3,3,2,0,1
"TW9  1",3918,3398,3,0,0,0,0,0,0,0,0,44,19,39,212,39,69,26,6,5,2,1,0,8,7,6,11,11,6,8,1,1,1,4,15,4,0,0,1,10,0,0,0,28,9,22,26,0,1,23,0,2,25,4,3,0,0,4,4,2,0,5,0,2,1,0,67,0,3,25,23,9,0,2,0,3,2,0,0,0,0,0,10,0,1,0,0,2,2,0,0,0,0,0,3,0,1,1,0,0,1,0,0,1
"TW9  2",6131,5362,6,1,0,0,0,1,0,0,0,68,41,65,276,49,49,70,4,4,5,3,1,8,6,13,25,14,12,4,8,0,0,1,30,3,12,1,0,14,0,0,0,42,10,12,59,0,10,46,0,3,53,5,6,5,0,20,10,2,0,0,0,0,1,4,76,6,12,20,20,5,1,5,0,7,0,0,0,0,0,0,28,2,5,0,0,1,0,0,0,0,0,2,16,0,0,2,2,2,0,0,0,0
"TW9  3",4347,3899,2,0,0,0,0,0,0,0,0,41,16,52,170,32,34,41,2,3,2,1,0,7,4,4,17,13,5,5,0,0,0,0,10,3,3,1,0,3,0,0,0,7,6,21,24,0,3,16,2,3,20,5,3,3,0,4,3,0,0,1,0,1,0,0,65,4,2,13,23,4,0,6,0,9,4,0,1,0,0,0,5,0,0,0,0,0,0,0,0,0,0,1,4,0,0,0,8,8,0,0,0,0
"TW9  4",6269,5367,1,0,0,0,0,0,0,0,0,61,40,79,286,48,63,65,4,5,6,5,3,9,1,12,23,19,2,16,0,1,0,4,27,14,6,0,1,6,0,0,0,49,13,58,63,4,6,41,8,4,97,8,14,11,0,30,26,1,1,0,1,2,0,3,109,4,5,23,55,2,3,8,2,7,0,0,0,0,0,0,15,0,1,4,0,0,0,0,0,2,0,1,2,0,0,5,3,3,1,1,0,0
"UB1  1",9886,4254,1,1,1,0,0,0,0,0,0,15,30,4,136,5,15,84,2,2,3,10,0,2,2,1,7,1,2,0,0,0,0,0,3,0,1,2,0,0,0,0,0,11,1,31,251,0,8,73,159,11,4838,583,233,2247,5,115,566,6,6,807,100,20,82,68,37,0,2,3,4,1,1,6,2,6,12,0,0,0,0,0,251,3,3,219,2,1,6,0,10,1,0,0,0,0,2,4,19,19,3,3,0,0
"UB1  2",19231,10316,2,0,0,0,0,0,0,0,0,37,37,30,569,8,28,408,9,6,22,32,11,13,19,4,2,2,0,0,2,0,3,0,17,8,1,5,0,3,0,0,0,28,4,159,413,1,26,140,207,39,7135,759,324,3627,3,127,923,6,5,999,66,10,205,81,98,3,3,15,9,2,0,10,3,36,17,0,1,1,0,1,348,2,2,306,0,2,2,2,8,0,0,4,1,5,2,12,19,19,17,9,6,2
"UB1  3",9599,5575,1,3,0,0,0,2,0,0,1,28,41,17,313,14,9,217,7,4,24,8,0,17,2,3,3,0,1,0,1,0,3,0,36,27,3,6,0,0,0,0,0,16,4,129,288,2,28,130,97,31,2469,286,150,1286,1,55,226,7,5,299,49,5,63,37,114,0,0,7,3,1,1,9,7,66,20,0,1,0,0,0,544,7,9,470,0,5,2,1,13,0,2,5,0,10,4,16,15,15,5,2,0,3
"UB10 0",10198,8673,1,1,0,0,0,1,0,0,0,54,26,18,235,21,17,101,3,3,6,24,2,13,15,12,5,10,0,2,0,0,0,1,27,13,11,2,0,1,0,0,0,12,15,74,129,0,9,90,26,4,667,119,41,234,0,36,69,0,7,78,19,18,34,12,133,8,8,46,4,0,0,10,7,45,5,4,1,1,1,0,98,7,4,59,0,0,3,2,1,0,0,1,7,3,3,8,26,26,3,2,1,0
"UB10 8",11684,10847,5,0,0,0,0,0,0,0,0,20,14,16,149,12,14,72,6,1,9,1,0,7,4,8,6,3,6,0,0,0,0,0,25,2,5,0,0,18,0,0,0,8,10,61,25,1,4,15,4,1,397,33,14,134,0,12,132,6,7,25,5,6,20,3,78,0,9,31,17,9,0,6,0,5,1,0,0,0,0,0,19,0,0,9,0,0,0,1,2,0,0,1,2,0,4,0,7,7,3,3,0,0
"UB10 9",10286,9175,1,0,0,0,0,0,0,0,0,11,17,22,221,16,13,101,3,2,15,18,0,12,8,13,7,6,0,3,0,0,2,2,18,5,6,1,0,6,0,0,0,8,12,59,56,0,11,31,2,12,523,42,31,171,0,47,112,0,1,84,7,18,4,6,110,3,13,33,6,6,9,9,1,30,0,0,0,0,0,0,45,4,1,21,0,2,2,0,0,1,0,4,6,1,0,3,7,7,1,1,0,0
"UB2  4",12412,7199,1,1,1,0,0,0,0,0,0,29,53,26,287,21,13,177,4,2,9,19,2,5,19,3,2,4,3,4,0,0,0,0,28,13,11,1,1,2,0,0,0,13,7,101,369,0,41,190,107,31,3525,468,219,2149,1,46,307,5,3,220,26,8,30,43,64,0,1,7,3,3,0,2,5,28,15,3,3,0,0,0,658,11,3,550,0,7,3,5,41,3,6,7,0,5,0,17,32,32,13,7,4,2
"UB2  5",18359,9055,0,0,0,0,0,0,0,0,0,55,110,34,373,11,11,247,4,1,27,28,8,5,1,3,11,3,4,6,3,0,0,0,29,21,8,0,0,0,0,0,0,8,4,74,434,0,28,146,239,21,7247,772,406,4854,2,48,543,4,23,342,74,21,85,73,65,0,4,4,9,2,0,2,5,21,18,2,3,0,0,0,825,10,1,734,0,8,0,0,28,8,1,9,0,4,1,21,30,30,11,7,3,1
"UB3  1",9456,6602,0,0,0,0,0,0,0,0,0,40,59,27,324,9,11,176,3,3,23,50,4,14,12,1,11,1,3,1,0,0,2,0,20,12,4,1,0,3,3,3,0,22,11,50,149,0,14,94,37,4,1640,243,80,765,0,47,122,6,18,148,15,20,142,34,55,3,0,9,0,0,2,2,0,29,10,0,1,1,1,0,444,13,13,358,0,1,5,2,15,0,1,10,2,5,1,18,5,5,3,2,1,0
"UB3  2",13365,9383,2,0,0,0,0,0,0,0,0,73,45,23,490,12,15,249,9,0,32,92,20,4,20,7,12,10,5,2,0,0,1,0,38,22,2,8,3,3,0,0,0,19,17,97,195,0,6,139,49,1,2338,337,121,901,6,118,156,1,9,472,33,39,109,36,80,6,4,24,1,1,1,8,3,20,12,0,0,2,0,2,541,20,15,454,0,5,1,6,4,1,4,5,0,6,2,18,15,15,7,5,0,2
"UB3  3",7250,4630,1,1,0,0,0,0,0,0,1,35,50,16,316,1,10,166,1,2,40,58,11,2,4,6,6,4,5,0,0,0,0,0,23,13,0,9,0,1,0,0,0,10,5,45,127,0,13,70,42,2,1566,297,85,643,3,47,117,5,1,157,14,23,158,16,58,8,4,9,0,0,0,3,0,16,18,0,0,1,1,0,354,14,11,275,0,4,9,4,4,2,2,8,0,3,4,14,10,10,2,1,1,0
"UB3  4",9786,6142,0,4,1,0,0,1,0,2,0,35,62,17,406,18,9,232,6,4,33,56,4,5,14,6,9,2,2,2,2,0,2,0,43,29,10,2,0,2,1,0,1,4,10,87,140,0,2,85,43,10,2284,311,112,1188,1,55,142,6,8,185,52,21,194,9,85,16,5,19,2,2,0,4,2,19,16,0,0,0,0,0,448,8,5,391,0,3,1,0,9,1,2,13,0,1,1,13,16,16,2,2,0,0
"UB3  5",5675,3523,0,0,0,0,0,0,0,0,0,31,209,25,514,21,16,233,34,3,64,44,7,59,20,2,4,3,2,2,0,0,0,0,27,20,1,5,0,1,1,0,1,12,9,58,74,3,8,36,26,1,997,215,105,305,0,17,82,6,11,51,8,37,144,16,84,4,0,9,1,0,2,11,1,42,14,0,0,0,0,0,101,4,1,54,0,1,1,4,9,1,0,7,1,1,2,15,8,8,2,2,0,0
"UB4  0",13701,8458,0,0,0,0,0,0,0,0,0,44,39,8,407,15,27,206,2,2,33,67,2,4,9,2,11,12,11,3,0,0,0,1,43,25,10,7,1,0,1,1,0,22,8,51,206,0,14,107,77,8,3955,358,197,1858,1,91,267,4,6,890,31,28,175,49,39,10,1,3,2,0,0,3,2,11,7,0,2,0,0,0,383,8,9,309,0,6,2,3,5,1,1,15,3,2,3,16,24,24,11,6,5,0
"UB4  8",12428,9969,0,0,0,0,0,0,0,0,0,27,65,29,265,8,12,136,5,3,11,30,1,8,4,7,40,0,0,0,0,0,0,0,28,22,4,2,0,0,0,0,0,25,14,73,146,2,10,100,30,4,1512,246,62,550,0,45,112,1,2,403,15,26,30,20,57,6,7,17,0,0,3,7,5,9,3,0,0,1,0,1,196,6,9,139,2,3,7,1,5,0,0,2,1,3,6,12,18,18,3,2,1,0
"UB4  9",11455,8468,0,2,1,0,0,1,0,0,0,32,79,23,465,17,7,316,1,0,47,37,3,3,10,4,8,6,4,0,0,0,2,0,55,21,30,2,1,1,0,0,0,15,11,98,239,2,28,152,37,20,1327,166,79,560,0,63,131,1,8,197,22,15,62,23,121,9,25,21,4,0,4,13,3,37,5,0,0,0,0,0,510,32,24,341,0,5,12,4,20,5,4,21,5,4,2,31,6,6,4,2,1,1
"UB5  4",15439,10360,1,0,0,0,0,0,0,0,0,63,82,40,1453,26,17,1074,17,3,75,103,8,34,56,19,14,2,2,1,2,0,0,0,110,70,15,17,4,4,0,0,0,57,10,218,376,0,54,196,52,74,2223,185,50,205,0,48,425,9,6,810,28,62,383,12,144,5,36,38,13,0,2,17,1,28,4,0,1,2,1,1,278,10,3,187,0,23,8,11,4,0,3,1,0,6,5,17,16,16,5,4,1,0
"UB5  5",12132,8239,5,1,1,0,0,0,0,0,0,34,67,53,1085,23,9,777,12,4,82,65,4,22,62,17,1,1,0,3,2,0,1,0,98,72,15,6,5,0,0,0,0,25,13,289,441,0,44,225,81,91,1317,208,59,247,1,41,186,4,2,260,28,39,224,18,94,2,6,32,12,4,0,10,3,21,4,0,0,0,0,0,350,13,12,208,2,16,12,10,18,3,4,12,5,6,7,22,18,18,3,3,0,0
"UB5  6",15852,10982,2,1,0,0,0,1,0,0,0,37,126,37,969,32,10,657,14,7,55,74,12,27,43,12,8,13,3,0,2,0,0,0,93,61,25,3,1,3,1,1,0,50,5,316,561,0,65,302,108,86,1866,254,149,548,1,41,285,9,4,321,22,36,168,28,177,3,9,26,25,5,2,8,4,89,6,0,0,1,0,1,599,16,20,407,0,29,17,14,17,7,3,19,5,17,4,24,15,15,14,8,3,3
"UB6  0",12091,7193,5,0,0,0,0,0,0,0,0,46,63,35,1902,32,14,1508,21,8,99,64,3,45,70,20,11,3,2,0,2,0,0,0,57,35,10,7,5,0,0,0,0,37,12,215,242,0,28,131,41,42,2008,268,83,177,2,51,679,6,20,452,8,52,170,40,105,7,19,32,8,0,2,7,1,22,7,0,7,0,0,0,145,0,2,108,0,9,1,2,3,2,1,3,3,2,5,4,16,16,3,3,0,0
"UB6  7",8287,4717,0,0,0,0,0,0,0,0,0,26,55,41,1333,32,18,1124,6,7,36,28,5,39,16,9,7,3,1,0,2,0,0,0,29,15,1,12,0,1,0,0,0,26,11,313,189,0,27,75,41,46,1397,137,58,131,0,46,501,7,10,407,4,42,43,11,88,3,10,24,12,0,0,6,5,22,6,0,2,0,0,0,50,3,0,44,0,1,0,0,0,0,1,0,0,0,0,1,8,8,2,0,2,0
"UB6  8",13934,8556,1,0,0,0,0,0,0,0,0,38,108,83,2379,55,10,1889,21,7,69,100,14,57,98,49,5,2,1,1,0,0,0,1,60,29,13,17,0,1,0,0,0,66,19,484,495,0,81,203,56,155,1277,189,90,265,0,49,309,0,8,194,8,36,108,21,178,6,23,47,18,8,8,17,1,44,6,0,0,0,0,0,168,1,4,122,0,4,11,2,2,0,0,3,4,1,5,9,18,18,4,2,0,2
"UB6  9",14684,9371,2,0,0,0,0,0,0,0,0,44,70,36,1684,38,14,1359,18,11,63,89,2,28,27,10,12,2,2,0,1,0,8,0,68,21,22,19,5,1,0,0,0,47,17,335,494,4,50,211,111,118,2065,270,72,605,0,35,306,4,7,339,16,15,377,19,151,11,25,16,12,6,9,15,1,48,8,0,3,0,0,0,272,2,9,199,2,11,2,2,8,0,2,0,10,4,0,21,21,21,4,3,1,0
"UB7  0",3613,2721,0,0,0,0,0,0,0,0,0,24,90,13,258,11,11,130,13,2,23,30,13,7,7,4,4,1,1,0,0,0,1,0,5,0,0,3,2,0,0,0,0,9,5,33,41,0,4,20,17,0,317,60,16,146,0,9,10,0,0,19,4,21,21,11,45,3,2,13,0,0,3,5,1,14,4,0,0,0,0,0,43,0,7,16,0,1,0,2,0,3,0,1,3,3,4,3,5,5,4,4,0,0
"UB7  7",8542,7059,3,1,0,1,0,0,0,0,0,31,58,27,389,23,11,187,7,9,22,30,4,26,18,4,27,8,6,2,2,1,2,0,20,10,3,5,0,2,0,0,0,24,11,81,76,1,1,59,13,2,525,66,27,160,0,73,32,5,2,70,12,50,20,8,120,13,8,37,6,2,5,17,0,23,9,3,0,0,0,0,100,8,12,44,0,2,3,4,4,0,2,3,5,1,2,10,8,8,6,4,2,0
"UB7  8",6809,5675,0,0,0,0,0,0,0,0,0,17,22,26,336,14,9,200,11,10,27,33,6,11,8,2,2,2,0,0,0,0,1,0,43,30,3,9,1,0,0,0,0,19,4,63,49,0,12,28,5,4,368,54,22,99,0,49,10,4,2,36,5,12,62,13,104,5,6,31,5,4,5,2,9,34,3,0,0,0,0,0,78,6,5,40,0,3,1,2,6,0,2,0,5,0,1,7,4,4,1,0,1,0
"UB7  9",9191,7438,1,0,0,0,0,0,0,0,0,38,65,23,349,10,9,170,6,9,16,42,12,35,19,3,11,4,0,0,0,1,2,0,36,21,7,7,1,0,0,0,0,23,12,94,128,0,13,72,36,7,699,151,40,229,1,50,91,7,10,79,7,16,10,8,103,8,3,34,5,5,7,13,1,20,7,0,0,0,0,0,174,4,9,105,0,1,3,1,10,3,2,17,3,6,1,9,5,5,3,3,0,0
"UB8  1",4850,4119,0,0,0,0,0,0,0,0,0,27,22,24,195,10,15,50,6,1,12,4,0,8,7,11,4,1,3,1,58,0,4,0,5,3,2,0,0,0,0,0,0,8,2,61,47,0,1,17,29,0,207,17,20,71,0,21,32,0,3,26,5,5,6,1,92,5,6,39,24,1,2,2,2,11,0,0,0,0,0,0,33,8,6,9,0,0,1,0,0,0,0,2,2,4,0,1,3,3,5,2,3,0
"UB8  2",11907,9787,9,1,0,0,0,1,0,0,0,54,42,50,435,33,51,132,14,7,37,41,8,17,30,39,7,7,2,2,5,0,2,1,19,9,2,2,2,4,0,0,0,33,36,116,144,1,17,111,12,3,802,132,32,149,2,215,74,3,9,131,10,17,16,12,237,17,13,133,4,9,15,11,13,9,13,0,0,0,0,0,132,5,10,79,0,3,2,2,3,0,0,8,9,4,1,6,6,6,4,3,0,1
"UB8  3",18599,14959,3,5,5,0,0,0,0,0,0,73,67,50,620,31,39,251,8,3,26,41,0,34,38,95,24,13,5,5,3,0,4,0,37,24,8,3,0,2,0,0,0,35,42,255,235,3,14,153,50,15,1286,223,82,362,0,124,114,7,7,157,19,66,105,20,667,37,34,330,5,16,10,70,51,111,3,0,0,0,0,0,235,16,5,143,0,4,12,5,10,0,1,13,2,2,5,17,18,18,12,9,0,3
"UB9  4",2327,2143,0,0,0,0,0,0,0,0,0,8,2,9,56,12,3,9,3,1,4,8,0,12,0,2,0,1,0,0,0,0,1,0,4,0,2,1,0,1,0,0,0,10,0,9,5,0,0,2,0,3,65,7,8,22,0,7,8,3,0,6,2,0,0,2,12,0,1,6,2,0,0,2,0,0,1,0,0,0,0,0,4,0,0,0,0,0,0,0,1,0,0,0,3,0,0,0,0,0,0,0,0,0
"UB9  5",4580,4328,0,0,0,0,0,0,0,0,0,18,9,12,93,9,14,37,2,3,0,5,0,4,1,4,5,0,6,0,1,0,2,0,2,0,0,1,0,1,0,0,0,1,7,11,5,0,0,3,0,2,62,6,2,21,0,11,14,0,0,2,0,4,0,2,26,0,4,9,5,0,0,2,0,3,3,0,0,0,0,0,3,0,1,0,0,0,0,0,0,0,0,0,2,0,0,0,3,3,0,0,0,0
"UB9  6",7113,6699,1,2,0,0,0,0,0,2,0,10,16,16,117,11,8,45,1,1,22,12,0,1,2,5,3,1,2,1,1,0,1,0,5,3,0,1,0,1,0,0,0,9,7,23,16,0,4,3,8,1,120,2,14,16,0,12,24,0,4,1,45,0,1,1,47,2,0,7,1,0,0,5,0,29,3,0,0,0,0,0,21,0,0,7,0,0,1,1,4,2,0,0,1,0,1,4,0,0,4,4,0,0
"W10  4",10011,7223,0,5,4,0,0,0,0,1,0,99,203,165,342,98,34,75,4,4,16,10,0,14,5,34,15,18,8,3,0,0,0,4,182,155,18,4,2,3,1,1,0,14,27,630,216,1,115,75,19,6,450,18,5,4,0,387,13,0,0,12,0,2,1,8,229,2,13,6,13,6,5,9,11,156,8,0,0,1,0,1,209,25,37,105,0,1,2,0,10,1,11,0,0,1,2,14,9,9,6,4,1,1
"W10  5",11465,8449,0,0,0,0,0,0,0,0,0,167,215,284,401,132,46,77,9,1,17,10,5,11,12,25,12,28,5,4,0,0,0,7,130,81,36,7,0,6,0,0,0,39,47,718,173,1,38,114,2,18,172,33,4,2,0,103,6,0,0,3,3,4,2,12,225,0,7,26,16,0,3,12,1,142,18,0,0,0,0,0,425,75,89,204,0,13,12,1,4,2,7,0,0,6,4,8,9,9,11,9,1,1
"W10  6",11389,9009,3,3,2,0,0,0,0,1,0,182,186,291,476,142,72,75,4,3,8,11,3,18,10,33,24,49,11,5,0,2,0,6,118,64,34,4,6,10,1,1,0,31,44,335,150,3,31,100,3,13,82,10,6,1,0,44,2,0,0,6,5,1,2,5,221,4,3,20,22,1,12,20,2,128,9,0,0,1,1,0,234,49,53,88,1,3,1,0,1,3,10,0,2,0,1,22,12,12,10,5,4,1
"W11  1",10283,7641,1,2,1,0,0,0,0,1,0,226,163,285,487,123,83,57,2,13,8,4,3,22,3,47,38,41,24,0,4,0,0,15,166,80,59,5,1,21,0,0,0,33,42,461,142,2,51,79,1,9,130,16,4,2,0,90,6,0,0,0,1,3,1,7,239,4,15,25,18,3,9,26,1,125,13,0,0,1,1,0,243,44,53,94,0,7,5,3,2,1,8,0,2,2,6,16,15,15,6,2,3,1
"W11  2",6789,5364,2,1,1,0,0,0,0,0,0,211,64,135,480,115,108,30,4,3,8,8,0,7,7,30,60,65,21,3,3,6,1,1,54,12,17,1,0,24,0,0,0,30,17,104,65,5,3,44,2,11,27,1,4,3,0,10,5,0,0,1,0,0,0,3,166,2,6,17,39,1,4,19,0,68,10,0,0,0,0,0,65,13,21,21,0,0,1,0,4,0,0,0,3,0,0,2,4,4,0,0,0,0
"W11  3",4628,3521,3,1,1,0,0,0,0,0,0,182,62,115,361,93,83,18,5,2,1,3,2,4,8,43,25,33,27,6,2,0,1,5,60,1,8,11,3,37,0,0,0,40,9,76,52,5,2,36,0,9,11,4,3,0,0,1,0,0,0,0,1,2,0,0,119,1,7,12,40,2,5,14,3,24,11,0,0,0,0,0,11,0,3,3,0,0,0,0,0,0,0,0,1,0,2,2,3,3,2,2,0,0
"W11  4",8648,6742,0,2,0,0,0,0,0,0,2,160,90,188,413,115,84,60,8,5,8,0,3,6,7,36,33,30,10,0,2,0,1,5,112,65,30,14,2,1,4,4,0,41,47,247,159,2,32,106,2,17,55,8,5,3,0,19,2,0,0,7,0,2,4,5,116,1,0,15,16,2,1,14,5,54,8,2,0,0,0,0,253,60,57,107,1,3,1,2,2,2,2,0,0,1,4,11,9,9,8,7,1,0
"W12  0",14040,10511,4,7,2,0,0,0,0,1,4,183,199,205,764,102,63,318,18,7,35,27,9,40,16,73,15,26,6,4,0,0,1,4,170,88,54,16,7,5,0,0,0,41,35,535,257,5,49,166,24,13,247,75,13,24,0,55,31,1,2,11,13,3,4,15,412,11,7,73,29,9,3,26,44,192,18,0,0,0,0,0,450,47,58,269,4,4,7,9,3,0,3,7,5,15,6,13,10,10,10,8,0,2
"W12  7",10789,7635,2,3,3,0,0,0,0,0,0,178,181,253,615,111,42,237,20,9,19,19,10,33,37,29,15,16,5,6,1,1,1,4,160,105,40,6,7,2,0,0,0,29,42,322,189,1,28,119,21,20,213,45,9,7,0,99,20,0,0,6,1,6,10,10,304,2,9,51,9,5,13,18,5,164,28,2,1,0,0,0,649,74,59,445,1,12,5,8,5,2,7,3,2,4,9,13,7,7,4,2,1,1
"W12  8",8666,6496,3,1,1,0,0,0,0,0,0,173,133,189,515,109,56,175,21,8,12,26,10,19,9,19,8,26,5,1,1,2,0,8,92,46,31,5,3,7,0,0,0,39,34,215,141,1,19,74,31,16,115,34,8,7,0,33,7,2,0,7,2,8,5,2,225,11,12,36,22,9,7,18,8,73,29,0,0,1,1,0,271,51,39,146,3,6,1,2,2,0,3,0,2,4,2,10,17,17,6,6,0,0
"W12  9",13277,10508,5,7,1,1,0,0,0,2,3,251,156,187,886,162,59,393,31,11,33,24,8,28,24,31,30,26,5,8,6,2,4,1,91,38,28,7,3,15,3,3,0,50,40,244,180,1,29,86,21,43,149,34,8,12,0,45,26,0,0,10,1,2,7,4,221,5,16,37,29,4,5,13,8,86,18,0,0,0,0,0,290,48,40,170,0,4,5,0,5,0,2,1,0,0,7,8,5,5,4,4,0,0
"W13  0",10008,7087,7,1,0,0,0,0,0,1,0,90,58,60,1011,48,33,708,15,16,22,28,3,31,42,24,9,14,5,8,1,0,2,2,65,21,26,14,2,2,0,0,0,41,20,218,423,4,66,211,32,110,424,77,30,120,0,27,54,1,5,68,9,5,15,13,144,7,8,22,61,5,3,9,2,20,7,0,1,1,1,0,337,9,18,259,0,2,8,2,4,2,3,0,9,1,4,16,17,17,3,3,0,0
"W13  8",7111,5500,4,2,2,0,0,0,0,0,0,127,38,76,581,36,39,336,19,16,21,14,5,31,16,19,14,3,0,5,1,0,4,2,23,7,4,5,0,7,0,0,0,28,12,78,234,9,30,135,6,54,186,24,9,33,0,7,30,4,5,46,0,10,8,10,165,8,3,31,98,1,0,8,3,9,4,0,0,0,0,0,51,4,2,31,0,1,2,1,0,0,0,0,5,1,1,3,4,4,2,1,0,1
"W13  9",13844,10953,5,2,1,0,0,1,0,0,0,183,56,88,1344,123,71,834,35,25,26,46,4,36,30,42,24,28,6,4,1,3,0,6,81,17,49,4,3,8,0,0,0,43,16,103,184,1,21,103,6,53,481,78,39,154,0,22,86,1,4,53,7,10,19,8,165,6,21,48,33,9,5,8,6,16,13,0,0,1,1,0,116,5,9,85,0,0,0,0,0,1,0,1,7,4,1,3,17,17,6,6,0,0
"W14  0",11091,8383,3,1,1,0,0,0,0,0,0,567,147,215,700,194,85,139,14,10,13,19,8,37,21,53,43,32,6,8,5,1,3,9,61,19,27,4,3,8,0,0,0,66,31,242,188,6,7,100,2,73,79,18,10,12,0,12,12,0,0,3,5,4,3,0,231,11,10,58,51,12,1,16,5,56,11,0,0,0,0,0,162,29,23,68,0,4,1,9,6,1,1,5,3,1,6,5,9,9,6,4,1,1
"W14  8",11343,7887,1,3,1,0,0,0,0,0,2,419,130,361,727,203,118,92,12,4,21,9,2,16,4,92,60,52,15,16,5,1,2,3,124,63,38,11,5,7,0,0,0,121,43,528,387,2,36,268,3,78,86,16,16,3,0,26,1,0,2,6,0,5,4,7,386,26,15,67,62,6,9,38,6,124,33,0,0,0,0,0,126,25,26,59,0,1,3,2,6,1,0,0,0,0,0,3,11,11,3,2,0,1
"W14  9",13723,9873,4,19,0,0,0,0,0,0,19,539,237,338,1001,263,122,220,25,20,38,28,10,36,20,69,41,58,22,10,7,0,4,8,124,53,43,1,9,18,1,1,0,74,62,321,244,12,22,187,7,16,119,36,13,8,0,29,12,1,3,7,4,2,1,3,474,14,16,108,49,31,5,52,12,129,58,0,1,0,0,0,278,56,24,168,2,0,5,2,0,1,6,1,5,2,1,5,13,13,1,1,0,0
"W1B  1",494,371,0,0,0,0,0,0,0,0,0,28,3,10,29,5,4,0,0,0,0,0,0,0,0,11,3,4,2,0,0,0,0,0,10,0,1,0,0,9,0,0,0,7,0,6,9,4,1,4,0,0,7,0,1,0,0,0,3,0,0,0,0,0,3,0,11,0,0,2,4,0,0,0,2,1,2,2,0,1,0,1,0,0,0,0,0,0,0,0,0,0,0,0,0,0,0,0,0,0,0,0,0,0
"W1D  3",251,180,1,2,0,0,0,0,0,2,0,22,3,9,17,8,2,2,0,0,1,0,0,0,1,0,0,3,0,0,0,0,0,0,1,1,0,0,0,0,0,0,0,2,1,0,0,0,0,0,0,0,1,0,0,0,0,1,0,0,0,0,0,0,0,0,12,1,0,7,0,1,0,2,1,0,0,0,0,0,0,0,0,0,0,0,0,0,0,0,0,0,0,0,0,0,0,0,0,0,0,0,0,0
"W1D  4",409,239,0,0,0,0,0,0,0,0,0,21,8,12,46,25,5,4,0,2,1,4,0,0,0,0,0,1,2,0,0,0,0,2,2,1,1,0,0,0,0,0,0,5,2,1,1,0,0,0,0,1,0,0,0,0,0,0,0,0,0,0,0,0,0,0,68,8,11,27,0,1,0,20,0,1,0,0,0,0,0,0,1,0,0,0,0,0,0,0,0,0,0,0,1,0,0,0,3,3,0,0,0,0
"W1D  6",645,372,0,0,0,0,0,0,0,0,0,22,9,8,35,4,13,3,0,0,1,0,2,0,1,1,1,5,0,0,1,0,2,1,1,0,0,0,0,1,0,0,0,8,1,17,8,6,1,1,0,0,13,2,0,0,0,11,0,0,0,0,0,0,0,0,142,23,42,66,1,0,4,3,1,2,0,0,0,0,0,0,8,1,2,1,0,0,2,0,0,0,0,0,1,0,0,1,1,1,0,0,0,0
"W1D  7",217,147,0,0,0,0,0,0,0,0,0,9,14,10,21,10,2,3,0,0,0,0,0,1,1,1,0,3,0,0,0,0,0,0,0,0,0,0,0,0,0,0,0,3,0,0,2,2,0,0,0,0,1,0,0,0,0,1,0,0,0,0,0,0,0,0,8,0,1,3,2,1,0,0,1,0,0,0,0,0,0,0,2,0,0,0,0,0,0,0,0,2,0,0,0,0,0,0,0,0,0,0,0,0
"W1F  0",949,671,0,0,0,0,0,0,0,0,0,26,22,18,86,29,9,6,6,0,4,4,0,2,2,9,1,9,3,1,0,1,0,0,4,2,0,0,0,2,0,0,0,8,1,24,4,0,0,3,0,1,14,0,0,0,0,11,0,2,0,0,0,0,0,1,65,5,26,25,1,0,0,3,0,5,0,0,0,0,0,0,4,3,1,0,0,0,0,0,0,0,0,0,0,0,0,0,2,2,0,0,0,0
"W1F  7",519,349,0,0,0,0,0,0,0,0,0,26,5,15,48,21,6,2,0,0,0,3,0,0,5,2,5,3,1,0,0,0,0,0,6,5,1,0,0,0,0,0,0,5,2,18,5,3,0,1,0,1,9,1,0,0,0,8,0,0,0,0,0,0,0,0,30,3,9,11,6,0,0,0,0,1,0,0,0,0,0,0,0,0,0,0,0,0,0,0,0,0,0,0,0,0,0,0,1,1,0,0,0,0
"W1G  6",820,629,0,0,0,0,0,0,0,0,0,39,8,22,68,19,12,4,0,0,0,2,0,3,0,3,6,14,2,2,0,0,0,1,4,0,0,0,0,4,0,0,0,13,2,7,12,6,2,3,0,1,2,0,0,0,0,2,0,0,0,0,0,0,0,0,10,0,1,2,2,0,0,0,0,5,0,0,0,0,0,0,4,0,0,0,0,0,0,0,0,0,0,0,1,0,0,3,0,0,0,0,0,0
"W1G  7",310,227,1,0,0,0,0,0,0,0,0,9,7,6,28,10,3,0,0,0,0,0,0,1,0,2,5,5,2,0,0,0,0,0,3,1,1,0,0,1,0,0,0,1,8,5,4,1,1,2,0,0,4,0,0,1,0,2,0,0,0,0,0,0,0,1,7,2,1,4,0,0,0,0,0,0,0,0,0,0,0,0,0,0,0,0,0,0,0,0,0,0,0,0,0,0,0,0,0,0,0,0,0,0
"W1G  8",1374,1014,0,0,0,0,0,0,0,0,0,101,15,40,121,30,31,10,0,0,3,0,0,1,0,19,8,11,3,5,0,0,0,0,13,1,7,0,0,5,0,0,0,7,4,14,20,10,0,4,2,4,2,1,1,0,0,0,0,0,0,0,0,0,0,0,17,0,0,10,5,0,0,0,0,2,0,0,0,0,0,0,5,0,0,1,0,1,0,0,0,0,0,0,0,0,2,1,1,1,0,0,0,0
"W1G  9",316,252,0,0,0,0,0,0,0,0,0,19,2,6,13,2,2,0,0,0,1,0,0,2,0,0,1,5,0,0,0,0,0,0,2,0,0,0,0,2,0,0,0,7,0,3,3,2,0,1,0,0,1,0,0,0,0,0,1,0,0,0,0,0,0,0,5,0,0,3,0,0,0,0,0,2,0,0,0,0,0,0,3,0,0,0,0,0,0,0,2,0,0,0,0,0,0,1,0,0,0,0,0,0
"W1H  1",1070,729,0,0,0,0,0,0,0,0,0,55,15,38,88,13,15,4,0,1,2,4,2,2,5,12,0,20,1,7,0,0,0,0,3,1,2,0,0,0,0,0,0,15,1,53,12,2,7,3,0,0,12,4,2,0,0,6,0,0,0,0,0,0,0,0,33,0,2,8,9,6,1,0,4,1,2,0,0,0,0,0,14,1,3,0,0,0,0,0,1,0,0,0,0,3,0,6,2,2,0,0,0,0
"W1H  2",1801,1281,1,0,0,0,0,0,0,0,0,121,9,40,127,30,29,6,1,2,2,3,0,0,2,24,7,15,4,0,0,1,0,1,19,3,2,0,1,13,0,0,0,27,2,89,32,2,9,10,0,11,21,4,5,0,0,2,5,1,0,0,1,0,2,1,27,1,2,4,5,0,0,2,5,5,3,0,0,0,0,0,4,1,1,0,0,1,0,0,0,0,0,1,0,0,0,0,1,1,0,0,0,0
"W1H  4",763,517,0,0,0,0,0,0,0,0,0,22,11,20,47,7,3,2,1,0,2,1,0,3,4,6,5,7,4,0,2,0,0,0,4,2,0,0,0,2,0,0,0,11,2,69,21,0,13,3,0,5,15,4,0,0,0,9,2,0,0,0,0,0,0,0,15,0,0,3,1,0,0,3,2,3,3,0,0,0,0,0,7,3,2,0,0,0,0,0,0,0,0,0,0,2,0,0,1,1,1,0,0,1
"W1H  5",1175,691,0,0,0,0,0,0,0,0,0,47,11,16,114,21,21,14,4,1,6,5,0,3,3,17,8,5,3,3,0,0,0,0,5,0,4,0,0,1,0,0,0,11,5,130,44,0,36,6,0,2,19,9,3,0,0,2,2,0,1,1,1,0,0,0,61,2,3,18,10,1,0,4,20,2,1,19,0,0,0,0,2,0,0,1,0,0,0,0,0,0,0,0,0,1,0,0,0,0,0,0,0,0
"W1H  7",1269,736,0,0,0,0,0,0,0,0,0,86,24,26,150,42,20,9,2,2,5,3,0,2,6,17,16,19,4,2,0,0,0,1,3,0,2,0,0,1,0,0,0,12,8,126,30,7,15,4,0,4,20,5,7,0,0,0,0,0,2,0,6,0,0,0,44,2,0,11,10,7,1,5,3,5,0,0,0,0,0,0,4,1,0,1,0,0,0,0,0,0,0,0,2,0,0,0,0,0,0,0,0,0
"W1J  5",302,190,0,0,0,0,0,0,0,0,0,6,6,5,23,4,2,4,0,0,0,2,0,0,0,8,1,1,1,0,0,0,0,0,1,0,0,1,0,0,0,0,0,8,0,27,3,1,0,1,0,1,13,0,9,0,0,0,0,0,0,2,0,0,2,0,19,0,1,0,0,0,0,2,2,7,7,0,0,0,0,0,1,0,0,1,0,0,0,0,0,0,0,0,0,0,0,0,0,0,0,0,0,0
"W1J  6",150,109,0,0,0,0,0,0,0,0,0,8,2,6,14,2,2,3,0,0,0,0,0,0,0,1,0,4,1,0,0,0,0,1,1,1,0,0,0,0,0,0,0,3,2,1,0,0,0,0,0,0,0,0,0,0,0,0,0,0,0,0,0,0,0,0,4,2,0,1,1,0,0,0,0,0,0,0,0,0,0,0,0,0,0,0,0,0,0,0,0,0,0,0,0,0,0,0,0,0,0,0,0,0
"W1J  7",765,514,0,0,0,0,0,0,0,0,0,27,13,16,72,20,16,6,0,0,0,0,0,0,3,9,2,13,3,0,0,0,0,0,8,3,2,1,0,2,0,0,0,18,8,36,19,2,3,10,0,4,4,0,0,0,0,2,0,0,0,2,0,0,0,0,27,0,3,4,16,0,0,1,0,3,0,0,0,0,0,0,3,2,0,0,0,0,0,0,0,0,0,0,0,0,0,1,0,0,0,0,0,0
"W1J  8",272,179,0,0,0,0,0,0,0,0,0,13,1,9,30,9,6,0,2,0,1,0,0,0,3,4,0,5,0,0,0,0,0,0,1,0,1,0,0,0,0,0,0,10,2,11,9,5,1,1,0,2,0,0,0,0,0,0,0,0,0,0,0,0,0,0,5,0,0,1,1,1,0,0,1,0,1,0,0,0,0,0,2,1,1,0,0,0,0,0,0,0,0,0,0,0,0,0,0,0,0,0,0,0
"W1K  1",306,223,0,0,0,0,0,0,0,0,0,11,1,6,20,8,2,0,0,0,0,0,0,0,0,4,0,6,0,0,0,0,0,0,1,0,0,1,0,0,0,0,0,3,2,4,6,1,0,3,0,2,6,0,0,0,0,0,0,0,0,0,5,1,0,0,23,0,1,2,4,0,0,0,11,4,1,0,0,0,0,0,0,0,0,0,0,0,0,0,0,0,0,0,0,0,0,0,0,0,0,0,0,0
"W1K  2",584,417,0,0,0,0,0,0,0,0,0,23,9,4,44,14,9,1,1,0,0,2,0,0,0,15,0,2,0,0,0,0,0,0,2,0,1,1,0,0,0,0,0,13,2,35,4,0,0,2,0,2,8,1,2,0,0,0,0,2,0,0,1,0,1,1,17,1,0,2,9,0,0,0,0,3,2,0,0,0,0,0,4,0,1,2,0,0,0,0,0,0,0,0,0,0,1,0,0,0,2,2,0,0
"W1K  3",270,177,0,1,0,0,0,0,0,1,0,5,5,27,11,2,3,0,2,0,0,1,0,1,0,1,0,0,0,1,0,0,0,0,1,0,0,0,1,0,0,0,0,6,2,21,5,1,1,1,0,2,2,0,0,0,0,0,0,0,0,0,0,0,2,0,6,0,0,5,0,0,0,0,1,0,0,0,0,0,0,0,1,0,0,0,0,0,0,0,0,0,0,0,0,0,0,1,0,0,0,0,0,0
"W1K  4",141,95,0,0,0,0,0,0,0,0,0,6,3,8,12,4,0,0,0,0,3,0,0,0,0,0,1,3,0,0,0,0,0,1,0,0,0,0,0,0,0,0,0,1,1,8,4,0,4,0,0,0,0,0,0,0,0,0,0,0,0,0,0,0,0,0,3,0,0,1,1,0,0,0,1,0,0,0,0,0,0,0,0,0,0,0,0,0,0,0,0,0,0,0,0,0,0,0,0,0,0,0,0,0
"W1K  5",223,155,1,0,0,0,0,0,0,0,0,5,1,4,14,5,0,0,0,0,0,0,0,1,0,2,0,2,1,2,1,0,0,0,4,3,1,0,0,0,0,0,0,2,0,20,2,0,0,2,0,0,2,1,1,0,0,0,0,0,0,0,0,0,0,0,7,0,1,1,0,0,3,0,0,2,0,0,0,0,0,0,3,0,0,1,0,0,1,0,0,0,0,0,0,0,1,0,0,0,3,3,0,0
"W1K  6",821,625,0,0,0,0,0,0,0,0,0,21,19,21,36,10,12,2,0,0,0,0,0,0,0,8,1,2,0,0,0,0,0,1,5,3,1,0,1,0,0,0,0,18,3,31,8,1,0,5,0,2,12,1,2,1,0,7,0,0,0,0,0,0,0,1,18,0,0,0,4,0,0,2,0,11,1,0,0,0,0,0,4,1,0,1,0,0,0,0,0,0,0,0,0,0,1,1,0,0,0,0,0,0
"W1K  7",572,350,0,0,0,0,0,0,0,0,0,21,2,13,49,13,7,3,1,0,1,0,4,1,0,7,0,7,1,1,1,0,0,2,4,2,2,0,0,0,0,0,0,15,2,28,13,1,5,4,0,3,29,0,7,0,0,2,11,0,0,6,1,0,2,0,42,2,3,18,5,0,0,1,5,6,2,0,0,0,0,0,0,0,0,0,0,0,0,0,0,0,0,0,0,0,0,0,4,4,0,0,0,0
"W1S  1",151,99,0,0,0,0,0,0,0,0,0,17,1,3,20,8,4,1,0,0,0,2,0,0,1,0,0,4,0,0,0,0,0,0,2,0,0,0,0,2,0,0,0,2,1,1,2,0,1,0,0,1,0,0,0,0,0,0,0,0,0,0,0,0,0,0,3,0,0,0,2,0,1,0,0,0,0,0,0,0,0,0,0,0,0,0,0,0,0,0,0,0,0,0,0,0,0,0,0,0,0,0,0,0
"W1T  1",448,341,0,0,0,0,0,0,0,0,0,11,10,7,36,7,7,3,1,0,1,0,0,1,1,10,1,2,0,1,0,0,0,1,2,0,1,0,0,1,0,0,0,3,3,2,1,0,0,1,0,0,8,1,5,0,0,0,1,1,0,0,0,0,0,0,20,0,3,6,3,1,1,1,1,2,2,0,0,0,0,0,3,1,1,0,0,0,1,0,0,0,0,0,0,0,0,0,1,1,0,0,0,0
"W1T  2",625,404,0,0,0,0,0,0,0,0,0,32,9,16,66,20,3,8,1,1,1,2,1,1,0,18,0,5,0,1,0,4,0,0,5,2,1,0,0,2,0,0,0,3,1,4,7,3,0,4,0,0,12,2,3,0,0,4,3,0,0,0,0,0,0,0,64,4,16,18,8,3,1,10,1,3,0,0,0,0,0,0,2,0,0,2,0,0,0,0,0,0,0,0,0,0,0,0,0,0,0,0,0,0
"W1T  3",205,116,0,0,0,0,0,0,0,0,0,32,6,7,26,6,6,2,0,0,0,0,0,0,0,6,3,2,0,1,0,0,0,0,0,0,0,0,0,0,0,0,0,3,1,4,1,0,1,0,0,0,1,0,1,0,0,0,0,0,0,0,0,0,0,0,4,0,1,0,0,0,0,3,0,0,0,0,0,0,0,0,4,1,2,1,0,0,0,0,0,0,0,0,0,0,0,0,0,0,0,0,0,0
"W1T  4",702,503,0,0,0,0,0,0,0,0,0,23,5,16,44,12,8,2,0,1,3,0,1,2,0,11,0,2,1,1,0,0,0,0,5,1,1,0,0,3,0,0,0,5,0,3,1,1,0,0,0,0,19,3,1,0,0,11,0,0,0,3,0,0,0,1,69,5,8,29,6,3,3,3,4,7,1,0,0,0,0,0,9,1,0,7,0,0,0,0,0,0,0,0,0,0,0,1,0,0,0,0,0,0
"W1T  5",1776,1248,0,0,0,0,0,0,0,0,0,87,8,28,170,18,17,82,1,0,7,4,0,0,0,11,2,8,1,3,2,0,0,14,3,1,2,0,0,0,0,0,0,13,1,24,17,3,2,8,0,4,84,1,10,0,0,64,0,0,1,1,4,0,0,3,74,10,7,46,4,2,1,3,0,1,0,0,0,0,0,0,19,1,15,2,0,0,0,0,0,0,0,0,0,0,0,1,0,0,0,0,0,0
"W1T  6",248,187,0,0,0,0,0,0,0,0,0,11,0,7,23,8,3,5,0,0,0,0,2,0,0,2,1,0,2,0,0,0,0,0,1,1,0,0,0,0,0,0,0,1,0,3,7,5,0,0,0,2,0,0,0,0,0,0,0,0,0,0,0,0,0,0,8,3,0,1,4,0,0,0,0,0,0,0,0,0,0,0,0,0,0,0,0,0,0,0,0,0,0,0,0,0,0,0,0,0,0,0,0,0
"W1U  1",342,228,0,0,0,0,0,0,0,0,0,15,4,10,30,2,7,2,0,0,3,0,0,0,0,7,2,4,0,1,0,0,2,0,7,0,4,0,1,2,0,0,0,3,3,13,9,2,0,0,0,7,4,0,1,1,0,1,1,0,0,0,0,0,0,0,14,0,0,3,7,1,0,1,2,0,0,0,0,0,0,0,2,2,0,0,0,0,0,0,0,0,0,0,0,0,0,0,0,0,0,0,0,0
"W1U  2",239,185,0,0,0,0,0,0,0,0,0,10,1,7,18,1,5,0,0,0,0,0,0,0,1,0,3,4,0,4,0,0,0,0,2,0,0,0,0,2,0,0,0,3,0,3,2,1,0,1,0,0,1,0,0,0,0,0,0,0,0,0,0,1,0,0,6,0,0,0,2,3,0,1,0,0,0,0,0,0,0,0,0,0,0,0,0,0,0,0,0,0,0,0,0,0,0,0,1,1,0,0,0,0
"W1U  3",524,369,0,1,0,0,0,0,0,1,0,24,7,11,65,14,12,3,1,1,0,0,0,0,4,14,6,7,3,0,0,0,0,0,12,0,8,1,0,3,0,0,0,4,2,16,6,1,1,1,0,3,1,1,0,0,0,0,0,0,0,0,0,0,0,0,6,0,0,2,2,2,0,0,0,0,0,0,0,0,0,0,0,0,0,0,0,0,0,0,0,0,0,0,0,0,0,0,0,0,0,0,0,0
"W1U  4",1122,760,0,0,0,0,0,0,0,0,0,93,11,18,129,35,27,3,0,0,1,3,1,1,1,13,10,22,8,3,0,0,1,0,8,1,1,0,0,6,0,0,0,13,12,35,12,2,5,0,0,5,4,0,2,0,0,0,1,0,0,1,0,0,0,0,25,0,0,5,10,3,0,0,3,3,1,0,0,0,0,0,2,1,1,0,0,0,0,0,0,0,0,0,0,0,0,0,0,0,0,0,0,0
"W1U  5",1230,848,0,0,0,0,0,0,0,0,0,57,12,23,145,26,16,18,0,1,3,0,1,3,8,38,9,15,4,2,0,0,0,1,16,1,4,0,0,11,0,0,0,14,7,38,16,0,3,10,0,3,22,4,2,0,0,10,2,0,0,0,0,0,0,4,30,1,8,5,9,2,0,1,0,3,1,0,0,0,0,0,1,0,0,1,0,0,0,0,0,0,0,0,0,0,0,0,0,0,1,0,1,0
"W1U  6",1279,880,1,0,0,0,0,0,0,0,0,99,19,29,107,28,13,16,0,1,1,4,0,3,0,16,7,11,3,4,0,0,0,0,16,0,3,2,0,11,0,0,0,22,4,51,22,1,1,5,0,15,5,0,1,0,0,0,2,0,0,0,0,0,0,2,24,4,1,3,10,2,0,2,0,2,0,0,0,0,0,0,0,0,0,0,0,0,0,0,0,0,0,0,0,0,0,0,0,0,0,0,0,0
"W1U  8",726,506,0,0,0,0,0,0,0,0,0,36,12,19,64,17,10,0,0,1,1,2,0,1,3,9,9,7,3,1,0,0,0,0,7,1,6,0,0,0,0,0,0,8,1,41,8,0,1,5,0,2,5,1,4,0,0,0,0,0,0,0,0,0,0,0,12,1,1,2,6,0,0,0,0,2,0,0,0,0,0,0,6,0,2,4,0,0,0,0,0,0,0,0,0,0,0,0,1,1,0,0,0,0
"W1W  5",1511,1011,1,0,0,0,0,0,0,0,0,53,12,28,128,35,18,12,1,1,8,5,0,1,2,28,7,3,2,2,1,1,1,0,19,4,7,1,1,6,0,0,0,32,9,51,26,1,2,14,0,9,44,5,13,1,0,18,1,0,0,1,0,1,2,2,80,3,11,28,11,4,4,4,2,7,6,0,0,0,0,0,16,0,2,2,0,0,1,0,3,0,0,0,1,4,1,2,1,1,0,0,0,0
"W1W  6",1984,1429,2,2,2,0,0,0,0,0,0,76,22,47,132,23,17,15,0,4,8,3,0,2,0,36,8,4,5,3,3,0,1,0,18,8,7,0,0,3,0,0,0,27,9,54,16,0,6,4,0,6,38,1,2,3,0,29,0,0,0,0,0,0,1,2,88,3,3,27,7,7,2,2,3,30,4,0,0,0,0,0,20,7,2,4,0,1,0,0,0,1,1,0,4,0,0,0,1,1,3,3,0,0
"W1W  7",859,599,0,0,0,0,0,0,0,0,0,34,12,20,88,26,14,4,0,0,5,2,1,1,3,18,3,7,0,2,0,1,0,1,3,0,2,0,0,1,0,0,0,12,11,23,7,2,0,4,0,1,7,1,0,0,0,4,2,0,0,0,0,0,0,0,40,4,0,12,8,7,0,3,2,4,0,0,0,0,0,0,3,2,0,0,0,0,0,0,0,0,0,0,0,0,0,1,0,0,0,0,0,0
"W2   1",7154,4183,0,0,0,0,0,0,0,0,0,205,106,152,445,82,62,42,6,6,14,7,0,8,26,103,26,37,18,2,2,0,1,3,95,51,19,7,0,18,0,0,0,79,24,903,320,2,205,77,11,25,215,37,20,2,0,121,9,1,2,1,7,1,1,13,325,22,20,70,45,14,1,19,62,61,11,0,0,0,0,0,90,18,22,34,1,0,0,3,0,0,1,0,0,3,0,8,11,11,1,1,0,0
"W2   2",5649,3505,1,0,0,0,0,0,0,0,0,200,65,132,413,81,101,38,5,6,9,7,2,5,8,56,21,39,22,8,1,1,0,3,44,13,7,2,0,22,2,0,2,55,16,739,209,6,117,65,1,20,107,54,16,6,0,5,8,0,0,7,2,4,4,1,127,5,10,24,27,6,3,9,16,22,5,1,0,0,0,0,20,2,3,7,0,0,0,1,1,0,0,0,0,2,0,4,13,13,0,0,0,0
"W2   3",7307,4335,1,1,1,0,0,0,0,0,0,422,207,312,948,189,160,59,14,10,11,23,15,18,48,219,67,65,16,15,5,3,0,11,56,16,14,3,3,20,0,0,0,136,31,320,146,6,31,75,2,32,94,19,18,3,0,18,15,0,1,5,9,3,0,3,259,11,21,68,47,20,5,29,37,14,7,0,0,0,0,0,29,4,3,7,0,0,0,10,0,0,0,0,0,2,0,3,9,9,1,1,0,0
"W2   4",7690,5078,1,2,2,0,0,0,0,0,0,365,170,234,959,235,181,38,16,10,18,11,5,20,18,220,56,93,19,4,4,3,0,8,88,13,27,7,0,41,0,0,0,109,31,187,115,6,23,79,1,6,69,2,3,6,0,49,3,0,0,2,0,3,1,0,230,17,8,52,59,18,7,29,19,18,3,0,0,0,0,0,42,10,11,5,0,0,0,0,1,0,3,0,3,0,1,8,10,10,0,0,0,0
"W2   5",10593,7192,2,3,3,0,0,0,0,0,0,345,209,262,674,156,109,61,4,7,19,16,1,4,14,137,55,59,15,7,2,1,1,6,182,138,20,8,1,15,0,0,0,45,45,674,340,21,167,120,15,17,241,8,10,2,0,199,7,0,0,6,1,4,0,4,214,7,21,26,39,7,3,25,18,56,12,0,0,0,0,0,149,24,32,54,0,2,3,1,5,1,8,1,4,1,1,12,9,9,7,6,0,1
"W2   6",8126,5193,3,1,1,0,0,0,0,0,0,311,188,206,666,167,98,63,10,3,19,14,2,18,16,146,37,42,12,13,1,0,0,5,87,50,22,1,1,13,0,0,0,94,24,613,227,2,121,78,10,16,157,18,10,3,0,100,5,0,0,5,6,2,0,8,251,16,14,64,59,6,3,16,40,18,15,0,0,0,0,0,86,17,11,34,1,0,3,1,0,2,0,0,8,3,1,5,16,16,3,2,1,0
"W3   0",6533,3758,5,1,0,0,0,0,0,0,1,53,36,72,730,58,22,465,12,4,14,8,27,19,27,43,6,13,7,2,1,0,0,2,40,18,14,3,3,2,2,2,0,25,9,428,243,1,42,125,29,46,230,39,23,56,0,9,38,4,0,17,0,3,38,3,813,10,13,45,686,9,10,24,3,12,1,0,0,0,0,0,81,1,7,63,0,1,0,0,1,0,0,1,2,1,0,4,5,5,2,1,0,1
"W3   6",12155,8403,5,1,0,0,0,0,0,1,0,167,152,144,1352,79,50,888,47,20,19,45,13,60,28,37,21,18,8,8,2,2,0,7,114,43,46,22,1,2,3,3,0,83,21,529,316,4,72,165,20,55,352,102,18,59,0,50,32,3,0,23,4,8,35,18,212,16,5,60,42,12,5,13,2,32,25,0,0,0,0,0,285,8,24,195,0,5,4,3,6,0,1,1,11,11,2,14,12,12,4,3,0,1
"W3   7",13160,8539,4,5,1,0,0,0,1,0,3,142,152,175,1263,138,55,689,39,15,46,35,15,75,22,53,20,27,10,10,5,1,3,5,166,41,82,22,15,6,0,0,0,106,16,1056,343,4,54,184,49,52,383,114,26,76,0,21,52,0,3,32,5,5,40,9,382,20,18,71,45,23,22,31,24,111,17,0,0,0,0,0,417,21,18,304,0,15,2,7,3,7,1,1,8,2,14,14,6,6,5,3,1,1
"W3   8",10466,6741,1,2,0,0,2,0,0,0,0,126,118,116,1174,75,48,790,31,21,14,35,14,35,42,26,15,11,6,3,5,0,2,1,103,28,51,16,5,3,0,0,0,56,7,330,398,1,73,217,38,69,396,78,26,98,0,40,46,0,4,65,0,8,12,19,255,10,15,66,39,5,7,22,5,76,10,1,1,0,0,0,613,17,18,475,1,23,8,8,24,5,10,0,4,2,5,13,22,22,6,5,1,0
"W3   9",7778,5242,4,3,2,0,0,0,0,1,0,148,75,49,928,72,39,635,18,12,8,17,11,14,21,39,13,10,9,4,2,1,2,1,81,29,33,12,3,4,0,0,0,27,9,220,198,0,34,100,34,30,211,41,9,62,0,13,26,1,0,35,7,7,5,5,446,4,7,32,336,7,2,14,6,26,12,0,0,0,0,0,128,16,5,80,0,4,1,4,2,1,0,1,3,5,1,5,6,6,3,2,1,0
"W4   1",7972,6860,3,1,0,0,0,1,0,0,0,211,48,60,412,63,61,138,9,11,5,11,3,11,7,26,23,21,10,10,2,0,1,0,22,4,9,1,0,8,0,0,0,30,9,55,62,3,9,26,7,17,70,9,10,19,0,9,14,0,0,2,0,3,2,2,90,1,2,9,25,10,3,13,5,16,6,1,0,0,0,0,35,3,2,23,0,0,0,0,4,0,0,0,2,0,0,1,1,1,2,1,0,1
"W4   2",9504,7954,6,0,0,0,0,0,0,0,0,139,51,103,510,73,56,195,19,7,22,10,8,21,16,21,21,25,13,3,0,0,0,0,85,16,40,4,2,23,0,0,0,46,22,104,108,5,23,58,4,18,118,23,6,30,0,12,23,0,1,13,2,2,3,3,143,5,2,40,20,7,6,27,5,26,5,0,0,0,0,0,103,12,8,61,2,2,0,3,1,0,0,0,4,1,1,8,3,3,9,9,0,0
"W4   3",11039,9570,3,5,0,0,0,1,0,4,0,110,41,103,556,98,66,207,13,7,10,14,6,20,32,13,21,24,10,6,3,1,2,3,52,10,25,2,1,14,0,0,0,48,16,91,116,4,18,74,2,18,127,29,12,32,0,6,22,0,1,4,5,0,7,9,120,4,13,35,27,4,0,11,2,13,11,0,1,0,0,0,69,12,3,41,0,0,0,3,4,0,1,1,2,1,1,0,4,4,7,4,2,1
"W4   4",4940,4057,1,1,1,0,0,0,0,0,0,108,38,68,315,48,43,103,7,4,7,11,7,10,6,14,14,24,7,6,2,0,0,2,22,3,15,2,0,2,0,0,0,31,14,49,56,2,2,31,0,21,54,14,8,12,0,1,12,3,1,2,0,0,0,1,83,4,5,5,34,2,0,12,4,8,9,0,0,0,0,0,38,2,2,19,0,1,0,0,3,0,2,0,5,0,1,3,2,2,3,0,0,3
"W4   5",8591,7162,4,0,0,0,0,0,0,0,0,116,70,117,522,87,75,189,19,7,2,6,4,29,15,30,17,24,6,6,1,1,1,3,59,11,24,0,8,16,0,0,0,64,12,43,106,1,10,59,18,18,129,24,6,32,0,9,23,0,2,11,5,2,6,9,97,5,3,22,38,3,0,5,3,15,3,0,1,0,0,0,83,3,5,62,0,2,0,1,1,0,0,0,7,0,1,1,2,2,4,4,0,0
"W5   1",9692,7367,3,1,0,0,0,1,0,0,0,111,73,83,910,70,48,608,12,4,19,21,2,22,37,39,3,7,6,7,2,0,1,2,60,14,33,11,1,1,0,0,0,53,23,227,252,3,27,142,9,71,232,55,35,52,0,8,32,1,4,22,3,5,8,7,245,8,9,41,150,3,0,4,6,22,2,1,0,0,0,0,41,1,4,24,0,2,1,0,0,0,1,1,5,0,0,2,7,7,3,2,0,1
"W5   2",9800,7265,4,0,0,0,0,0,0,0,0,183,68,125,1016,123,57,550,19,17,27,23,8,35,27,64,29,17,8,3,3,2,0,4,53,6,29,6,0,12,0,0,0,54,22,136,242,7,25,156,0,54,182,27,24,51,1,9,24,9,4,12,5,7,4,5,347,10,14,80,201,5,2,15,2,14,4,0,0,0,0,0,95,4,6,44,1,9,1,1,2,0,0,6,12,0,2,7,5,5,3,1,1,1
"W5   3",9816,6872,2,2,0,0,0,0,0,0,2,241,52,96,962,97,48,595,23,7,22,29,10,11,21,63,16,4,3,5,1,2,5,0,81,19,36,12,4,10,0,0,0,49,12,303,257,3,23,145,9,77,309,42,40,92,1,9,68,3,7,25,3,2,8,9,468,9,10,51,338,12,0,4,5,29,10,3,0,1,1,0,98,1,3,71,1,3,1,0,1,0,1,0,10,0,2,4,2,2,6,5,1,0
"W5   4",13832,10721,8,1,1,0,0,0,0,0,0,177,81,107,1440,107,75,890,46,17,38,43,7,76,42,56,10,11,8,6,3,3,1,1,89,30,38,10,6,5,0,0,0,40,14,152,222,9,16,105,18,74,305,29,27,83,0,23,46,9,1,37,9,4,29,8,322,11,11,158,67,14,0,29,7,19,6,0,0,0,0,0,141,2,4,100,0,2,3,2,8,0,0,0,9,1,3,7,10,10,2,1,0,1
"W5   5",4723,3695,1,5,0,0,0,0,0,5,0,103,20,51,377,41,31,171,6,6,6,18,4,17,18,29,8,8,7,3,1,1,0,2,38,9,12,2,5,10,0,0,0,21,5,46,89,1,14,52,2,20,68,12,8,14,0,2,11,0,0,13,1,3,3,1,145,2,5,23,78,6,1,7,7,7,9,0,0,0,0,0,54,2,7,31,0,0,1,0,0,1,0,0,6,0,0,6,3,3,2,1,1,0
"W6   0",11641,9401,5,5,5,0,0,0,0,0,0,298,117,178,542,115,70,159,13,4,12,20,19,34,8,19,27,27,4,7,1,0,1,2,95,51,31,4,1,8,3,3,0,54,42,179,170,7,16,95,30,22,104,27,10,5,1,36,8,2,0,2,6,0,6,1,199,2,11,32,37,2,4,44,3,48,16,0,0,0,0,0,234,40,36,120,0,3,4,1,4,0,1,3,4,3,3,12,10,10,5,4,0,1
"W6   7",5858,4575,2,0,0,0,0,0,0,0,0,218,68,99,349,69,49,75,6,15,18,5,5,21,1,26,23,19,5,5,3,1,0,3,37,8,21,1,1,6,1,1,0,25,10,129,64,1,9,44,0,10,56,15,5,4,0,12,12,0,0,0,1,1,6,0,132,8,12,26,24,5,0,22,4,27,4,1,1,0,0,0,82,17,8,45,0,0,2,1,2,0,0,5,0,1,1,0,7,7,2,2,0,0
"W6   8",8550,6594,5,1,0,0,0,1,0,0,0,292,118,216,450,118,63,118,7,8,17,24,6,22,14,17,7,11,4,5,1,1,3,4,61,38,13,0,3,7,0,0,0,33,24,128,93,1,12,61,4,15,88,25,6,10,0,16,9,0,0,3,5,4,3,7,267,7,17,49,14,4,3,41,4,121,7,1,0,0,0,0,166,20,26,78,1,7,3,1,2,0,0,9,4,0,1,14,7,7,6,5,1,0
"W6   9",8338,6654,0,2,0,0,0,0,0,0,2,161,88,167,499,128,55,122,7,10,6,16,1,40,13,36,21,28,5,5,0,0,2,4,63,28,27,3,1,4,3,3,0,30,30,133,87,0,23,51,2,11,56,12,3,2,0,23,9,0,0,4,1,0,1,1,184,6,7,47,25,7,0,40,8,34,10,0,0,1,1,0,167,20,22,108,0,1,0,1,1,1,0,0,1,4,3,5,8,8,5,4,1,0
"W7   1",9271,6503,0,0,0,0,0,0,0,0,0,55,49,27,1071,24,15,869,7,8,11,22,1,23,58,14,9,3,3,1,1,0,0,2,64,24,29,8,2,1,0,0,0,43,12,183,283,2,58,119,35,69,533,95,24,175,0,10,49,0,0,71,2,3,95,9,101,2,11,18,26,0,1,5,3,23,12,0,1,0,0,0,328,4,8,282,0,2,1,3,6,0,4,3,1,3,4,7,14,14,4,4,0,0
"W7   2",7374,6082,3,0,0,0,0,0,0,0,0,59,33,34,538,20,30,375,8,11,5,10,2,17,28,6,5,6,0,2,4,4,3,2,44,14,24,3,3,0,0,0,0,27,16,38,94,0,8,39,7,40,253,46,30,69,0,7,30,2,0,26,0,5,28,10,66,0,13,16,12,1,2,9,1,5,7,0,0,1,0,1,79,1,2,64,0,0,0,1,2,0,0,1,2,0,0,6,6,6,1,1,0,0
"W7   3",10889,7785,2,3,0,0,0,2,0,0,1,108,61,56,1401,41,16,1106,28,12,33,28,6,35,52,15,9,9,3,7,0,0,1,0,60,13,25,7,5,10,0,0,0,52,26,184,246,0,25,148,26,47,502,69,30,152,1,5,97,0,2,62,9,5,63,7,171,3,0,34,20,1,1,18,4,69,21,0,0,0,0,0,223,5,6,167,0,2,1,6,6,0,1,3,8,4,3,11,7,7,2,2,0,0
"W8   4",3574,2560,2,0,0,0,0,0,0,0,0,217,38,61,348,104,53,29,5,6,4,0,3,2,7,33,32,35,7,19,1,0,5,3,12,4,3,2,0,3,0,0,0,46,15,74,29,3,2,21,0,3,37,2,11,0,0,1,0,0,0,3,0,0,20,0,124,2,5,23,34,4,4,5,8,32,7,0,0,0,0,0,9,4,0,0,0,0,0,1,4,0,0,0,0,0,0,0,2,2,0,0,0,0
"W8   5",4745,3293,0,0,0,0,0,0,0,0,0,377,50,109,369,123,77,22,5,10,4,7,1,3,10,37,20,30,4,4,7,4,0,1,40,2,19,1,0,18,0,0,0,80,28,91,62,1,6,42,0,13,20,5,5,0,0,7,2,0,0,0,0,0,1,0,208,6,1,38,58,6,14,34,4,36,11,0,0,0,0,0,14,2,3,0,0,1,2,0,0,0,0,0,3,0,0,3,4,4,0,0,0,0
"W8   6",5749,3961,1,0,0,0,0,0,0,0,0,386,83,176,459,145,94,36,8,2,4,5,0,3,5,50,36,35,15,7,4,2,3,5,42,3,25,3,0,11,4,4,0,78,22,160,93,3,9,65,0,16,40,12,5,4,1,6,4,0,0,1,0,0,1,6,228,10,3,53,44,11,3,25,5,53,21,0,0,0,0,0,12,5,1,0,0,0,0,0,0,0,0,0,4,0,0,2,2,2,2,0,0,2
"W8   7",5577,4124,2,0,0,0,0,0,0,0,0,369,69,116,341,101,72,16,2,2,3,0,0,7,7,37,21,53,6,12,1,0,1,0,47,6,12,6,0,23,0,0,0,75,24,149,76,2,4,61,0,9,19,4,3,3,0,2,2,0,0,2,0,3,0,0,142,2,6,30,56,4,0,4,6,27,7,0,0,0,0,0,20,4,3,5,0,2,0,0,0,0,0,0,3,0,0,3,4,4,0,0,0,0
"W9   1",12400,9071,2,1,0,0,0,1,0,0,0,316,125,197,759,183,151,80,11,8,11,13,3,12,16,115,68,45,21,3,2,7,2,8,99,44,29,0,1,25,0,0,0,65,40,834,460,17,192,217,8,26,122,18,18,8,0,48,9,1,1,11,0,1,2,5,247,11,15,32,108,12,1,6,11,43,8,0,0,0,0,0,48,7,10,15,0,0,1,0,2,0,0,0,4,0,1,8,7,7,7,7,0,0
"W9   2",10592,7532,3,2,1,0,0,0,0,1,0,195,212,173,695,186,102,87,13,7,11,18,11,19,19,82,49,52,19,7,1,1,1,10,159,86,42,3,3,25,0,0,0,67,39,611,298,8,129,126,22,13,232,8,16,1,0,169,16,3,2,9,0,1,1,6,197,3,12,33,31,12,3,5,8,80,10,2,1,0,0,0,153,22,18,53,0,4,7,6,3,1,4,0,1,9,4,21,10,10,11,2,5,4
"W9   3",12936,9258,2,3,3,0,0,0,0,0,0,196,286,229,642,170,67,134,22,29,9,14,7,22,12,70,29,35,5,9,3,1,0,4,191,133,37,3,7,11,0,0,0,66,50,863,250,4,142,80,9,15,409,24,13,4,1,316,5,0,0,14,1,7,8,16,233,8,8,28,15,6,3,13,6,126,20,1,0,0,0,0,235,40,53,97,0,1,4,3,2,3,6,3,6,5,1,11,14,14,8,4,4,0
"WA1  1",779,627,0,0,0,0,0,0,0,0,0,4,0,0,62,0,0,25,20,5,1,3,1,5,0,2,0,0,0,0,0,0,0,0,0,0,0,0,0,0,0,0,0,3,7,15,11,0,6,3,0,2,38,9,3,10,0,4,1,0,6,1,1,2,1,0,11,0,0,9,0,0,0,2,0,0,0,0,0,0,0,0,1,0,0,0,0,0,0,0,0,0,0,0,0,0,0,1,0,0,0,0,0,0
"WA1  2",2125,1848,0,2,2,0,0,0,0,0,0,0,4,0,192,3,1,113,38,9,2,6,3,14,2,0,0,1,0,0,0,0,0,0,3,1,2,0,0,0,0,0,0,2,2,3,1,0,1,0,0,0,38,1,4,6,0,2,0,0,9,2,14,0,0,0,28,1,0,7,0,0,0,1,1,18,0,0,0,0,0,0,0,0,0,0,0,0,0,0,0,0,0,0,0,0,0,0,1,1,1,0,0,1
"WA1  3",9651,9363,2,1,0,0,0,1,0,0,0,3,3,4,180,0,7,103,29,9,0,6,19,6,0,0,1,0,0,0,0,0,0,0,0,0,0,0,0,0,0,0,0,1,2,2,7,1,4,0,0,2,30,5,0,6,0,7,1,2,0,6,3,0,0,0,40,2,8,17,3,0,3,1,1,3,2,0,0,0,0,0,9,0,0,0,0,0,1,0,1,0,0,3,0,0,0,4,0,0,4,3,0,1
"WA1  4",8218,8092,4,1,1,0,0,0,0,0,0,6,1,4,60,2,3,12,7,1,0,0,32,0,0,0,2,0,0,0,0,0,1,0,2,0,0,2,0,0,0,0,0,2,1,0,9,0,2,7,0,0,11,6,0,2,0,0,2,0,0,0,1,0,0,0,22,1,6,9,0,0,0,2,0,3,1,0,0,0,0,0,0,0,0,0,0,0,0,0,0,0,0,0,0,0,0,0,2,2,1,1,0,0
"WA10 1",2215,2115,0,0,0,0,0,0,0,0,0,1,2,2,49,4,0,9,20,1,3,5,2,5,0,0,0,0,0,0,0,0,0,0,0,0,0,0,0,0,0,0,0,0,1,3,2,0,0,2,0,0,16,0,0,0,0,0,0,0,0,4,12,0,0,0,21,0,6,3,0,0,2,2,0,7,1,0,0,0,0,0,0,0,0,0,0,0,0,0,0,0,0,0,0,0,0,0,1,1,2,1,1,0
"WA10 2",4665,4597,1,1,0,0,0,0,0,1,0,1,0,1,32,4,3,20,3,0,0,0,0,1,0,1,0,0,0,0,0,0,0,0,0,0,0,0,0,0,0,0,0,0,1,8,2,0,0,0,0,2,9,0,0,1,0,5,3,0,0,0,0,0,0,0,8,0,0,4,1,0,0,3,0,0,0,0,0,0,0,0,0,0,0,0,0,0,0,0,0,0,0,0,0,0,0,0,0,0,4,4,0,0
"WA10 3",9059,8946,1,1,0,0,0,0,0,1,0,2,1,1,66,3,1,45,5,3,0,0,4,0,2,1,2,0,0,0,0,0,0,0,0,0,0,0,0,0,0,0,0,1,5,9,0,0,0,0,0,0,7,0,2,2,0,2,0,0,0,1,0,0,0,0,16,1,5,4,1,0,0,1,0,4,0,0,0,0,0,0,0,0,0,0,0,0,0,0,0,0,0,0,0,0,0,0,0,0,3,3,0,0
"WA10 4",7923,7847,0,0,0,0,0,0,0,0,0,5,1,0,24,4,0,14,4,0,0,0,0,0,1,1,0,0,0,0,0,0,0,0,0,0,0,0,0,0,0,0,0,4,4,2,2,0,1,1,0,0,21,0,2,0,0,9,0,0,0,6,4,0,0,0,9,2,1,3,0,0,0,3,0,0,0,0,0,0,0,0,1,0,0,0,0,0,0,0,1,0,0,0,0,0,0,0,2,2,1,1,0,0
"WA10 5",5926,5902,0,0,0,0,0,0,0,0,0,2,0,3,11,1,0,0,3,0,0,0,0,0,0,3,0,0,3,1,0,0,0,0,0,0,0,0,0,0,0,0,0,0,0,1,0,0,0,0,0,0,2,0,0,2,0,0,0,0,0,0,0,0,0,0,3,0,1,2,0,0,0,0,0,0,0,0,0,0,0,0,2,0,0,0,0,0,1,0,0,0,0,0,1,0,0,0,0,0,0,0,0,0
"WA10 6",7531,7460,0,0,0,0,0,0,0,0,0,1,1,7,22,3,1,7,1,0,3,0,5,0,1,0,0,1,0,0,0,0,0,0,0,0,0,0,0,0,0,0,0,2,0,0,9,0,0,9,0,0,11,3,0,0,0,6,0,0,0,2,0,0,0,0,12,0,6,1,0,0,0,3,0,2,0,0,0,0,0,0,0,0,0,0,0,0,0,0,0,0,0,0,0,0,0,0,1,1,5,4,0,1
"WA11 0",15709,15561,0,0,0,0,0,0,0,0,0,2,1,4,79,0,2,19,44,0,1,7,0,3,2,0,0,1,0,0,0,0,0,0,0,0,0,0,0,0,0,0,0,2,8,3,3,0,3,0,0,0,20,0,6,0,0,0,0,0,2,9,0,3,0,0,18,2,8,3,0,1,0,0,0,3,1,0,0,0,0,0,4,0,0,0,0,0,0,0,0,0,0,0,4,0,0,0,0,0,4,2,0,2
"WA11 7",6377,6328,1,0,0,0,0,0,0,0,0,0,1,3,20,2,0,12,2,0,0,2,1,0,0,1,0,0,0,0,0,0,0,0,0,0,0,0,0,0,0,0,0,0,5,2,1,0,1,0,0,0,9,3,0,1,0,2,0,0,0,3,0,0,0,0,7,2,1,3,0,0,0,0,0,0,1,0,0,0,0,0,0,0,0,0,0,0,0,0,0,0,0,0,0,0,0,0,0,0,0,0,0,0
"WA11 8",5789,5735,3,0,0,0,0,0,0,0,0,1,0,2,33,6,7,7,0,0,2,0,5,3,0,1,1,0,1,0,0,0,0,0,0,0,0,0,0,0,0,0,0,0,0,1,0,0,0,0,0,0,0,0,0,0,0,0,0,0,0,0,0,0,0,0,14,1,5,3,0,0,0,1,0,4,0,0,0,0,0,0,0,0,0,0,0,0,0,0,0,0,0,0,0,0,0,0,0,0,0,0,0,0
"WA11 9",11391,11312,2,0,0,0,0,0,0,0,0,1,0,4,15,2,1,3,1,4,0,2,0,1,0,0,0,1,0,0,0,0,0,0,0,0,0,0,0,0,0,0,0,1,3,8,0,0,0,0,0,0,3,0,0,0,0,0,0,0,0,3,0,0,0,0,35,0,0,3,0,0,0,3,0,27,2,0,0,0,0,0,0,0,0,0,0,0,0,0,0,0,0,0,0,0,0,0,3,3,4,3,1,0
"WA12 0",4109,4075,0,0,0,0,0,0,0,0,0,0,0,2,13,0,0,5,0,1,0,0,0,2,5,0,0,0,0,0,0,0,0,0,1,1,0,0,0,0,0,0,0,0,0,0,0,0,0,0,0,0,3,0,0,1,0,1,1,0,0,0,0,0,0,0,14,4,4,3,0,0,0,0,0,3,0,0,0,0,0,0,1,0,0,0,0,0,0,0,0,0,0,0,1,0,0,0,0,0,0,0,0,0
"WA12 8",7571,7509,1,1,0,0,0,0,0,1,0,1,3,2,24,2,4,3,2,4,0,3,0,0,2,1,0,0,0,0,0,0,2,1,1,0,0,0,0,1,0,0,0,2,0,3,0,0,0,0,0,0,19,2,4,1,0,6,3,0,0,1,0,0,0,2,4,0,0,2,0,0,0,2,0,0,0,0,0,0,0,0,0,0,0,0,0,0,0,0,0,0,0,0,0,0,0,0,0,0,1,1,0,0
"WA12 9",9370,9218,3,0,0,0,0,0,0,0,0,9,1,6,55,3,0,27,3,0,3,0,0,9,1,2,3,2,1,1,0,0,0,0,1,0,0,0,0,1,0,0,0,0,4,3,2,0,1,0,0,1,29,2,0,0,0,17,0,0,0,4,2,0,0,4,34,2,10,12,0,0,1,6,0,1,2,0,0,0,0,0,0,0,0,0,0,0,0,0,0,0,0,0,0,0,0,0,3,3,2,2,0,0
"WA13 0",6522,6431,0,0,0,0,0,0,0,0,0,7,4,2,44,2,3,20,2,4,3,1,0,2,0,0,1,0,5,0,1,0,0,0,0,0,0,0,0,0,0,0,0,2,1,2,0,0,0,0,0,0,11,1,0,3,0,2,0,0,0,2,3,0,0,0,12,1,0,10,0,0,0,1,0,0,0,0,0,0,0,0,6,0,0,0,0,0,0,0,0,0,0,0,6,0,0,0,0,0,0,0,0,0
"WA13 9",5856,5762,2,0,0,0,0,0,0,0,0,12,5,3,38,1,11,12,0,4,1,1,0,2,1,2,0,1,0,2,0,0,0,0,0,0,0,0,0,0,0,0,0,3,3,7,0,0,0,0,0,0,6,0,0,2,0,1,0,0,0,3,0,0,0,0,10,0,3,2,2,0,0,3,0,0,0,0,0,0,0,0,1,0,0,0,0,0,0,0,1,0,0,0,0,0,0,0,1,1,3,1,0,2
"WA14 1",2954,2788,3,0,0,0,0,0,0,0,0,6,1,7,95,4,6,68,1,5,3,0,0,1,0,2,1,1,0,2,0,1,0,0,3,0,3,0,0,0,0,0,0,5,0,4,4,0,1,3,0,0,12,2,0,0,1,1,0,0,0,4,1,0,0,3,18,6,0,3,1,0,0,3,0,5,0,1,0,0,0,0,3,0,0,0,0,0,1,0,0,0,0,0,0,0,0,2,2,2,2,2,0,0
"WA14 2",5446,5182,0,1,0,0,0,1,0,0,0,17,3,12,142,16,7,42,12,11,11,0,0,3,16,2,0,9,0,4,0,1,0,8,4,0,4,0,0,0,0,0,0,5,7,6,9,0,0,8,0,1,27,12,4,5,0,0,0,0,0,0,3,2,0,1,23,1,1,9,4,0,0,0,1,3,4,0,0,1,1,0,5,0,0,2,0,0,0,0,0,0,0,1,2,0,0,0,2,2,0,0,0,0
"WA14 3",4243,4067,2,0,0,0,0,0,0,0,0,7,0,13,54,1,8,15,4,1,2,0,0,1,5,1,10,0,3,0,0,0,0,3,2,2,0,0,0,0,0,0,0,0,0,8,4,0,0,4,0,0,63,28,7,7,0,2,4,2,0,5,4,0,3,1,21,1,2,5,1,0,0,5,0,7,0,0,0,0,0,0,1,0,0,0,0,0,0,0,0,0,0,0,1,0,0,0,0,0,1,1,0,0
"WA14 4",6582,6295,3,3,1,0,1,0,0,1,0,29,2,6,89,4,8,40,11,7,1,1,0,9,1,1,2,3,0,1,0,0,0,0,0,0,0,0,0,0,0,0,0,4,1,12,14,0,0,9,4,1,61,23,12,10,0,1,11,0,0,4,0,0,0,0,55,2,13,27,2,1,1,1,0,6,2,0,0,0,0,0,3,0,0,0,0,2,0,0,0,0,0,0,1,0,0,0,0,0,5,3,2,0
"WA14 5",7356,6912,8,0,0,0,0,0,0,0,0,12,7,18,175,6,13,110,18,4,8,4,0,1,0,5,2,2,1,0,0,0,1,0,3,1,1,1,0,0,0,0,0,2,5,8,8,0,2,6,0,0,96,26,12,6,0,11,4,0,5,7,18,0,0,7,84,8,17,43,2,5,0,3,0,5,1,0,0,0,0,0,11,1,0,0,0,0,1,0,1,0,0,1,1,0,0,6,1,1,6,5,0,1
"WA15 0",4823,4529,2,0,0,0,0,0,0,0,0,10,7,4,62,6,8,20,1,1,0,0,5,1,3,8,9,0,0,0,0,0,0,0,6,2,3,0,0,1,0,0,0,0,1,13,38,0,6,31,1,0,106,53,6,29,1,3,7,0,1,3,0,0,3,0,42,0,4,3,11,0,0,2,1,14,7,0,0,0,0,0,1,0,0,0,0,1,0,0,0,0,0,0,0,0,0,0,2,2,0,0,0,0
"WA15 6",12221,11975,5,0,0,0,0,0,0,0,0,7,3,13,86,10,9,34,9,1,7,1,2,2,0,1,4,1,4,1,0,0,0,0,10,2,5,3,0,0,0,0,0,15,4,9,15,0,0,14,0,1,34,4,5,2,0,0,9,0,0,9,5,0,0,0,36,2,6,19,1,0,0,6,2,0,0,0,0,0,0,0,7,0,0,0,0,0,2,0,0,0,0,4,1,0,0,0,0,0,2,2,0,0
"WA15 7",10062,9768,3,0,0,0,0,0,0,0,0,5,8,2,77,4,6,39,2,1,6,2,0,6,0,2,4,0,0,0,0,1,2,2,15,13,1,0,0,1,0,0,0,12,2,23,21,0,1,17,2,1,62,20,0,15,0,1,3,2,0,2,17,2,0,0,58,3,11,31,1,0,2,4,4,2,0,0,0,0,0,0,3,0,0,0,0,0,0,2,0,0,0,0,0,0,1,0,1,1,2,0,1,1
"WA15 8",8453,7937,4,0,0,0,0,0,0,0,0,14,7,11,137,14,8,48,30,9,2,2,0,1,3,10,4,1,1,0,0,0,0,4,16,10,5,0,0,1,0,0,0,8,0,21,32,5,0,26,0,1,179,64,21,21,0,20,8,0,3,17,5,0,2,18,79,4,20,34,7,1,1,1,1,9,1,0,0,0,0,0,6,0,0,0,0,0,0,0,0,0,0,0,0,5,0,1,1,1,1,1,0,0
"WA15 9",5535,5361,7,0,0,0,0,0,0,0,0,17,1,15,78,6,12,24,12,5,5,1,0,2,1,3,6,1,0,0,0,0,0,0,4,3,1,0,0,0,0,0,0,0,0,2,6,4,0,2,0,0,20,5,0,2,0,1,1,4,3,0,0,0,4,0,22,0,2,10,2,4,0,3,0,0,1,0,0,0,0,0,2,0,0,1,0,0,0,0,0,0,0,0,0,0,0,1,0,0,0,0,0,0
"WA16 0",5697,5621,1,0,0,0,0,0,0,0,0,6,2,8,41,6,5,18,1,1,7,1,0,1,0,0,1,0,0,0,0,0,0,0,0,0,0,0,0,0,0,0,0,3,0,1,3,0,0,3,0,0,3,0,0,0,0,0,2,0,0,0,0,0,0,1,5,0,0,3,0,0,0,1,0,1,0,0,0,0,0,0,0,0,0,0,0,0,0,0,0,0,0,0,0,0,0,0,1,1,2,2,0,0
"WA16 6",2867,2798,1,1,1,0,0,0,0,0,0,1,1,7,33,4,1,18,1,2,1,0,0,2,0,1,1,2,0,0,0,0,0,0,0,0,0,0,0,0,0,0,0,0,1,2,6,0,0,6,0,0,11,3,3,0,0,0,0,0,0,0,0,0,5,0,5,0,0,1,2,0,0,1,0,1,0,0,0,0,0,0,0,0,0,0,0,0,0,0,0,0,0,0,0,0,0,0,0,0,0,0,0,0
"WA16 7",3188,3153,0,0,0,0,0,0,0,0,0,2,0,2,11,1,0,7,0,0,0,0,0,0,1,0,0,1,0,1,0,0,0,0,0,0,0,0,0,0,0,0,0,0,0,3,2,0,0,1,1,0,4,2,1,0,0,0,0,0,0,1,0,0,0,0,5,0,1,3,0,0,0,0,0,0,1,0,0,0,0,0,5,0,0,0,0,0,0,0,1,0,0,1,2,0,0,1,0,0,1,1,0,0
"WA16 8",7356,7180,2,0,0,0,0,0,0,0,0,7,2,11,67,5,2,36,0,3,2,0,0,3,4,1,0,2,2,5,0,1,1,0,3,1,0,1,0,1,0,0,0,2,2,0,2,0,0,2,0,0,57,2,2,0,0,3,1,0,2,1,40,0,2,4,20,3,0,4,1,0,0,0,1,8,3,0,0,0,0,0,1,0,0,0,0,0,0,0,0,0,0,0,0,0,0,1,0,0,0,0,0,0
"WA16 9",3625,3580,0,0,0,0,0,0,0,0,0,3,2,3,19,0,1,7,2,0,0,0,0,1,0,0,2,4,1,1,0,0,0,0,1,0,0,0,0,1,0,0,0,1,0,2,2,0,0,2,0,0,9,1,0,0,0,3,0,0,0,2,3,0,0,0,3,0,1,0,0,0,2,0,0,0,0,0,0,0,0,0,0,0,0,0,0,0,0,0,0,0,0,0,0,0,0,0,0,0,0,0,0,0
"WA2  0",16950,16604,3,1,1,0,0,0,0,0,0,9,4,3,216,3,2,150,27,2,6,2,11,4,0,1,2,1,0,4,1,0,0,0,1,1,0,0,0,0,0,0,0,5,9,19,11,0,7,3,0,1,14,4,2,4,0,0,0,4,0,0,0,0,0,0,29,4,9,5,1,0,0,7,0,3,0,0,0,0,0,0,5,0,0,0,0,1,0,0,0,0,0,1,3,0,0,0,0,0,17,13,0,4
"WA2  7",7081,6378,1,1,1,0,0,0,0,0,0,7,7,3,499,2,0,240,114,15,4,3,67,45,7,1,0,0,0,0,0,0,1,0,2,1,0,0,0,1,0,0,0,12,7,19,15,0,9,1,3,2,86,25,25,11,0,8,1,2,5,4,0,0,0,5,41,4,2,15,1,0,2,4,0,11,2,0,0,0,0,0,0,0,0,0,0,0,0,0,0,0,0,0,0,0,0,0,0,0,3,2,1,0
"WA2  8",5664,5525,5,0,0,0,0,0,0,0,0,2,2,4,81,0,5,32,15,5,0,9,9,6,0,0,0,0,0,0,0,0,0,0,0,0,0,0,0,0,0,0,0,3,7,1,2,0,2,0,0,0,15,2,1,6,0,0,0,2,0,0,4,0,0,0,11,1,5,3,1,0,0,1,0,0,0,0,2,0,0,0,1,0,0,1,0,0,0,0,0,0,0,0,0,0,0,0,1,1,2,2,0,0
"WA2  9",9355,9086,1,0,0,0,0,0,0,0,0,0,2,1,205,2,3,130,28,3,5,0,19,14,0,1,0,0,0,0,0,0,0,0,0,0,0,0,0,0,0,0,0,0,4,8,4,0,4,0,0,0,14,4,3,3,0,1,0,2,1,0,0,0,0,0,23,3,1,8,0,0,0,5,0,5,1,0,0,0,0,0,4,0,0,0,0,0,1,0,0,0,0,0,3,0,0,0,0,0,3,1,0,2
"WA3  1",3238,3209,0,0,0,0,0,0,0,0,0,0,0,1,5,1,2,0,0,0,0,2,0,0,0,0,0,0,0,0,0,0,0,0,1,0,0,0,0,1,0,0,0,1,2,1,0,0,0,0,0,0,8,0,0,0,0,8,0,0,0,0,0,0,0,0,10,0,4,3,0,0,0,2,0,1,0,0,0,0,0,0,0,0,0,0,0,0,0,0,0,0,0,0,0,0,0,0,0,0,0,0,0,0
"WA3  2",9500,9426,1,0,0,0,0,0,0,0,0,3,3,1,22,0,5,7,3,1,0,0,0,1,0,1,2,0,0,0,1,0,1,0,0,0,0,0,0,0,0,0,0,2,3,1,3,0,3,0,0,0,6,2,0,0,0,0,1,1,0,0,0,1,0,1,25,1,2,18,0,0,0,2,1,1,0,1,0,0,0,0,0,0,0,0,0,0,0,0,0,0,0,0,0,0,0,0,0,0,3,1,2,0
"WA3  3",9808,9690,1,0,0,0,0,0,0,0,0,10,0,1,54,0,2,33,1,1,0,7,6,2,0,0,2,0,0,0,0,0,0,0,0,0,0,0,0,0,0,0,0,1,1,2,9,0,0,9,0,0,14,8,0,2,0,0,2,0,0,1,1,0,0,0,18,0,2,7,1,0,0,7,1,0,0,0,0,0,0,0,7,0,0,0,0,0,0,0,0,0,1,2,0,0,0,4,0,0,0,0,0,0
"WA3  4",4522,4482,3,0,0,0,0,0,0,0,0,1,2,2,9,1,0,1,0,0,0,0,4,2,0,1,0,0,0,0,0,0,0,0,0,0,0,0,0,0,0,0,0,1,0,5,0,0,0,0,0,0,5,1,0,0,0,0,0,0,0,0,4,0,0,0,11,0,1,3,0,0,2,4,0,0,1,0,0,0,0,0,0,0,0,0,0,0,0,0,0,0,0,0,0,0,0,0,0,0,1,0,0,1
"WA3  5",4360,4319,6,0,0,0,0,0,0,0,0,3,1,1,13,1,2,5,2,0,1,0,0,0,0,0,1,1,0,0,0,0,0,0,0,0,0,0,0,0,0,0,0,0,2,0,0,0,0,0,0,0,7,1,0,2,0,4,0,0,0,0,0,0,0,0,6,0,2,1,0,0,0,3,0,0,0,0,0,0,0,0,2,0,0,0,0,0,0,0,0,0,0,0,1,0,0,1,0,0,0,0,0,0
"WA3  6",10262,9904,4,0,0,0,0,0,0,0,0,14,4,5,171,9,3,113,11,7,3,8,4,4,2,1,3,0,0,1,2,0,0,0,3,1,0,1,0,1,0,0,0,6,6,6,9,1,3,3,2,0,65,24,0,11,0,3,10,5,3,7,0,2,0,0,40,5,6,16,0,1,6,2,1,2,1,2,0,0,0,0,20,0,2,4,1,0,2,0,0,1,0,1,2,0,1,6,1,1,2,0,0,2
"WA3  7",4462,4386,3,1,0,0,1,0,0,0,0,0,0,0,35,3,3,21,5,0,0,0,3,0,0,0,0,0,0,0,0,0,0,0,0,0,0,0,0,0,0,0,0,3,2,6,0,0,0,0,0,0,9,0,0,4,0,0,0,2,3,0,0,0,0,0,14,0,0,4,0,0,2,2,0,5,1,0,0,0,0,0,2,1,0,1,0,0,0,0,0,0,0,0,0,0,0,0,0,0,1,0,0,1
"WA4  1",9567,9143,7,1,1,0,0,0,0,0,0,7,3,0,287,2,3,197,36,2,2,5,17,20,0,1,0,1,0,1,0,0,0,0,0,0,0,0,0,0,0,0,0,9,4,7,4,0,4,0,0,0,37,9,4,9,0,4,0,3,2,2,0,0,2,2,45,0,1,15,0,0,0,2,0,22,5,0,0,0,0,0,4,0,0,0,0,0,0,0,0,0,0,3,1,0,0,0,4,4,5,4,1,0
"WA4  2",12787,12621,12,1,1,0,0,0,0,0,0,8,0,2,63,6,7,39,3,0,0,0,2,1,0,3,1,0,0,0,1,0,0,0,2,0,2,0,0,0,0,0,0,6,1,4,5,0,5,0,0,0,16,1,3,0,0,2,1,0,4,2,1,0,2,0,39,1,7,11,0,0,0,18,1,0,1,0,0,0,0,0,3,0,0,0,0,0,0,0,0,0,0,0,0,0,0,3,1,1,3,2,0,1
"WA4  3",4059,4018,0,0,0,0,0,0,0,0,0,3,0,2,10,1,2,5,0,0,0,0,0,2,0,0,0,0,0,0,0,0,0,0,1,0,1,0,0,0,0,0,0,0,1,0,0,0,0,0,0,0,7,5,0,0,0,0,1,0,1,0,0,0,0,0,4,0,0,2,0,0,0,2,0,0,0,0,0,0,0,0,8,0,0,0,0,0,0,0,0,0,0,3,0,0,0,5,2,2,3,2,0,1
"WA4  4",3250,3221,2,0,0,0,0,0,0,0,0,1,1,1,6,0,2,1,0,1,0,0,0,0,0,2,0,0,0,0,0,0,0,0,0,0,0,0,0,0,0,0,0,0,0,5,0,0,0,0,0,0,6,1,0,2,0,0,0,0,2,0,0,0,0,1,5,0,4,1,0,0,0,0,0,0,0,0,0,0,0,0,0,0,0,0,0,0,0,0,0,0,0,0,0,0,0,0,2,2,0,0,0,0
"WA4  5",7111,7008,3,0,0,0,0,0,0,0,0,5,3,0,19,2,4,0,0,0,0,0,0,0,2,0,4,0,4,1,0,0,0,2,1,0,0,0,0,1,0,0,0,0,0,3,6,0,1,2,3,0,42,5,2,8,0,5,1,0,7,9,3,0,1,1,21,1,5,9,0,1,0,2,2,0,1,0,0,0,0,0,0,0,0,0,0,0,0,0,0,0,0,0,0,0,0,0,0,0,0,0,0,0
"WA4  6",8400,8234,3,0,0,0,0,0,0,0,0,19,3,6,71,10,11,31,1,4,1,1,1,2,3,0,1,0,0,1,0,0,2,2,1,0,0,0,0,1,0,0,0,4,0,8,7,1,2,3,1,0,22,5,0,7,0,4,2,0,3,0,0,1,0,0,21,3,4,7,0,0,0,3,0,2,2,0,0,0,0,0,0,0,0,0,0,0,0,0,0,0,0,0,0,0,0,0,1,1,0,0,0,0
"WA5  0",5585,5149,2,0,0,0,0,0,0,0,0,1,1,2,278,3,4,211,19,5,6,8,14,7,0,0,1,0,0,0,0,0,0,0,0,0,0,0,0,0,0,0,0,3,7,9,14,0,13,0,1,0,72,14,9,9,0,5,0,0,7,7,21,0,0,0,38,0,10,7,0,0,1,2,0,18,0,0,0,0,0,0,8,0,0,0,0,0,1,0,0,0,0,1,1,0,5,0,0,0,1,0,0,1
"WA5  1",12579,12018,3,3,0,0,0,2,0,1,0,3,4,8,258,4,2,149,43,5,1,2,27,14,4,3,0,1,1,0,1,0,1,0,1,1,0,0,0,0,0,0,0,0,3,5,18,0,15,3,0,0,115,59,7,14,0,2,2,0,2,8,16,0,0,5,128,2,11,27,3,0,0,1,0,81,3,0,0,0,0,0,3,0,0,0,0,0,0,1,0,0,0,0,0,0,0,2,4,4,5,5,0,0
"WA5  2",9904,9796,2,1,0,0,0,1,0,0,0,0,3,3,37,1,11,16,0,2,2,0,0,0,3,2,0,0,0,0,0,0,0,0,0,0,0,0,0,0,0,0,0,1,1,1,3,0,2,1,0,0,32,7,1,7,0,6,2,0,3,4,0,0,0,2,18,0,2,8,1,0,0,3,0,1,3,0,0,0,0,0,2,0,0,2,0,0,0,0,0,0,0,0,0,0,0,0,2,2,2,2,0,0
"WA5  3",10775,10602,2,0,0,0,0,0,0,0,0,4,2,8,44,6,7,21,0,1,0,0,0,1,4,1,3,0,0,0,0,0,0,0,4,0,1,1,0,2,0,0,0,1,1,4,2,0,0,0,2,0,74,16,4,11,0,3,3,0,12,15,4,0,0,6,20,0,6,4,1,0,0,1,1,7,0,0,0,0,0,0,6,0,0,0,0,0,2,0,0,0,0,1,0,0,3,0,1,1,0,0,0,0
"WA5  4",3810,3770,0,1,0,0,0,0,0,1,0,0,0,4,20,1,3,10,0,0,0,4,0,0,1,0,0,1,0,0,0,0,0,0,0,0,0,0,0,0,0,0,0,1,0,0,1,0,0,0,0,1,4,0,1,0,0,0,2,0,0,1,0,0,0,0,8,0,1,2,0,0,0,1,1,2,1,0,0,0,0,0,0,0,0,0,0,0,0,0,0,0,0,0,0,0,0,0,0,0,1,0,0,1
"WA5  7",1670,1603,0,0,0,0,0,0,0,0,0,1,1,1,17,1,6,0,1,0,0,3,1,0,1,0,1,1,1,0,0,0,0,1,0,0,0,0,0,0,0,0,0,0,1,6,3,3,0,0,0,0,28,8,1,8,0,0,0,0,0,2,3,0,0,6,9,0,3,5,0,0,0,0,0,1,0,0,0,0,0,0,0,0,0,0,0,0,0,0,0,0,0,0,0,0,0,0,0,0,0,0,0,0
"WA5  8",6507,6188,1,0,0,0,0,0,0,0,0,6,1,11,34,1,6,14,0,1,5,0,0,1,1,1,4,0,0,0,0,0,0,0,1,0,1,0,0,0,0,0,0,3,2,6,6,0,0,5,1,0,190,49,29,30,0,10,4,0,30,23,4,0,0,11,52,4,4,20,0,2,0,10,2,10,0,0,0,0,0,0,5,0,0,1,0,0,0,0,0,0,0,0,4,0,0,0,1,1,0,0,0,0
"WA5  9",5393,5224,2,0,0,0,0,0,0,0,0,2,1,5,65,2,9,36,0,0,6,2,0,6,3,0,1,0,0,0,0,0,0,0,1,0,0,0,0,1,0,0,0,3,1,5,1,0,1,0,0,0,40,7,6,5,0,4,5,0,0,12,0,0,0,1,38,0,8,15,2,0,0,0,0,13,0,0,0,0,0,0,2,0,0,0,0,0,2,0,0,0,0,0,0,0,0,0,1,1,2,2,0,0
"WA6  0",3732,3686,0,0,0,0,0,0,0,0,0,1,1,5,15,0,5,2,2,0,2,0,0,0,0,2,1,0,1,0,0,0,0,0,1,0,0,0,0,1,0,0,0,2,2,1,0,0,0,0,0,0,10,2,0,0,0,8,0,0,0,0,0,0,0,0,7,0,3,2,0,0,0,0,0,1,1,0,0,0,0,0,1,0,0,0,0,0,0,0,0,0,0,0,1,0,0,0,0,0,0,0,0,0
"WA6  6",4578,4537,0,0,0,0,0,0,0,0,0,0,0,2,21,1,2,6,1,1,5,0,0,0,0,2,1,0,1,1,0,0,0,0,0,0,0,0,0,0,0,0,0,1,0,1,3,0,0,3,0,0,1,0,0,0,0,0,0,1,0,0,0,0,0,0,12,1,0,1,1,0,0,2,0,7,0,0,0,0,0,0,0,0,0,0,0,0,0,0,0,0,0,0,0,0,0,0,0,0,0,0,0,0
"WA6  7",5292,5223,1,1,0,0,0,0,0,1,0,5,1,6,17,2,0,8,4,1,0,0,0,0,0,0,1,1,0,0,0,0,0,0,2,0,1,0,0,1,0,0,0,0,0,2,0,0,0,0,0,0,3,0,0,0,0,1,0,0,0,0,2,0,0,0,27,1,3,6,4,0,0,0,0,11,2,0,0,0,0,0,0,0,0,0,0,0,0,0,0,0,0,0,0,0,0,0,0,0,4,4,0,0
"WA6  8",2428,2418,1,0,0,0,0,0,0,0,0,0,1,0,5,0,0,5,0,0,0,0,0,0,0,0,0,0,0,0,0,0,0,0,0,0,0,0,0,0,0,0,0,1,0,2,0,0,0,0,0,0,0,0,0,0,0,0,0,0,0,0,0,0,0,0,0,0,0,0,0,0,0,0,0,0,0,0,0,0,0,0,0,0,0,0,0,0,0,0,0,0,0,0,0,0,0,0,0,0,0,0,0,0
"WA6  9",2409,2389,1,0,0,0,0,0,0,0,0,0,0,2,10,1,4,0,0,0,4,0,0,0,0,0,1,0,0,0,0,0,0,0,0,0,0,0,0,0,0,0,0,2,0,0,0,0,0,0,0,0,1,1,0,0,0,0,0,0,0,0,0,0,0,0,0,0,0,0,0,0,0,0,0,0,0,0,0,0,0,0,3,0,0,0,0,0,0,0,0,0,0,0,3,0,0,0,0,0,1,1,0,0
"WA7  1",5886,5769,1,0,0,0,0,0,0,0,0,4,3,1,68,4,2,44,2,2,0,0,0,0,7,1,3,1,0,0,2,0,0,0,0,0,0,0,0,0,0,0,0,2,4,3,1,0,1,0,0,0,12,0,0,0,0,6,0,0,3,3,0,0,0,0,15,0,4,6,1,0,0,4,0,0,0,0,0,0,0,0,1,0,0,0,0,0,0,0,0,0,0,0,0,0,0,1,1,1,1,1,0,0
"WA7  2",14863,14721,2,2,0,0,0,0,0,2,0,1,1,4,73,0,4,60,0,0,1,0,2,0,1,1,1,0,1,0,0,0,0,2,0,0,0,0,0,0,0,0,0,8,5,2,2,0,2,0,0,0,9,3,0,0,0,0,0,2,0,4,0,0,0,0,18,0,3,6,0,0,0,1,1,7,0,0,0,0,0,0,5,0,1,0,0,0,0,1,0,0,0,0,2,0,0,1,0,0,10,4,4,2
"WA7  3",3425,3391,2,0,0,0,0,0,0,0,0,1,1,0,11,0,0,6,2,0,0,0,0,0,1,0,0,0,0,1,0,1,0,0,1,0,1,0,0,0,0,0,0,3,0,3,0,0,0,0,0,0,2,0,0,2,0,0,0,0,0,0,0,0,0,0,8,0,1,3,0,0,0,2,0,2,0,1,0,0,0,0,1,0,0,0,0,0,0,0,0,0,0,0,0,0,1,0,0,0,0,0,0,0
"WA7  4",8853,8780,2,0,0,0,0,0,0,0,0,0,4,0,26,1,1,18,5,0,0,0,0,0,0,0,0,1,0,0,0,0,0,0,1,1,0,0,0,0,0,0,0,1,0,2,1,0,1,0,0,0,11,0,3,2,0,0,0,0,0,3,2,0,1,0,20,1,2,7,3,0,0,6,0,1,0,0,0,0,0,0,3,0,0,0,0,0,0,0,0,0,0,0,1,0,0,2,0,0,2,2,0,0
"WA7  5",12501,12373,5,0,0,0,0,0,0,0,0,2,11,0,54,0,2,38,1,2,5,3,2,1,0,0,0,0,0,0,0,0,0,0,1,0,0,0,0,1,0,0,0,4,3,2,1,0,0,1,0,0,0,0,0,0,0,0,0,0,0,0,0,0,0,0,40,0,2,27,0,0,0,5,2,1,3,0,0,0,0,0,0,0,0,0,0,0,0,0,0,0,0,0,0,0,0,0,0,0,5,5,0,0
"WA7  6",15084,14937,2,0,0,0,0,0,0,0,0,1,1,3,94,0,11,51,6,4,0,3,3,7,0,3,2,2,1,0,0,0,1,0,0,0,0,0,0,0,0,0,0,2,2,4,0,0,0,0,0,0,7,0,0,1,0,0,0,0,0,0,5,1,0,0,24,0,4,7,0,0,0,3,4,6,0,1,0,0,0,0,1,0,0,0,0,0,0,0,0,0,0,0,0,1,0,0,3,3,2,1,1,0
"WA8  0",3098,3066,0,0,0,0,0,0,0,0,0,0,0,0,21,0,0,14,2,0,0,5,0,0,0,0,0,0,0,0,0,0,0,0,0,0,0,0,0,0,0,0,0,0,0,1,0,0,0,0,0,0,5,0,0,0,0,0,0,0,0,5,0,0,0,0,5,0,0,0,1,0,0,4,0,0,0,0,0,0,0,0,0,0,0,0,0,0,0,0,0,0,0,0,0,0,0,0,0,0,0,0,0,0
"WA8  3",6471,6402,0,0,0,0,0,0,0,0,0,0,1,2,35,1,0,25,0,0,0,0,4,0,3,0,1,1,0,0,0,0,0,0,0,0,0,0,0,0,0,0,0,2,0,0,1,0,1,0,0,0,5,0,0,0,0,1,1,0,0,3,0,0,0,0,20,0,3,4,0,0,0,10,0,0,3,0,0,0,0,0,2,0,2,0,0,0,0,0,0,0,0,0,0,0,0,0,0,0,1,1,0,0
"WA8  4",6595,6544,1,0,0,0,0,0,0,0,0,4,0,1,16,3,1,11,0,0,0,0,0,0,0,0,0,0,1,0,0,0,0,0,2,1,1,0,0,0,0,0,0,1,2,4,0,0,0,0,0,0,6,0,2,0,0,2,0,0,0,2,0,0,0,0,12,0,4,8,0,0,0,0,0,0,0,1,0,0,0,0,0,0,0,0,0,0,0,0,0,0,0,0,0,0,0,0,0,0,1,1,0,0
"WA8  5",1949,1938,0,0,0,0,0,0,0,0,0,0,0,1,2,0,1,0,0,0,0,0,0,0,0,0,1,0,0,0,0,0,0,0,0,0,0,0,0,0,0,0,0,0,0,2,1,0,0,1,0,0,2,0,0,0,0,0,0,0,2,0,0,0,0,0,1,0,0,1,0,0,0,0,0,0,0,0,0,0,0,0,0,0,0,0,0,0,0,0,0,0,0,0,0,0,0,0,0,0,2,0,0,2
"WA8  6",7060,6958,0,0,0,0,0,0,0,0,0,3,0,5,40,1,0,10,9,1,1,4,6,7,0,0,1,0,0,0,0,0,0,0,0,0,0,0,0,0,0,0,0,0,0,0,7,0,7,0,0,0,30,1,1,3,0,2,1,0,0,11,0,0,11,0,10,0,0,5,1,0,0,4,0,0,0,2,0,0,0,0,0,0,0,0,0,0,0,0,0,0,0,0,0,0,0,0,0,0,5,5,0,0
"WA8  7",10285,10167,0,0,0,0,0,0,0,0,0,2,0,1,74,3,1,34,11,1,0,2,16,2,4,0,0,0,0,0,0,0,0,0,0,0,0,0,0,0,0,0,0,2,2,3,5,0,3,2,0,0,6,1,2,0,0,0,0,0,0,0,0,0,3,0,18,0,1,11,0,0,0,5,0,0,1,0,0,0,0,0,4,0,0,0,0,0,0,0,0,0,0,0,2,0,1,1,1,1,0,0,0,0
"WA8  8",12256,12139,3,0,0,0,0,0,0,0,0,1,3,1,64,1,1,27,0,0,0,22,2,7,1,0,0,0,1,0,1,0,1,0,0,0,0,0,0,0,0,0,0,7,2,1,1,0,0,1,0,0,7,0,0,0,0,4,0,0,0,3,0,0,0,0,19,2,2,6,0,0,2,3,1,3,0,0,0,0,0,0,2,0,0,0,0,0,0,1,0,0,0,0,0,0,0,1,1,1,5,4,1,0
"WA8  9",11849,11739,5,2,0,0,0,1,0,1,0,1,2,5,24,1,2,12,0,0,0,5,0,1,0,3,0,0,0,0,0,0,0,0,3,3,0,0,0,0,0,0,0,0,1,1,10,0,4,4,2,0,24,1,2,1,0,3,1,0,3,6,3,0,4,0,26,1,7,11,0,0,0,7,0,0,0,1,0,0,0,0,0,0,0,0,0,0,0,0,0,0,0,0,0,0,0,0,1,1,4,4,0,0
"WA9  1",4873,4755,0,0,0,0,0,0,0,0,0,2,0,0,78,1,0,49,14,1,2,6,3,1,0,0,1,0,0,0,0,0,0,0,2,0,0,2,0,0,0,0,0,2,2,3,1,0,1,0,0,0,10,4,0,0,0,0,1,0,0,5,0,0,0,0,17,1,2,7,0,0,0,1,0,4,2,0,0,0,0,0,0,0,0,0,0,0,0,0,0,0,0,0,0,0,0,0,1,1,0,0,0,0
"WA9  2",6393,6287,1,1,1,0,0,0,0,0,0,0,0,1,63,2,0,32,19,4,0,0,1,2,0,1,0,0,1,1,0,0,0,0,0,0,0,0,0,0,0,0,0,0,6,0,0,0,0,0,0,0,9,1,0,0,0,3,0,0,0,5,0,0,0,0,15,3,0,9,0,0,0,1,0,2,0,0,0,0,0,0,6,0,0,0,0,0,0,0,0,0,0,0,4,0,2,0,3,3,1,1,0,0
"WA9  3",10920,10767,0,1,1,0,0,0,0,0,0,2,0,2,89,1,2,53,23,0,0,0,3,3,0,0,2,1,0,1,0,0,0,0,0,0,0,0,0,0,0,0,0,1,0,9,1,0,1,0,0,0,18,0,2,1,0,1,0,0,1,13,0,0,0,0,24,0,2,19,0,1,0,0,0,2,0,0,0,0,0,0,0,0,0,0,0,0,0,0,0,0,0,0,0,0,0,0,0,0,6,5,0,1
"WA9  4",13070,12955,1,0,0,0,0,0,0,0,0,2,2,3,63,0,2,24,20,2,4,0,7,0,0,1,3,0,0,0,0,0,0,0,1,1,0,0,0,0,0,0,0,4,3,2,1,0,0,1,0,0,10,0,0,4,0,2,0,0,0,3,0,0,1,0,12,0,0,5,0,0,2,5,0,0,0,0,0,0,0,0,4,0,0,0,0,0,0,0,0,0,0,2,2,0,0,0,0,0,7,5,1,1
"WA9  5",11518,11280,3,0,0,0,0,0,0,0,0,3,0,2,80,3,4,41,14,0,0,0,7,6,3,1,1,0,0,0,0,0,0,0,1,0,0,1,0,0,1,0,1,0,8,15,3,0,0,3,0,0,62,5,3,4,0,8,4,0,6,19,4,9,0,0,49,0,16,17,0,1,0,1,1,13,0,0,0,0,0,0,4,0,0,0,0,0,0,0,0,0,0,0,3,0,1,0,0,0,7,4,0,3
"WC1A 1",264,169,0,0,0,0,0,0,0,0,0,17,0,4,35,6,2,22,0,0,1,0,0,1,0,3,0,0,0,0,0,0,0,0,12,12,0,0,0,0,0,0,0,1,1,0,0,0,0,0,0,0,12,0,0,0,0,12,0,0,0,0,0,0,0,0,13,0,3,1,0,7,0,1,1,0,0,0,0,0,0,0,0,0,0,0,0,0,0,0,0,0,0,0,0,0,0,0,0,0,0,0,0,0
"WC1A 2",275,206,0,0,0,0,0,0,0,0,0,2,0,6,17,10,2,4,0,0,0,0,0,0,1,0,0,0,0,0,0,0,0,0,2,2,0,0,0,0,0,0,0,0,0,1,0,0,0,0,0,0,30,0,0,0,0,28,0,0,0,0,0,0,2,0,9,2,0,4,2,0,1,0,0,0,0,0,0,0,0,0,2,2,0,0,0,0,0,0,0,0,0,0,0,0,0,0,0,0,0,0,0,0
"WC1B 3",1080,768,1,0,0,0,0,0,0,0,0,44,8,23,82,24,16,17,1,1,2,2,0,0,0,10,5,1,1,2,0,0,0,0,16,14,0,0,0,2,0,0,0,9,16,6,4,0,1,1,1,1,29,0,2,0,0,18,3,0,0,0,5,0,0,1,59,5,7,32,2,8,0,2,0,3,0,0,0,0,0,0,15,4,5,5,0,0,0,0,0,1,0,0,0,0,0,0,0,0,0,0,0,0
"WC1B 4",566,430,0,0,0,0,0,0,0,0,0,10,26,12,41,13,5,7,2,1,1,4,0,0,0,4,0,0,0,0,2,1,0,1,0,0,0,0,0,0,0,0,0,14,0,2,5,3,0,0,1,1,6,1,0,0,0,3,2,0,0,0,0,0,0,0,18,6,3,4,1,2,0,0,0,2,0,0,0,0,0,0,2,2,0,0,0,0,0,0,0,0,0,0,0,0,0,0,0,0,0,0,0,0
"WC1E 6",1260,885,0,0,0,0,0,0,0,0,0,38,22,39,104,16,30,18,1,0,1,2,0,1,5,16,2,3,0,0,2,0,0,7,5,0,2,0,0,3,0,0,0,7,5,11,10,2,0,5,1,2,30,0,1,1,0,16,1,0,0,3,0,1,6,1,90,3,9,31,5,7,1,5,1,25,3,0,0,0,0,0,11,0,1,1,0,0,0,0,0,1,2,0,1,0,0,5,1,1,2,2,0,0
"WC1E 7",982,707,4,3,0,0,0,0,0,0,3,22,5,20,63,5,25,11,0,1,4,1,0,0,0,8,4,2,1,0,0,0,0,1,2,0,1,0,0,1,0,0,0,4,0,10,2,0,0,2,0,0,72,0,1,0,0,70,1,0,0,0,0,0,0,0,63,1,10,31,3,15,0,1,1,1,0,0,0,0,0,0,4,0,0,3,0,0,0,0,0,0,0,0,0,0,0,1,1,1,0,0,0,0
"WC1H 0",1280,901,0,0,0,0,0,0,0,0,0,15,6,18,100,20,9,7,1,3,1,2,0,2,1,40,4,6,1,1,1,0,1,0,18,1,13,1,0,3,0,0,0,10,6,27,17,4,0,7,0,6,14,8,0,0,0,6,0,0,0,0,0,0,0,0,144,12,11,75,15,10,4,5,6,2,4,0,0,0,0,0,3,1,2,0,0,0,0,0,0,0,0,0,0,0,0,0,1,1,0,0,0,0
"WC1H 8",2775,1772,0,1,0,0,0,1,0,0,0,45,32,23,128,32,14,46,0,3,4,3,0,2,1,12,3,6,0,1,0,0,0,1,38,29,4,0,1,4,0,0,0,12,5,42,24,0,7,10,6,1,449,10,1,0,0,429,3,0,0,0,0,0,2,4,100,4,20,39,11,3,0,1,3,19,0,0,0,0,0,0,102,9,18,61,0,3,1,1,0,0,6,1,0,1,0,1,2,2,0,0,0,0
"WC1H 9",4106,2949,5,0,0,0,0,0,0,0,0,152,38,70,291,54,65,23,4,10,9,4,3,8,6,64,14,16,3,5,0,0,0,3,31,16,10,1,1,3,0,0,0,27,14,37,45,8,8,19,2,8,129,17,6,1,0,92,3,1,0,1,6,0,0,2,275,23,37,136,24,22,2,16,4,9,2,0,0,0,0,0,40,4,15,15,0,2,0,0,2,0,0,1,0,0,0,1,3,3,0,0,0,0
"WC1N 1",3129,2156,1,2,0,1,0,1,0,0,0,71,37,67,241,52,33,61,1,1,9,6,1,7,7,42,7,7,2,1,0,0,1,3,28,12,9,0,3,4,0,0,0,20,13,16,22,8,1,9,1,3,141,4,2,0,0,130,1,0,1,0,1,0,0,2,231,16,20,83,30,33,0,21,7,19,2,0,0,0,0,0,80,2,6,58,0,6,0,1,0,0,1,0,0,1,1,4,1,1,2,0,1,1
"WC1N 2",1551,1111,1,1,0,0,0,1,0,0,0,61,18,33,123,27,40,23,1,0,4,1,0,3,2,4,2,7,4,2,0,0,0,3,2,0,0,0,0,2,0,0,0,5,6,21,30,18,2,7,0,3,36,4,4,0,0,26,0,0,0,1,1,0,0,0,59,4,0,12,17,7,0,7,6,6,0,0,0,0,0,0,43,2,1,39,0,0,0,0,0,0,0,0,0,0,0,1,1,1,0,0,0,0
"WC1N 3",2393,1772,2,0,0,0,0,0,0,0,0,38,21,41,83,22,12,13,2,1,1,2,0,2,0,14,1,5,4,2,0,0,0,2,14,6,3,0,0,5,0,0,0,5,15,11,17,2,0,8,0,7,268,8,2,0,0,242,3,0,0,3,0,1,2,7,60,1,10,17,5,0,1,2,1,22,1,0,0,0,0,0,44,9,6,17,0,5,0,1,1,1,0,0,0,0,1,3,2,2,0,0,0,0
"WC1R 4",622,458,0,0,0,0,0,0,0,0,0,16,9,9,52,15,11,8,3,0,0,2,1,0,0,6,1,5,0,0,0,0,0,0,5,4,0,0,0,1,0,0,0,10,2,5,2,1,0,1,0,0,0,0,0,0,0,0,0,0,0,0,0,0,0,0,38,4,8,13,6,1,4,2,0,0,0,0,0,0,0,0,16,1,2,9,0,0,0,0,0,0,2,0,1,1,0,0,0,0,0,0,0,0
"WC1V 6",363,297,0,0,0,0,0,0,0,0,0,6,0,2,22,10,3,2,1,1,0,1,0,0,1,0,2,0,0,1,0,0,0,0,0,0,0,0,0,0,0,0,0,6,1,0,0,0,0,0,0,0,2,2,0,0,0,0,0,0,0,0,0,0,0,0,24,0,3,13,4,0,2,2,0,0,0,0,0,0,0,0,3,0,0,0,0,0,0,0,0,0,0,0,3,0,0,0,0,0,0,0,0,0
"WC1V 7",587,427,0,0,0,0,0,0,0,0,0,7,1,11,18,2,8,0,0,0,0,1,0,0,1,3,1,0,1,0,0,0,0,1,4,3,0,0,0,1,0,0,0,6,5,8,1,0,0,1,0,0,27,3,2,0,0,19,1,0,0,0,1,0,1,0,66,3,12,37,2,4,0,5,3,0,0,0,0,1,1,0,5,1,0,3,0,0,0,0,0,0,0,0,0,0,0,1,0,0,0,0,0,0
"WC1X 0",3224,2304,0,0,0,0,0,0,0,0,0,91,24,55,211,43,34,83,0,0,0,1,0,1,1,24,12,5,7,0,0,0,0,0,18,11,3,0,0,4,1,0,1,15,29,32,27,3,2,17,0,5,211,11,3,4,0,187,4,0,0,0,0,0,0,2,101,7,17,41,8,2,4,10,1,8,3,0,0,0,0,0,97,13,11,54,0,1,4,5,0,1,5,0,0,1,0,2,5,5,3,3,0,0
"WC1X 8",306,208,0,0,0,0,0,0,0,0,0,13,4,18,23,5,8,0,0,1,0,0,0,0,0,2,0,3,2,1,0,0,0,1,1,1,0,0,0,0,0,0,0,5,1,3,2,1,0,0,0,1,0,0,0,0,0,0,0,0,0,0,0,0,0,0,27,2,11,9,2,2,0,1,0,0,0,0,0,0,0,0,1,0,0,1,0,0,0,0,0,0,0,0,0,0,0,0,0,0,0,0,0,0
"WC1X 9",4188,2940,1,1,0,0,0,0,1,0,0,95,36,85,321,65,42,94,8,13,7,9,0,9,5,29,13,14,1,2,0,3,2,5,38,18,4,0,1,15,0,0,0,31,29,45,32,1,7,17,0,7,152,16,7,1,0,116,5,0,0,0,1,1,2,3,208,6,20,101,24,8,2,15,9,21,2,0,0,0,0,0,165,10,20,115,1,2,1,1,2,0,4,0,1,3,1,4,8,8,1,1,0,0
"WC2B 4",642,485,1,0,0,0,0,0,0,0,0,17,8,9,29,7,4,3,0,0,1,0,0,0,0,12,0,1,0,0,0,1,0,0,9,4,3,0,0,2,0,0,0,7,4,6,4,0,0,2,0,2,12,1,2,0,0,1,2,0,0,4,0,2,0,0,35,0,4,17,3,2,0,1,0,8,0,0,0,0,0,0,15,4,5,1,0,0,2,1,0,0,1,0,0,0,0,1,1,1,0,0,0,0
"WC2B 5",1232,980,2,0,0,0,0,0,0,0,0,21,9,21,76,23,21,7,0,5,2,0,0,3,1,10,2,1,0,1,0,0,0,0,6,0,5,0,0,1,0,0,0,3,3,36,6,2,0,1,2,1,20,1,1,0,0,18,0,0,0,0,0,0,0,0,41,2,9,19,6,4,0,0,0,1,0,0,0,0,0,0,8,0,2,4,0,0,0,0,0,0,0,0,0,0,0,2,0,0,0,0,0,0
"WC2E 7",632,499,0,0,0,0,0,0,0,0,0,35,6,8,37,14,11,2,0,0,0,0,1,0,1,6,1,1,0,0,0,0,0,0,5,0,2,0,0,3,0,0,0,5,1,4,2,0,0,0,0,2,3,0,1,0,0,2,0,0,0,0,0,0,0,0,24,2,4,3,2,1,0,9,1,2,0,0,0,0,0,0,1,0,0,0,0,0,0,0,0,0,0,0,1,0,0,0,0,0,2,2,0,0
"WC2E 9",261,199,1,0,0,0,0,0,0,0,0,14,4,2,15,4,3,2,0,0,0,0,0,0,2,3,1,0,0,0,0,0,0,0,1,0,0,1,0,0,0,0,0,5,2,5,2,1,0,0,0,1,1,1,0,0,0,0,0,0,0,0,0,0,0,0,9,0,3,5,0,1,0,0,0,0,0,0,0,0,0,0,1,1,0,0,0,0,0,0,0,0,0,0,0,0,0,0,0,0,0,0,0,0
"WC2H 0",770,532,0,0,0,0,0,0,0,0,0,27,10,17,60,12,10,4,0,0,0,0,1,1,1,18,5,6,0,2,0,0,0,0,6,1,3,0,0,2,0,0,0,6,4,9,1,0,0,0,0,1,26,2,3,0,0,19,0,0,0,0,0,0,1,1,67,5,12,40,1,5,2,1,0,1,0,0,0,0,0,0,4,0,0,4,0,0,0,0,0,0,0,0,0,0,0,0,1,1,0,0,0,0
"WC2H 7",238,153,0,0,0,0,0,0,0,0,0,4,13,5,9,2,0,2,0,0,0,0,1,0,0,2,0,0,2,0,0,0,0,0,2,0,1,1,0,0,0,0,0,0,1,7,2,0,2,0,0,0,10,0,0,0,0,10,0,0,0,0,0,0,0,0,29,1,12,13,0,0,1,1,1,0,0,0,0,0,0,0,2,0,2,0,0,0,0,0,0,0,0,0,0,0,0,0,1,1,0,0,0,0
"WC2H 8",196,135,0,0,0,0,0,0,0,0,0,12,3,8,25,2,2,8,0,2,0,0,0,1,5,3,1,1,0,0,0,0,0,0,0,0,0,0,0,0,0,0,0,3,2,2,2,2,0,0,0,0,0,0,0,0,0,0,0,0,0,0,0,0,0,0,4,1,0,2,1,0,0,0,0,0,0,0,0,0,0,0,0,0,0,0,0,0,0,0,0,0,0,0,0,0,0,0,0,0,0,0,0,0
"WC2H 9",1250,900,0,0,0,0,0,0,0,0,0,60,14,18,70,14,10,8,1,0,1,1,0,1,1,17,9,3,1,0,0,1,0,2,5,0,4,0,0,1,0,0,0,11,8,59,12,4,0,4,4,0,46,0,3,0,0,40,0,0,0,0,3,0,0,0,43,10,9,12,5,2,0,2,1,1,1,0,0,0,0,0,4,0,3,0,0,0,0,0,1,0,0,0,0,0,0,0,0,0,0,0,0,0
"WC2N 4",279,188,0,0,0,0,0,0,0,0,0,11,5,4,45,5,7,8,2,2,1,2,2,6,1,3,1,2,2,0,1,0,0,0,2,0,1,1,0,0,0,0,0,5,1,1,0,0,0,0,0,0,9,2,0,0,0,7,0,0,0,0,0,0,0,0,6,0,4,0,0,0,0,1,0,0,1,0,0,0,0,0,2,0,1,0,0,0,0,0,1,0,0,0,0,0,0,0,0,0,0,0,0,0
"WC2N 5",456,320,0,0,0,0,0,0,0,0,0,8,0,7,36,7,10,7,0,0,1,1,1,1,2,2,1,1,0,1,0,0,0,1,3,0,0,2,0,1,0,0,0,6,4,2,1,0,0,0,0,1,11,1,4,0,0,0,1,0,0,2,0,2,0,1,55,4,1,40,0,3,1,0,5,1,0,0,0,0,0,0,2,0,0,0,0,0,0,0,0,0,0,0,1,0,0,1,1,1,0,0,0,0
"WC2N 6",287,217,0,0,0,0,0,0,0,0,0,13,6,6,14,3,1,2,0,0,0,0,0,2,1,3,0,1,0,1,0,0,0,0,3,0,1,0,0,2,0,0,0,3,4,2,2,0,0,0,0,2,6,0,2,0,0,4,0,0,0,0,0,0,0,0,10,5,0,5,0,0,0,0,0,0,0,0,0,0,0,0,1,0,0,0,0,0,0,1,0,0,0,0,0,0,0,0,0,0,0,0,0,0
"WD17 1",1044,774,0,0,0,0,0,0,0,0,0,8,6,9,117,6,6,50,12,9,7,5,1,11,4,0,1,4,1,0,0,0,0,0,4,4,0,0,0,0,0,0,0,4,3,5,8,0,2,6,0,0,55,20,4,2,0,1,4,0,8,0,0,0,7,9,20,0,1,8,1,2,0,0,0,8,0,0,0,0,0,0,31,0,6,3,0,2,3,0,0,0,1,0,2,0,1,13,0,0,0,0,0,0
"WD17 2",3010,2390,0,0,0,0,0,0,0,0,0,26,42,13,264,7,1,143,15,8,34,9,0,18,11,2,6,4,1,1,3,0,0,1,4,3,1,0,0,0,0,0,0,3,5,11,22,2,5,7,2,6,128,36,5,6,0,1,15,1,9,29,0,13,4,9,46,0,6,9,2,1,0,9,0,15,4,0,0,0,0,0,52,0,0,7,0,12,0,0,3,0,0,4,6,3,4,13,3,3,1,0,1,0
"WD17 3",3771,3519,0,0,0,0,0,0,0,0,0,8,3,6,56,8,16,8,1,3,0,1,0,0,3,3,0,4,8,0,1,0,0,0,6,2,0,3,0,1,0,0,0,3,1,0,11,0,0,8,3,0,131,39,6,25,0,10,20,0,0,27,2,0,0,2,21,0,2,7,3,7,0,0,0,2,0,0,0,0,0,0,4,0,0,0,0,0,0,0,1,0,0,0,3,0,0,0,0,0,2,2,0,0
"WD17 4",7287,6582,0,1,0,0,0,1,0,0,0,25,23,27,201,19,16,90,18,6,15,8,1,9,6,7,2,2,1,0,0,0,1,0,7,1,4,2,0,0,0,0,0,19,5,18,18,3,0,13,1,1,260,46,27,20,0,21,51,13,12,57,2,9,0,2,60,0,7,26,6,5,0,4,1,11,0,0,1,0,0,0,32,0,0,2,0,5,6,0,4,0,1,4,3,0,3,4,6,6,2,0,1,1
"WD18 0",7347,5385,1,0,0,0,0,0,0,0,0,29,139,37,574,47,11,323,18,12,61,12,3,61,12,1,7,3,0,0,3,0,0,0,13,9,1,1,1,1,0,0,0,9,7,19,56,0,5,24,22,5,749,264,22,59,10,25,41,2,4,90,67,55,65,45,161,3,11,23,1,3,7,1,3,105,4,0,0,0,0,0,145,2,0,13,3,48,2,6,5,2,0,14,6,3,16,25,20,20,3,2,0,1
"WD18 6",4691,3911,0,0,0,0,0,0,0,0,0,24,46,6,170,13,7,86,12,2,15,14,2,7,5,0,0,3,3,1,0,0,0,0,8,5,3,0,0,0,0,0,0,3,8,20,20,0,4,14,1,1,378,178,10,34,3,16,38,2,1,39,35,6,4,12,38,0,4,9,1,1,4,0,0,15,4,0,1,0,0,0,53,0,0,5,0,10,0,0,2,0,1,6,4,2,11,12,2,2,3,2,1,0
"WD18 7",10323,7953,1,1,0,0,0,0,0,1,0,40,169,28,626,119,16,307,17,10,56,8,8,38,28,2,2,6,4,1,4,0,0,0,37,11,16,0,6,4,1,1,0,15,16,31,27,0,8,13,2,4,1074,440,35,82,8,41,104,9,18,189,32,41,40,35,160,8,10,30,4,0,1,7,0,99,1,0,1,0,0,0,114,0,1,8,0,29,9,0,2,1,2,18,4,0,19,21,21,21,8,6,2,0
"WD18 8",604,549,0,0,0,0,0,0,0,0,0,1,1,4,16,2,0,9,1,1,2,0,0,0,0,1,0,0,0,0,0,0,0,0,0,0,0,0,0,0,0,0,0,2,1,1,1,0,0,1,0,0,21,2,0,0,0,2,12,0,0,0,0,4,0,1,7,2,5,0,0,0,0,0,0,0,0,0,0,0,0,0,0,0,0,0,0,0,0,0,0,0,0,0,0,0,0,0,0,0,0,0,0,0
"WD19 4",9502,8873,2,0,0,0,0,0,0,0,0,16,53,13,159,16,2,60,6,3,25,13,2,13,8,5,4,2,0,0,0,0,0,0,5,3,2,0,0,0,0,0,0,10,4,7,25,7,0,15,1,2,238,64,9,17,0,8,75,6,0,37,13,0,1,8,45,0,5,23,2,6,0,3,0,6,0,0,0,0,0,0,42,0,0,18,0,9,0,0,1,0,0,1,10,0,3,0,6,6,4,4,0,0
"WD19 5",4740,4365,1,0,0,0,0,0,0,0,0,5,28,6,78,6,4,26,3,1,13,15,2,4,0,4,0,0,0,0,0,0,0,0,1,1,0,0,0,0,0,0,0,4,6,13,25,0,9,7,0,9,178,1,7,10,0,2,137,0,0,12,0,5,0,4,27,0,9,10,3,2,0,2,0,1,0,0,0,0,0,0,3,0,0,0,0,0,0,0,0,0,1,1,1,0,0,0,0,0,0,0,0,0
"WD19 6",6774,6257,0,0,0,0,0,0,0,0,0,10,137,3,165,7,3,45,4,1,52,27,3,10,7,2,0,3,1,0,0,0,0,0,14,10,3,1,0,0,0,0,0,6,6,15,22,1,2,14,2,3,96,4,6,1,0,6,46,0,1,19,8,1,4,0,25,0,3,5,1,0,0,1,0,14,1,0,0,0,0,0,15,0,0,2,0,4,2,0,0,0,0,3,2,2,0,0,2,2,1,1,0,0
"WD19 7",5258,4768,0,0,0,0,0,0,0,0,0,10,174,5,141,5,6,51,11,3,39,7,0,9,5,1,2,2,0,0,0,0,0,0,25,18,7,0,0,0,0,0,0,5,6,4,8,1,5,2,0,0,72,12,6,0,0,4,36,0,0,5,0,3,1,5,29,10,0,2,0,0,0,1,2,14,0,0,0,0,0,0,6,0,0,0,0,2,0,0,1,0,0,0,1,0,1,1,2,2,3,2,0,1
"WD23 1",5552,5102,0,2,1,0,0,0,0,1,0,8,5,32,133,13,8,58,2,4,22,9,0,9,3,0,2,2,0,0,0,0,1,0,13,1,1,4,3,4,0,0,0,12,15,2,31,6,7,18,0,0,91,9,0,1,0,3,64,0,0,12,0,0,1,1,92,5,24,24,6,1,1,6,0,25,0,0,0,0,0,0,13,0,0,2,0,0,0,0,3,0,0,1,2,0,1,4,1,1,0,0,0,0
"WD23 2",7822,7249,0,1,0,0,0,1,0,0,0,10,16,18,186,13,7,64,2,9,40,7,1,12,11,5,2,5,4,1,2,0,0,1,6,4,0,1,0,1,2,2,0,8,5,15,27,7,9,10,0,1,168,21,6,16,0,9,70,2,0,32,1,5,0,6,66,0,15,19,4,15,0,3,0,8,2,0,0,0,0,0,41,0,0,0,0,2,11,0,6,2,0,8,4,3,2,3,3,3,1,1,0,0
"WD23 3",5238,4866,0,0,0,0,0,0,0,0,0,10,13,8,109,6,6,59,1,0,11,0,0,11,5,2,1,3,2,0,1,1,0,0,7,3,4,0,0,0,0,0,0,3,12,4,35,12,0,15,8,0,114,14,8,1,0,9,54,0,0,19,1,4,0,4,40,0,5,10,2,5,0,2,2,14,0,0,0,0,0,0,13,0,0,0,0,1,2,3,0,1,0,0,2,1,0,3,2,2,2,2,0,0
"WD23 4",6092,5794,0,1,1,0,0,0,0,0,0,7,8,12,86,2,1,28,5,7,14,2,7,7,0,2,1,4,5,1,0,0,0,0,4,1,2,1,0,0,0,0,0,2,6,5,22,7,0,15,0,0,97,10,5,1,0,4,57,1,1,12,0,1,4,1,37,2,3,12,4,1,0,3,0,12,0,0,0,0,0,0,11,0,0,0,0,1,1,0,2,0,0,0,0,0,0,7,0,0,0,0,0,0
"WD24 4",3919,3444,1,1,1,0,0,0,0,0,0,23,19,21,114,15,8,50,5,2,17,3,0,5,4,1,0,1,0,1,0,0,2,0,14,1,9,1,1,2,0,0,0,4,5,8,14,1,2,11,0,0,195,63,23,11,2,6,54,0,3,21,2,9,0,1,37,0,8,11,6,0,0,2,0,9,1,0,0,0,0,0,15,0,0,7,0,6,0,0,0,0,0,0,0,1,0,1,4,4,0,0,0,0
"WD24 5",6413,5659,4,0,0,0,0,0,0,0,0,21,26,13,299,27,9,155,13,8,34,8,4,14,8,2,8,3,1,3,2,0,0,0,9,4,1,3,0,1,0,0,0,3,4,9,10,0,2,6,2,0,284,107,13,19,0,15,39,6,4,69,0,8,0,4,34,1,7,9,6,0,0,4,0,7,0,0,0,0,0,0,30,0,0,0,0,17,0,0,1,0,0,4,1,4,2,1,4,4,4,3,1,0
"WD24 6",4948,4093,0,1,1,0,0,0,0,0,0,21,39,9,167,15,2,81,7,5,26,5,1,5,13,0,2,2,2,1,0,0,0,0,6,6,0,0,0,0,0,0,0,10,10,13,8,0,1,5,0,2,492,258,7,31,11,8,21,1,2,123,0,13,0,17,40,1,10,13,1,0,0,5,0,10,0,0,0,0,0,0,33,0,0,1,0,10,0,0,1,0,0,11,3,1,2,4,4,4,2,0,1,1
"WD24 7",5336,4845,1,1,0,0,0,1,0,0,0,13,17,10,136,21,3,68,2,3,18,2,6,5,5,0,1,0,0,2,0,0,0,0,11,7,3,0,0,1,0,0,0,4,3,9,6,0,1,4,0,1,178,39,9,13,0,3,52,9,0,34,0,14,2,3,30,1,2,10,0,0,4,0,0,13,0,0,0,0,0,0,64,0,1,0,0,45,2,0,0,1,0,10,2,1,0,2,7,7,1,1,0,0
"WD25 0",7749,7156,0,0,0,0,0,0,0,0,0,17,27,21,180,15,4,98,3,4,15,5,1,5,22,3,1,1,1,1,1,0,0,0,10,8,1,0,0,1,0,0,0,9,13,12,13,1,3,9,0,0,183,38,3,2,0,8,52,2,0,56,4,13,3,2,52,3,7,21,0,0,2,6,0,12,1,0,0,0,0,0,47,0,1,0,0,5,0,4,7,1,0,8,5,0,16,0,5,5,4,4,0,0
"WD25 7",7933,7397,3,0,0,0,0,0,0,0,0,15,14,18,199,13,8,93,10,8,30,4,0,7,15,2,0,1,0,3,4,0,0,1,10,5,4,0,1,0,0,0,0,5,3,10,4,0,0,3,0,1,131,31,4,8,5,6,42,2,2,18,4,7,1,1,80,5,12,19,5,6,0,4,1,27,1,0,0,0,0,0,36,0,2,2,0,5,2,1,3,0,0,8,1,0,11,1,5,5,3,3,0,0
"WD25 8",1309,1213,2,0,0,0,0,0,0,0,0,3,6,4,35,1,2,8,5,2,6,1,2,1,1,2,3,0,1,0,0,0,0,0,2,2,0,0,0,0,0,0,0,1,2,2,1,1,0,0,0,0,15,0,0,2,0,7,0,1,0,1,0,4,0,0,12,0,0,4,2,1,0,2,1,1,1,0,0,0,0,0,9,0,0,0,0,6,0,0,1,0,0,0,0,1,0,1,0,0,2,2,0,0
"WD25 9",9708,9009,0,0,0,0,0,0,0,0,0,33,27,18,261,34,6,122,16,6,25,2,0,9,25,6,3,3,1,3,0,0,0,0,16,1,10,3,1,1,0,0,0,7,5,14,21,1,2,16,0,2,192,45,19,13,4,3,37,0,6,31,9,15,8,2,59,1,7,10,3,2,6,4,2,22,2,0,0,0,0,0,37,0,0,0,0,10,4,0,0,0,0,16,0,1,3,3,3,3,6,6,0,0
"WD3  1",4173,3882,3,1,1,0,0,0,0,0,0,9,10,14,68,5,7,17,10,1,8,4,2,6,0,2,2,2,1,0,0,0,1,0,8,3,2,0,1,2,0,0,0,13,4,5,14,2,1,11,0,0,96,11,8,3,0,0,48,0,6,9,4,4,1,2,35,1,5,8,6,6,0,7,0,2,0,0,1,0,0,0,6,0,0,0,0,0,0,0,1,0,0,2,3,0,0,0,0,0,4,1,0,3
"WD3  3",11187,10864,3,0,0,0,0,0,0,0,0,18,16,14,78,19,14,18,2,4,0,4,2,0,1,2,0,2,5,4,0,0,0,1,7,0,3,1,3,0,0,0,0,13,5,2,8,0,0,8,0,0,104,16,9,7,0,11,31,0,6,17,0,5,0,2,37,1,3,19,1,4,0,2,1,5,1,0,0,0,0,0,12,0,0,0,0,0,0,0,0,0,0,4,7,0,0,1,3,3,3,1,0,2
"WD3  4",3636,3393,0,0,0,0,0,0,0,0,0,11,2,7,52,3,14,5,0,3,1,2,2,3,2,2,7,1,3,2,1,0,1,0,0,0,0,0,0,0,0,0,0,12,0,0,5,0,0,5,0,0,104,11,8,8,0,4,64,0,0,5,0,0,3,1,46,3,11,18,7,4,0,3,0,0,0,0,0,0,0,0,2,0,0,0,0,0,0,0,0,0,0,1,1,0,0,0,1,1,1,1,0,0
"WD3  5",7232,6956,1,0,0,0,0,0,0,0,0,29,14,8,69,2,16,18,1,6,2,2,0,1,1,1,10,1,3,4,0,0,0,1,8,2,3,0,1,2,0,0,0,5,0,4,2,0,0,2,0,0,102,9,6,7,0,12,59,1,3,1,1,0,1,2,26,0,2,5,11,0,0,0,3,3,2,0,0,0,0,0,7,0,0,0,0,0,0,0,1,0,0,2,4,0,0,0,0,0,1,0,1,0
"WD3  6",1138,1122,0,0,0,0,0,0,0,0,0,0,0,1,7,0,2,0,1,0,0,0,0,1,0,0,3,0,0,0,0,0,0,0,0,0,0,0,0,0,0,0,0,1,0,1,0,0,0,0,0,0,1,0,0,0,0,0,0,0,0,0,0,0,0,1,3,0,0,2,0,0,0,1,0,0,0,0,0,0,0,0,2,0,0,0,0,0,0,0,0,0,0,0,0,0,0,2,0,0,0,0,0,0
"WD3  7",3448,3331,2,0,0,0,0,0,0,0,0,7,7,4,35,8,7,4,0,1,0,0,0,5,0,5,0,2,2,1,0,0,0,0,4,0,4,0,0,0,0,0,0,2,0,1,0,0,0,0,0,0,32,0,6,0,0,5,17,0,0,1,2,1,0,0,19,1,0,2,2,0,0,4,0,9,1,0,0,0,0,0,2,0,0,0,0,0,0,0,0,0,0,0,2,0,0,0,0,0,2,1,0,1
"WD3  8",6010,5794,0,0,0,0,0,0,0,0,0,13,11,5,57,4,4,22,0,1,8,0,0,2,7,2,0,4,2,1,0,0,0,0,5,3,1,0,0,1,0,0,0,8,9,2,2,0,0,0,0,2,53,0,7,6,0,10,22,0,2,1,0,2,1,2,35,2,9,7,5,4,1,6,0,1,0,0,2,0,0,0,13,0,0,0,0,0,0,0,0,0,0,1,12,0,0,0,1,1,0,0,0,0
"WD3  9",2420,2317,0,0,0,0,0,0,0,0,0,4,8,4,35,2,5,16,0,3,1,4,0,1,0,1,0,1,0,0,1,0,0,0,0,0,0,0,0,0,0,0,0,4,4,4,2,0,0,2,0,0,27,1,0,3,0,5,13,0,0,3,2,0,0,0,5,1,1,0,0,0,0,3,0,0,0,0,0,0,0,0,4,0,0,0,0,2,0,0,0,0,0,0,2,0,0,0,2,2,0,0,0,0
"WD4  8",7524,7323,0,0,0,0,0,0,0,0,0,12,5,13,82,10,15,30,1,0,5,1,1,1,0,3,5,3,6,1,0,0,0,0,3,0,1,1,0,1,0,0,0,7,2,2,2,2,0,0,0,0,29,3,1,5,0,0,11,0,1,8,0,0,0,0,21,1,0,11,4,0,0,5,0,0,0,0,0,0,0,0,14,0,0,0,0,7,0,1,0,0,0,1,0,0,1,4,1,1,8,7,0,1
"WD4  9",3314,3251,1,0,0,0,0,0,0,0,0,1,2,2,41,3,9,5,9,1,0,3,0,1,3,0,5,1,1,0,0,0,0,0,1,0,0,0,0,1,0,0,0,1,2,0,1,0,0,1,0,0,7,0,1,1,0,0,5,0,0,0,0,0,0,0,1,0,0,0,1,0,0,0,0,0,0,0,0,0,0,0,1,0,0,0,0,0,0,0,0,0,0,0,1,0,0,0,0,0,2,1,0,1
"WD5  0",11044,10751,0,0,0,0,0,0,0,0,0,20,15,15,95,8,14,33,4,6,4,2,3,1,11,1,4,1,0,0,2,1,0,0,4,1,0,1,0,2,0,0,0,6,7,7,11,0,0,10,0,1,58,5,7,4,0,2,28,2,0,2,0,7,0,1,36,0,5,10,3,1,0,8,1,8,0,0,0,0,0,0,15,0,0,1,0,0,2,10,0,0,0,1,0,1,0,0,2,2,2,2,0,0
"WD6  1",6898,5900,0,0,0,0,0,0,0,0,0,16,32,13,403,30,8,163,20,13,83,27,0,23,18,6,6,1,1,0,2,1,0,1,49,26,16,7,0,0,1,1,0,11,22,9,53,15,5,20,6,7,151,6,19,0,0,9,34,0,3,48,16,11,4,1,145,10,11,26,1,3,2,7,0,83,2,0,0,0,0,0,88,0,0,0,0,31,6,0,4,1,0,25,5,4,0,12,4,4,1,0,1,0
"WD6  2",8511,7759,0,0,0,0,0,0,0,0,0,25,28,24,285,20,11,74,19,10,90,19,0,17,8,6,2,5,1,1,0,2,0,0,30,17,7,3,1,2,0,0,0,8,16,14,29,7,4,17,1,0,97,6,6,1,0,10,35,1,12,8,1,12,1,4,106,6,10,17,2,2,0,8,0,61,0,0,0,0,0,0,83,0,0,0,0,28,10,17,2,0,0,11,3,2,8,2,6,6,1,0,0,1
"WD6  3",5203,4725,1,0,0,0,0,0,0,0,0,10,18,9,171,11,10,42,17,10,49,0,3,12,7,5,1,2,1,1,0,0,0,0,8,5,2,0,1,0,0,0,0,7,7,5,21,9,4,7,0,1,163,14,10,4,0,0,99,1,2,7,6,4,16,0,37,0,5,7,4,0,0,3,1,17,0,0,0,0,0,0,19,0,1,1,0,0,3,0,3,0,0,5,1,0,0,5,2,2,0,0,0,0
"WD6  4",7936,7180,0,1,0,0,0,1,0,0,0,18,37,13,328,20,5,88,29,11,116,12,1,24,7,7,5,1,0,1,0,0,1,0,44,27,14,2,0,1,0,0,0,1,21,16,58,11,19,9,13,6,95,3,12,1,0,10,50,2,0,12,2,0,0,3,67,2,15,9,2,2,2,4,0,24,7,0,0,0,0,0,55,0,0,0,0,17,8,5,5,0,0,11,1,3,4,1,0,0,2,1,0,1
"WD6  5",7090,6577,0,0,0,0,0,0,0,0,0,19,29,5,225,15,6,72,18,6,59,15,0,22,2,3,2,1,2,1,1,0,0,0,40,21,17,1,1,0,1,1,0,4,12,15,25,8,0,17,0,0,67,1,1,4,0,8,28,0,0,24,0,0,1,0,25,0,5,3,3,0,0,2,0,12,0,0,0,0,0,0,35,0,0,0,0,22,0,3,1,0,0,1,1,0,4,3,2,2,9,8,0,1
"WD7  7",2848,2696,2,0,0,0,0,0,0,0,0,3,9,3,72,3,5,10,12,6,24,1,0,7,2,0,1,0,0,1,0,0,0,0,10,4,1,0,0,5,0,0,0,0,4,0,5,3,0,1,0,1,30,3,0,0,0,0,9,1,2,9,0,3,0,3,10,3,1,2,1,0,0,0,0,3,0,0,0,0,0,0,4,0,0,0,0,0,2,0,0,0,0,0,1,0,0,1,0,0,0,0,0,0
"WD7  8",5055,4781,2,0,0,0,0,0,0,0,0,17,8,15,101,5,11,17,10,8,18,1,0,19,2,1,4,0,3,0,0,1,0,1,11,5,1,0,0,5,0,0,0,6,11,0,25,4,14,7,0,0,41,5,3,0,0,0,28,1,0,1,0,1,2,0,34,2,12,7,4,1,0,1,0,4,3,0,0,0,0,0,3,1,0,0,0,1,0,0,0,0,0,0,1,0,0,0,0,0,0,0,0,0
"WD7  9",4121,3900,0,0,0,0,0,0,0,0,0,9,10,11,97,31,4,24,3,1,6,5,2,10,0,5,2,3,1,0,0,0,0,0,3,1,0,0,0,2,1,1,0,3,6,3,13,8,4,0,0,1,38,2,1,4,0,2,9,0,0,9,3,8,0,0,20,0,2,6,3,0,0,2,2,3,2,0,0,0,0,0,6,0,0,0,0,1,0,0,0,0,0,0,5,0,0,0,1,1,0,0,0,0
"WF1  1",1135,952,0,0,0,0,0,0,0,0,0,4,1,1,100,0,0,75,3,2,3,3,6,8,0,0,0,0,0,0,0,0,0,0,2,0,2,0,0,0,0,0,0,5,0,4,22,1,19,2,0,0,23,7,6,6,0,1,0,0,0,2,0,0,0,1,3,0,0,0,0,0,1,0,0,2,0,0,0,0,0,0,14,3,4,1,0,0,0,0,0,0,1,0,0,0,2,3,0,0,4,4,0,0
"WF1  2",6901,6703,0,0,0,0,0,0,0,0,0,3,4,3,100,4,0,70,0,1,1,7,7,3,0,0,2,0,1,0,0,0,0,4,2,0,1,1,0,0,0,0,0,3,2,5,3,0,1,2,0,0,41,7,2,18,0,0,5,0,0,1,8,0,0,0,21,0,7,7,1,1,0,5,0,0,0,0,0,0,0,0,4,0,0,0,0,0,1,0,0,0,0,0,1,0,2,0,0,0,7,4,2,1
"WF1  3",8516,7427,3,0,0,0,0,0,0,0,0,8,6,2,444,4,1,279,14,26,1,43,57,8,0,3,2,0,1,0,5,0,0,0,16,3,9,2,0,2,0,0,0,28,2,45,68,0,33,14,17,4,379,141,5,165,11,4,5,0,9,7,3,0,2,27,56,2,9,15,0,0,1,8,1,15,5,0,0,0,0,0,27,2,5,0,0,0,0,0,2,0,0,4,0,2,5,7,3,3,2,2,0,0
"WF1  4",9776,8238,1,1,0,0,0,0,0,1,0,13,11,6,718,2,3,476,18,30,8,59,97,8,1,2,10,0,0,0,3,0,0,1,14,6,4,1,0,3,0,0,0,33,7,49,109,0,72,20,15,2,452,208,7,179,8,6,12,0,3,6,9,0,0,14,57,0,4,9,1,0,2,2,0,33,6,0,0,0,0,0,55,1,15,0,0,0,7,0,0,4,0,12,2,1,8,5,2,2,10,8,1,1
"WF1  5",6292,5098,0,1,0,0,0,0,0,1,0,14,6,1,686,0,0,562,7,28,0,25,50,8,0,2,4,0,0,0,0,0,0,0,4,2,1,1,0,0,0,0,0,16,0,18,68,0,47,5,14,2,296,108,2,157,3,1,4,0,0,4,10,0,5,2,27,5,0,15,1,0,2,2,0,1,1,0,0,0,0,0,51,4,14,0,0,0,0,2,0,0,0,6,5,0,5,15,1,1,5,3,2,0
"WF10 1",2413,2350,0,1,0,0,0,0,0,1,0,1,0,1,45,1,0,40,1,1,0,1,0,0,0,0,0,0,0,0,0,1,0,0,1,1,0,0,0,0,0,0,0,1,0,1,2,0,2,0,0,0,5,0,0,1,0,0,4,0,0,0,0,0,0,0,3,0,0,1,0,0,0,1,0,1,0,0,0,0,0,0,0,0,0,0,0,0,0,0,0,0,0,0,0,0,0,0,0,0,2,2,0,0
"WF10 2",8524,8434,0,0,0,0,0,0,0,0,0,5,1,2,53,0,2,43,2,0,0,0,0,2,0,0,2,2,0,0,0,0,0,0,0,0,0,0,0,0,0,0,0,2,2,4,3,0,1,2,0,0,7,1,0,5,0,1,0,0,0,0,0,0,0,0,7,0,1,0,0,0,1,3,0,2,0,0,0,0,0,0,1,0,0,0,0,0,0,0,0,0,0,0,0,0,0,1,0,0,3,3,0,0
"WF10 3",12082,11909,0,0,0,0,0,0,0,0,0,5,4,2,105,1,1,73,1,2,1,20,1,2,0,0,2,0,0,1,0,0,0,0,1,0,0,0,0,1,0,0,0,7,2,6,3,0,2,0,1,0,12,3,0,7,0,0,0,0,0,0,0,0,2,0,14,0,1,5,0,0,0,6,0,2,0,0,0,0,0,0,11,0,0,0,0,0,0,0,0,0,0,5,5,0,0,1,1,1,0,0,0,0
"WF10 4",10553,10344,0,0,0,0,0,0,0,0,0,1,1,5,111,0,0,95,0,1,0,6,4,3,0,0,2,0,0,0,0,0,0,0,1,0,0,1,0,0,0,0,0,14,2,2,7,0,2,3,2,0,17,1,0,6,0,0,2,0,2,0,6,0,0,0,30,0,8,14,1,0,3,3,0,1,0,0,0,0,0,0,15,0,0,0,0,0,0,0,0,0,0,3,3,0,0,9,0,0,3,2,1,0
"WF10 5",10038,9810,0,0,0,0,0,0,0,0,0,0,15,5,136,0,3,105,4,4,1,4,1,3,3,0,6,0,1,0,1,0,0,0,3,1,1,1,0,0,0,0,0,1,1,2,1,0,0,1,0,0,16,1,2,7,0,0,6,0,0,0,0,0,0,0,28,2,9,14,1,0,0,1,0,1,0,0,0,0,0,0,13,0,0,0,0,0,0,0,2,0,0,2,1,0,2,6,1,1,6,3,1,2
"WF11 0",5707,5581,0,0,0,0,0,0,0,0,0,1,4,0,81,0,1,69,1,0,0,5,0,3,0,1,1,0,0,0,0,0,0,0,0,0,0,0,0,0,0,0,0,4,1,0,0,0,0,0,0,0,24,3,0,13,0,0,1,0,3,0,3,0,0,1,6,0,0,3,0,0,0,1,0,2,0,0,0,0,0,0,2,0,0,0,0,0,0,0,0,0,0,1,1,0,0,0,0,0,3,2,1,0
"WF11 8",6207,6119,0,1,0,0,0,0,0,1,0,1,2,0,41,1,1,31,0,0,0,2,4,2,0,0,0,0,0,0,0,0,0,0,2,1,0,1,0,0,0,0,0,2,0,1,7,1,2,2,2,0,18,1,0,11,0,0,0,0,0,0,5,0,0,1,9,0,1,4,0,0,0,2,0,2,0,0,0,0,0,0,1,0,0,0,0,0,0,0,0,0,0,0,1,0,0,0,0,0,3,0,2,1
"WF11 9",4423,4357,0,0,0,0,0,0,0,0,0,1,0,0,33,3,2,25,0,0,0,0,1,1,0,0,1,0,0,0,0,0,0,0,0,0,0,0,0,0,1,1,0,0,1,0,2,0,2,0,0,0,8,3,0,0,0,0,0,0,0,0,2,0,0,3,7,1,0,0,0,0,0,2,0,4,0,0,0,0,0,0,12,1,0,0,0,0,0,0,10,0,0,0,0,0,1,0,0,0,1,1,0,0
"WF12 0",9214,8541,1,2,1,0,0,0,0,0,1,1,1,3,36,2,7,13,1,3,0,0,0,6,0,1,0,0,2,0,0,0,1,0,1,0,0,0,0,1,0,0,0,2,0,19,17,0,6,1,7,3,562,176,0,164,3,7,209,0,0,0,0,0,0,3,23,1,8,0,0,0,1,6,0,6,1,0,0,0,0,0,4,0,0,3,0,0,0,0,0,0,0,0,0,0,0,1,0,0,1,1,0,0
"WF12 7",7839,7662,0,1,0,0,0,0,0,1,0,2,0,1,66,0,3,52,0,0,1,3,5,0,0,0,2,0,0,0,0,0,0,0,0,0,0,0,0,0,0,0,0,0,0,8,8,0,6,2,0,0,81,33,0,31,1,1,8,0,0,0,0,0,0,7,7,0,4,2,0,0,0,1,0,0,0,0,0,0,0,0,1,0,0,0,0,0,0,0,0,0,1,0,0,0,0,0,0,0,2,2,0,0
"WF12 8",6212,6070,0,1,0,0,0,0,0,0,1,4,5,2,70,2,1,59,0,0,0,6,0,1,0,1,0,0,0,0,0,0,0,0,4,2,2,0,0,0,0,0,0,2,0,1,4,0,1,3,0,0,33,15,0,12,0,0,6,0,0,0,0,0,0,0,11,0,0,5,0,0,1,4,0,0,1,0,0,0,0,0,4,1,0,0,0,0,0,0,0,0,3,0,0,0,0,0,0,0,1,1,0,0
"WF12 9",9281,5865,0,2,0,0,0,0,0,0,2,2,6,9,74,4,4,35,3,5,0,5,6,11,0,1,0,0,0,0,0,0,0,0,16,0,0,0,0,16,0,0,0,0,0,20,74,0,22,26,20,6,3141,650,13,811,43,58,1503,0,0,4,8,0,2,49,21,0,0,4,1,0,1,3,3,6,3,0,5,0,0,0,29,1,0,15,0,0,0,0,1,0,0,0,0,0,7,5,5,5,12,9,2,1
"WF13 1",1422,1088,0,2,0,0,0,0,1,1,0,0,0,0,30,0,0,27,1,0,1,0,1,0,0,0,0,0,0,0,0,0,0,0,3,2,1,0,0,0,0,0,0,0,0,2,8,0,2,1,5,0,267,97,0,140,8,0,7,0,0,0,0,0,0,15,11,0,0,6,0,0,0,0,0,4,1,0,0,0,0,0,8,0,0,0,0,0,5,0,0,0,1,0,0,0,0,2,0,0,3,2,1,0
"WF13 2",6035,4649,0,1,0,0,0,0,0,0,1,1,4,2,181,0,3,143,6,3,0,2,6,13,1,1,0,0,0,0,0,3,0,0,9,0,9,0,0,0,0,0,0,4,4,17,56,0,43,2,10,1,1076,281,2,406,55,5,296,0,0,4,0,0,0,27,15,1,0,5,2,0,2,4,0,1,0,1,5,0,0,0,8,0,0,1,0,1,0,0,0,0,0,0,0,0,1,5,2,2,0,0,0,0
"WF13 3",10687,7517,0,0,0,0,0,0,0,0,0,5,2,0,274,2,2,128,0,1,10,14,21,88,5,1,1,0,0,0,0,0,1,0,3,0,1,2,0,0,0,0,0,5,3,7,118,0,45,23,50,0,2703,867,2,1631,93,11,53,0,0,0,0,0,0,46,18,0,2,4,2,0,0,0,0,10,0,0,0,1,0,1,15,0,0,0,1,6,0,0,0,0,0,0,0,0,1,7,10,10,6,5,1,0
"WF13 4",7714,6775,0,0,0,0,0,0,0,0,0,4,5,6,105,3,4,66,15,0,0,6,2,3,0,0,2,0,3,0,1,0,0,0,6,0,5,0,0,1,0,0,0,5,1,2,29,0,15,0,13,1,723,239,5,284,12,6,146,0,4,9,2,0,0,16,39,0,4,8,1,0,0,2,0,24,0,0,1,0,0,0,8,0,0,2,0,4,0,0,0,0,0,2,0,0,0,0,2,2,3,0,3,0
"WF14 0",6897,6821,1,0,0,0,0,0,0,0,0,2,1,1,27,4,5,8,0,3,0,0,2,1,0,0,3,1,0,0,0,0,0,0,1,0,1,0,0,0,0,0,0,4,2,4,5,0,1,3,0,1,14,2,0,9,0,0,3,0,0,0,0,0,0,0,8,0,3,2,1,0,0,1,0,0,1,0,0,0,0,0,4,1,0,1,0,0,0,0,0,0,0,0,0,0,0,2,0,0,2,2,0,0
"WF14 8",3790,3742,0,0,0,0,0,0,0,0,0,1,1,0,20,1,1,11,0,0,0,0,0,5,0,1,1,0,0,0,0,0,0,0,1,0,1,0,0,0,0,0,0,0,0,7,0,0,0,0,0,0,12,3,0,9,0,0,0,0,0,0,0,0,0,0,6,1,1,1,1,0,0,1,0,0,1,0,0,0,0,0,0,0,0,0,0,0,0,0,0,0,0,0,0,0,0,0,0,0,0,0,0,0
"WF14 9",8299,8222,1,0,0,0,0,0,0,0,0,4,0,2,19,4,5,7,0,0,0,0,0,0,0,0,0,1,2,0,0,0,0,0,0,0,0,0,0,0,0,0,0,0,0,0,2,0,2,0,0,0,36,7,0,15,0,0,12,0,0,0,0,2,0,0,8,0,0,2,0,1,0,2,0,0,3,0,0,0,0,0,1,0,0,0,0,0,0,0,0,0,0,1,0,0,0,0,1,1,3,3,0,0
"WF15 6",4961,4822,0,0,0,0,0,0,0,0,0,2,0,0,48,4,0,39,0,0,0,0,0,2,2,0,0,0,0,0,0,0,1,0,0,0,0,0,0,0,0,0,0,1,1,2,3,0,0,2,1,0,76,24,2,35,1,0,8,0,0,0,0,0,0,6,5,3,0,0,0,1,0,0,0,1,0,0,0,0,0,0,0,0,0,0,0,0,0,0,0,0,0,0,0,0,0,0,0,0,1,1,0,0
"WF15 7",7215,7081,0,1,0,0,0,1,0,0,0,0,1,0,35,0,1,27,0,0,2,3,0,1,0,0,0,0,0,1,0,0,0,0,5,0,2,0,2,1,0,0,0,2,1,0,0,0,0,0,0,0,76,18,1,44,3,0,6,0,0,0,3,0,0,1,10,0,1,4,1,0,0,4,0,0,0,0,0,0,0,0,1,0,0,0,0,0,0,0,0,0,0,0,0,0,0,1,0,0,2,1,0,1
"WF15 8",4800,4732,0,0,0,0,0,0,0,0,0,0,1,0,34,1,0,21,7,1,0,0,0,0,1,0,1,1,1,0,0,0,0,0,2,0,2,0,0,0,0,0,0,0,0,3,3,0,3,0,0,0,11,3,0,3,0,0,4,0,0,0,0,0,0,1,7,0,3,2,0,0,0,0,0,2,0,0,0,0,0,0,5,0,0,0,0,0,0,0,1,0,0,0,0,0,1,3,0,0,2,0,0,2
"WF16 0",4598,3957,0,0,0,0,0,0,0,0,0,1,1,0,41,2,1,29,5,0,1,2,0,0,0,1,0,0,0,0,0,0,0,0,0,0,0,0,0,0,0,0,0,2,1,1,6,0,6,0,0,0,569,182,0,346,35,0,5,0,0,0,0,0,0,1,16,0,5,10,1,0,0,0,0,0,0,0,0,0,0,0,2,0,0,0,0,0,0,1,0,0,0,0,0,0,1,0,0,0,1,1,0,0
"WF16 9",7410,6535,1,3,1,0,0,0,0,1,1,0,2,0,43,1,4,20,3,0,0,2,0,10,1,0,0,0,0,0,1,0,1,0,3,0,3,0,0,0,0,0,0,0,0,2,4,0,0,4,0,0,787,286,2,438,40,0,6,0,0,3,9,0,0,3,15,0,0,3,0,0,0,5,0,7,0,0,0,0,0,0,6,0,0,0,0,0,0,3,0,0,0,0,0,0,2,1,2,2,7,7,0,0
"WF17 0",7777,7489,0,1,0,0,0,0,0,1,0,5,0,3,61,3,1,45,0,1,7,0,0,1,2,0,0,0,0,0,1,0,0,0,6,0,6,0,0,0,0,0,0,2,5,14,4,0,0,4,0,0,169,37,4,56,0,4,66,0,0,0,1,0,0,1,7,0,0,2,0,0,1,2,0,2,0,0,0,0,0,0,5,0,0,0,0,0,0,0,0,0,0,4,0,0,1,0,1,1,5,5,0,0
"WF17 5",3214,2223,1,0,0,0,0,0,0,0,0,0,7,1,60,0,0,48,0,0,4,2,3,1,2,0,0,0,0,0,0,0,0,0,4,0,4,0,0,0,0,0,0,0,3,2,16,0,7,1,2,6,878,142,1,135,19,7,568,0,0,4,0,0,0,2,10,0,0,4,0,0,0,2,0,4,0,0,5,0,0,0,0,0,0,0,0,0,0,0,0,0,0,0,0,0,0,0,1,1,3,2,1,0
"WF17 6",6761,5363,0,1,0,0,0,0,0,1,0,0,3,1,103,0,4,77,1,0,3,3,1,9,4,0,1,0,0,0,0,0,0,0,10,0,10,0,0,0,0,0,0,3,0,3,49,0,8,1,34,6,1204,167,6,173,13,6,825,0,1,1,1,0,4,7,7,0,2,4,0,0,0,1,0,0,0,0,2,0,0,0,2,0,0,0,0,1,0,0,0,0,0,0,0,0,1,0,6,6,4,3,0,1
"WF17 7",12336,8729,0,2,0,0,0,0,0,0,2,1,6,2,100,0,2,76,2,2,1,6,0,10,0,1,0,0,0,0,0,0,0,0,32,0,32,0,0,0,0,0,0,0,0,14,85,0,10,2,52,21,3286,502,19,763,18,10,1921,0,0,0,4,0,0,49,35,0,1,9,1,0,0,0,1,22,1,0,14,0,0,0,15,0,0,0,0,1,0,0,0,0,0,4,0,1,7,2,9,9,6,2,2,2
"WF17 8",6045,5781,1,0,0,0,0,0,0,0,0,5,2,1,35,0,1,26,0,1,2,4,0,0,0,0,0,0,0,0,0,0,1,0,12,0,12,0,0,0,0,0,0,2,1,4,2,0,0,0,0,2,169,59,3,56,0,0,46,0,0,0,2,0,0,3,27,1,8,4,0,0,0,2,0,12,0,0,0,0,0,0,0,0,0,0,0,0,0,0,0,0,0,0,0,0,0,0,1,1,2,1,0,1
"WF17 9",5551,5454,0,0,0,0,0,0,0,0,0,0,2,0,53,0,1,40,1,0,3,0,0,4,2,0,0,0,1,0,1,0,0,0,1,1,0,0,0,0,0,0,0,3,1,0,7,0,7,0,0,0,13,5,1,5,0,0,2,0,0,0,0,0,0,0,9,0,1,3,0,0,0,0,0,5,0,0,0,0,0,0,6,0,0,0,0,0,0,0,0,0,0,0,0,1,3,2,1,1,1,1,0,0
"WF2  0",10999,10588,1,0,0,0,0,0,0,0,0,5,4,3,203,5,5,117,2,8,0,27,33,3,0,2,1,0,0,0,0,0,0,0,0,0,0,0,0,0,0,0,0,9,0,14,16,0,5,10,0,1,110,55,3,37,0,0,4,0,0,8,2,0,0,1,27,0,3,12,0,1,2,4,0,2,3,0,0,0,0,0,14,0,1,0,0,0,0,0,0,0,0,4,1,0,8,0,1,1,4,2,2,0
"WF2  6",7928,7776,0,0,0,0,0,0,0,0,0,4,0,4,39,0,4,23,1,0,4,2,2,0,0,0,1,0,1,0,1,0,0,0,2,1,1,0,0,0,0,0,0,1,1,18,9,0,0,7,2,0,56,22,9,12,0,0,6,0,1,0,0,1,1,4,11,0,6,0,0,0,0,3,0,2,0,0,0,0,0,0,7,0,0,0,0,0,0,0,0,0,0,0,5,0,1,1,0,0,0,0,0,0
"WF2  7",7768,7428,0,0,0,0,0,0,0,0,0,0,2,1,200,0,2,156,5,0,2,9,16,4,3,0,1,1,0,0,1,0,0,0,6,3,1,1,0,1,0,0,0,7,1,7,32,0,22,2,2,6,32,11,0,12,0,0,0,0,1,1,3,3,1,0,10,2,1,5,0,0,0,0,0,2,0,0,0,0,0,0,37,1,0,0,0,0,0,0,0,0,0,16,6,0,9,5,3,3,2,1,0,1
"WF2  8",13137,12381,0,4,2,0,0,0,0,2,0,25,20,7,323,11,5,248,7,2,2,27,8,8,1,1,0,0,2,0,1,0,0,0,8,6,1,1,0,0,0,0,0,13,4,27,64,0,27,28,8,1,129,66,4,37,0,9,2,0,0,8,0,0,0,3,42,2,2,9,0,2,2,13,0,8,4,0,0,0,0,0,82,3,16,0,0,0,4,0,2,2,0,24,1,5,8,17,0,0,8,4,1,3
"WF2  9",9373,8553,7,2,1,0,0,1,0,0,0,10,5,11,390,3,2,254,23,20,1,38,41,3,0,1,1,0,0,0,3,0,0,0,5,3,1,0,0,1,0,0,0,14,8,16,35,0,13,13,9,0,248,102,4,121,4,0,6,0,1,3,0,0,0,7,29,1,10,4,1,3,0,4,0,6,0,0,0,0,0,0,33,0,0,0,0,6,2,0,2,0,0,8,0,0,9,6,1,1,6,5,1,0
"WF3  1",10978,10774,1,1,0,0,0,0,0,0,1,4,3,13,56,5,2,33,0,11,0,0,0,3,0,1,0,1,0,0,0,0,0,0,2,2,0,0,0,0,0,0,0,1,2,8,7,0,0,7,0,0,63,13,2,26,0,6,6,0,2,4,0,0,1,3,36,0,10,11,1,0,3,5,3,3,0,0,0,0,0,0,3,0,0,0,0,0,0,0,0,0,0,0,0,0,0,3,0,0,4,3,1,0
"WF3  2",4923,4827,1,0,0,0,0,0,0,0,0,1,4,1,35,0,0,28,0,1,0,2,1,0,0,0,0,3,0,0,0,0,0,0,4,2,1,0,1,0,0,0,0,2,1,4,5,0,3,2,0,0,19,10,0,4,0,0,0,0,0,2,0,0,2,1,12,0,6,2,0,0,0,1,0,3,0,0,0,0,0,0,4,0,0,0,0,2,0,0,0,0,0,0,1,0,0,1,0,0,3,1,2,0
"WF3  3",8436,8318,0,2,1,0,0,0,0,1,0,0,1,2,42,2,1,35,0,0,0,0,2,0,0,0,0,1,0,0,0,0,1,0,4,1,2,0,0,1,0,0,0,3,2,4,11,0,2,6,3,0,13,0,0,11,0,0,0,0,0,0,2,0,0,0,18,1,4,10,0,1,0,2,0,0,0,0,0,0,0,0,6,0,0,0,0,0,0,0,0,0,0,6,0,0,0,0,1,1,9,8,0,1
"WF3  4",7058,6915,0,0,0,0,0,0,0,0,0,14,0,3,68,3,1,58,1,0,0,3,0,1,0,1,0,0,0,0,0,0,0,0,0,0,0,0,0,0,0,0,0,2,2,1,9,0,1,0,8,0,25,6,0,9,0,2,0,0,2,5,1,0,0,0,10,2,2,2,0,0,0,3,0,1,0,0,0,0,0,0,5,0,0,0,0,0,1,0,0,0,0,2,0,0,0,2,0,0,4,4,0,0
"WF4  1",8483,8406,1,0,0,0,0,0,0,0,0,0,0,9,38,1,1,26,1,0,0,1,6,1,0,0,0,0,1,0,0,0,0,0,1,0,0,0,0,1,0,0,0,2,0,0,0,0,0,0,0,0,12,0,0,4,0,4,1,0,3,0,0,0,0,0,10,1,0,3,0,0,0,3,0,3,0,0,0,0,0,0,1,0,0,0,0,0,0,0,0,0,0,0,1,0,0,0,0,0,3,0,3,0
"WF4  2",6259,6182,0,0,0,0,0,0,0,0,0,0,2,1,44,2,6,32,0,0,0,0,0,0,0,0,1,0,2,1,0,0,0,0,0,0,0,0,0,0,0,0,0,0,0,0,2,0,0,0,0,2,5,3,0,0,0,0,0,0,0,0,0,0,0,2,10,3,0,1,0,0,0,5,0,0,1,0,0,0,0,0,4,0,0,0,0,0,0,0,0,0,0,1,3,0,0,0,0,0,9,9,0,0
"WF4  3",8946,8815,1,0,0,0,0,0,0,0,0,2,1,6,55,2,5,35,0,3,0,2,1,4,1,0,1,0,1,0,0,0,0,0,3,2,0,0,0,1,0,0,0,3,1,0,5,0,2,2,0,1,7,3,1,1,0,0,2,0,0,0,0,0,0,0,21,1,2,7,0,2,0,7,0,1,1,0,0,0,0,0,14,0,0,0,0,0,2,0,1,0,0,8,0,0,0,3,1,1,11,9,0,2
"WF4  4",8620,8520,2,0,0,0,0,0,0,0,0,3,2,6,35,3,1,12,2,0,1,0,0,6,2,1,5,1,1,0,0,0,0,0,0,0,0,0,0,0,0,0,0,2,0,1,3,0,0,0,0,3,25,13,0,5,3,0,0,0,4,0,0,0,0,0,16,0,1,3,0,0,7,4,0,1,0,0,0,0,0,0,4,0,0,0,0,1,0,0,0,1,0,0,0,0,1,1,1,1,0,0,0,0
"WF4  5",4956,4901,0,1,0,0,0,1,0,0,0,1,0,1,22,1,6,11,0,1,0,1,0,1,0,0,0,0,0,1,0,0,0,0,1,0,0,0,0,1,0,0,0,2,0,2,1,0,1,0,0,0,7,0,0,3,3,0,1,0,0,0,0,0,0,0,11,0,4,2,0,0,1,1,0,3,0,0,0,0,0,0,6,0,0,0,0,0,0,1,0,0,0,0,1,1,0,3,0,0,0,0,0,0
"WF4  6",4618,4542,0,0,0,0,0,0,0,0,0,2,1,1,27,0,2,16,0,0,0,3,5,0,0,1,0,0,0,0,0,0,0,0,0,0,0,0,0,0,0,0,0,0,1,2,9,0,0,6,0,3,16,0,3,11,0,0,2,0,0,0,0,0,0,0,11,3,1,2,0,0,0,2,0,3,0,0,0,0,0,0,5,0,0,0,0,0,0,0,0,0,0,0,0,0,0,5,0,0,1,1,0,0
"WF5  0",8446,8374,2,0,0,0,0,0,0,0,0,3,0,0,36,1,3,28,0,1,0,0,0,0,0,0,0,2,0,0,0,0,1,0,2,0,2,0,0,0,0,0,0,1,4,2,0,0,0,0,0,0,3,2,0,1,0,0,0,0,0,0,0,0,0,0,17,0,0,4,2,0,0,4,0,7,0,0,0,0,0,0,1,0,0,0,0,0,0,0,0,0,0,0,1,0,0,0,0,0,1,0,0,1
"WF5  8",5896,5815,0,0,0,0,0,0,0,0,0,2,0,3,49,0,3,32,0,1,0,0,1,8,1,0,0,0,0,3,0,0,0,0,0,0,0,0,0,0,0,0,0,2,1,2,8,0,2,6,0,0,2,0,0,0,0,0,2,0,0,0,0,0,0,0,5,0,0,0,0,0,0,4,0,1,0,0,0,0,0,0,4,0,0,0,0,0,0,0,0,0,0,2,2,0,0,0,0,0,3,2,0,1
"WF5  9",6157,6042,0,0,0,0,0,0,0,0,0,0,2,4,42,1,4,32,1,1,0,3,0,0,0,0,0,0,0,0,0,0,0,0,3,3,0,0,0,0,0,0,0,5,0,11,3,0,0,2,0,1,16,6,0,3,0,0,6,0,0,1,0,0,0,0,19,2,0,11,3,0,0,3,0,0,0,0,0,0,0,0,6,0,0,0,0,0,0,0,0,0,3,0,0,1,0,2,0,0,4,4,0,0
"WF6  1",10982,10593,1,0,0,0,0,0,0,0,0,2,6,4,263,1,4,212,3,4,3,9,21,0,0,1,1,0,4,0,0,0,0,0,2,0,0,1,0,1,0,0,0,12,0,2,6,0,4,2,0,0,29,12,3,5,0,0,1,0,4,4,0,0,0,0,37,3,15,7,0,0,0,7,1,2,2,0,0,0,0,0,21,0,4,0,0,0,0,0,0,0,0,4,3,0,3,7,2,2,2,1,0,1
"WF6  2",9540,9316,0,2,2,0,0,0,0,0,0,0,1,2,150,0,2,115,5,3,0,2,20,0,1,1,1,0,0,0,0,0,0,0,4,1,3,0,0,0,0,0,0,9,1,0,3,0,1,2,0,0,12,3,2,3,0,0,2,0,2,0,0,0,0,0,29,1,11,10,0,0,0,1,0,6,0,0,0,0,0,0,0,0,0,0,0,0,0,0,0,0,0,0,0,0,0,0,2,2,9,4,0,5
"WF7  5",6622,6530,0,0,0,0,0,0,0,0,0,0,0,0,43,0,1,31,1,6,1,0,1,0,1,0,1,0,0,0,0,0,0,0,0,0,0,0,0,0,0,0,0,6,1,0,5,0,3,2,0,0,12,1,3,1,0,0,7,0,0,0,0,0,0,0,16,0,0,9,0,0,2,4,0,0,1,0,0,0,0,0,5,1,0,0,0,0,0,0,4,0,0,0,0,0,0,0,1,1,3,3,0,0
"WF7  6",6187,6127,0,0,0,0,0,0,0,0,0,2,0,2,30,3,2,18,0,1,0,6,0,0,0,0,0,0,0,0,0,0,0,0,1,0,0,0,0,1,0,0,0,4,3,1,1,0,0,0,0,1,5,0,0,5,0,0,0,0,0,0,0,0,0,0,7,0,0,4,0,0,0,1,0,2,0,0,0,0,0,0,1,0,0,0,0,0,0,0,0,0,0,0,1,0,0,0,0,0,3,2,0,1
"WF7  7",6660,6542,4,0,0,0,0,0,0,0,0,2,0,1,30,1,4,17,1,0,1,0,0,1,4,0,1,0,0,0,0,0,0,0,2,0,0,2,0,0,0,0,0,4,2,2,4,0,0,2,0,2,18,1,6,0,0,0,6,0,0,2,0,2,0,1,42,0,9,25,1,0,1,4,0,0,2,0,0,0,0,0,6,1,0,0,0,0,0,0,4,0,0,0,0,0,1,0,0,0,1,0,0,1
"WF8  1",4318,4188,0,0,0,0,0,0,0,0,0,2,0,1,54,0,1,44,1,0,3,4,0,0,0,0,1,0,0,0,0,0,0,0,0,0,0,0,0,0,0,0,0,0,1,1,5,0,2,3,0,0,22,5,1,2,1,5,0,0,0,3,3,0,0,2,21,0,1,0,0,0,0,1,0,15,4,0,0,0,0,0,17,0,1,0,0,1,0,1,0,0,0,2,0,4,0,8,1,1,5,5,0,0
"WF8  2",13947,13599,0,1,1,0,0,0,0,0,0,6,2,2,195,4,7,160,1,3,0,10,0,5,3,1,0,0,0,1,0,0,0,0,1,1,0,0,0,0,0,0,0,2,1,5,9,0,0,1,8,0,31,8,0,16,2,0,2,0,0,0,3,0,0,0,71,1,4,7,0,0,0,8,1,50,0,0,0,0,0,0,16,0,0,0,0,0,0,1,1,0,0,3,4,2,0,5,4,4,2,2,0,0
"WF8  3",5826,5765,0,0,0,0,0,0,0,0,0,3,7,2,23,0,1,19,0,0,0,0,2,1,0,0,0,0,0,0,0,0,0,0,0,0,0,0,0,0,0,0,0,0,0,1,3,0,1,0,2,0,9,4,0,4,0,0,1,0,0,0,0,0,0,0,6,0,1,2,1,0,0,2,0,0,0,0,0,0,0,0,6,0,0,0,0,0,0,0,4,0,0,0,0,0,0,2,1,1,0,0,0,0
"WF8  4",7159,7034,0,0,0,0,0,0,0,0,0,1,0,1,58,1,1,43,0,0,2,8,0,0,1,0,2,0,0,0,0,0,0,0,9,7,0,1,0,1,0,0,0,1,1,4,3,0,0,2,1,0,19,0,2,7,0,0,0,0,0,0,9,0,0,1,12,2,1,1,0,0,0,3,0,5,0,0,0,0,0,0,9,0,0,0,0,1,0,0,4,0,0,4,0,0,0,0,6,6,1,1,0,0
"WF9  1",6567,6451,1,1,0,0,0,0,0,0,1,3,5,0,77,1,0,56,0,2,0,2,13,2,0,1,0,0,0,0,0,0,0,0,0,0,0,0,0,0,0,0,0,8,0,1,0,0,0,0,0,0,4,2,0,2,0,0,0,0,0,0,0,0,0,0,9,0,0,4,0,0,0,3,0,2,0,0,0,0,0,0,0,0,0,0,0,0,0,0,0,0,0,0,0,0,0,0,2,2,5,2,0,3
"WF9  2",10011,9605,1,1,0,0,0,0,0,1,0,4,2,1,348,1,2,292,14,1,0,8,4,26,0,0,0,0,0,0,0,0,0,0,0,0,0,0,0,0,0,0,0,1,3,1,1,0,1,0,0,0,20,5,0,6,1,0,0,0,0,1,7,0,0,0,11,0,1,3,0,0,1,3,0,3,0,0,0,0,0,0,3,0,0,0,0,0,0,0,0,0,0,2,0,0,1,0,2,2,7,7,0,0
"WF9  3",8186,8033,1,2,0,0,0,0,0,2,0,1,1,0,131,0,4,108,1,1,8,2,1,1,2,0,3,0,0,0,0,0,0,0,0,0,0,0,0,0,0,0,0,0,1,2,2,0,0,1,1,0,3,0,1,1,0,1,0,0,0,0,0,0,0,0,3,0,0,3,0,0,0,0,0,0,0,0,0,0,0,0,2,0,0,0,0,0,0,0,0,0,0,0,0,0,1,1,0,0,4,3,1,0
"WF9  4",8670,8555,0,2,0,0,0,0,0,2,0,1,6,2,65,0,2,48,2,0,0,0,5,2,2,2,0,1,1,0,0,0,0,0,0,0,0,0,0,0,0,0,0,1,1,1,1,0,0,0,0,1,9,2,0,6,1,0,0,0,0,0,0,0,0,0,8,0,2,3,0,0,0,1,0,2,0,0,0,0,0,0,12,0,0,0,0,0,0,0,12,0,0,0,0,0,0,0,2,2,4,2,0,2
"WF9  5",4362,4286,0,1,0,0,0,0,0,1,0,2,13,3,25,1,1,21,0,0,0,2,0,0,0,0,0,0,0,0,0,0,0,0,2,2,0,0,0,0,0,0,0,2,0,1,0,0,0,0,0,0,5,0,1,0,0,3,1,0,0,0,0,0,0,0,9,0,5,2,0,0,0,2,0,0,0,0,0,0,0,0,10,0,0,0,0,0,0,0,0,0,0,7,0,0,0,3,1,1,2,0,0,2
"WN1  1",429,378,0,0,0,0,0,0,0,0,0,4,1,0,17,0,0,3,1,0,3,3,6,0,0,0,1,0,0,0,0,0,0,0,0,0,0,0,0,0,0,0,0,0,0,8,9,0,8,1,0,0,5,0,1,0,0,0,2,0,0,0,0,2,0,0,5,0,2,1,0,0,0,0,0,0,2,0,0,0,0,0,1,0,0,0,0,0,0,0,0,0,0,1,0,0,0,0,1,1,0,0,0,0
"WN1  2",9458,9136,2,0,0,0,0,0,0,0,0,3,6,5,135,5,2,36,34,5,3,14,25,2,3,2,2,1,0,0,0,0,0,1,1,0,0,1,0,0,0,0,0,1,9,30,24,0,13,10,0,1,44,6,2,2,0,4,3,4,6,3,7,0,0,7,49,4,5,5,4,0,1,2,1,7,20,0,0,0,0,0,5,0,2,0,0,0,2,0,0,0,0,1,0,0,0,0,8,8,0,0,0,0
"WN1  3",9481,9070,0,1,0,0,0,0,0,1,0,9,2,3,256,0,1,102,31,5,7,70,26,3,2,0,0,0,0,0,8,1,0,0,2,2,0,0,0,0,0,0,0,8,8,18,40,0,27,10,0,3,26,13,2,3,0,0,0,0,0,0,7,0,0,1,17,0,1,5,1,0,4,6,0,0,0,0,0,0,0,0,11,1,1,2,0,0,0,1,0,0,0,1,4,0,0,1,3,3,7,7,0,0
"WN2  1",8213,8130,0,1,1,0,0,0,0,0,0,2,0,1,26,0,1,16,2,0,0,0,3,0,0,2,0,0,2,0,0,0,0,0,0,0,0,0,0,0,0,0,0,2,0,10,6,0,6,0,0,0,18,12,0,0,0,0,1,0,0,4,0,0,0,1,14,0,5,3,0,0,0,5,0,1,0,0,0,0,0,0,1,0,0,0,0,0,0,0,0,0,0,1,0,0,0,0,2,2,0,0,0,0
"WN2  2",7774,7547,2,0,0,0,0,0,0,0,0,11,1,1,138,0,2,94,4,1,3,23,6,5,0,0,0,0,0,0,0,0,0,0,2,0,0,0,2,0,0,0,0,5,1,5,12,0,2,10,0,0,25,8,0,2,0,1,10,0,0,2,1,0,0,1,11,0,8,1,0,0,0,1,0,1,0,0,0,0,0,0,11,0,0,0,0,0,0,6,0,0,1,0,0,0,0,4,0,0,2,2,0,0
"WN2  3",8921,8789,2,0,0,0,0,0,0,0,0,4,0,3,53,2,6,19,1,3,1,11,5,2,0,0,2,0,0,1,0,0,0,0,0,0,0,0,0,0,0,0,0,7,4,15,8,0,4,3,0,1,14,3,0,4,0,0,1,0,0,6,0,0,0,0,18,1,0,3,0,0,0,1,0,13,0,0,0,0,0,0,2,0,0,0,0,0,0,0,0,0,0,1,1,0,0,0,1,1,1,0,1,0
"WN2  4",14947,14834,2,0,0,0,0,0,0,0,0,3,3,2,45,1,0,29,2,1,4,6,0,0,0,1,0,0,0,0,0,0,1,0,1,0,0,0,0,1,0,0,0,1,4,9,13,0,7,6,0,0,11,6,0,2,0,0,2,0,1,0,0,0,0,0,17,3,1,5,0,0,0,3,0,5,0,0,0,0,0,0,0,0,0,0,0,0,0,0,0,0,0,0,0,0,0,0,0,0,2,2,0,0
"WN2  5",10816,10577,3,1,1,0,0,0,0,0,0,12,2,4,122,2,9,68,17,4,3,13,1,0,0,2,2,0,0,0,1,0,0,0,1,1,0,0,0,0,0,0,0,3,2,5,13,0,2,9,2,0,25,8,0,7,0,0,5,0,0,3,1,1,0,0,28,3,12,5,0,0,0,6,0,2,0,0,0,0,0,0,14,0,2,0,0,0,0,0,1,0,1,2,0,0,0,8,1,1,3,3,0,0
"WN3  4",5280,5108,0,0,0,0,0,0,0,0,0,4,1,8,91,0,1,48,9,0,2,20,9,2,0,0,0,0,0,0,0,0,0,0,0,0,0,0,0,0,0,0,0,5,1,7,12,0,8,4,0,0,13,1,0,3,0,2,1,0,2,2,0,2,0,0,28,0,14,7,1,2,1,2,0,1,0,0,0,0,0,0,0,0,0,0,0,0,0,0,0,0,0,0,0,0,0,0,0,0,2,1,0,1
"WN3  5",11290,11083,1,1,0,0,0,0,0,1,0,4,3,11,79,2,1,32,7,12,5,5,5,4,0,0,2,3,1,0,0,0,0,0,0,0,0,0,0,0,0,0,0,1,9,16,23,0,14,4,5,0,20,1,3,2,0,3,1,0,1,3,5,0,0,1,29,0,2,15,1,0,0,5,2,2,2,0,0,0,0,0,2,0,0,0,0,0,0,0,0,0,0,0,0,0,0,2,0,0,8,6,1,1
"WN3  6",12219,12125,3,0,0,0,0,0,0,0,0,2,2,0,22,3,1,7,3,0,0,3,0,0,0,1,1,2,0,0,1,0,0,0,0,0,0,0,0,0,0,0,0,1,4,0,5,0,3,2,0,0,13,4,1,0,0,0,3,0,0,2,3,0,0,0,27,3,10,6,1,0,0,4,0,2,1,0,0,0,0,0,6,1,0,0,0,0,1,0,0,0,0,0,1,0,0,3,2,2,7,6,1,0
"WN4  0",9523,9460,2,0,0,0,0,0,0,0,0,2,0,2,26,1,3,17,0,0,0,0,1,1,0,0,0,2,0,0,1,0,0,0,1,0,0,0,0,1,0,0,0,0,3,1,0,0,0,0,0,0,8,2,0,0,0,2,4,0,0,0,0,0,0,0,18,4,2,4,0,0,0,2,0,6,0,0,0,0,0,0,0,0,0,0,0,0,0,0,0,0,0,0,0,0,0,0,0,0,0,0,0,0
"WN4  8",8600,8529,2,0,0,0,0,0,0,0,0,1,1,2,40,0,1,15,4,3,1,9,4,0,0,1,0,0,0,2,0,0,0,0,1,0,0,0,0,1,0,0,0,3,1,1,2,0,1,1,0,0,4,0,2,2,0,0,0,0,0,0,0,0,0,0,6,1,0,2,0,0,0,1,0,2,0,0,0,0,0,0,3,0,0,0,0,0,0,0,1,0,0,2,0,0,0,0,0,0,4,3,1,0
"WN4  9",9688,9609,1,0,0,0,0,0,0,0,0,3,3,1,36,2,3,15,1,7,0,1,0,3,2,0,0,1,0,0,0,0,0,1,1,0,0,1,0,0,0,0,0,0,3,6,0,0,0,0,0,0,7,1,0,3,0,0,3,0,0,0,0,0,0,0,13,0,5,4,0,0,0,2,1,1,0,0,0,0,0,0,1,0,0,0,0,0,0,0,0,0,0,0,0,0,1,0,1,1,3,2,1,0
"WN5  0",8030,7859,0,0,0,0,0,0,0,0,0,9,4,2,83,6,1,35,4,3,1,14,18,0,1,0,0,0,0,0,0,0,0,0,0,0,0,0,0,0,0,0,0,7,3,7,24,0,10,14,0,0,8,0,1,0,0,0,0,0,0,5,2,0,0,0,15,6,0,4,0,0,2,1,0,1,1,0,0,0,0,0,6,1,1,0,0,0,0,0,0,0,0,3,1,0,0,0,1,1,2,2,0,0
"WN5  7",10882,10815,1,1,0,0,1,0,0,0,0,3,8,5,16,1,0,5,3,3,0,0,0,2,0,1,0,1,0,0,0,0,0,0,1,0,0,0,0,1,0,0,0,1,2,3,2,0,1,0,0,1,11,0,0,3,0,1,1,0,2,0,4,0,0,0,11,1,0,5,2,0,0,1,0,1,1,0,0,0,0,0,1,0,0,0,0,0,0,0,0,0,0,0,1,0,0,0,0,0,1,1,0,0
"WN5  8",10794,10677,1,0,0,0,0,0,0,0,0,1,4,4,40,2,3,5,2,12,1,1,3,0,4,2,2,2,0,0,1,0,0,0,2,0,0,0,0,2,0,0,0,1,3,5,10,0,3,7,0,0,18,7,0,0,0,0,6,0,0,0,4,0,0,1,16,3,2,5,2,0,0,3,1,0,0,0,0,0,0,0,5,0,0,4,0,0,0,0,0,0,0,0,0,0,0,1,2,2,5,4,1,0
"WN5  9",12401,12059,0,2,1,0,0,0,0,1,0,9,15,2,158,1,4,82,26,5,6,22,6,1,1,1,1,0,0,0,0,0,2,0,1,1,0,0,0,0,0,0,0,8,16,11,14,0,7,7,0,0,41,14,3,9,0,0,2,0,1,1,9,2,0,0,30,6,3,14,0,0,4,2,0,0,1,0,0,0,0,0,22,0,0,0,0,0,0,0,0,0,5,8,0,0,2,7,3,3,10,8,2,0
"WN6  0",12887,12711,4,1,1,0,0,0,0,0,0,3,0,4,53,6,5,15,1,2,4,7,8,0,1,1,2,0,0,0,0,0,1,0,1,0,0,1,0,0,0,0,0,0,6,15,12,0,4,8,0,0,36,14,0,0,0,4,5,0,2,7,0,2,0,2,35,1,4,12,1,0,2,8,1,3,3,0,0,0,0,0,2,0,0,0,0,0,0,0,1,0,0,0,0,0,0,1,1,1,3,2,1,0
"WN6  7",9182,8899,0,1,0,0,0,0,0,1,0,11,3,3,143,4,2,66,22,2,0,30,12,2,0,2,0,0,0,0,0,0,0,1,2,0,0,1,0,1,0,0,0,5,8,17,10,0,3,6,0,1,50,8,0,9,0,3,5,0,1,7,16,0,0,1,17,5,0,5,0,0,3,3,0,1,0,0,0,0,0,0,8,0,0,0,0,0,0,0,1,0,1,2,0,0,0,4,3,3,2,0,2,0
"WN6  8",11561,11445,1,0,0,0,0,0,0,0,0,5,0,1,65,0,4,22,3,1,1,22,7,2,0,2,0,0,1,0,0,0,0,0,1,0,0,0,1,0,0,0,0,1,0,0,7,0,3,1,0,3,22,4,0,4,0,4,4,0,0,4,2,0,0,0,12,0,0,9,0,0,0,3,0,0,0,0,0,0,0,0,1,0,0,0,1,0,0,0,0,0,0,0,0,0,0,0,0,0,0,0,0,0
"WN6  9",4989,4943,0,0,0,0,0,0,0,0,0,1,0,1,17,0,0,8,1,2,0,0,0,0,0,2,2,1,0,0,0,0,0,1,0,0,0,0,0,0,0,0,0,2,1,4,0,0,0,0,0,0,7,4,1,0,0,0,2,0,0,0,0,0,0,0,12,0,1,9,1,0,0,0,0,1,0,0,0,0,0,0,1,0,0,0,0,0,0,0,0,0,0,0,1,0,0,0,0,0,0,0,0,0
"WN7  1",8693,8323,2,0,0,0,0,0,0,0,0,4,1,3,154,5,4,71,32,24,3,4,2,6,2,0,0,0,1,0,0,0,0,0,7,0,0,7,0,0,0,0,0,1,3,24,14,0,5,8,0,1,101,39,1,15,0,11,7,0,0,6,20,2,0,0,39,4,9,17,0,0,0,0,0,6,3,0,1,0,0,0,14,0,2,0,0,3,1,0,0,0,1,1,0,0,1,5,1,1,1,0,1,0
"WN7  2",9636,9340,0,0,0,0,0,0,0,0,0,6,0,3,132,4,1,90,10,1,4,19,1,0,1,0,1,0,0,0,0,0,0,0,5,3,0,1,0,1,0,0,0,5,6,17,18,0,12,5,0,1,34,3,2,8,0,0,6,0,2,5,7,0,0,1,42,8,1,7,0,0,4,0,0,22,0,1,0,0,0,0,23,0,0,0,0,0,0,0,4,0,1,7,1,0,0,10,0,0,4,4,0,0
"WN7  3",9800,9634,0,2,0,0,0,2,0,0,0,14,0,1,68,1,2,40,8,3,4,4,0,0,0,4,0,1,0,1,0,0,0,0,0,0,0,0,0,0,0,0,0,2,6,6,14,0,12,2,0,0,23,5,0,1,0,0,8,0,2,4,2,0,0,1,12,0,1,3,0,0,0,2,3,3,0,0,0,0,0,0,14,0,1,0,0,0,2,0,1,0,0,7,1,1,1,0,0,0,4,2,2,0
"WN7  4",6917,6671,0,1,0,0,0,0,0,1,0,11,4,2,110,6,4,54,11,14,2,11,4,1,0,1,1,1,0,0,0,0,0,0,3,1,0,2,0,0,0,0,0,0,3,11,9,0,3,4,0,2,45,16,0,11,0,3,4,0,0,4,7,0,0,0,27,0,5,18,0,0,0,3,0,0,1,0,2,0,0,0,17,0,1,0,0,1,0,2,0,0,0,7,1,0,0,5,1,1,0,0,0,0
"WN7  5",10421,10173,0,2,0,0,0,0,0,1,1,13,11,4,112,0,5,64,6,9,0,20,5,2,0,0,0,0,0,0,0,0,1,0,5,2,0,3,0,0,0,0,0,2,3,12,9,0,7,0,0,2,19,1,0,2,0,6,4,0,0,6,0,0,0,0,41,9,9,7,0,0,0,11,1,4,0,0,0,0,0,0,12,0,0,0,0,0,0,0,4,0,0,1,2,0,0,5,0,0,3,3,0,0
"WN8  0",6031,5984,1,0,0,0,0,0,0,0,0,6,0,1,19,2,2,10,0,0,2,0,1,1,0,0,0,0,0,1,0,0,0,0,0,0,0,0,0,0,0,0,0,0,1,1,2,0,1,1,0,0,10,1,0,2,0,0,2,0,3,2,0,0,0,0,6,1,0,2,0,0,0,3,0,0,0,0,0,0,0,0,0,0,0,0,0,0,0,0,0,0,0,0,0,0,0,0,0,0,0,0,0,0
"WN8  6",15899,15295,0,1,0,0,0,0,0,1,0,3,51,8,462,2,9,178,33,15,2,9,150,57,1,2,2,0,2,0,0,0,0,0,2,1,1,0,0,0,0,0,0,27,1,6,0,0,0,0,0,0,21,2,0,7,0,1,7,0,2,0,1,0,0,1,14,1,1,5,0,0,0,3,0,4,0,0,1,0,0,0,6,0,0,0,0,1,0,0,1,0,0,0,0,0,2,2,0,0,1,1,0,0
"WN8  7",4189,4146,1,0,0,0,0,0,0,0,0,0,6,1,20,2,4,6,0,0,0,0,0,5,0,2,0,0,1,0,0,0,0,0,2,0,0,1,0,1,0,0,0,1,0,1,0,0,0,0,0,0,6,2,1,2,0,0,0,1,0,0,0,0,0,0,5,0,0,0,1,0,0,0,1,3,0,0,0,0,0,0,0,0,0,0,0,0,0,0,0,0,0,0,0,0,0,0,0,0,0,0,0,0
"WN8  8",9931,9692,1,0,0,0,0,0,0,0,0,2,9,2,184,1,1,115,12,4,0,0,32,16,0,1,2,0,0,0,0,0,0,0,0,0,0,0,0,0,0,0,0,13,0,0,2,0,0,2,0,0,10,1,0,6,0,0,0,0,0,2,0,0,0,1,13,1,2,0,0,0,0,3,0,6,1,0,0,0,0,0,0,0,0,0,0,0,0,0,0,0,0,0,0,0,0,0,1,1,2,1,1,0
"WN8  9",8060,7640,1,0,0,0,0,0,0,0,0,0,50,2,316,1,5,81,61,17,0,12,111,27,0,0,0,0,0,1,0,0,0,0,0,0,0,0,0,0,0,0,0,17,2,2,1,0,0,1,0,0,13,2,2,1,0,2,3,0,0,3,0,0,0,0,10,0,5,0,1,0,0,2,0,1,1,0,0,0,0,0,5,0,0,0,0,0,0,0,0,0,0,3,0,0,0,2,0,0,1,1,0,0
"WR1  1",3670,3243,3,0,0,0,0,0,0,0,0,6,40,7,213,4,3,102,8,5,16,17,7,22,9,4,0,5,1,10,0,0,0,0,7,4,2,1,0,0,0,0,0,7,1,1,8,0,6,0,2,0,100,15,0,21,11,47,2,0,0,1,0,2,0,1,24,0,2,16,0,0,0,3,0,2,1,0,0,0,0,0,7,0,0,0,0,0,0,0,1,0,0,1,3,0,0,2,2,2,1,1,0,0
"WR1  2",1668,1495,0,0,0,0,0,0,0,0,0,0,12,2,114,2,9,60,11,1,4,4,2,7,2,4,0,3,0,5,0,0,0,0,0,0,0,0,0,0,0,0,0,0,1,0,5,0,2,2,0,1,15,3,0,4,0,6,0,0,0,0,0,0,2,0,23,1,1,9,0,0,0,6,1,5,0,0,0,0,0,0,1,0,0,0,0,0,0,0,0,0,0,0,1,0,0,0,0,0,0,0,0,0
"WR1  3",3320,3060,2,0,0,0,0,0,0,0,0,9,25,5,134,13,7,61,3,4,10,5,3,5,2,5,2,8,2,4,0,0,0,0,3,2,1,0,0,0,0,0,0,11,4,0,4,0,3,0,0,1,19,5,0,4,0,6,0,0,0,2,1,1,0,0,41,2,5,27,3,1,1,2,0,0,0,0,0,0,0,0,2,0,0,0,0,0,0,1,0,0,0,1,0,0,0,0,0,0,1,1,0,0
"WR10 1",6674,6563,2,0,0,0,0,0,0,0,0,3,2,3,74,7,3,38,1,2,2,4,3,1,7,0,3,0,1,1,1,0,0,0,1,0,0,1,0,0,0,0,0,2,1,0,0,0,0,0,0,0,6,0,0,0,0,1,0,0,0,0,5,0,0,0,15,0,5,4,0,0,0,1,0,5,0,0,0,0,0,0,0,0,0,0,0,0,0,0,0,0,0,0,0,0,0,0,1,1,1,0,1,0
"WR10 2",5867,5815,3,0,0,0,0,0,0,0,0,2,1,3,24,2,7,7,0,0,0,0,0,2,5,0,1,0,0,0,0,0,0,0,2,0,1,0,0,1,0,0,0,0,1,1,1,0,1,0,0,0,4,0,0,4,0,0,0,0,0,0,0,0,0,0,5,0,0,0,0,0,1,3,0,1,0,0,0,0,0,0,2,0,0,0,0,0,0,0,0,0,0,1,1,0,0,0,0,0,3,2,1,0
"WR10 3",4753,4671,1,0,0,0,0,0,0,0,0,2,2,2,66,0,3,28,2,1,3,4,0,15,5,0,1,0,2,2,0,0,0,0,0,0,0,0,0,0,0,0,0,0,0,1,0,0,0,0,0,0,2,0,0,0,0,0,0,0,0,2,0,0,0,0,4,0,0,1,1,0,0,0,0,2,0,0,0,0,0,0,1,0,0,0,0,0,0,0,0,0,0,0,1,0,0,0,1,1,0,0,0,0
"WR11 1",6617,6251,2,0,0,0,0,0,0,0,0,2,1,2,307,18,2,214,21,1,9,18,7,4,11,2,0,0,0,0,0,0,0,0,6,0,0,6,0,0,0,0,0,7,0,0,3,0,2,0,1,0,14,1,0,1,0,7,3,0,0,0,0,1,0,1,19,0,0,4,0,0,0,7,0,8,0,0,0,0,0,0,2,1,0,0,0,0,0,0,0,0,0,0,1,0,0,0,1,1,0,0,0,0
"WR11 2",6495,6052,2,0,0,0,0,0,0,0,0,5,3,5,380,21,5,276,8,2,6,15,9,3,28,2,3,1,0,0,0,0,1,0,6,0,1,5,0,0,0,0,0,13,1,0,1,0,1,0,0,0,12,2,0,6,0,4,0,0,0,0,0,0,0,0,9,0,0,5,0,0,0,1,0,3,0,0,0,0,0,0,0,0,0,0,0,0,0,0,0,0,0,0,0,0,0,0,1,1,5,0,1,4
"WR11 3",3917,3526,0,0,0,0,0,0,0,0,0,1,8,2,312,5,0,237,11,0,6,30,10,1,10,1,0,0,0,0,1,0,0,0,1,0,0,0,0,1,0,0,0,5,1,0,4,0,4,0,0,0,28,3,1,7,0,12,1,0,0,0,2,0,0,2,26,0,0,5,0,1,2,4,0,14,0,0,0,0,0,0,2,1,0,0,0,0,0,0,0,0,0,0,1,0,0,0,1,1,0,0,0,0
"WR11 4",7673,7020,3,0,0,0,0,0,0,0,0,7,15,1,521,12,3,387,37,6,5,34,5,11,13,2,1,3,0,0,0,0,1,1,1,0,0,0,0,1,0,0,0,4,8,1,15,0,13,1,0,1,33,0,1,3,0,14,0,0,0,1,9,3,2,0,33,1,4,9,4,0,0,1,0,14,0,0,0,0,0,0,10,0,0,0,0,0,0,0,0,0,0,0,8,0,0,2,0,0,1,1,0,0
"WR11 7",8261,8167,0,0,0,0,0,0,0,0,0,3,0,4,65,11,6,27,1,4,2,1,5,1,2,0,1,1,3,0,0,0,0,0,1,0,0,0,0,1,0,0,0,5,2,3,0,0,0,0,0,0,3,0,0,0,0,1,0,0,0,0,2,0,0,0,4,0,0,0,0,0,0,2,0,1,1,0,0,0,0,0,1,0,0,0,0,0,0,0,0,0,0,0,1,0,0,0,0,0,3,2,1,0
"WR11 8",7320,7161,4,2,1,1,0,0,0,0,0,4,1,6,73,4,0,35,0,5,3,11,7,0,7,0,1,0,0,0,0,0,0,0,2,2,0,0,0,0,1,1,0,1,4,2,5,0,3,2,0,0,24,7,0,15,0,0,0,0,0,0,2,0,0,0,21,0,1,5,1,2,1,4,0,5,2,0,0,0,0,0,4,0,0,0,0,0,0,0,0,0,0,2,1,0,0,1,3,3,2,2,0,0
"WR12 7",5311,5237,2,0,0,0,0,0,0,0,0,4,1,0,45,8,6,20,4,3,0,2,0,1,0,0,0,1,0,0,0,0,0,0,1,0,0,0,0,1,0,0,0,1,0,0,1,0,1,0,0,0,8,0,0,0,0,0,0,0,0,4,4,0,0,0,8,0,0,1,3,0,0,2,0,2,0,0,0,0,0,0,2,0,0,0,0,0,0,0,0,0,0,0,2,0,0,0,1,1,0,0,0,0
"WR13 5",3413,3372,0,0,0,0,0,0,0,0,0,3,1,1,29,3,0,15,0,0,2,0,0,1,0,0,7,0,0,1,0,0,0,0,0,0,0,0,0,0,0,0,0,0,0,0,0,0,0,0,0,0,2,0,0,0,0,0,0,0,0,0,0,0,2,0,3,0,0,0,0,0,0,0,0,3,0,0,0,0,0,0,0,0,0,0,0,0,0,0,0,0,0,0,0,0,0,0,0,0,2,2,0,0
"WR13 6",4599,4527,4,0,0,0,0,0,0,0,0,4,1,1,43,1,7,14,2,2,3,0,1,0,0,3,6,2,2,0,0,0,0,0,0,0,0,0,0,0,0,0,0,9,0,0,4,0,0,3,0,1,1,0,1,0,0,0,0,0,0,0,0,0,0,0,5,0,0,2,3,0,0,0,0,0,0,0,0,0,0,0,0,0,0,0,0,0,0,0,0,0,0,0,0,0,0,0,0,0,0,0,0,0
"WR14 1",11243,11061,1,0,0,0,0,0,0,0,0,12,2,8,81,2,13,33,8,0,9,2,2,1,1,2,3,0,3,2,0,0,0,0,1,0,0,1,0,0,0,0,0,3,1,2,1,0,0,1,0,0,26,3,0,3,0,8,0,0,0,0,12,0,0,0,30,1,2,14,2,0,1,4,2,4,0,0,0,0,0,0,5,0,0,0,0,0,0,0,0,0,0,0,5,0,0,0,0,0,9,7,1,1
"WR14 2",10605,10413,1,0,0,0,0,0,0,0,0,12,3,5,69,3,5,44,4,1,1,1,0,2,2,4,1,0,0,1,0,0,0,0,1,1,0,0,0,0,0,0,0,4,1,4,0,0,0,0,0,0,37,3,0,6,0,2,11,0,0,0,12,0,3,0,44,0,11,20,2,0,0,3,0,8,0,0,0,0,0,0,0,0,0,0,0,0,0,0,0,0,0,0,0,0,0,0,1,1,10,8,2,0
"WR14 3",6056,5626,1,0,0,0,0,0,0,0,0,21,2,10,171,9,110,27,2,4,3,2,0,1,0,2,3,1,2,3,0,1,0,1,2,0,0,1,0,1,0,0,0,24,1,0,3,1,1,0,0,1,23,0,5,0,0,1,0,0,0,1,16,0,0,0,167,5,53,72,1,10,0,8,11,5,2,0,0,0,0,0,1,0,0,0,0,0,0,0,0,0,0,0,0,0,0,1,2,2,2,1,0,1
"WR14 4",5266,5125,2,0,0,0,0,0,0,0,0,3,3,4,40,4,9,12,1,0,2,0,1,1,2,0,2,3,1,2,0,0,0,0,0,0,0,0,0,0,0,0,0,10,2,1,16,0,0,14,0,2,13,0,2,1,0,5,0,0,0,3,0,0,2,0,45,4,3,17,3,1,7,4,0,6,0,0,0,0,0,0,2,0,0,0,0,0,0,0,1,0,0,0,1,0,0,0,0,0,0,0,0,0
"WR15 8",6922,6758,1,0,0,0,0,0,0,0,0,12,7,6,65,4,9,25,14,4,1,0,2,1,1,2,1,0,0,0,1,0,0,0,1,0,0,0,0,1,1,1,0,12,1,0,3,0,0,0,0,3,0,0,0,0,0,0,0,0,0,0,0,0,0,0,49,2,8,25,2,0,5,2,1,4,0,2,0,0,0,0,1,0,0,0,0,0,0,0,0,0,0,0,1,0,0,0,2,2,1,0,0,1
"WR2  4",9530,9377,1,0,0,0,0,0,0,0,0,4,10,4,75,9,9,33,4,2,3,4,1,1,1,4,0,1,1,2,0,0,0,0,4,3,0,1,0,0,0,0,0,6,2,1,1,0,1,0,0,0,18,8,2,0,0,2,0,0,0,3,3,0,0,0,18,0,4,5,2,0,0,5,1,1,0,0,0,0,0,0,1,0,0,0,0,0,0,0,1,0,0,0,0,0,0,0,2,2,6,6,0,0
"WR2  5",11234,10830,3,0,0,0,0,0,0,0,0,16,38,1,220,10,10,135,4,0,9,11,6,8,6,0,4,1,2,13,1,0,0,0,2,1,0,0,0,1,2,2,0,12,2,7,13,0,9,4,0,0,33,12,0,6,0,2,0,1,0,2,2,4,4,0,42,3,5,8,1,0,1,0,1,19,4,0,0,0,0,0,9,1,1,0,0,0,0,0,1,0,0,0,1,0,4,1,1,1,3,1,0,2
"WR2  6",8274,8080,3,0,0,0,0,0,0,0,0,4,3,1,124,4,6,36,8,1,25,7,0,2,14,2,0,8,0,11,0,0,0,0,1,1,0,0,0,0,0,0,0,1,0,3,6,0,2,4,0,0,11,1,0,3,0,1,0,0,0,1,2,2,1,0,32,0,0,25,0,0,1,2,0,4,0,0,0,0,0,0,1,0,0,0,0,0,0,0,0,0,0,0,1,0,0,0,1,1,3,2,1,0
"WR3  7",10774,10616,4,0,0,0,0,0,0,0,0,4,9,9,66,3,8,39,2,2,2,2,0,0,1,4,0,2,1,0,0,0,0,0,7,2,2,1,0,2,0,0,0,2,2,1,2,0,2,0,0,0,24,1,5,7,0,10,0,0,0,1,0,0,0,0,21,1,3,5,8,0,0,2,0,1,1,0,0,0,0,0,2,0,0,0,0,0,0,0,0,0,0,0,0,0,1,1,1,1,4,4,0,0
"WR3  8",9014,8664,2,1,1,0,0,0,0,0,0,2,32,9,155,7,9,97,9,2,4,2,1,17,2,4,1,0,0,0,0,0,0,0,1,0,1,0,0,0,0,0,0,15,9,4,7,2,5,0,0,0,84,20,0,32,1,16,1,0,0,8,2,0,2,2,20,0,4,1,3,0,2,4,0,6,0,1,0,0,0,0,2,0,0,0,0,0,0,0,0,0,0,0,0,0,1,1,1,1,5,5,0,0
"WR4  0",10064,9710,1,0,0,0,0,0,0,0,0,10,17,5,147,4,15,91,2,1,1,1,2,14,3,4,6,0,1,1,0,0,0,1,3,0,0,1,0,2,0,0,0,0,3,3,5,0,0,5,0,0,76,11,7,5,1,6,0,0,0,7,36,3,0,0,72,0,6,27,27,0,0,1,1,8,2,0,0,0,0,0,10,0,0,0,0,0,0,0,0,0,0,2,8,0,0,0,0,0,2,1,0,1
"WR4  9",14646,13892,7,1,1,0,0,0,0,0,0,3,104,5,338,13,4,262,11,5,4,17,2,13,2,0,2,0,0,2,0,1,0,0,12,3,5,2,2,0,0,0,0,14,12,7,38,0,36,2,0,0,160,53,0,53,16,14,0,0,8,4,8,0,3,1,38,2,3,18,0,0,0,4,0,8,3,0,0,0,0,0,8,1,0,0,0,0,0,0,0,0,0,2,1,0,1,3,3,3,4,4,0,0
"WR5  1",9734,8645,1,0,0,0,0,0,0,0,0,6,78,9,322,32,9,193,18,4,13,23,5,12,3,3,5,0,0,2,0,0,0,0,3,1,2,0,0,0,0,0,0,12,5,7,9,0,7,0,2,0,517,154,8,151,8,64,2,0,5,3,108,1,0,13,96,0,2,17,1,0,2,7,0,64,3,0,0,0,0,0,7,0,0,0,0,0,0,1,2,0,0,1,2,1,0,0,7,7,10,8,2,0
"WR5  2",8106,7815,4,0,0,0,0,0,0,0,0,4,27,6,86,14,11,43,3,1,2,7,0,0,0,0,0,3,1,0,0,0,0,1,5,0,4,0,1,0,0,0,0,8,2,7,7,0,5,2,0,0,105,39,4,41,0,2,4,0,0,4,8,0,3,0,19,0,0,8,2,0,1,1,0,6,1,0,0,0,0,0,4,0,0,0,0,0,2,0,1,0,0,0,0,0,0,1,2,2,5,4,1,0
"WR5  3",12125,11786,6,1,0,0,0,0,0,1,0,10,15,7,160,12,3,87,11,1,8,8,1,17,5,3,1,0,2,1,0,0,0,0,6,4,0,0,0,2,0,0,0,7,5,4,8,1,3,4,0,0,73,33,0,23,2,10,0,0,0,0,1,2,0,2,35,2,5,14,5,0,0,6,1,2,0,0,0,0,0,0,1,0,0,0,0,0,0,0,0,0,0,0,0,0,1,0,0,0,1,1,0,0
"WR6  5",4950,4907,2,0,0,0,0,0,0,0,0,0,1,0,29,2,2,13,4,0,2,1,1,1,0,1,0,1,0,0,1,0,0,0,0,0,0,0,0,0,0,0,0,4,0,0,0,0,0,0,0,0,3,0,0,3,0,0,0,0,0,0,0,0,0,0,4,1,0,1,0,0,0,0,0,2,0,0,0,0,0,0,0,0,0,0,0,0,0,0,0,0,0,0,0,0,0,0,0,0,0,0,0,0
"WR6  6",6864,6798,1,1,0,0,0,0,0,1,0,3,0,5,38,2,6,16,2,0,3,3,1,1,0,2,1,1,0,0,0,0,0,0,2,0,0,1,0,1,0,0,0,5,0,0,1,0,0,0,0,1,6,1,0,2,0,1,0,0,0,0,0,0,1,1,4,0,0,0,0,0,0,4,0,0,0,0,0,0,0,0,0,0,0,0,0,0,0,0,0,0,0,0,0,0,0,0,0,0,0,0,0,0
"WR7  4",4863,4830,0,0,0,0,0,0,0,0,0,4,1,0,16,1,0,1,1,3,1,0,0,1,0,4,0,3,0,1,0,0,0,0,2,2,0,0,0,0,0,0,0,0,2,1,0,0,0,0,0,0,3,0,0,0,0,0,1,0,0,0,2,0,0,0,2,0,0,0,0,0,0,1,0,1,0,0,0,0,0,0,2,2,0,0,0,0,0,0,0,0,0,0,0,0,0,0,0,0,0,0,0,0
"WR8  0",5585,5521,2,0,0,0,0,0,0,0,0,2,0,0,41,3,3,21,3,1,3,0,0,1,0,2,2,2,0,0,0,0,0,0,0,0,0,0,0,0,0,0,0,1,0,1,0,0,0,0,0,0,8,1,0,0,0,4,0,0,0,0,3,0,0,0,5,0,1,3,1,0,0,0,0,0,0,0,0,0,0,0,0,0,0,0,0,0,0,0,0,0,0,0,0,0,0,0,1,1,3,0,1,2
"WR8  9",2757,2738,0,0,0,0,0,0,0,0,0,1,0,0,12,2,2,6,2,0,0,0,0,0,0,0,0,0,0,0,0,0,0,0,0,0,0,0,0,0,0,0,0,0,0,0,0,0,0,0,0,0,0,0,0,0,0,0,0,0,0,0,0,0,0,0,4,0,0,0,0,0,0,0,0,4,0,0,0,0,0,0,0,0,0,0,0,0,0,0,0,0,0,0,0,0,0,0,0,0,2,1,0,1
"WR9  0",5379,5299,2,0,0,0,0,0,0,0,0,3,0,2,58,0,3,34,0,0,2,2,6,6,0,0,1,1,1,1,1,0,0,0,1,0,1,0,0,0,0,0,0,2,0,1,4,0,4,0,0,0,5,0,0,2,0,0,0,0,0,0,3,0,0,0,2,0,0,1,0,0,0,1,0,0,0,0,0,0,0,0,0,0,0,0,0,0,0,0,0,0,0,0,0,0,0,0,0,0,0,0,0,0
"WR9  7",9545,9417,3,0,0,0,0,0,0,0,0,3,2,4,60,4,7,33,6,0,2,0,0,0,0,1,4,2,0,1,0,0,0,0,2,0,0,0,0,2,0,0,0,3,1,0,0,0,0,0,0,0,23,1,0,6,0,2,0,0,0,1,13,0,0,0,18,0,1,6,3,1,0,2,0,5,0,1,0,0,0,0,8,0,0,0,0,0,0,0,0,0,0,0,7,0,1,0,0,0,0,0,0,0
"WR9  8",10973,10748,5,0,0,0,0,0,0,0,0,11,6,5,110,2,3,66,3,3,3,9,5,4,6,2,2,1,0,0,0,0,0,1,3,0,3,0,0,0,0,0,0,4,1,1,1,0,0,1,0,0,25,0,1,7,0,6,5,0,0,0,5,1,0,0,47,3,3,7,2,0,1,2,1,27,1,0,0,0,0,0,1,0,0,0,0,0,0,0,0,0,0,0,1,0,0,0,1,1,4,2,2,0
"WR9  9",4192,3974,0,0,0,0,0,0,0,0,0,1,8,0,170,1,1,151,0,0,0,4,1,5,0,3,1,1,2,0,0,0,0,0,0,0,0,0,0,0,0,0,0,5,1,1,2,0,0,2,0,0,11,1,0,2,0,0,0,0,1,0,7,0,0,0,17,1,0,2,1,0,1,2,0,10,0,0,0,0,0,0,2,0,0,0,0,0,0,0,0,0,0,0,0,0,1,1,0,0,0,0,0,0
"WS1  1",397,342,0,0,0,0,0,0,0,0,0,1,0,0,25,0,0,15,0,2,0,0,2,4,1,0,0,0,0,1,0,0,0,0,0,0,0,0,0,0,0,0,0,2,2,0,9,0,6,3,0,0,13,0,0,7,0,0,0,0,0,0,1,2,3,0,3,2,1,0,0,0,0,0,0,0,0,0,0,0,0,0,0,0,0,0,0,0,0,0,0,0,0,0,0,0,0,0,0,0,0,0,0,0
"WS1  2",7509,6302,1,1,1,0,0,0,0,0,0,27,4,4,241,9,4,143,57,8,1,2,0,12,0,1,1,0,1,0,0,0,2,0,1,0,0,0,0,1,0,0,0,8,1,16,54,0,20,21,12,1,771,330,10,256,112,8,31,0,0,9,6,4,0,5,32,6,10,4,1,0,4,6,0,0,1,0,0,0,0,0,34,0,7,5,0,1,0,0,2,0,0,13,0,0,4,2,3,3,9,7,0,2
"WS1  3",8559,6460,1,1,1,0,0,0,0,0,0,22,17,4,285,5,4,159,58,15,9,4,3,3,1,12,10,1,0,1,0,0,0,0,1,0,0,0,0,1,0,0,0,5,4,20,125,0,41,64,19,1,1430,395,21,341,105,450,86,0,1,5,6,1,2,17,71,4,22,14,0,0,0,29,0,2,0,0,0,0,0,0,92,0,1,19,1,9,2,1,5,1,1,32,0,0,9,11,3,3,18,17,1,0
"WS1  4",9435,6380,0,0,0,0,0,0,0,0,0,21,11,3,197,2,0,111,40,30,0,0,0,0,0,3,6,0,1,0,2,2,0,0,4,3,1,0,0,0,0,0,0,0,3,10,144,0,35,66,39,4,2538,636,19,455,141,739,529,0,0,5,4,0,0,10,43,14,10,13,0,0,0,2,1,2,1,0,0,0,0,0,65,0,1,8,0,9,0,1,4,0,2,22,0,4,1,13,5,5,11,8,2,1
"WS10 0",13590,13065,1,0,0,0,0,0,0,0,0,0,1,0,160,2,1,127,15,7,1,5,0,0,0,0,1,1,0,0,0,0,0,0,4,4,0,0,0,0,0,0,0,0,0,4,2,0,1,0,1,0,297,23,4,160,0,66,34,0,3,0,2,0,3,2,24,0,9,4,0,0,3,0,0,8,0,0,0,0,0,0,25,0,0,1,0,0,0,0,0,0,0,18,0,0,0,6,3,3,4,4,0,0
"WS10 7",5691,5303,0,0,0,0,0,0,0,0,0,7,6,0,83,1,0,69,3,2,6,1,0,0,0,0,0,0,0,0,0,0,1,0,2,1,1,0,0,0,0,0,0,0,1,3,8,0,0,2,6,0,244,11,1,125,0,62,43,0,0,0,2,0,0,0,13,0,6,4,1,0,0,0,0,0,2,0,0,0,0,0,16,0,1,0,0,2,0,0,1,0,0,8,0,1,1,2,2,2,3,2,0,1
"WS10 8",12102,11224,1,0,0,0,0,0,0,0,0,7,2,2,135,1,0,87,17,4,3,4,6,6,0,2,5,0,0,0,0,0,0,0,3,0,0,3,0,0,0,0,0,6,3,7,12,0,5,2,0,5,621,103,1,264,12,120,110,0,0,8,2,0,0,1,23,2,12,1,0,0,0,2,1,3,2,0,0,0,0,0,50,0,0,0,0,27,1,1,0,0,0,10,0,0,1,10,2,2,4,1,0,3
"WS10 9",13197,11818,0,0,0,0,0,0,0,0,0,9,2,1,195,8,3,141,20,0,13,0,0,5,0,3,2,0,0,0,0,0,0,0,1,0,0,1,0,0,0,0,0,4,0,8,10,0,5,2,3,0,1082,129,7,197,10,486,242,0,0,3,0,0,4,4,27,6,6,7,1,0,0,2,0,1,4,0,1,3,3,0,15,1,0,0,0,1,0,0,2,0,0,3,0,1,2,5,5,5,16,13,1,2
"WS11 0",4081,3940,0,1,0,0,0,0,0,1,0,4,0,2,57,3,1,47,2,0,1,1,0,1,1,0,0,0,0,0,0,0,0,0,1,0,1,0,0,0,0,0,0,1,2,0,1,1,0,0,0,0,2,0,0,0,0,0,0,0,0,0,2,0,0,0,69,1,35,21,0,0,2,5,1,4,0,0,0,0,0,0,0,0,0,0,0,0,0,0,0,0,0,0,0,0,0,0,0,0,1,0,0,1
"WS11 1",8574,8468,0,1,0,0,0,0,0,1,0,1,4,3,40,3,1,27,0,0,2,2,0,0,0,2,0,1,0,2,0,0,0,0,1,0,0,0,1,0,0,0,0,3,3,0,0,0,0,0,0,0,28,0,1,17,0,5,5,0,0,0,0,0,0,0,19,0,0,15,0,0,0,0,0,2,2,0,0,0,0,0,3,0,0,0,0,0,0,0,0,0,0,0,1,0,0,2,0,0,0,0,0,0
"WS11 4",4288,4242,1,0,0,0,0,0,0,0,0,2,2,0,22,0,3,17,0,0,0,0,1,0,0,0,0,0,0,0,1,0,0,0,0,0,0,0,0,0,0,0,0,0,1,0,1,0,1,0,0,0,9,0,0,9,0,0,0,0,0,0,0,0,0,0,3,0,0,0,0,0,0,1,0,2,0,0,0,0,0,0,3,0,0,0,0,0,0,0,0,0,0,3,0,0,0,0,1,1,1,1,0,0
"WS11 5",7143,7067,0,0,0,0,0,0,0,0,0,0,3,0,37,1,3,28,0,0,1,3,0,0,0,0,1,0,0,0,0,0,0,0,5,0,3,0,0,2,0,0,0,2,6,0,0,0,0,0,0,0,13,0,0,8,0,1,1,1,0,2,0,0,0,0,7,1,1,3,0,0,0,1,0,1,0,0,0,0,0,0,1,0,0,0,0,0,0,0,0,0,0,0,0,0,0,1,0,0,2,2,0,0
"WS11 6",3779,3745,1,0,0,0,0,0,0,0,0,2,1,0,16,3,0,3,0,0,1,2,0,4,2,0,1,0,0,0,0,0,0,0,1,0,0,0,1,0,0,0,0,0,0,0,0,0,0,0,0,0,4,0,0,1,0,2,0,0,1,0,0,0,0,0,7,0,0,4,0,0,0,3,0,0,0,0,0,0,0,0,2,0,0,0,0,0,0,0,0,0,0,1,0,0,1,0,0,0,0,0,0,0
"WS11 7",4282,4212,0,0,0,0,0,0,0,0,0,2,1,1,24,1,3,12,3,0,2,1,0,0,0,2,0,0,0,0,0,0,0,0,0,0,0,0,0,0,0,0,0,2,2,0,0,0,0,0,0,0,3,2,0,1,0,0,0,0,0,0,0,0,0,0,19,0,0,10,0,0,4,3,0,2,0,1,0,0,0,0,12,0,0,0,0,0,0,0,0,0,0,2,0,0,0,10,0,0,3,3,0,0
"WS11 8",1606,1584,0,0,0,0,0,0,0,0,0,0,0,0,16,0,0,12,0,1,0,3,0,0,0,0,0,0,0,0,0,0,0,0,0,0,0,0,0,0,0,0,0,0,0,0,0,0,0,0,0,0,2,0,0,2,0,0,0,0,0,0,0,0,0,0,3,0,1,0,0,0,0,2,0,0,0,0,0,0,0,0,0,0,0,0,0,0,0,0,0,0,0,0,0,0,0,0,0,0,1,1,0,0
"WS11 9",7231,7189,1,0,0,0,0,0,0,0,0,1,2,2,15,2,0,11,0,0,0,1,0,0,0,1,0,0,0,0,0,0,0,0,0,0,0,0,0,0,0,0,0,1,1,0,3,0,3,0,0,0,10,0,0,8,0,0,0,0,0,2,0,0,0,0,6,1,0,0,1,0,0,3,0,1,0,0,0,0,0,0,0,0,0,0,0,0,0,0,0,0,0,0,0,0,0,0,0,0,0,0,0,0
"WS12 0",3229,3205,0,0,0,0,0,0,0,0,0,2,0,0,6,0,2,3,0,0,0,0,1,0,0,0,0,0,0,0,0,0,0,0,1,0,0,0,0,1,0,0,0,0,0,0,1,0,1,0,0,0,10,3,0,7,0,0,0,0,0,0,0,0,0,0,3,0,1,1,0,0,0,1,0,0,0,0,0,0,0,0,0,0,0,0,0,0,0,0,0,0,0,0,0,0,0,0,0,0,1,0,1,0
"WS12 1",4734,4693,1,0,0,0,0,0,0,0,0,1,0,0,13,3,2,5,2,1,0,0,0,0,0,0,0,0,0,0,0,0,0,0,3,0,2,1,0,0,0,0,0,0,2,0,2,0,0,0,2,0,10,1,2,4,0,2,0,0,0,1,0,0,0,0,6,0,0,2,0,0,0,3,0,1,0,0,0,0,0,0,0,0,0,0,0,0,0,0,0,0,0,0,0,0,0,0,1,1,2,2,0,0
"WS12 2",6324,6270,0,0,0,0,0,0,0,0,0,1,2,0,18,1,2,13,1,0,1,0,0,0,0,0,0,0,0,0,0,0,0,0,0,0,0,0,0,0,0,0,0,0,3,0,0,0,0,0,0,0,9,2,0,5,0,1,1,0,0,0,0,0,0,0,15,0,4,8,0,0,0,1,1,1,0,0,0,0,0,0,2,0,0,0,0,0,0,0,0,0,0,0,0,0,0,2,0,0,4,3,0,1
"WS12 3",4866,4824,0,0,0,0,0,0,0,0,0,3,0,0,16,1,0,11,1,0,0,0,1,0,0,1,1,0,0,0,0,0,0,0,0,0,0,0,0,0,0,0,0,0,1,1,0,0,0,0,0,0,5,1,0,4,0,0,0,0,0,0,0,0,0,0,13,0,0,5,1,0,1,6,0,0,0,0,0,0,0,0,0,0,0,0,0,0,0,0,0,0,0,0,0,0,0,0,0,0,3,2,0,1
"WS12 4",15000,14879,1,0,0,0,0,0,0,0,0,7,1,3,58,3,1,33,3,4,6,2,1,2,0,1,0,0,1,0,0,0,1,0,4,0,2,2,0,0,0,0,0,1,1,3,0,0,0,0,0,0,15,0,0,11,0,2,0,0,0,2,0,0,0,0,26,1,1,5,1,0,0,10,1,5,2,0,0,0,0,0,0,0,0,0,0,0,0,0,0,0,0,0,0,0,0,0,0,0,1,1,0,0
"WS13 6",8537,8301,4,0,0,0,0,0,0,0,0,9,3,8,154,7,8,81,8,0,0,8,34,0,2,1,3,1,0,0,0,0,0,1,1,0,0,1,0,0,0,0,0,2,4,0,3,0,1,2,0,0,20,5,0,7,0,3,2,0,0,3,0,0,0,0,20,5,1,3,8,0,0,1,1,1,0,0,0,0,0,0,3,0,0,0,0,1,0,0,0,0,0,0,2,0,0,0,1,1,4,4,0,0
"WS13 7",10557,10273,2,0,0,0,0,0,0,0,0,7,3,6,190,3,8,104,7,1,2,14,38,0,4,1,5,0,3,0,0,0,0,0,2,0,0,1,0,1,0,0,0,9,7,5,5,0,4,1,0,0,19,3,0,8,0,3,2,0,3,0,0,0,0,0,22,3,3,6,2,0,0,8,0,0,0,0,0,0,0,0,2,0,0,0,0,0,0,0,0,0,0,0,0,0,0,2,0,0,5,5,0,0
"WS13 8",6575,6484,0,0,0,0,0,0,0,0,0,4,1,1,48,1,3,29,4,1,2,2,2,0,0,1,3,0,0,0,0,0,0,0,0,0,0,0,0,0,0,0,0,1,1,0,2,0,0,1,1,0,19,0,0,8,0,3,2,0,0,0,5,0,1,0,12,0,0,4,3,0,0,2,0,3,0,0,0,0,0,0,0,0,0,0,0,0,0,0,0,0,0,0,0,0,0,0,1,1,1,1,0,0
"WS14 0",4335,4230,2,1,1,0,0,0,0,0,0,4,3,10,41,1,1,25,4,0,0,2,4,0,0,1,0,1,1,1,0,0,0,0,0,0,0,0,0,0,0,0,0,1,0,3,0,0,0,0,0,0,20,7,2,4,0,7,0,0,0,0,0,0,0,0,13,2,6,3,1,0,0,0,1,0,0,0,0,0,0,0,6,0,0,0,0,0,0,0,0,0,0,0,6,0,0,0,0,0,1,0,1,0
"WS14 9",12320,12083,3,0,0,0,0,0,0,0,0,11,4,10,103,3,5,50,2,6,5,8,17,0,0,3,2,0,1,0,0,0,0,1,0,0,0,0,0,0,0,0,0,5,6,2,6,0,4,0,2,0,30,9,0,7,0,8,2,0,1,0,0,0,3,0,45,1,9,16,12,0,1,3,1,1,1,0,0,0,0,0,9,0,0,4,0,0,1,0,0,0,0,3,0,0,0,1,1,1,2,2,0,0
"WS15 1",9703,9621,1,0,0,0,0,0,0,0,0,2,1,4,27,4,1,10,0,0,0,0,8,0,4,0,0,0,0,0,0,0,0,0,3,0,0,1,0,2,0,0,0,4,4,0,1,0,1,0,0,0,17,0,0,6,0,1,4,0,0,0,0,0,4,2,16,2,2,5,1,0,1,4,0,1,0,0,0,0,0,0,0,0,0,0,0,0,0,0,0,0,0,0,0,0,0,0,0,0,2,0,0,2
"WS15 2",14293,14171,6,4,0,0,0,1,0,3,0,3,2,2,38,6,0,13,1,1,5,2,2,2,0,0,2,3,0,0,1,0,0,0,4,2,2,0,0,0,0,0,0,6,3,2,1,0,0,1,0,0,17,3,1,9,0,1,0,0,0,0,1,0,0,2,30,3,6,11,0,0,0,6,0,1,3,0,0,0,0,0,2,0,0,0,0,0,0,0,1,0,0,0,0,0,1,0,0,0,2,2,0,0
"WS15 3",4012,3978,2,0,0,0,0,0,0,0,0,3,0,2,6,0,4,1,0,0,0,1,0,0,0,0,0,0,0,0,0,0,0,0,1,0,0,1,0,0,0,0,0,1,0,0,0,0,0,0,0,0,1,0,0,1,0,0,0,0,0,0,0,0,0,0,17,0,7,10,0,0,0,0,0,0,0,0,0,0,0,0,0,0,0,0,0,0,0,0,0,0,0,0,0,0,0,0,0,0,1,0,1,0
"WS15 4",7328,7247,2,0,0,0,0,0,0,0,0,3,0,7,47,2,4,22,1,0,0,3,3,0,9,1,1,0,0,0,0,0,0,1,0,0,0,0,0,0,0,0,0,3,1,0,0,0,0,0,0,0,8,0,0,2,0,0,4,0,0,0,0,0,2,0,2,0,0,0,0,0,0,1,1,0,0,0,0,0,0,0,2,0,0,0,0,0,0,0,0,0,0,1,0,0,1,0,1,1,5,5,0,0
"WS2  0",8185,7920,0,0,0,0,0,0,0,0,0,1,6,1,39,0,3,26,3,0,1,4,0,0,0,1,1,0,0,0,0,0,0,0,3,3,0,0,0,0,0,0,0,0,0,3,3,0,3,0,0,0,164,21,0,122,7,6,7,0,0,0,0,0,0,1,22,2,2,5,0,0,2,0,0,11,0,0,0,1,1,0,11,0,0,0,0,0,0,1,0,0,0,8,0,1,0,1,1,1,10,9,0,1
"WS2  7",7596,7300,1,0,0,0,0,0,0,0,0,7,1,2,92,3,3,39,16,8,1,4,1,12,1,1,3,0,0,0,0,0,0,0,0,0,0,0,0,0,0,0,0,0,1,4,11,0,6,5,0,0,133,60,0,27,22,13,3,0,0,1,0,0,0,7,16,0,6,4,0,0,0,4,0,2,0,0,0,0,0,0,21,0,0,0,0,1,7,2,0,0,0,10,0,0,0,1,1,1,6,5,0,1
"WS2  8",10025,7853,1,0,0,0,0,0,0,0,0,15,9,4,416,4,2,283,65,33,5,8,2,6,1,0,7,0,0,0,0,0,0,0,0,0,0,0,0,0,0,0,0,5,3,8,39,0,20,14,4,1,1538,709,16,318,362,38,22,1,5,1,25,0,2,39,65,15,11,11,1,0,1,3,0,20,3,0,0,0,0,0,51,1,2,1,0,2,2,0,3,0,2,27,0,1,3,7,6,6,12,10,2,0
"WS2  9",10790,8440,0,0,0,0,0,0,0,0,0,21,22,1,208,4,2,129,45,3,0,4,5,4,0,5,5,2,0,0,0,0,0,0,17,16,0,0,0,1,0,0,0,10,4,22,128,0,44,40,34,10,1728,503,18,457,104,199,374,2,1,21,34,2,7,6,76,6,5,18,0,0,4,2,0,40,1,0,1,0,0,0,88,0,0,22,0,9,6,1,9,0,1,21,1,4,0,14,6,6,18,13,3,2
"WS3  1",11812,11434,1,1,0,0,0,0,0,1,0,8,4,4,184,5,2,138,12,7,2,5,1,4,2,1,5,0,0,0,0,0,0,0,1,1,0,0,0,0,0,0,0,0,0,2,13,0,7,5,0,1,75,29,1,31,6,3,0,0,2,3,0,0,0,0,42,11,12,5,0,0,0,0,0,13,1,0,0,0,0,0,32,0,0,0,0,8,0,0,2,0,0,11,0,0,0,11,1,1,10,7,1,2
"WS3  2",12576,12418,0,0,0,0,0,0,0,0,0,1,1,0,69,1,3,40,9,2,0,5,0,0,2,6,0,0,0,0,1,0,0,0,2,0,0,1,0,1,0,0,0,2,0,1,8,0,5,1,2,0,36,8,2,14,1,9,2,0,0,0,0,0,0,0,13,0,2,0,0,0,0,0,0,10,1,0,0,0,0,0,17,0,1,0,0,6,0,0,0,0,0,8,0,0,0,2,1,1,7,2,2,3
"WS3  3",13152,12990,1,1,1,0,0,0,0,0,0,1,1,3,57,5,1,33,9,0,0,6,0,1,0,2,0,0,0,0,0,0,0,0,1,1,0,0,0,0,0,0,0,0,1,0,1,0,0,0,1,0,51,12,0,30,7,0,2,0,0,0,0,0,0,0,29,2,10,6,0,0,0,8,0,3,0,0,0,0,0,0,8,0,0,0,0,0,0,0,1,0,0,7,0,0,0,0,3,3,4,4,0,0
"WS3  4",8603,8523,0,0,0,0,0,0,0,0,0,5,1,1,23,0,1,12,4,1,1,0,0,1,0,3,0,0,0,0,0,0,0,0,0,0,0,0,0,0,0,0,0,3,0,2,2,0,1,1,0,0,20,4,1,9,0,4,2,0,0,0,0,0,0,0,16,2,6,2,0,0,0,3,0,3,0,0,0,0,0,0,4,0,0,0,0,0,0,0,1,0,0,2,0,0,0,1,1,1,2,2,0,0
"WS3  5",1947,1936,0,0,0,0,0,0,0,0,0,0,0,0,3,0,0,0,0,0,0,0,0,2,0,1,0,0,0,0,0,0,0,0,1,0,0,0,0,1,0,0,0,0,0,0,2,0,0,0,2,0,0,0,0,0,0,0,0,0,0,0,0,0,0,0,2,0,0,2,0,0,0,0,0,0,0,0,0,0,0,0,2,0,0,0,0,0,0,0,0,0,0,2,0,0,0,0,0,0,1,1,0,0
"WS4  1",11853,11586,0,0,0,0,0,0,0,0,0,2,2,4,33,3,0,26,1,1,0,0,0,1,0,0,1,0,0,0,0,0,0,0,4,2,0,0,0,2,0,0,0,4,1,2,10,0,2,6,2,0,147,10,3,86,12,3,10,0,0,0,22,0,0,1,52,3,18,14,1,0,1,4,0,4,7,0,0,0,0,0,0,0,0,0,0,0,0,0,0,0,0,0,0,0,0,0,0,0,6,2,1,3
"WS4  2",4394,4073,2,0,0,0,0,0,0,0,0,3,3,5,47,5,3,27,2,0,0,0,3,4,0,1,2,0,0,0,0,0,0,0,3,0,0,0,0,3,0,0,0,4,0,5,18,0,14,1,0,3,202,71,4,77,37,1,10,0,0,0,0,0,0,2,6,2,0,1,0,0,0,0,0,0,3,0,0,0,0,0,7,0,0,0,0,1,0,0,1,0,0,4,0,0,0,1,3,3,13,13,0,0
"WS5  3",9534,8377,2,0,0,0,0,0,0,0,0,3,3,2,51,12,1,10,6,4,0,4,0,1,0,13,0,0,0,0,0,0,0,0,0,0,0,0,0,0,0,0,0,0,0,5,4,0,1,2,1,0,1022,166,31,628,12,34,85,0,17,35,5,0,2,7,45,8,18,11,1,0,4,0,0,1,2,0,1,0,0,0,13,0,0,0,0,0,0,0,0,0,0,2,0,1,0,10,2,2,4,4,0,0
"WS5  4",11119,9809,0,0,0,0,0,0,0,0,0,9,1,3,136,0,1,74,23,18,0,10,0,2,0,0,8,0,0,0,0,0,0,0,11,3,8,0,0,0,0,0,0,0,5,11,23,0,0,11,12,0,1043,73,9,614,24,164,140,1,0,1,9,0,0,8,36,3,10,12,1,0,3,2,0,5,0,0,1,0,0,0,23,0,0,4,0,0,0,0,1,0,0,13,0,0,1,4,1,1,7,3,2,2
"WS6  6",9206,9165,0,0,0,0,0,0,0,0,0,2,1,4,7,0,1,4,0,0,2,0,0,0,0,0,0,0,0,0,0,0,0,0,1,1,0,0,0,0,0,0,0,0,0,0,3,0,0,3,0,0,16,0,0,13,0,0,2,0,0,0,0,0,1,0,1,0,0,0,0,0,0,1,0,0,0,0,0,0,0,0,5,0,0,0,0,0,0,0,0,0,0,5,0,0,0,0,0,0,1,1,0,0
"WS6  7",8503,8436,0,0,0,0,0,0,0,0,0,4,1,3,14,2,4,0,1,0,1,5,0,0,0,0,0,0,0,0,1,0,0,0,0,0,0,0,0,0,0,0,0,0,1,2,0,0,0,0,0,0,22,0,1,12,4,0,1,0,2,0,0,2,0,0,17,0,3,10,0,0,0,4,0,0,0,0,0,0,0,0,1,0,0,0,0,0,0,0,0,0,0,1,0,0,0,0,0,0,2,2,0,0
"WS7  0",3752,3731,0,0,0,0,0,0,0,0,0,1,0,0,6,0,2,4,0,0,0,0,0,0,0,0,0,0,0,0,0,0,0,0,1,0,0,0,1,0,0,0,0,0,0,0,0,0,0,0,0,0,9,0,0,6,1,1,0,0,0,1,0,0,0,0,1,0,0,1,0,0,0,0,0,0,0,0,0,0,0,0,0,0,0,0,0,0,0,0,0,0,0,0,0,0,0,0,1,1,2,0,2,0
"WS7  1",5026,4996,1,0,0,0,0,0,0,0,0,1,0,1,10,0,1,8,0,0,0,1,0,0,0,0,0,0,0,0,0,0,0,0,1,0,0,0,0,1,0,0,0,0,0,0,0,0,0,0,0,0,2,0,0,2,0,0,0,0,0,0,0,0,0,0,14,1,2,7,0,0,0,3,0,1,0,0,0,0,0,0,0,0,0,0,0,0,0,0,0,0,0,0,0,0,0,0,0,0,0,0,0,0
"WS7  2",5325,5292,0,1,1,0,0,0,0,0,0,0,0,2,13,0,0,7,0,0,0,0,2,1,0,1,1,1,0,0,0,0,0,0,0,0,0,0,0,0,0,0,0,2,0,1,1,0,1,0,0,0,2,0,0,2,0,0,0,0,0,0,0,0,0,0,10,0,3,4,0,0,0,2,0,1,0,0,0,0,0,0,0,0,0,0,0,0,0,0,0,0,0,0,0,0,0,0,1,1,0,0,0,0
"WS7  3",1447,1434,0,0,0,0,0,0,0,0,0,1,0,0,9,1,0,6,0,0,0,0,0,0,1,0,1,0,0,0,0,0,0,0,0,0,0,0,0,0,0,0,0,0,0,0,0,0,0,0,0,0,1,0,0,1,0,0,0,0,0,0,0,0,0,0,2,0,0,0,0,0,0,2,0,0,0,0,0,0,0,0,0,0,0,0,0,0,0,0,0,0,0,0,0,0,0,0,0,0,0,0,0,0
"WS7  4",7236,7194,0,0,0,0,0,0,0,0,0,2,0,0,24,0,0,18,1,0,0,1,0,0,3,1,0,0,0,0,0,0,0,0,1,0,0,0,0,1,0,0,0,0,1,0,0,0,0,0,0,0,4,0,0,0,0,0,0,0,2,1,0,1,0,0,5,3,0,0,0,0,0,1,0,1,0,0,0,0,0,0,0,0,0,0,0,0,0,0,0,0,0,0,0,0,0,0,0,0,5,3,1,1
"WS7  9",6139,6109,0,0,0,0,0,0,0,0,0,2,0,0,15,0,3,9,0,0,1,0,1,0,0,0,1,0,0,0,0,0,0,0,1,0,0,0,1,0,0,0,0,1,1,0,0,0,0,0,0,0,3,2,1,0,0,0,0,0,0,0,0,0,0,0,6,0,1,1,3,0,0,0,0,1,0,0,0,0,0,0,0,0,0,0,0,0,0,0,0,0,0,0,0,0,0,0,0,0,1,1,0,0
"WS8  6",5836,5700,3,0,0,0,0,0,0,0,0,0,5,2,47,1,1,34,2,1,2,2,0,0,0,2,2,0,0,0,0,0,0,0,0,0,0,0,0,0,0,0,0,0,0,7,0,0,0,0,0,0,41,12,3,16,2,1,5,0,0,0,2,0,0,0,20,0,4,14,1,0,0,1,0,0,0,0,0,0,0,0,6,0,0,0,0,2,0,0,1,0,0,2,1,0,0,0,1,1,4,1,0,3
"WS8  7",9184,9075,0,0,0,0,0,0,0,0,0,3,2,3,46,1,3,30,1,0,2,4,1,0,1,2,0,0,1,0,0,0,0,0,0,0,0,0,0,0,0,0,0,2,1,5,0,0,0,0,0,0,23,4,1,12,2,1,3,0,0,0,0,0,0,0,10,0,0,7,0,0,0,2,0,1,0,0,0,0,0,0,9,0,0,0,0,0,0,0,0,0,0,5,0,0,0,4,1,1,4,2,0,2
"WS9  0",9112,8924,2,1,1,0,0,0,0,0,0,3,4,0,21,2,0,9,0,0,3,2,0,0,0,5,0,0,0,0,0,0,0,0,2,1,0,0,0,1,0,0,0,1,0,1,3,0,0,2,0,1,113,6,8,79,0,4,8,0,0,1,5,0,0,2,17,0,13,1,0,0,0,0,0,3,0,0,0,2,0,2,8,0,0,0,0,7,0,0,0,0,0,1,0,0,0,0,2,2,8,4,1,3
"WS9  8",8422,8311,0,0,0,0,0,0,0,0,0,2,2,3,30,2,3,19,2,1,0,2,0,0,0,0,0,0,0,0,0,0,1,0,1,0,0,1,0,0,0,0,0,0,1,0,2,0,0,2,0,0,40,2,6,19,0,5,6,0,0,0,2,0,0,0,20,2,0,7,1,1,2,3,0,4,0,0,0,0,0,0,1,0,0,0,0,0,0,0,0,0,0,0,0,0,0,1,0,0,9,4,0,5
"WS9  9",8349,8243,2,0,0,0,0,0,0,0,0,3,0,1,35,1,0,24,0,0,2,2,0,0,2,1,1,1,1,0,0,0,0,0,0,0,0,0,0,0,0,0,0,0,3,3,1,0,0,1,0,0,44,0,4,28,0,4,3,0,0,0,5,0,0,0,9,0,1,1,0,0,4,2,0,1,0,0,0,0,0,0,3,0,0,0,0,0,0,0,0,0,0,0,1,2,0,0,0,0,2,0,0,2
"WV1  1",2423,1625,0,1,1,0,0,0,0,0,0,19,7,5,398,5,11,86,0,1,4,6,15,3,5,254,0,0,3,0,2,2,0,1,3,0,1,0,0,2,0,0,0,10,28,13,90,0,62,21,5,2,87,4,10,39,0,4,4,3,1,6,5,0,8,3,94,9,7,67,1,0,0,0,1,9,0,0,0,0,0,0,39,0,0,3,0,4,1,3,0,0,0,12,0,10,0,6,2,2,2,2,0,0
"WV1  2",9251,8599,1,1,0,0,0,0,0,1,0,33,2,2,122,4,7,70,3,1,3,9,14,7,0,0,2,0,1,0,1,0,0,0,9,6,0,0,3,0,0,0,0,5,1,6,40,0,30,8,2,0,328,14,4,262,0,9,20,0,2,5,7,0,3,2,27,7,1,12,0,0,0,3,0,4,0,0,0,0,0,0,67,1,0,1,0,0,1,2,2,2,0,41,0,4,0,13,2,2,6,5,0,1
"WV1  3",671,578,0,0,0,0,0,0,0,0,0,3,3,0,28,0,0,18,0,0,0,5,2,0,0,1,0,2,0,0,0,0,0,0,0,0,0,0,0,0,0,0,0,0,3,10,3,0,1,0,1,1,29,4,1,4,0,2,1,0,1,4,6,0,6,0,4,2,0,0,0,0,0,1,0,1,0,0,0,0,0,0,4,0,0,0,0,0,0,0,0,0,0,2,0,1,0,1,4,4,2,1,1,0
"WV1  4",3562,2396,0,0,0,0,0,0,0,0,0,13,5,5,268,4,11,99,10,10,1,71,27,2,14,11,8,0,0,0,0,0,0,0,2,1,0,1,0,0,0,0,0,19,10,14,198,0,139,41,12,6,473,101,14,226,0,13,16,1,35,32,19,4,10,2,99,7,9,68,0,0,2,0,6,7,0,0,0,0,0,0,50,1,0,1,0,4,13,6,1,0,1,14,0,3,2,4,1,1,9,9,0,0
"WV10 0",10645,8670,0,1,0,0,0,1,0,0,0,50,35,5,506,13,9,228,11,23,12,146,40,6,2,0,13,0,1,0,0,1,0,1,22,14,1,2,4,1,0,0,0,53,3,69,345,0,224,76,28,17,524,39,19,403,10,5,15,0,5,7,11,0,0,10,121,16,4,29,0,0,8,1,2,56,5,0,0,1,1,0,226,0,18,96,0,10,0,14,3,0,3,51,1,0,11,19,12,12,2,0,0,2
"WV10 6",11205,10601,3,0,0,0,0,0,0,0,0,5,1,3,163,43,3,78,0,8,1,12,2,12,0,2,1,0,1,0,0,0,0,0,13,4,4,4,0,1,0,0,0,5,3,11,34,0,28,1,0,5,288,16,6,243,9,5,7,0,0,1,0,0,0,1,30,2,4,14,1,0,0,3,0,6,0,0,0,1,1,0,30,0,0,0,1,0,0,0,9,0,0,17,1,0,0,2,3,3,11,11,0,0
"WV10 7",6829,6729,4,2,0,0,0,0,0,0,2,2,2,6,15,1,1,6,2,0,0,0,0,0,0,3,1,1,0,0,0,0,0,0,3,3,0,0,0,0,0,0,0,0,2,3,7,0,1,2,4,0,38,7,3,21,0,0,0,0,0,0,0,0,0,7,14,0,3,2,1,0,5,0,0,1,2,0,0,1,1,0,0,0,0,0,0,0,0,0,0,0,0,0,0,0,0,0,0,0,1,1,0,0
"WV10 8",11458,11215,0,1,1,0,0,0,0,0,0,17,4,2,72,4,0,26,3,2,7,23,4,0,0,1,0,2,0,0,0,0,0,0,6,3,1,2,0,0,0,0,0,6,0,5,12,0,9,2,0,1,46,5,0,34,0,2,0,0,2,2,0,0,1,0,21,2,3,14,0,0,0,0,0,2,0,0,0,0,0,0,45,0,0,2,0,1,0,0,2,0,0,33,0,1,1,5,3,3,3,3,0,0
"WV10 9",13576,12313,0,2,2,0,0,0,0,0,0,29,24,1,420,19,6,265,19,3,9,57,27,7,3,0,4,1,0,0,0,0,0,0,7,6,1,0,0,0,0,0,0,35,2,10,36,0,19,15,0,2,483,24,12,404,4,7,6,0,7,5,2,1,2,9,60,5,6,29,0,0,0,4,1,13,2,0,0,1,0,1,139,1,0,1,1,1,0,0,5,0,0,102,0,2,7,19,5,5,9,8,0,1
"WV11 1",11483,10693,1,0,0,0,0,0,0,0,0,3,14,0,151,4,1,110,4,1,0,23,1,1,1,3,1,0,0,1,0,0,0,0,1,1,0,0,0,0,0,0,0,6,3,8,48,0,20,23,4,1,387,11,10,328,5,0,5,4,2,4,8,0,3,7,138,10,4,23,0,0,0,1,0,90,10,0,0,2,2,0,20,0,0,0,0,0,0,4,1,0,0,12,0,2,0,1,4,4,4,3,0,1
"WV11 2",10523,10398,0,1,1,0,0,0,0,0,0,0,0,3,32,6,1,11,6,0,0,3,2,3,0,0,0,0,0,0,0,0,0,0,0,0,0,0,0,0,0,0,0,0,1,6,5,0,4,0,0,1,45,5,1,30,1,0,2,0,0,2,2,0,2,0,4,0,0,2,0,0,0,0,0,2,0,0,0,1,1,0,16,1,0,0,0,1,2,1,0,0,0,8,0,0,0,3,1,1,10,10,0,0
"WV11 3",11383,10696,0,0,0,0,0,0,0,0,0,17,2,1,86,2,1,74,0,0,1,1,0,2,0,2,1,0,0,0,0,0,2,0,3,0,2,0,0,1,1,0,1,4,3,2,18,0,6,12,0,0,479,3,1,465,0,5,1,0,0,0,2,2,0,0,56,0,11,11,0,0,0,1,0,33,0,0,0,1,1,0,6,0,1,1,0,2,0,2,0,0,0,0,0,0,0,0,0,0,8,4,2,2
"WV12 4",10094,9795,1,0,0,0,0,0,0,0,0,5,1,1,30,1,1,8,5,1,6,0,0,0,0,2,3,1,0,2,0,0,0,0,0,0,0,0,0,0,0,0,0,0,0,5,2,0,0,1,1,0,219,11,3,195,0,2,8,0,0,0,0,0,0,0,16,6,4,4,0,0,0,2,0,0,0,0,0,0,0,0,6,0,0,0,0,0,0,0,0,0,0,4,0,0,0,2,0,0,13,9,1,3
"WV12 5",14664,14294,1,0,0,0,0,0,0,0,0,0,2,1,22,3,1,12,4,0,0,1,0,0,0,1,0,0,0,0,0,0,0,0,2,0,2,0,0,0,0,0,0,5,1,1,9,0,7,1,0,1,286,26,5,230,2,7,14,0,0,0,0,0,0,2,24,0,3,12,1,0,0,4,1,2,1,0,0,0,0,0,8,0,0,0,0,0,0,0,1,0,0,5,0,0,0,2,1,1,7,5,0,2
"WV13 1",5533,5235,0,0,0,0,0,0,0,0,0,0,1,2,25,0,1,16,3,4,0,0,0,1,0,0,0,0,0,0,0,0,0,0,0,0,0,0,0,0,0,0,0,1,0,1,5,0,5,0,0,0,246,6,2,221,1,8,6,0,0,0,0,0,2,0,7,4,2,0,0,0,0,0,0,1,0,0,0,0,0,0,6,0,0,0,0,1,0,0,0,2,0,2,0,0,0,1,2,2,2,2,0,0
"WV13 2",6728,6142,1,1,1,0,0,0,0,0,0,3,0,4,48,2,3,23,7,3,0,3,4,2,0,1,0,0,0,0,0,0,0,0,0,0,0,0,0,0,0,0,0,0,3,1,7,0,2,5,0,0,483,14,2,425,0,8,14,0,6,9,1,4,0,0,21,0,7,7,0,0,4,1,0,1,1,0,0,0,0,0,7,0,0,0,0,0,0,1,0,0,0,4,0,0,0,2,2,2,5,4,0,1
"WV13 3",7381,6898,1,1,0,0,0,0,0,1,0,1,0,0,44,1,1,26,4,0,1,3,4,1,0,1,2,0,0,0,0,0,0,0,0,0,0,0,0,0,0,0,0,1,1,1,2,0,1,1,0,0,393,15,3,348,1,4,21,0,0,1,0,0,0,0,16,0,9,2,0,0,0,1,0,4,0,0,0,2,2,0,6,0,0,0,0,0,0,0,0,0,0,6,0,0,0,0,4,4,10,9,0,1
"WV14 0",5670,5084,2,0,0,0,0,0,0,0,0,2,13,4,107,3,1,45,1,7,2,11,31,2,0,0,2,0,1,0,0,1,0,0,2,2,0,0,0,0,0,0,0,8,0,5,10,0,9,0,0,1,398,7,12,284,1,0,85,0,0,5,2,2,0,0,20,4,9,6,0,0,0,0,0,0,1,0,0,0,0,0,8,1,0,0,0,0,0,0,2,0,0,2,0,0,0,3,3,3,4,4,0,0
"WV14 6",8295,7751,2,1,1,0,0,0,0,0,0,6,0,2,65,0,2,16,1,0,0,15,29,1,0,1,0,0,0,0,0,0,0,0,0,0,0,0,0,0,0,0,0,19,0,10,15,0,12,1,0,2,369,1,4,277,0,0,71,0,3,6,5,0,2,0,18,2,0,6,0,0,2,5,0,3,0,0,0,0,0,0,27,3,3,0,0,0,0,0,0,0,2,16,1,0,0,2,5,5,5,4,1,0
"WV14 7",4119,3721,1,0,0,0,0,0,0,0,0,10,9,4,98,1,2,52,2,0,0,23,16,1,0,1,0,0,0,0,0,0,0,0,0,0,0,0,0,0,0,0,0,9,0,3,6,0,6,0,0,0,230,1,0,188,0,0,29,0,2,8,2,0,0,0,10,1,2,7,0,0,0,0,0,0,0,0,0,0,0,0,18,0,0,0,0,0,0,0,1,0,0,15,0,0,0,2,0,0,0,0,0,0
"WV14 8",13729,13395,0,1,1,0,0,0,0,0,0,5,7,2,119,2,4,75,1,3,2,17,10,0,1,1,0,0,1,0,0,0,2,0,3,0,2,0,0,1,1,1,0,5,0,3,4,0,0,2,2,0,123,4,2,96,0,0,10,0,0,9,0,2,0,0,34,0,5,15,0,0,0,12,1,1,0,0,0,0,0,0,20,0,0,0,0,1,0,1,1,0,0,11,0,1,0,5,1,1,6,5,0,1
"WV14 9",13359,12774,1,0,0,0,0,0,0,0,0,5,1,0,56,8,5,29,0,0,1,0,3,2,1,0,4,1,2,0,0,0,0,0,1,1,0,0,0,0,1,1,0,4,0,0,23,0,7,15,1,0,427,9,6,356,2,1,24,0,0,21,1,2,0,5,30,6,7,12,1,2,0,0,0,2,0,0,0,0,0,0,18,0,0,0,0,1,0,0,0,0,0,10,0,0,0,7,9,9,9,4,4,1
"WV15 5",3639,3606,0,0,0,0,0,0,0,0,0,2,1,3,10,1,0,2,0,0,0,2,4,0,0,0,0,0,1,0,0,0,0,0,0,0,0,0,0,0,0,0,0,0,1,6,0,0,0,0,0,0,4,0,0,0,0,4,0,0,0,0,0,0,0,0,5,0,0,0,0,0,0,5,0,0,0,0,0,0,0,0,0,0,0,0,0,0,0,0,0,0,0,0,0,0,0,0,0,0,1,0,1,0
"WV15 6",4097,4063,1,0,0,0,0,0,0,0,0,4,3,0,11,1,0,2,4,0,0,0,0,4,0,0,0,0,0,0,0,0,0,0,1,0,0,0,0,1,0,0,0,3,0,0,0,0,0,0,0,0,0,0,0,0,0,0,0,0,0,0,0,0,0,0,9,0,4,3,0,0,1,0,0,1,0,0,0,0,0,0,2,0,0,0,0,1,0,0,0,0,0,0,1,0,0,0,0,0,0,0,0,0
"WV16 4",6939,6868,2,0,0,0,0,0,0,0,0,6,0,6,32,2,0,21,0,0,1,0,1,0,2,1,1,2,0,1,0,0,0,0,3,1,0,0,0,2,0,0,0,1,6,0,0,0,0,0,0,0,6,0,0,0,0,2,0,0,0,0,3,0,0,1,8,1,0,3,0,0,0,2,0,1,1,0,0,0,0,0,0,0,0,0,0,0,0,0,0,0,0,0,0,0,0,0,1,1,0,0,0,0
"WV16 5",3269,3243,3,0,0,0,0,0,0,0,0,1,0,1,13,1,2,6,1,0,2,0,0,1,0,0,0,0,0,0,0,0,0,0,0,0,0,0,0,0,0,0,0,0,0,0,0,0,0,0,0,0,0,0,0,0,0,0,0,0,0,0,0,0,0,0,6,1,2,0,0,0,0,1,1,1,0,0,0,0,0,0,0,0,0,0,0,0,0,0,0,0,0,0,0,0,0,0,1,1,1,0,0,1
"WV16 6",6629,6585,2,0,0,0,0,0,0,0,0,4,0,1,12,1,5,2,0,0,0,0,0,0,0,1,1,1,1,0,0,0,0,0,1,0,1,0,0,0,0,0,0,1,3,0,0,0,0,0,0,0,10,0,0,6,0,0,0,0,0,0,4,0,0,0,9,2,1,3,0,0,0,3,0,0,0,0,0,0,0,0,0,0,0,0,0,0,0,0,0,0,0,0,0,0,0,0,0,0,1,0,0,1
"WV2  1",2977,2123,0,0,0,0,0,0,0,0,0,9,4,1,215,3,4,126,14,5,1,37,16,3,3,2,1,0,0,0,0,0,0,0,3,0,3,0,0,0,0,0,0,7,1,17,48,0,22,16,10,0,506,21,6,347,0,5,45,0,12,16,7,2,45,0,9,0,2,0,0,0,1,1,0,5,0,0,0,0,0,0,31,0,0,0,1,0,0,0,1,0,1,16,3,0,0,9,1,1,2,2,0,0
"WV2  2",4817,4250,1,0,0,0,0,0,0,0,0,3,4,2,65,1,3,41,2,5,0,9,2,0,0,2,0,0,0,0,0,0,0,0,5,3,2,0,0,0,0,0,0,6,1,13,51,0,23,11,17,0,360,8,5,267,0,0,45,0,1,29,1,1,3,0,24,4,3,12,0,0,0,2,0,1,2,0,0,1,1,0,27,0,0,1,0,0,0,0,0,0,0,23,0,0,2,1,0,0,4,3,0,1
"WV2  3",3975,2458,0,0,0,0,0,0,0,0,0,3,6,2,127,8,2,65,17,11,3,8,10,0,1,1,1,0,0,0,0,0,0,0,0,0,0,0,0,0,0,0,0,7,1,3,71,0,51,18,1,1,1250,34,8,962,2,8,95,2,1,5,15,0,116,2,12,0,4,0,0,0,0,2,0,5,1,0,0,1,1,0,32,0,0,1,0,1,0,1,1,0,0,17,0,1,4,6,1,1,1,0,1,0
"WV2  4",2251,1590,0,0,0,0,0,0,0,0,0,4,0,1,65,2,5,35,7,0,1,8,1,5,0,1,0,0,0,0,0,0,0,0,1,0,1,0,0,0,0,0,0,9,0,0,23,0,15,7,0,1,478,1,8,400,0,0,46,0,0,0,8,0,12,3,57,3,18,27,0,0,5,3,1,0,0,0,0,0,0,0,15,0,0,0,0,0,3,0,0,0,0,11,0,0,0,1,6,6,2,2,0,0
"WV3  0",6974,5195,1,0,0,0,0,0,0,0,0,14,5,1,411,4,5,200,18,48,13,65,22,13,1,6,9,2,0,1,0,4,0,0,22,13,0,2,3,4,0,0,0,17,5,15,137,0,71,40,24,2,965,126,19,665,2,16,93,0,3,12,12,10,1,6,93,7,9,46,0,0,3,0,0,19,9,0,1,0,0,0,69,0,0,3,0,9,6,4,3,0,2,21,0,8,1,12,17,17,6,4,0,2
"WV3  7",6579,6065,0,0,0,0,0,0,0,0,0,7,0,2,52,4,9,17,5,3,1,6,0,0,2,1,3,0,0,0,0,0,1,0,1,0,0,1,0,0,0,0,0,2,1,0,20,0,15,4,0,1,379,20,13,291,2,4,31,0,3,7,5,0,3,0,40,1,10,5,1,0,3,1,0,17,2,0,0,0,0,0,5,0,0,2,0,0,0,0,0,0,0,1,0,0,1,1,2,2,3,1,0,2
"WV3  8",6575,6353,1,0,0,0,0,0,0,0,0,4,0,2,20,2,6,6,0,0,1,0,0,2,0,1,1,0,0,1,0,0,0,0,0,0,0,0,0,0,0,0,0,1,1,3,7,0,7,0,0,0,153,10,9,122,0,2,5,0,3,0,2,0,0,0,23,0,2,3,0,0,0,5,0,0,13,0,0,0,0,0,3,0,0,0,0,0,0,0,0,0,0,3,0,0,0,0,0,0,4,4,0,0
"WV3  9",7869,7087,3,0,0,0,0,0,0,0,0,8,4,8,250,14,7,178,2,4,4,8,13,8,3,4,2,2,0,0,0,0,1,0,12,3,8,0,0,1,0,0,0,9,3,23,58,0,24,34,0,0,346,31,16,252,5,8,21,0,3,4,5,0,0,1,26,0,6,9,0,0,2,4,0,3,2,0,0,0,0,0,21,0,0,0,0,0,0,4,0,0,0,11,1,1,1,3,2,2,9,7,0,2
"WV4  4",12930,12176,0,1,1,0,0,0,0,0,0,8,2,3,65,3,3,28,1,0,0,6,7,10,0,3,0,0,1,1,0,0,1,1,11,4,4,2,0,1,0,0,0,6,3,7,29,0,16,8,1,4,559,16,16,442,6,19,50,0,0,6,4,0,0,0,37,2,8,19,0,0,2,1,2,3,0,0,0,1,1,0,14,0,0,0,0,1,0,0,0,0,0,5,4,0,1,3,2,2,6,2,4,0
"WV4  5",11027,9324,2,0,0,0,0,0,0,0,0,5,4,3,79,8,6,31,5,4,9,3,5,1,0,2,1,4,0,0,0,0,0,0,3,1,0,2,0,0,0,0,0,4,0,8,30,0,18,8,4,0,1502,20,25,1312,0,13,93,0,2,29,7,0,0,1,55,19,9,6,0,0,4,1,0,14,2,0,0,0,0,0,6,0,0,0,0,1,0,0,0,0,0,3,0,1,0,1,2,2,0,0,0,0
"WV4  6",9925,8782,1,0,0,0,0,0,0,0,0,8,4,0,120,1,8,58,18,3,5,16,3,3,1,2,2,0,0,0,0,0,0,0,4,2,0,2,0,0,0,0,0,5,0,13,35,0,14,14,5,2,883,9,10,791,0,1,29,4,4,21,1,0,10,3,23,2,1,14,0,0,0,0,0,6,0,1,0,0,0,0,36,0,0,2,0,0,0,0,5,0,0,19,1,3,0,6,3,3,7,6,1,0
"WV5  0",5557,5531,0,0,0,0,0,0,0,0,0,2,0,0,7,1,1,3,0,0,0,1,1,0,0,0,0,0,0,0,0,0,0,0,0,0,0,0,0,0,0,0,0,3,1,0,0,0,0,0,0,0,4,0,0,2,0,0,1,0,0,1,0,0,0,0,7,0,4,0,0,0,0,2,0,1,0,0,0,0,0,0,1,0,0,0,0,0,0,0,0,0,0,0,0,0,1,0,0,0,1,0,1,0
"WV5  7",2734,2711,0,0,0,0,0,0,0,0,0,1,1,1,5,0,1,2,0,0,0,1,0,0,0,1,0,0,0,0,0,0,0,0,1,0,1,0,0,0,0,0,0,0,0,6,0,0,0,0,0,0,3,0,0,3,0,0,0,0,0,0,0,0,0,0,3,0,0,0,0,0,0,2,0,0,1,0,0,0,0,0,2,0,0,0,0,1,0,0,0,0,0,0,1,0,0,0,0,0,0,0,0,0
"WV5  8",4007,3989,3,0,0,0,0,0,0,0,0,0,1,0,5,0,0,2,0,0,0,0,0,1,0,0,2,0,0,0,0,0,0,0,0,0,0,0,0,0,0,0,0,0,0,1,0,0,0,0,0,0,6,0,0,6,0,0,0,0,0,0,0,0,0,0,2,0,0,2,0,0,0,0,0,0,0,0,0,0,0,0,0,0,0,0,0,0,0,0,0,0,0,0,0,0,0,0,0,0,0,0,0,0
"WV5  9",3245,3237,0,0,0,0,0,0,0,0,0,0,1,0,0,0,0,0,0,0,0,0,0,0,0,0,0,0,0,0,0,0,0,0,0,0,0,0,0,0,0,0,0,0,0,0,0,0,0,0,0,0,1,0,0,1,0,0,0,0,0,0,0,0,0,0,5,1,1,1,0,0,0,2,0,0,0,0,0,0,0,0,0,0,0,0,0,0,0,0,0,0,0,0,0,0,0,0,0,0,1,0,1,0
"WV6  0",12637,9214,0,0,0,0,0,0,0,0,0,19,18,8,806,44,8,334,29,24,10,227,98,9,6,5,7,2,2,1,0,0,0,0,14,0,7,7,0,0,1,0,1,60,4,56,739,1,519,156,61,2,1498,369,35,826,47,18,54,2,11,61,35,14,14,12,95,9,4,41,1,0,2,5,2,20,11,1,0,1,1,0,92,0,0,1,0,7,9,9,4,0,0,32,0,6,5,19,5,5,6,5,1,0
"WV6  7",12994,12808,3,0,0,0,0,0,0,0,0,0,12,4,34,9,1,16,1,0,1,1,0,0,0,2,2,0,0,1,0,0,0,0,1,0,0,0,0,1,0,0,0,3,3,2,5,0,2,0,0,3,89,2,1,52,0,2,7,0,12,4,6,0,0,3,21,0,3,10,0,0,4,2,0,2,0,0,0,0,0,0,7,0,0,0,0,0,0,0,0,0,0,6,0,1,0,0,1,1,1,1,0,0
"WV6  8",10496,9990,1,0,0,0,0,0,0,0,0,9,7,7,56,3,8,19,2,3,0,0,2,5,0,7,1,0,3,0,1,0,0,2,3,0,2,0,0,1,0,0,0,2,1,20,8,0,4,4,0,0,329,37,18,235,0,7,11,0,0,8,3,0,0,10,50,0,10,15,1,1,11,3,0,2,7,0,0,0,0,0,9,0,1,0,0,1,0,0,0,0,0,6,1,0,0,0,1,1,3,3,0,0
"WV6  9",7210,6837,3,0,0,0,0,0,0,0,0,9,0,1,57,13,4,12,6,2,0,2,6,6,4,1,1,0,0,0,0,0,0,0,6,0,0,6,0,0,0,0,0,2,0,3,18,0,4,7,7,0,223,21,6,177,0,4,10,0,2,2,0,0,0,1,22,0,2,12,1,0,0,3,1,2,1,2,1,0,0,0,18,0,0,0,0,0,0,0,4,0,0,5,1,0,0,8,2,2,6,4,1,1
"WV7  3",6937,6770,5,0,0,0,0,0,0,0,0,4,1,0,52,7,3,19,1,0,0,11,3,0,2,1,2,0,1,0,0,2,0,0,7,0,7,0,0,0,0,0,0,0,1,71,0,0,0,0,0,0,14,0,0,2,0,2,0,0,0,2,0,0,8,0,8,1,2,2,0,0,0,3,0,0,0,1,0,0,0,0,1,0,0,0,0,0,0,0,0,0,0,0,0,1,0,0,1,1,1,0,0,1
"WV8  1",10786,10539,0,0,0,0,0,0,0,0,0,10,3,0,69,7,4,36,1,1,3,3,0,0,4,6,2,2,0,0,0,0,0,0,4,3,0,0,0,1,0,0,0,9,0,4,13,0,6,5,0,2,82,11,1,54,0,6,5,0,1,0,0,0,0,4,33,5,6,13,0,0,0,6,0,2,1,0,0,0,0,0,10,0,0,0,0,0,0,0,0,0,0,7,0,0,0,3,0,0,10,8,0,2
"WV8  2",4278,4221,1,0,0,0,0,0,0,0,0,1,2,1,13,0,4,8,0,0,0,0,0,0,0,1,0,0,0,0,0,0,0,0,0,0,0,0,0,0,0,0,0,4,0,0,0,0,0,0,0,0,32,0,0,21,0,7,0,0,1,3,0,0,0,0,0,0,0,0,0,0,0,0,0,0,0,0,0,0,0,0,1,0,0,0,0,0,0,0,0,0,0,0,0,0,0,1,0,0,2,2,0,0
"WV9  5",7029,6780,0,1,0,0,0,1,0,0,0,2,1,1,77,7,5,45,1,2,0,5,8,2,0,1,1,0,0,0,0,0,0,0,5,5,0,0,0,0,0,0,0,2,1,0,4,0,3,1,0,0,108,11,8,79,0,5,0,0,0,2,0,0,0,3,39,2,15,15,1,0,0,2,1,2,1,0,0,0,0,0,7,0,0,0,0,2,0,0,0,0,0,1,0,2,2,0,1,1,0,0,0,0
"YO1  6",1932,1706,1,0,0,0,0,0,0,0,0,7,5,8,104,9,11,38,3,5,6,0,7,5,0,8,6,2,1,0,0,0,2,1,5,0,0,3,0,2,0,0,0,1,9,12,3,0,0,0,0,3,10,1,0,0,0,0,0,0,1,0,1,1,5,1,57,5,4,29,9,8,0,1,1,0,0,0,0,0,0,0,4,0,0,0,0,0,0,0,0,0,0,2,1,0,1,0,0,0,0,0,0,0
"YO1  7",725,677,0,0,0,0,0,0,0,0,0,1,1,4,18,6,2,5,0,0,0,0,1,0,0,0,2,1,0,0,0,0,0,1,1,0,0,0,0,1,0,0,0,4,0,0,0,0,0,0,0,0,3,0,0,2,0,0,0,0,0,1,0,0,0,0,15,1,0,9,4,0,1,0,0,0,0,0,0,0,0,0,0,0,0,0,0,0,0,0,0,0,0,0,0,0,0,0,1,1,0,0,0,0
"YO1  9",1769,1532,0,0,0,0,0,0,0,0,0,5,14,10,63,10,5,29,1,0,1,1,3,3,0,5,1,3,0,1,0,0,0,0,8,0,2,0,0,6,0,0,0,6,7,21,9,0,0,5,0,4,19,3,2,0,0,5,0,0,1,1,0,2,4,1,69,3,4,51,3,0,1,6,0,0,1,0,0,0,0,0,5,0,0,0,0,0,0,0,0,0,0,2,0,1,0,2,1,1,0,0,0,0
"YO10 3",12496,11351,2,2,2,0,0,0,0,0,0,17,12,47,454,31,55,169,11,15,24,22,7,29,16,37,18,9,1,1,3,5,0,1,23,0,0,0,4,19,0,0,0,26,43,50,11,0,2,5,2,2,82,13,15,1,0,10,2,4,3,2,4,1,22,5,333,15,9,200,7,42,11,15,26,7,1,0,0,0,0,0,40,0,0,0,0,7,6,5,6,0,0,1,0,5,2,8,3,3,0,0,0,0
"YO10 4",8732,7863,2,1,1,0,0,0,0,0,0,30,15,27,232,17,43,72,2,4,12,16,5,7,5,30,10,5,4,0,0,0,0,0,5,0,0,0,0,5,0,0,0,28,12,42,34,4,4,10,8,8,254,26,8,3,0,5,2,0,3,0,6,0,192,9,177,12,11,94,7,17,2,2,30,2,0,1,1,0,0,0,6,0,0,0,0,1,0,0,0,0,0,1,2,0,1,1,1,1,1,1,0,0
"YO10 5",8494,6982,3,0,0,0,0,0,0,0,0,34,15,48,343,18,59,94,5,5,17,17,6,21,16,56,13,5,3,5,2,1,0,0,32,1,4,2,0,25,1,1,0,29,13,66,31,0,6,5,4,16,102,21,11,4,0,12,0,4,5,12,6,3,20,4,768,43,61,511,18,47,4,27,51,6,0,0,0,0,0,0,24,0,0,0,0,2,0,4,4,0,0,5,1,1,0,7,0,0,3,3,0,0
"YO11 1",3821,3483,0,1,0,0,0,0,0,1,0,2,2,6,235,7,6,167,8,8,0,12,14,3,1,3,1,3,0,0,0,2,0,0,1,0,0,1,0,0,0,0,0,3,27,7,8,0,1,5,0,2,17,3,0,0,0,11,0,3,0,0,0,0,0,0,23,0,0,16,0,1,0,3,1,2,0,3,0,0,0,0,2,0,0,0,0,0,0,0,0,1,0,0,1,0,0,0,0,0,1,1,0,0
"YO11 2",7329,6840,0,1,0,0,0,0,0,1,0,5,7,9,264,11,31,136,7,8,10,8,14,6,2,17,9,1,0,2,0,0,2,0,4,0,3,1,0,0,0,0,0,25,15,30,14,0,1,6,2,5,18,0,4,0,0,2,4,0,0,0,5,1,1,1,73,2,10,43,2,1,2,10,1,2,0,0,0,0,0,0,20,0,0,0,0,0,2,0,0,0,0,7,0,0,3,8,1,1,3,3,0,0
"YO11 3",11074,10996,0,1,0,0,0,0,0,1,0,5,1,2,35,1,4,17,2,1,2,0,4,1,2,1,0,0,0,0,0,0,0,0,1,0,0,0,1,0,0,0,0,2,6,0,6,0,1,5,0,0,0,0,0,0,0,0,0,0,0,0,0,0,0,0,16,2,3,3,2,0,0,3,0,1,2,0,0,0,0,0,0,0,0,0,0,0,0,0,0,0,0,0,0,0,0,0,1,1,2,2,0,0
"YO12 4",8660,8549,2,0,0,0,0,0,0,0,0,2,0,0,58,4,3,32,6,0,5,0,0,0,1,0,5,2,0,0,0,0,0,0,0,0,0,0,0,0,0,0,0,5,3,3,5,0,0,5,0,0,12,0,0,0,0,0,0,0,0,6,6,0,0,0,19,0,3,1,1,0,0,3,0,10,1,0,0,0,0,0,0,0,0,0,0,0,0,0,0,0,0,0,0,0,0,0,1,1,1,0,0,1
"YO12 5",9452,9189,0,0,0,0,0,0,0,0,0,4,0,4,98,4,9,51,2,3,6,10,1,4,0,2,3,2,0,0,0,0,1,0,3,1,0,2,0,0,0,0,0,3,8,5,10,2,0,6,0,2,98,14,6,0,0,6,0,0,6,19,45,0,0,2,24,3,2,4,1,0,0,2,0,12,0,0,0,0,0,0,2,0,0,0,0,0,0,0,0,0,0,0,1,0,0,1,0,0,4,4,0,0
"YO12 6",10360,10207,2,0,0,0,0,0,0,0,0,5,2,11,57,5,0,31,0,7,5,0,3,0,0,1,3,0,0,0,0,1,0,1,0,0,0,0,0,0,0,0,0,5,1,1,8,0,4,4,0,0,13,2,6,0,0,4,0,0,0,1,0,0,0,0,43,0,12,12,2,0,0,7,0,9,1,0,0,0,0,0,1,0,0,0,0,0,0,0,0,0,0,0,0,0,1,0,1,1,3,3,0,0
"YO12 7",10883,10289,4,0,0,0,0,0,0,0,0,6,4,8,364,4,5,266,14,21,11,9,22,6,1,2,2,0,1,0,0,0,0,0,1,1,0,0,0,0,0,0,0,17,17,12,13,0,0,11,0,2,37,0,0,0,0,30,0,0,0,3,0,0,0,4,92,1,2,14,1,0,0,5,0,68,1,0,0,0,0,0,12,0,0,0,0,4,0,0,1,1,0,5,0,0,0,1,5,5,2,2,0,0
"YO13 0",5054,4972,0,0,0,0,0,0,0,0,0,2,1,3,56,2,3,20,2,0,6,0,0,11,7,0,1,3,1,0,0,0,0,0,1,0,0,0,0,1,0,0,0,1,0,3,1,0,0,1,0,0,6,0,2,0,0,0,0,0,0,0,4,0,0,0,8,1,1,5,0,0,1,0,0,0,0,0,0,0,0,0,0,0,0,0,0,0,0,0,0,0,0,0,0,0,0,0,0,0,0,0,0,0
"YO13 9",4823,4786,0,0,0,0,0,0,0,0,0,0,0,3,18,1,4,8,4,0,0,0,0,1,0,0,0,0,0,0,0,0,0,0,0,0,0,0,0,0,0,0,0,0,2,8,0,0,0,0,0,0,3,0,0,0,0,1,0,0,0,0,2,0,0,0,3,0,0,1,0,0,0,2,0,0,0,0,0,0,0,0,0,0,0,0,0,0,0,0,0,0,0,0,0,0,0,0,0,0,0,0,0,0
"YO14 0",5392,5362,0,0,0,0,0,0,0,0,0,4,1,1,10,1,1,2,0,1,4,0,0,0,0,0,0,1,0,0,0,0,0,0,0,0,0,0,0,0,0,0,0,0,1,1,0,0,0,0,0,0,0,0,0,0,0,0,0,0,0,0,0,0,0,0,11,2,2,4,0,0,0,2,0,1,0,0,0,0,0,0,0,0,0,0,0,0,0,0,0,0,0,0,0,0,0,0,0,0,1,0,0,1
"YO14 9",5623,5582,0,0,0,0,0,0,0,0,0,1,1,1,14,1,0,5,0,0,5,0,0,0,0,0,2,0,1,0,0,0,0,0,3,0,0,0,1,2,0,0,0,1,6,0,0,0,0,0,0,0,2,0,0,0,0,0,0,0,2,0,0,0,0,0,7,0,0,4,0,0,0,2,0,1,0,0,0,0,0,0,0,0,0,0,0,0,0,0,0,0,0,0,0,0,0,0,0,0,5,5,0,0
"YO15 1",3367,3356,0,1,1,0,0,0,0,0,0,0,0,3,4,0,0,0,3,0,0,0,0,0,0,0,0,1,0,0,0,0,0,0,1,0,0,1,0,0,0,0,0,0,0,0,0,0,0,0,0,0,0,0,0,0,0,0,0,0,0,0,0,0,0,0,2,0,0,2,0,0,0,0,0,0,0,0,0,0,0,0,0,0,0,0,0,0,0,0,0,0,0,0,0,0,0,0,0,0,0,0,0,0
"YO15 2",4556,4442,0,1,0,0,0,0,0,1,0,1,1,0,85,0,1,60,2,0,0,19,1,0,0,0,1,0,1,0,0,0,0,0,0,0,0,0,0,0,0,0,0,6,2,1,1,0,0,1,0,0,0,0,0,0,0,0,0,0,0,0,0,0,0,0,11,2,0,7,0,0,0,1,0,1,0,0,0,0,0,0,3,0,0,0,0,0,0,0,2,0,0,1,0,0,0,0,0,0,2,2,0,0
"YO15 3",5494,5382,0,1,0,0,0,0,0,1,0,1,4,4,50,2,5,36,0,1,1,1,4,0,0,0,0,0,0,0,0,0,0,0,0,0,0,0,0,0,0,0,0,5,7,0,1,0,0,1,0,0,8,0,0,3,0,2,0,0,0,0,3,0,0,0,24,0,0,9,0,0,0,2,0,13,0,0,0,0,0,0,3,0,0,0,0,0,0,0,0,0,0,3,0,0,0,0,1,1,3,2,0,1
"YO16 4",9131,9020,0,0,0,0,0,0,0,0,0,4,4,4,43,1,1,28,0,0,0,4,2,3,1,2,1,0,0,0,0,0,0,0,2,0,2,0,0,0,0,0,0,1,4,2,0,0,0,0,0,0,10,1,0,0,0,0,0,0,0,1,6,0,2,0,22,1,1,12,0,0,0,2,0,6,0,0,0,0,0,0,8,0,0,0,0,0,0,0,5,0,0,0,0,0,0,3,1,1,6,3,0,3
"YO16 6",7376,7323,0,0,0,0,0,0,0,0,0,0,0,0,28,4,3,17,0,0,0,1,0,0,0,0,3,0,0,0,0,0,0,0,0,0,0,0,0,0,0,0,0,7,2,0,2,0,0,0,1,1,6,1,0,4,0,0,0,0,0,0,0,0,0,1,6,0,2,3,0,0,0,0,1,0,0,0,0,0,0,0,1,0,0,0,0,0,0,0,0,0,0,0,0,0,0,1,0,0,1,1,0,0
"YO16 7",8171,8086,0,0,0,0,0,0,0,0,0,1,1,0,51,1,3,32,0,0,2,4,7,0,1,0,1,0,0,0,0,0,0,0,0,0,0,0,0,0,0,0,0,4,3,1,0,0,0,0,0,0,16,0,0,1,0,5,2,0,0,2,0,0,6,0,5,0,0,3,0,0,0,1,0,1,0,0,0,0,0,0,0,0,0,0,0,0,0,0,0,0,0,0,0,0,0,0,0,0,3,3,0,0
"YO17 6",2689,2643,0,0,0,0,0,0,0,0,0,1,2,1,22,1,2,3,1,1,0,0,3,11,0,0,0,0,0,0,0,0,0,0,1,0,0,0,0,1,0,0,0,0,0,0,0,0,0,0,0,0,6,0,0,0,0,0,0,0,0,0,0,0,6,0,11,0,0,5,1,0,0,1,0,4,0,0,0,0,0,0,2,0,1,0,0,0,0,0,1,0,0,0,0,0,0,0,0,0,0,0,0,0
"YO17 7",4741,4616,1,0,0,0,0,0,0,0,0,3,5,0,67,6,2,36,7,0,0,5,4,4,0,0,0,3,0,0,0,0,0,0,0,0,0,0,0,0,0,0,0,5,4,1,2,0,0,0,0,2,5,0,0,0,0,0,0,0,4,0,0,0,1,0,25,0,4,5,1,0,0,3,0,12,0,0,0,0,0,0,6,0,0,0,0,0,0,0,2,0,0,0,0,1,0,3,1,1,0,0,0,0
"YO17 8",5552,5491,1,0,0,0,0,0,0,0,0,3,5,2,36,1,1,22,7,4,1,0,0,0,0,0,0,0,0,0,0,0,0,0,0,0,0,0,0,0,0,0,0,0,0,0,2,0,1,1,0,0,1,0,0,0,0,0,0,0,0,0,0,0,1,0,6,0,0,0,0,0,0,5,0,1,0,0,0,0,0,0,2,0,0,0,0,0,0,0,0,0,0,0,2,0,0,0,2,2,1,1,0,0
"YO17 9",7520,7369,1,1,0,0,0,0,0,1,0,4,12,2,81,7,1,37,17,6,1,1,0,3,0,0,3,1,2,1,0,0,1,0,1,0,0,0,0,1,0,0,0,2,3,3,2,0,0,0,2,0,10,0,0,0,0,0,0,0,2,2,2,0,4,0,25,0,1,11,0,0,0,6,0,7,0,0,0,0,0,0,0,0,0,0,0,0,0,0,0,0,0,0,0,0,0,0,0,0,4,4,0,0
"YO18 7",5339,5298,0,1,0,0,0,0,0,1,0,5,2,1,17,1,4,5,0,0,3,0,0,0,0,1,0,3,0,0,0,0,0,0,0,0,0,0,0,0,0,0,0,1,4,0,1,0,0,1,0,0,0,0,0,0,0,0,0,0,0,0,0,0,0,0,5,0,3,1,0,0,0,0,0,1,0,0,0,0,0,0,0,0,0,0,0,0,0,0,0,0,0,0,0,0,0,0,0,0,4,2,0,2
"YO18 8",5177,5146,0,1,0,0,0,0,0,1,0,3,2,2,11,2,0,5,1,0,0,0,0,2,0,0,0,0,0,0,0,0,0,1,1,0,0,0,0,1,0,0,0,0,1,0,0,0,0,0,0,0,3,0,0,0,0,0,0,0,0,1,2,0,0,0,6,1,1,3,0,0,0,1,0,0,0,0,0,0,0,0,0,0,0,0,0,0,0,0,0,0,0,0,0,0,0,0,0,0,1,1,0,0
"YO19 4",1416,1356,0,0,0,0,0,0,0,0,0,2,0,0,9,0,0,1,0,0,0,3,0,1,0,1,2,1,0,0,0,0,0,0,1,0,0,0,1,0,0,0,0,0,0,0,0,0,0,0,0,0,17,0,2,0,0,2,0,0,0,12,0,0,1,0,28,0,0,7,1,1,0,1,18,0,0,0,0,0,0,0,0,0,0,0,0,0,0,0,0,0,0,0,0,0,0,0,0,0,3,3,0,0
"YO19 5",4305,4244,2,0,0,0,0,0,0,0,0,4,0,2,23,2,5,5,0,1,4,0,0,3,1,1,0,1,0,0,0,0,0,0,2,0,0,0,0,2,0,0,0,2,0,6,2,0,2,0,0,0,5,0,0,1,0,2,0,0,0,0,1,1,0,0,8,0,0,1,0,0,0,3,0,4,0,0,0,0,0,0,0,0,0,0,0,0,0,0,0,0,0,0,0,0,0,0,0,0,5,3,1,1
"YO19 6",6825,6745,1,0,0,0,0,0,0,0,0,5,1,15,28,2,3,15,0,0,0,3,1,0,0,0,1,0,3,0,0,0,0,0,0,0,0,0,0,0,0,0,0,1,0,0,1,0,0,0,0,1,5,2,0,1,0,0,0,0,0,0,2,0,0,0,16,1,2,2,1,0,0,4,0,5,1,0,0,0,0,0,2,0,0,0,0,0,0,0,1,0,0,0,0,0,0,1,0,0,5,2,1,2
"YO21 1",5787,5729,1,0,0,0,0,0,0,0,0,3,0,4,20,0,1,12,0,1,0,2,3,0,0,0,1,0,0,0,0,0,0,0,4,0,0,0,0,4,0,0,0,0,0,0,0,0,0,0,0,0,6,0,1,0,0,5,0,0,0,0,0,0,0,0,16,0,0,4,0,0,0,8,2,0,2,0,0,0,0,0,4,0,0,0,0,0,0,0,0,0,0,0,3,0,1,0,0,0,0,0,0,0
"YO21 2",3013,2970,0,0,0,0,0,0,0,0,0,3,1,1,26,0,12,1,0,0,1,0,2,1,0,0,6,0,2,1,0,0,0,0,0,0,0,0,0,0,0,0,0,2,0,0,0,0,0,0,0,0,0,0,0,0,0,0,0,0,0,0,0,0,0,0,10,0,0,1,3,6,0,0,0,0,0,0,0,0,0,0,0,0,0,0,0,0,0,0,0,0,0,0,0,0,0,0,0,0,0,0,0,0
"YO21 3",4985,4919,1,0,0,0,0,0,0,0,0,2,0,5,30,1,2,11,2,0,2,4,3,2,1,0,1,0,0,0,1,0,0,0,3,0,0,0,0,3,0,0,0,7,6,0,0,0,0,0,0,0,1,1,0,0,0,0,0,0,0,0,0,0,0,0,11,1,0,3,0,0,0,5,1,1,0,0,0,0,0,0,0,0,0,0,0,0,0,0,0,0,0,0,0,0,0,0,0,0,0,0,0,0
"YO22 4",5700,5624,0,0,0,0,0,0,0,0,0,0,0,0,31,2,7,12,1,1,0,1,1,0,0,0,4,2,0,0,0,0,0,0,2,0,0,1,0,1,0,0,0,4,1,2,1,0,0,0,0,1,6,1,0,0,0,2,0,0,0,0,0,0,3,0,24,0,18,5,0,0,0,1,0,0,0,0,0,0,0,0,0,0,0,0,0,0,0,0,0,0,0,0,0,0,0,0,1,1,4,0,0,4
"YO22 5",2822,2800,0,0,0,0,0,0,0,0,0,3,0,0,3,0,0,0,0,0,0,0,0,0,3,0,0,0,0,0,0,0,0,0,0,0,0,0,0,0,0,0,0,1,0,7,0,0,0,0,0,0,0,0,0,0,0,0,0,0,0,0,0,0,0,0,7,0,3,2,0,0,0,1,0,1,0,0,0,0,0,0,0,0,0,0,0,0,0,0,0,0,0,0,0,0,0,0,0,0,1,0,0,1
"YO23 1",7925,7499,1,0,0,0,0,0,0,0,0,18,8,23,236,20,27,101,8,1,7,4,5,20,5,16,9,3,6,1,0,0,0,3,7,1,2,0,0,4,0,0,0,11,7,8,9,4,0,0,0,5,20,6,3,1,0,4,0,0,2,0,0,2,0,2,54,1,0,24,4,14,1,5,1,2,2,0,0,0,0,0,20,0,0,0,0,0,10,1,0,0,0,0,4,0,0,5,0,0,4,1,1,2
"YO23 2",3803,3765,0,0,0,0,0,0,0,0,0,3,0,0,17,3,2,6,0,0,3,1,0,0,0,0,0,1,1,0,0,0,0,0,0,0,0,0,0,0,0,0,0,0,0,1,1,1,0,0,0,0,4,0,0,1,0,3,0,0,0,0,0,0,0,0,11,0,0,1,1,0,0,1,1,7,0,0,0,0,0,0,0,0,0,0,0,0,0,0,0,0,0,0,0,0,0,0,1,1,0,0,0,0
"YO23 3",5904,5837,3,1,0,0,0,0,0,1,0,5,1,5,31,1,7,9,2,4,0,0,0,0,0,2,2,2,1,1,0,0,0,0,1,0,0,0,1,0,0,0,0,1,1,3,1,0,0,1,0,0,0,0,0,0,0,0,0,0,0,0,0,0,0,0,13,1,0,4,3,0,0,2,1,0,2,0,0,0,0,0,1,0,0,0,0,0,0,0,0,0,0,1,0,0,0,0,0,0,0,0,0,0
"YO23 7",1064,1056,0,0,0,0,0,0,0,0,0,0,0,0,7,2,0,5,0,0,0,0,0,0,0,0,0,0,0,0,0,0,0,0,0,0,0,0,0,0,0,0,0,1,0,0,0,0,0,0,0,0,0,0,0,0,0,0,0,0,0,0,0,0,0,0,0,0,0,0,0,0,0,0,0,0,0,0,0,0,0,0,0,0,0,0,0,0,0,0,0,0,0,0,0,0,0,0,0,0,0,0,0,0
"YO24 1",5364,5185,0,1,0,0,0,1,0,0,0,12,2,9,56,5,5,21,6,2,1,7,0,1,0,3,2,3,0,0,0,0,0,0,4,0,0,0,0,4,0,0,0,1,2,4,1,0,0,0,1,0,7,0,0,0,0,1,0,0,0,0,2,2,2,0,78,0,18,45,3,2,1,3,2,4,0,0,0,0,0,0,1,0,0,0,0,0,0,1,0,0,0,0,0,0,0,0,1,1,0,0,0,0
"YO24 2",7274,7137,0,2,0,0,0,0,0,2,0,2,1,4,57,4,3,34,4,4,3,0,0,0,1,1,3,0,0,0,0,0,0,0,1,0,0,0,0,1,0,0,0,1,8,1,4,0,0,4,0,0,10,0,0,0,0,7,1,0,1,0,0,0,0,1,36,1,3,27,1,0,0,2,0,0,2,0,0,0,0,0,6,0,0,0,0,0,0,0,3,0,0,0,1,0,2,0,1,1,3,2,1,0
"YO24 3",8304,8112,0,2,0,1,0,0,0,1,0,9,7,2,86,3,8,43,4,1,11,0,0,7,5,1,3,0,0,0,0,0,0,0,1,1,0,0,0,0,0,0,0,7,10,3,2,0,1,0,0,1,10,3,0,0,0,4,0,0,1,0,0,0,2,0,48,3,12,11,1,3,0,3,0,15,0,0,0,0,0,0,4,0,0,0,0,0,0,1,0,0,0,0,0,0,0,3,1,1,0,0,0,0
"YO24 4",7574,7294,0,2,1,0,0,0,0,1,0,12,5,7,134,3,18,69,7,2,3,3,2,13,2,2,2,3,2,1,0,0,1,1,2,0,0,0,0,2,0,0,0,2,12,3,4,1,0,3,0,0,11,0,0,0,0,1,0,0,2,3,2,0,1,2,72,0,3,39,6,7,0,8,0,9,0,0,0,0,0,0,12,0,0,0,0,0,0,0,3,0,0,2,1,0,1,5,1,1,1,1,0,0
"YO25 3",2368,2359,0,0,0,0,0,0,0,0,0,2,0,1,3,0,0,2,0,0,0,0,0,0,0,0,1,0,0,0,0,0,0,0,0,0,0,0,0,0,0,0,0,0,0,0,0,0,0,0,0,0,0,0,0,0,0,0,0,0,0,0,0,0,0,0,2,0,0,0,0,2,0,0,0,0,0,0,0,0,0,0,0,0,0,0,0,0,0,0,0,0,0,0,0,0,0,0,0,0,1,0,1,0
"YO25 4",4624,4587,0,0,0,0,0,0,0,0,0,0,2,0,27,2,4,14,0,1,0,0,1,0,0,3,2,0,0,0,0,0,0,0,1,0,0,0,0,1,0,0,0,1,1,0,0,0,0,0,0,0,0,0,0,0,0,0,0,0,0,0,0,0,0,0,3,0,0,1,1,0,0,1,0,0,0,0,0,0,0,0,0,0,0,0,0,0,0,0,0,0,0,0,0,0,0,0,0,0,2,1,0,1
"YO25 5",6807,6766,0,0,0,0,0,0,0,0,0,3,0,1,19,1,2,12,0,0,1,1,1,0,1,0,0,0,0,0,0,0,0,0,0,0,0,0,0,0,0,0,0,1,0,0,0,0,0,0,0,0,0,0,0,0,0,0,0,0,0,0,0,0,0,0,14,0,0,7,0,0,0,3,0,4,0,0,0,0,0,0,0,0,0,0,0,0,0,0,0,0,0,0,0,0,0,0,0,0,3,1,0,2
"YO25 6",5867,5766,4,0,0,0,0,0,0,0,0,0,0,0,66,4,7,44,0,0,0,2,5,0,0,3,1,0,0,0,0,0,0,0,1,0,0,1,0,0,0,0,0,1,3,10,0,0,0,0,0,0,5,0,2,2,0,1,0,0,0,0,0,0,0,0,9,0,0,7,0,0,0,1,0,1,0,0,0,0,0,0,0,0,0,0,0,0,0,0,0,0,0,0,0,0,0,0,1,1,1,0,1,0
"YO25 8",5818,5796,0,0,0,0,0,0,0,0,0,2,0,0,12,1,5,3,0,0,0,0,1,0,0,0,2,0,0,0,0,0,0,0,2,2,0,0,0,0,0,0,0,0,0,0,0,0,0,0,0,0,1,0,0,0,0,0,0,0,0,0,0,0,0,1,3,0,0,2,0,0,0,1,0,0,0,0,0,0,0,0,1,0,1,0,0,0,0,0,0,0,0,0,0,0,0,0,0,0,1,0,1,0
"YO25 9",6932,6874,1,0,0,0,0,0,0,0,0,2,2,3,31,0,10,18,0,0,0,0,0,1,0,0,1,0,1,0,0,0,0,0,0,0,0,0,0,0,0,0,0,0,2,0,5,0,4,1,0,0,3,1,0,0,0,0,0,0,0,0,0,0,2,0,6,0,0,5,0,0,0,1,0,0,0,0,0,0,0,0,0,0,0,0,0,0,0,0,0,0,0,0,0,0,0,0,0,0,3,1,1,1
"YO26 4",5794,5510,0,0,0,0,0,0,0,0,0,4,4,9,162,7,13,93,1,1,4,6,0,14,0,10,7,4,0,1,0,1,0,0,5,0,0,0,0,5,0,0,0,6,15,5,6,0,3,1,2,0,29,0,1,0,0,0,0,2,6,0,14,0,6,0,30,1,1,16,2,3,0,2,0,5,0,0,0,0,0,0,6,0,0,0,0,1,0,0,0,0,0,3,2,0,0,0,1,1,2,1,0,1
"YO26 5",11290,11064,0,0,0,0,0,0,0,0,0,8,2,14,120,12,15,48,5,3,6,4,4,4,7,1,8,0,0,0,0,0,0,3,1,0,0,1,0,0,0,0,0,2,4,7,3,0,1,1,0,1,12,3,1,1,0,1,0,0,0,2,0,2,2,0,36,1,0,15,5,0,0,7,0,8,0,0,0,0,0,0,9,0,0,0,0,0,0,0,0,0,0,6,2,0,0,1,1,1,7,7,0,0
"YO26 6",5262,5193,0,0,0,0,0,0,0,0,0,1,0,7,32,3,3,15,2,0,1,0,0,0,0,1,2,2,2,0,1,0,0,0,0,0,0,0,0,0,0,0,0,0,1,0,1,0,1,0,0,0,3,0,0,0,0,3,0,0,0,0,0,0,0,0,21,1,6,14,0,0,0,0,0,0,0,0,0,0,0,0,3,0,0,0,0,0,0,0,0,0,0,0,3,0,0,0,0,0,0,0,0,0
"YO26 7",2033,2022,0,0,0,0,0,0,0,0,0,1,0,1,5,0,1,1,0,0,0,1,0,0,0,0,2,0,0,0,0,0,0,0,0,0,0,0,0,0,0,0,0,0,0,0,0,0,0,0,0,0,0,0,0,0,0,0,0,0,0,0,0,0,0,0,3,0,0,0,0,1,0,2,0,0,0,0,0,0,0,0,0,0,0,0,0,0,0,0,0,0,0,0,0,0,0,0,1,1,0,0,0,0
"YO26 8",2862,2828,1,0,0,0,0,0,0,0,0,2,4,3,17,1,3,8,0,1,0,0,1,1,0,0,0,1,0,0,0,0,0,1,0,0,0,0,0,0,0,0,0,2,0,0,0,0,0,0,0,0,0,0,0,0,0,0,0,0,0,0,0,0,0,0,3,0,0,3,0,0,0,0,0,0,0,0,0,0,0,0,1,0,0,0,0,0,0,0,0,0,0,0,1,0,0,0,0,0,1,0,0,1
"YO26 9",1852,1555,0,0,0,0,0,0,0,0,0,4,0,0,19,2,5,2,0,0,1,4,0,1,1,0,1,2,0,0,0,0,0,0,14,0,0,13,0,1,0,0,0,64,0,2,12,0,0,4,0,8,4,0,0,0,0,0,0,0,0,0,0,0,4,0,176,4,18,150,0,0,1,3,0,0,0,0,0,0,0,0,1,0,0,0,0,0,0,1,0,0,0,0,0,0,0,0,1,1,0,0,0,0
"YO30 1",2342,2318,1,0,0,0,0,0,0,0,0,1,0,3,12,0,0,4,2,0,0,1,0,0,0,3,1,0,0,0,0,0,1,0,1,1,0,0,0,0,0,0,0,0,1,0,0,0,0,0,0,0,4,0,0,0,0,0,0,0,0,0,4,0,0,0,1,0,0,0,0,0,0,1,0,0,0,0,0,0,0,0,0,0,0,0,0,0,0,0,0,0,0,0,0,0,0,0,0,0,0,0,0,0
"YO30 2",1708,1674,0,1,1,0,0,0,0,0,0,2,0,0,21,0,6,9,0,0,1,2,2,0,0,0,0,0,0,1,0,0,0,0,0,0,0,0,0,0,0,0,0,0,1,0,0,0,0,0,0,0,0,0,0,0,0,0,0,0,0,0,0,0,0,0,1,0,0,0,0,0,0,0,1,0,0,0,0,0,0,0,7,0,0,0,0,0,0,0,0,0,0,6,1,0,0,0,0,0,1,0,0,1
"YO30 4",2703,2589,0,0,0,0,0,0,0,0,0,1,13,2,35,4,4,18,0,0,1,1,3,0,0,1,3,0,0,0,0,0,0,0,0,0,0,0,0,0,0,0,0,0,15,4,0,0,0,0,0,0,19,3,0,2,0,1,1,0,2,0,1,0,3,6,24,1,4,9,1,0,0,0,0,8,1,0,0,0,0,0,0,0,0,0,0,0,0,0,0,0,0,0,0,0,0,0,0,0,1,1,0,0
"YO30 5",7276,7102,0,0,0,0,0,0,0,0,0,7,2,5,70,5,11,35,4,1,0,3,0,2,1,0,5,2,0,1,0,0,0,0,1,0,0,0,0,1,0,0,0,1,16,1,3,0,0,3,0,0,31,1,2,0,0,6,0,1,4,0,11,2,0,4,32,1,2,14,1,1,0,4,0,5,4,0,0,0,0,0,1,0,0,0,0,0,0,0,0,0,0,0,0,0,0,1,3,3,1,1,0,0
"YO30 6",9205,8597,2,1,1,0,0,0,0,0,0,8,7,19,276,3,15,199,11,3,2,7,7,6,9,2,4,3,2,0,0,0,3,0,1,0,0,0,0,1,1,0,1,15,39,19,1,0,0,1,0,0,116,2,0,0,0,37,0,0,3,17,35,10,9,3,84,2,12,31,4,5,0,15,1,14,0,0,0,0,0,0,8,0,0,0,0,0,0,0,1,0,0,0,0,0,1,6,1,1,10,9,1,0
"YO30 7",2344,2110,0,0,0,0,0,0,0,0,0,6,4,5,117,5,7,66,4,1,3,4,6,4,3,6,0,3,2,0,0,0,0,3,0,0,0,0,0,0,0,0,0,7,0,3,0,0,0,0,0,0,29,1,0,0,0,0,0,0,5,4,0,17,2,0,59,1,18,37,0,0,0,0,0,2,1,0,0,0,0,0,4,0,0,0,0,0,0,0,0,0,0,0,0,0,4,0,0,0,0,0,0,0
"YO31 0",6398,6052,1,0,0,0,0,0,0,0,0,12,6,9,142,9,14,56,6,1,5,8,7,13,1,10,1,9,0,1,0,0,1,0,11,1,1,2,0,7,0,0,0,5,20,9,5,0,1,0,2,2,72,6,0,1,0,9,5,2,0,1,5,2,41,0,48,4,4,27,3,1,0,6,1,2,0,0,0,0,0,0,6,0,0,0,0,5,0,0,0,0,0,0,0,0,0,1,0,0,0,0,0,0
"YO31 1",4521,4374,1,2,0,0,0,0,0,2,0,3,0,6,62,4,7,17,2,0,0,9,3,6,7,5,0,1,1,0,0,0,0,0,2,0,0,0,0,2,0,0,0,0,3,1,1,0,0,1,0,0,16,2,1,2,0,0,1,0,4,0,0,4,1,1,47,0,0,31,0,8,0,7,0,1,0,0,0,0,0,0,2,0,0,2,0,0,0,0,0,0,0,0,0,0,0,0,0,0,1,1,0,0
"YO31 7",5149,4620,1,1,0,0,0,1,0,0,0,12,9,13,213,30,25,94,5,0,5,5,19,8,1,7,10,1,1,2,0,0,0,0,10,2,0,0,0,8,0,0,0,18,25,34,9,0,2,3,2,2,95,4,21,0,0,12,0,4,2,18,6,12,6,10,80,7,8,36,8,3,1,13,0,2,2,0,0,0,0,0,7,0,0,0,0,0,0,0,0,0,0,6,0,0,0,1,1,1,1,1,0,0
"YO31 8",6908,6310,2,0,0,0,0,0,0,0,0,11,10,20,248,23,20,134,12,2,4,9,4,6,7,10,4,6,1,0,2,0,2,2,10,0,3,0,0,7,0,0,0,11,31,8,8,0,4,2,0,2,107,16,9,0,0,17,1,0,8,11,14,11,9,11,111,11,2,49,4,3,0,2,6,33,1,0,0,0,0,0,14,0,0,0,0,1,1,1,4,0,0,4,2,1,0,0,6,6,1,0,1,0
"YO31 9",6367,6137,2,1,1,0,0,0,0,0,0,8,3,5,102,6,1,62,1,0,11,6,1,2,6,4,0,0,1,1,0,0,0,0,1,0,0,0,0,1,0,0,0,1,5,6,1,0,1,0,0,0,47,2,1,5,0,8,1,2,3,2,9,8,4,2,32,2,6,15,2,0,1,3,0,2,1,0,0,0,0,0,11,0,1,0,0,0,0,1,0,0,0,6,1,0,0,2,1,1,4,3,0,1
"YO32 2",5062,5015,0,0,0,0,0,0,0,0,0,1,0,0,19,3,5,2,0,0,2,0,1,0,1,2,2,0,1,0,0,0,0,0,3,0,0,0,0,3,0,0,0,1,2,1,0,0,0,0,0,0,1,0,1,0,0,0,0,0,0,0,0,0,0,0,15,0,1,3,5,2,0,0,0,4,0,0,0,0,0,0,0,0,0,0,0,0,0,0,0,0,0,0,0,0,0,0,1,1,3,2,0,1
"YO32 3",6653,6566,1,0,0,0,0,0,0,0,0,6,0,7,36,2,7,7,0,0,1,0,0,1,4,4,5,4,0,0,0,0,1,0,0,0,0,0,0,0,0,0,0,3,1,0,3,0,1,2,0,0,12,0,0,0,0,0,0,0,0,2,10,0,0,0,11,1,0,5,2,1,0,0,0,2,0,0,0,0,0,0,3,0,0,0,0,0,2,0,0,0,0,0,1,0,0,0,0,0,4,2,1,1
"YO32 4",2663,2629,0,0,0,0,0,0,0,0,0,0,0,3,18,0,0,9,0,0,0,0,0,3,3,0,0,1,1,1,0,0,0,0,0,0,0,0,0,0,0,0,0,1,0,1,1,0,1,0,0,0,4,0,0,2,0,2,0,0,0,0,0,0,0,0,5,0,0,5,0,0,0,0,0,0,0,0,0,0,0,0,0,0,0,0,0,0,0,0,0,0,0,0,0,0,0,0,0,0,1,1,0,0
"YO32 5",5818,5720,2,0,0,0,0,0,0,0,0,8,1,5,24,2,4,11,1,0,2,1,1,0,0,0,2,0,0,0,0,0,0,0,0,0,0,0,0,0,0,0,0,6,6,0,2,0,0,1,1,0,33,0,0,0,0,1,0,0,0,0,0,0,32,0,5,1,2,1,0,0,0,1,0,0,0,0,0,0,0,0,6,0,0,0,0,0,2,1,1,0,0,0,0,0,2,0,0,0,0,0,0,0
"YO32 9",7285,7195,1,0,0,0,0,0,0,0,0,4,5,5,36,3,4,11,0,2,0,0,0,2,1,2,8,2,0,0,0,0,1,0,1,1,0,0,0,0,0,0,0,9,5,1,0,0,0,0,0,0,7,0,0,0,0,6,1,0,0,0,0,0,0,0,11,1,4,3,1,0,0,2,0,0,0,0,0,0,0,0,0,0,0,0,0,0,0,0,0,0,0,0,0,0,0,0,0,0,5,2,0,3
"YO41 1",5857,5750,1,0,0,0,0,0,0,0,0,3,6,7,32,2,1,18,2,1,1,1,1,2,0,1,2,0,0,0,0,0,0,0,0,0,0,0,0,0,0,0,0,7,0,7,4,0,2,0,2,0,12,9,0,2,0,0,1,0,0,0,0,0,0,0,24,5,0,0,2,0,1,2,0,13,1,0,0,0,0,0,1,0,0,0,0,0,0,0,0,0,0,1,0,0,0,0,1,1,2,2,0,0
"YO41 4",2086,2066,0,0,0,0,0,0,0,0,0,1,0,1,6,0,0,3,0,0,0,0,2,0,0,0,0,0,1,0,0,0,0,0,0,0,0,0,0,0,0,0,0,1,0,0,0,0,0,0,0,0,4,0,4,0,0,0,0,0,0,0,0,0,0,0,3,2,0,0,0,0,0,1,0,0,0,0,0,0,0,0,2,0,0,0,0,0,0,0,0,0,0,0,2,0,0,0,0,0,2,2,0,0
"YO41 5",2617,2599,0,0,0,0,0,0,0,0,0,0,0,1,15,3,7,1,0,0,0,1,0,0,0,1,0,0,1,0,0,0,1,0,0,0,0,0,0,0,0,0,0,0,1,0,0,0,0,0,0,0,0,0,0,0,0,0,0,0,0,0,0,0,0,0,1,0,0,1,0,0,0,0,0,0,0,0,0,0,0,0,0,0,0,0,0,0,0,0,0,0,0,0,0,0,0,0,0,0,0,0,0,0
"YO42 1",2040,2015,0,0,0,0,0,0,0,0,0,2,2,2,15,0,3,7,0,0,0,0,0,1,0,0,1,0,1,2,0,0,0,0,0,0,0,0,0,0,0,0,0,0,0,1,0,0,0,0,0,0,3,0,0,0,0,0,0,0,0,3,0,0,0,0,0,0,0,0,0,0,0,0,0,0,0,0,0,0,0,0,0,0,0,0,0,0,0,0,0,0,0,0,0,0,0,0,0,0,0,0,0,0
"YO42 2",8067,7919,0,0,0,0,0,0,0,0,0,9,2,1,81,6,9,28,0,1,5,9,11,3,0,0,5,0,2,1,0,0,0,1,0,0,0,0,0,0,0,0,0,6,2,2,0,0,0,0,0,0,6,0,0,0,0,4,0,0,0,0,0,0,2,0,34,0,11,22,0,0,0,0,0,0,1,0,0,0,0,0,2,0,0,0,0,0,0,0,1,0,0,0,0,0,1,0,1,1,2,1,0,1
"YO42 4",4009,3953,1,0,0,0,0,0,0,0,0,2,1,1,40,2,0,17,0,0,2,8,8,0,0,0,2,0,1,0,0,0,0,0,1,0,0,0,0,1,0,0,0,0,0,0,0,0,0,0,0,0,3,0,0,1,0,1,0,0,0,1,0,0,0,0,2,0,0,0,0,0,0,2,0,0,0,0,0,0,0,0,1,0,0,0,0,0,0,0,0,0,0,0,0,0,1,0,0,0,4,3,1,0
"YO43 3",7098,7016,1,0,0,0,0,0,0,0,0,4,0,2,48,0,1,34,0,1,0,2,4,3,1,0,1,0,0,1,0,0,0,0,0,0,0,0,0,0,0,0,0,1,6,1,0,0,0,0,0,0,4,0,0,0,0,0,0,0,3,1,0,0,0,0,12,0,4,3,0,0,0,3,0,2,0,0,0,0,0,0,0,0,0,0,0,0,0,0,0,0,0,0,0,0,0,0,1,1,2,1,1,0
"YO43 4",4768,4743,0,1,0,0,0,1,0,0,0,2,0,0,16,0,1,8,0,0,0,0,4,0,0,0,1,1,1,0,0,0,0,0,0,0,0,0,0,0,0,0,0,0,1,0,0,0,0,0,0,0,0,0,0,0,0,0,0,0,0,0,0,0,0,0,2,0,0,0,0,0,0,2,0,0,0,0,0,0,0,0,1,0,0,0,0,0,0,0,0,0,0,0,0,0,0,1,1,1,1,0,0,1
"YO51 9",5388,5259,1,0,0,0,0,0,0,0,0,4,1,1,105,2,2,88,2,4,1,4,0,0,0,1,0,0,1,0,0,0,0,0,0,0,0,0,0,0,0,0,0,1,0,0,1,0,0,1,0,0,0,0,0,0,0,0,0,0,0,0,0,0,0,0,8,0,0,3,0,0,0,2,0,2,1,0,0,0,0,0,3,0,0,0,0,0,0,0,0,0,0,1,0,0,2,0,2,2,2,2,0,0
"YO60 6",1600,1593,0,0,0,0,0,0,0,0,0,0,0,3,1,0,0,1,0,0,0,0,0,0,0,0,0,0,0,0,0,0,0,0,1,1,0,0,0,0,0,0,0,0,1,0,0,0,0,0,0,0,1,0,0,0,0,0,0,0,0,0,0,0,0,1,0,0,0,0,0,0,0,0,0,0,0,0,0,0,0,0,0,0,0,0,0,0,0,0,0,0,0,0,0,0,0,0,0,0,0,0,0,0
"YO60 7",3042,3014,0,0,0,0,0,0,0,0,0,3,0,0,14,0,1,5,1,0,2,0,1,0,0,3,1,0,0,0,0,0,0,0,0,0,0,0,0,0,0,0,0,0,0,2,0,0,0,0,0,0,5,0,0,0,0,0,0,0,0,0,0,0,5,0,4,0,1,3,0,0,0,0,0,0,0,0,0,0,0,0,0,0,0,0,0,0,0,0,0,0,0,0,0,0,0,0,0,0,0,0,0,0
"YO61 1",5086,5050,2,0,0,0,0,0,0,0,0,2,1,1,19,1,2,12,0,1,0,0,1,1,0,0,0,1,0,0,0,0,0,0,0,0,0,0,0,0,0,0,0,1,0,2,0,0,0,0,0,0,3,0,2,0,0,1,0,0,0,0,0,0,0,0,1,0,0,1,0,0,0,0,0,0,0,0,0,0,0,0,2,0,0,0,0,0,0,0,0,0,0,2,0,0,0,0,1,1,1,0,0,1
"YO61 2",1192,1174,1,0,0,0,0,0,0,0,0,0,0,0,9,0,0,6,0,1,0,0,1,0,0,0,1,0,0,0,0,0,0,0,0,0,0,0,0,0,0,0,0,4,0,0,0,0,0,0,0,0,0,0,0,0,0,0,0,0,0,0,0,0,0,0,1,0,0,0,0,0,0,0,0,1,0,0,0,0,0,0,3,0,0,0,0,0,0,0,0,0,0,0,2,0,1,0,0,0,0,0,0,0
"YO61 3",5153,5090,0,0,0,0,0,0,0,0,0,7,0,0,35,1,2,27,0,0,0,4,0,0,0,0,1,0,0,0,0,0,0,0,0,0,0,0,0,0,0,0,0,0,1,2,0,0,0,0,0,0,3,0,0,0,0,0,0,0,0,0,3,0,0,0,11,0,3,2,1,0,0,0,0,5,0,0,0,0,0,0,0,0,0,0,0,0,0,0,0,0,0,0,0,0,0,0,0,0,4,2,0,2
"YO61 4",2213,2188,0,0,0,0,0,0,0,0,0,2,1,1,11,0,1,4,0,0,0,0,0,2,0,0,3,1,0,0,0,0,0,0,0,0,0,0,0,0,0,0,0,0,0,0,0,0,0,0,0,0,0,0,0,0,0,0,0,0,0,0,0,0,0,0,5,0,0,0,0,0,0,4,0,1,0,3,0,0,0,0,2,0,0,0,0,0,0,0,0,0,0,0,1,0,0,1,0,0,0,0,0,0
"YO62 4",2899,2741,0,0,0,0,0,0,0,0,0,33,2,45,52,2,17,27,3,0,0,0,0,0,0,0,1,2,0,0,0,0,0,0,0,0,0,0,0,0,0,0,0,1,0,0,1,0,0,0,0,1,0,0,0,0,0,0,0,0,0,0,0,0,0,0,24,0,2,10,5,0,0,6,1,0,0,0,0,0,0,0,0,0,0,0,0,0,0,0,0,0,0,0,0,0,0,0,0,0,0,0,0,0
"YO62 5",2738,2686,0,0,0,0,0,0,0,0,0,2,0,0,40,3,1,31,0,0,1,0,1,0,0,1,1,1,0,0,0,0,0,0,0,0,0,0,0,0,0,0,0,0,0,1,0,0,0,0,0,0,4,0,0,0,0,0,0,0,0,0,0,0,4,0,1,0,0,0,0,0,0,1,0,0,0,0,0,0,0,0,4,0,0,0,0,0,0,0,4,0,0,0,0,0,0,0,0,0,0,0,0,0
"YO62 6",4330,4271,0,0,0,0,0,0,0,0,0,1,0,3,33,1,5,15,0,3,1,0,2,0,0,0,1,4,1,0,0,0,0,0,0,0,0,0,0,0,0,0,0,9,2,0,0,0,0,0,0,0,0,0,0,0,0,0,0,0,0,0,0,0,0,0,5,0,1,0,0,0,1,2,0,1,0,0,0,0,0,0,5,5,0,0,0,0,0,0,0,0,0,0,0,0,0,0,0,0,1,1,0,0
"YO62 7",1818,1803,0,0,0,0,0,0,0,0,0,0,0,0,10,1,2,6,1,0,0,0,0,0,0,0,0,0,0,0,0,0,0,0,0,0,0,0,0,0,0,0,0,5,0,0,0,0,0,0,0,0,0,0,0,0,0,0,0,0,0,0,0,0,0,0,0,0,0,0,0,0,0,0,0,0,0,0,0,0,0,0,0,0,0,0,0,0,0,0,0,0,0,0,0,0,0,0,0,0,0,0,0,0
"YO7  1",8951,8689,0,0,0,0,0,0,0,0,0,9,2,1,173,1,7,121,5,5,5,2,20,2,0,0,0,1,2,1,0,0,1,0,3,0,0,2,0,1,0,0,0,29,2,3,0,0,0,0,0,0,14,10,0,0,0,2,0,0,2,0,0,0,0,0,21,0,2,8,2,0,0,2,1,6,0,1,0,0,0,0,3,0,0,0,0,0,0,0,0,0,0,2,1,0,0,0,0,0,1,0,0,1
"YO7  2",2614,2585,2,0,0,0,0,0,0,0,0,2,0,0,16,0,1,11,0,0,0,0,0,1,3,0,0,0,0,0,0,0,0,0,0,0,0,0,0,0,0,0,0,1,0,0,0,0,0,0,0,0,3,3,0,0,0,0,0,0,0,0,0,0,0,0,0,0,0,0,0,0,0,0,0,0,0,0,0,0,0,0,4,0,0,0,0,0,0,0,0,0,0,1,3,0,0,0,0,0,1,0,0,1
"YO7  3",4371,4289,1,0,0,0,0,0,0,0,0,5,2,1,41,0,4,20,2,1,7,3,2,0,0,0,2,0,0,0,0,0,0,0,1,0,0,0,0,1,0,0,0,4,1,4,0,0,0,0,0,0,10,1,0,0,0,0,0,0,0,0,8,0,1,0,2,0,0,1,0,0,0,1,0,0,0,7,0,0,0,0,3,0,0,0,0,0,2,0,0,0,0,0,1,0,0,0,0,0,0,0,0,0
"YO7  4",3391,3350,0,0,0,0,0,0,0,0,0,0,0,2,30,0,4,12,6,2,0,0,3,1,0,0,0,0,1,1,0,0,0,0,0,0,0,0,0,0,0,0,0,0,4,0,0,0,0,0,0,0,0,0,0,0,0,0,0,0,0,0,0,0,0,0,3,0,0,0,0,0,0,3,0,0,0,0,0,0,0,0,2,0,0,0,0,0,0,0,0,0,0,0,0,0,0,2,0,0,0,0,0,0
"YO8  3",4293,4129,0,0,0,0,0,0,0,0,0,2,0,2,129,0,3,113,6,1,1,2,1,0,0,0,0,1,1,0,0,0,0,0,1,0,0,1,0,0,0,0,0,6,0,1,1,0,0,0,0,1,0,0,0,0,0,0,0,0,0,0,0,0,0,0,19,1,4,1,1,0,0,3,0,9,0,0,0,0,0,0,2,0,0,0,0,0,0,0,1,0,0,0,0,0,0,1,0,0,1,1,0,0
"YO8  4",6693,6168,0,0,0,0,0,0,0,0,0,2,12,2,449,0,7,399,7,0,4,6,10,1,8,2,2,1,1,0,0,0,0,1,6,0,0,6,0,0,0,0,0,16,1,0,1,0,1,0,0,0,4,0,0,1,0,0,0,0,0,0,3,0,0,0,26,3,11,11,0,0,0,0,0,1,0,3,0,0,0,0,0,0,0,0,0,0,0,0,0,0,0,0,0,0,0,0,0,0,3,3,0,0
"YO8  5",6292,6179,0,1,0,0,0,0,0,1,0,5,0,3,80,6,3,53,5,0,7,0,1,0,0,0,1,1,0,3,0,0,0,0,5,1,3,1,0,0,0,0,0,4,2,0,0,0,0,0,0,0,7,0,0,2,0,1,0,0,0,2,0,0,0,2,5,0,0,2,1,0,0,1,1,0,0,0,0,0,0,0,1,0,0,0,0,0,0,0,0,0,0,0,1,0,0,0,0,0,0,0,0,0
"YO8  6",4947,4917,0,0,0,0,0,0,0,0,0,2,1,0,21,1,2,5,0,1,0,1,6,0,2,0,3,0,0,0,0,0,0,0,1,0,0,0,0,1,0,0,0,0,0,0,0,0,0,0,0,0,0,0,0,0,0,0,0,0,0,0,0,0,0,0,2,0,0,1,0,0,0,0,0,1,0,0,0,0,0,0,1,0,0,0,0,0,0,0,0,0,0,1,0,0,0,0,0,0,2,0,0,2
"YO8  8",8072,7779,0,0,0,0,0,0,0,0,0,5,1,2,236,4,8,179,15,3,1,2,5,5,5,0,0,5,3,1,0,0,0,0,0,0,0,0,0,0,0,0,0,8,4,0,1,0,1,0,0,0,6,0,0,0,0,0,0,0,0,0,6,0,0,0,24,2,13,4,0,0,0,1,1,3,0,0,0,0,0,0,0,0,0,0,0,0,0,0,0,0,0,0,0,0,0,0,2,2,4,4,0,0
"YO8  9",11896,11760,1,1,0,0,0,0,0,1,0,5,1,1,101,3,9,71,2,5,1,3,2,1,1,0,3,0,0,0,0,0,0,0,2,1,1,0,0,0,0,0,0,5,2,1,2,0,2,0,0,0,3,0,2,1,0,0,0,0,0,0,0,0,0,0,11,0,2,7,0,0,0,1,0,1,0,0,0,0,0,0,0,0,0,0,0,0,0,0,0,0,0,0,0,0,0,0,0,0,0,0,0,0
"CF10 1",787,548,0,0,0,0,0,0,0,0,0,8,4,6,47,12,9,3,0,0,3,0,1,0,0,11,4,4,0,0,0,0,0,0,1,0,1,0,0,0,0,0,0,5,0,111,1,0,1,0,0,0,19,0,5,0,0,13,0,0,0,1,0,0,0,0,34,0,5,24,0,0,0,3,1,1,0,0,0,0,0,0,0,0,0,0,0,0,0,0,0,0,0,0,0,0,0,0,3,3,0,0,0,0
"CF10 2",1651,993,0,1,1,0,0,0,0,0,0,9,11,8,73,12,4,12,0,0,2,4,0,3,3,28,2,2,0,0,0,0,0,1,3,0,1,0,2,0,0,0,0,4,2,395,15,0,7,6,2,0,38,8,7,1,0,15,0,0,0,6,0,1,0,0,70,6,6,45,6,0,2,4,0,0,1,0,0,0,0,0,23,0,1,17,0,0,0,2,0,2,0,0,0,1,0,0,6,6,0,0,0,0
"CF10 3",1947,1614,0,0,0,0,0,0,0,0,0,7,4,8,69,5,9,16,10,1,3,3,0,4,1,14,3,0,0,0,0,0,0,0,2,0,1,0,0,1,0,0,0,3,0,34,5,0,2,1,1,1,37,7,9,2,0,3,0,4,0,2,6,0,0,4,160,9,9,122,3,1,0,5,10,0,1,0,0,0,0,0,3,0,0,0,0,0,1,0,0,0,0,0,0,1,0,1,0,0,1,0,1,0
"CF10 4",3898,3361,0,0,0,0,0,0,0,0,0,5,16,17,164,21,16,77,1,6,10,7,0,7,2,8,3,2,1,0,0,0,1,2,3,1,0,0,0,2,0,0,0,26,5,85,18,0,3,13,2,0,56,5,10,7,0,6,5,4,0,8,0,0,3,8,73,9,8,32,8,11,0,5,0,0,0,1,0,0,0,0,67,0,0,52,0,2,1,0,2,0,0,1,5,0,2,2,1,1,0,0,0,0
"CF10 5",5817,4547,0,1,1,0,0,0,0,0,0,18,23,22,156,12,14,61,10,6,14,8,2,14,0,5,6,1,1,0,0,0,1,1,5,1,1,0,1,2,1,1,0,14,2,327,60,0,8,37,15,0,150,12,26,8,0,70,1,1,13,6,3,0,3,7,108,9,3,60,1,3,1,1,5,15,10,1,0,0,0,0,378,0,4,356,0,0,4,1,2,0,1,2,0,2,0,6,3,3,1,0,1,0
"CF11 0",2186,1947,0,0,0,0,0,0,0,0,0,12,18,5,83,1,3,23,7,3,11,3,8,8,3,6,1,3,2,1,0,0,0,0,1,0,1,0,0,0,0,0,0,3,0,13,23,0,4,15,1,3,35,0,15,6,0,5,3,0,2,0,0,0,0,4,36,0,6,18,4,0,0,1,5,1,1,0,0,0,0,0,8,1,0,5,0,0,0,0,0,0,0,0,1,0,0,1,1,1,1,0,0,1
"CF11 6",11573,8182,0,3,1,0,0,0,0,2,0,62,79,29,551,13,13,274,75,70,8,5,5,14,3,35,6,4,1,5,0,14,5,1,12,0,5,1,0,6,3,3,0,14,3,332,227,0,25,53,148,1,1540,235,51,93,0,675,274,4,17,51,56,4,22,58,230,12,17,86,3,0,3,9,87,10,3,0,2,0,0,0,288,4,15,227,0,3,3,3,4,1,4,5,0,0,3,16,13,13,3,2,1,0
"CF11 7",9349,7423,0,0,0,0,0,0,0,0,0,22,35,12,356,29,9,158,37,41,9,18,0,15,0,18,10,2,2,3,0,0,5,0,4,3,0,0,0,1,0,0,0,5,26,264,254,0,35,32,183,4,542,173,11,81,1,180,39,0,2,29,4,2,0,20,107,19,20,43,7,1,0,3,8,4,2,0,0,0,0,0,292,4,19,231,2,4,1,0,3,0,0,9,1,1,11,6,3,3,4,3,0,1
"CF11 8",3728,3311,0,0,0,0,0,0,0,0,0,5,1,6,119,18,1,59,15,14,0,0,0,0,0,4,5,2,0,0,0,0,1,0,0,0,0,0,0,0,0,0,0,2,3,45,20,1,5,8,6,0,148,12,6,7,0,66,52,0,0,3,1,0,0,1,31,2,4,18,1,0,0,6,0,0,0,0,0,0,0,0,33,0,2,29,0,0,1,1,0,0,0,0,0,0,0,0,2,2,2,1,1,0
"CF11 9",7465,6789,0,0,0,0,0,0,0,0,0,44,22,40,184,21,28,54,7,2,7,6,4,3,1,10,14,14,2,1,3,0,4,3,10,0,3,0,0,7,0,0,0,13,9,63,26,1,14,8,2,1,123,26,9,24,0,34,16,2,0,3,4,1,0,4,72,5,5,25,3,0,2,10,16,6,0,0,0,0,0,0,62,0,4,46,0,0,0,0,1,0,1,2,1,0,4,3,2,2,6,5,0,1
"CF14 0",5234,5095,0,0,0,0,0,0,0,0,0,5,8,4,27,8,9,4,1,0,0,0,0,0,0,2,0,1,1,0,0,1,0,0,0,0,0,0,0,0,0,0,0,4,1,21,12,4,2,6,0,0,41,11,4,3,0,6,6,1,2,3,0,2,0,3,12,0,2,5,4,0,0,0,0,1,0,0,0,0,0,0,3,0,0,1,0,1,0,0,0,0,0,0,0,0,0,1,0,0,1,0,0,1
"CF14 1",9896,9648,0,0,0,0,0,0,0,0,0,10,9,13,113,16,10,45,0,4,5,0,0,12,0,13,5,3,0,0,0,0,0,0,3,0,0,2,0,1,0,0,0,7,1,16,5,0,2,3,0,0,31,7,4,2,0,6,4,0,0,2,1,0,0,5,28,0,8,7,2,0,0,2,2,6,1,0,0,0,0,0,4,0,1,1,0,0,0,0,0,0,0,1,1,0,0,0,3,3,5,3,1,1
"CF14 2",10426,10002,0,1,1,0,0,0,0,0,0,13,29,13,85,5,8,38,5,7,3,0,0,6,3,1,5,1,1,1,1,0,0,0,6,2,3,1,0,0,0,0,0,6,4,43,53,0,16,14,20,3,113,3,1,0,0,90,4,2,0,0,6,0,5,2,36,4,4,8,3,2,6,2,1,5,1,0,0,0,0,0,17,0,1,12,0,1,0,1,0,0,0,0,0,0,0,2,1,1,4,2,2,0
"CF14 3",11680,10457,0,3,3,0,0,0,0,0,0,38,11,19,304,31,21,88,15,11,16,9,6,12,19,52,13,5,2,0,1,1,0,2,7,2,2,0,0,3,0,0,0,13,7,93,71,0,14,33,11,13,310,44,60,20,1,70,4,1,3,29,55,0,6,17,295,17,7,124,3,10,2,8,31,92,1,0,0,0,0,0,44,1,6,5,0,1,0,0,1,1,0,0,0,3,3,23,6,6,2,1,0,1
"CF14 4",8868,8396,0,0,0,0,0,0,0,0,0,4,12,13,95,9,12,33,9,6,5,10,0,1,1,5,2,0,0,1,0,0,1,0,3,3,0,0,0,0,0,0,0,10,4,123,16,0,4,7,4,1,120,19,12,7,0,22,12,4,19,10,2,0,2,11,59,0,14,15,16,0,1,1,0,7,5,2,0,0,0,0,8,1,0,5,0,0,0,0,2,0,0,0,0,0,0,0,1,1,2,1,1,0
"CF14 5",9130,8801,0,0,0,0,0,0,0,0,0,5,6,10,120,10,9,70,1,11,6,1,0,4,0,5,2,1,0,0,0,0,0,0,2,2,0,0,0,0,0,0,0,6,6,41,20,1,13,5,0,1,44,11,1,6,0,11,1,0,5,2,5,0,0,2,40,0,3,16,0,7,0,3,0,10,1,0,0,0,0,0,18,0,0,6,0,0,0,0,2,0,2,1,0,3,0,4,5,5,6,5,1,0
"CF14 6",8781,8637,0,0,0,0,0,0,0,0,0,13,4,7,30,3,7,8,1,1,0,0,0,0,0,5,2,1,0,2,0,0,0,0,1,0,0,0,0,1,0,0,0,1,0,16,18,1,0,15,1,1,32,2,6,8,0,9,3,0,1,0,2,0,0,1,16,0,2,6,4,0,0,2,0,2,0,0,0,0,0,0,4,0,0,0,0,1,2,0,0,0,0,0,1,0,0,0,1,1,1,0,0,1
"CF14 7",4478,4378,0,0,0,0,0,0,0,0,0,6,0,4,35,3,8,9,1,6,1,0,0,0,0,1,5,0,0,0,0,0,1,0,0,0,0,0,0,0,0,0,0,3,1,3,4,0,0,3,0,1,11,0,3,0,0,5,0,0,0,3,0,0,0,0,13,0,0,8,0,0,0,5,0,0,0,0,0,0,0,0,17,1,0,4,1,0,4,0,0,0,0,4,0,0,0,3,1,1,2,1,0,1
"CF14 9",6746,6557,0,0,0,0,0,0,0,0,0,6,5,3,56,13,4,24,0,0,2,0,2,2,0,4,1,0,0,0,0,4,0,0,2,0,2,0,0,0,0,0,0,2,1,25,13,0,4,9,0,0,31,9,2,2,0,0,12,0,0,1,1,0,4,0,40,1,7,13,8,6,0,2,0,2,1,0,0,0,0,0,2,0,0,0,0,0,0,0,0,0,0,0,0,0,0,2,1,1,2,1,0,1
"CF15 7",5319,5240,0,0,0,0,0,0,0,0,0,8,1,1,24,0,1,7,9,0,0,0,0,0,0,1,4,1,0,1,0,0,0,0,0,0,0,0,0,0,0,0,0,0,0,1,8,1,7,0,0,0,6,0,0,0,0,0,6,0,0,0,0,0,0,0,24,0,4,6,0,0,8,4,0,1,1,0,0,0,0,0,4,0,0,0,0,0,0,2,0,0,0,0,1,0,1,0,1,1,1,1,0,0
"CF15 8",6172,6010,0,0,0,0,0,0,0,0,0,8,1,2,59,6,2,7,2,1,1,5,0,9,0,10,9,6,0,1,0,0,0,0,1,0,0,0,0,1,0,0,0,1,1,18,4,0,3,1,0,0,36,9,7,0,0,1,4,0,3,8,2,0,0,2,30,0,6,16,0,0,2,5,0,1,0,0,0,0,0,0,0,0,0,0,0,0,0,0,0,0,0,0,0,0,0,0,0,0,1,0,0,1
"CF15 9",5700,5631,0,0,0,0,0,0,0,0,0,3,1,2,27,2,1,6,0,0,2,0,0,5,2,4,3,2,0,0,0,0,0,0,1,0,0,0,0,1,0,0,0,0,0,5,3,0,0,2,0,1,12,0,8,0,0,0,1,0,0,3,0,0,0,0,14,0,4,10,0,0,0,0,0,0,0,0,0,0,0,0,1,0,0,0,0,0,0,0,0,1,0,0,0,0,0,0,0,0,0,0,0,0
"CF23 5",9832,9075,0,0,0,0,0,0,0,0,0,30,10,36,194,37,18,77,4,8,7,7,1,3,5,17,4,2,1,2,0,0,0,1,15,3,3,4,0,5,0,0,0,9,7,55,66,8,9,24,25,0,269,50,14,38,2,101,15,3,9,2,12,0,2,21,57,6,13,18,2,0,1,5,6,2,4,0,0,0,0,0,7,0,3,4,0,0,0,0,0,0,0,0,0,0,0,0,2,2,0,0,0,0
"CF23 6",10509,9812,0,0,0,0,0,0,0,0,0,21,7,7,92,5,13,18,3,10,0,0,0,11,2,15,2,7,0,2,0,0,0,4,0,0,0,0,0,0,0,0,0,5,3,127,54,4,13,25,5,7,225,84,10,37,0,32,23,0,5,4,14,0,0,16,149,7,21,84,16,7,2,6,4,1,1,0,0,0,0,0,6,0,0,0,0,0,3,0,0,0,0,0,1,0,0,2,1,1,0,0,0,0
"CF23 7",7573,7054,0,0,0,0,0,0,0,0,0,5,10,10,104,9,4,55,15,3,1,2,0,7,0,7,0,0,1,0,0,0,0,0,2,0,1,1,0,0,0,0,0,2,0,129,57,0,29,24,2,2,96,29,0,6,0,13,4,0,0,6,36,0,0,2,74,2,7,12,10,3,2,2,1,35,0,0,0,0,0,0,17,0,0,7,0,0,0,0,0,0,0,0,0,0,2,8,2,2,11,9,0,2
"CF23 8",6929,6478,0,0,0,0,0,0,0,0,0,1,11,12,75,6,6,32,3,6,4,1,3,3,1,2,3,1,0,0,0,0,4,0,2,0,2,0,0,0,0,0,0,4,3,113,46,2,19,22,3,0,79,7,15,2,0,9,8,2,0,17,8,0,1,10,97,3,22,26,32,0,0,7,2,4,1,0,0,0,0,0,5,0,0,1,0,0,0,0,0,0,0,2,0,0,1,1,1,1,2,0,1,1
"CF23 9",10237,9648,0,0,0,0,0,0,0,0,0,10,17,8,109,10,11,44,5,12,0,1,0,12,2,6,3,3,0,0,0,0,0,0,3,2,1,0,0,0,0,0,0,2,1,30,54,0,23,30,1,0,249,41,10,20,0,86,7,0,2,11,68,0,0,4,77,1,6,23,1,2,1,0,0,37,6,0,0,0,0,0,18,0,0,2,0,0,0,0,1,0,5,6,0,0,0,4,2,2,9,9,0,0
"CF24 0",5236,4307,0,1,1,0,0,0,0,0,0,29,26,21,238,14,15,73,17,44,2,16,11,11,2,28,2,1,0,1,0,0,0,1,18,3,7,1,0,7,0,0,0,15,2,128,92,0,49,31,7,5,183,30,8,37,0,39,3,1,13,22,0,0,30,0,99,4,2,55,0,0,0,10,22,4,2,0,0,0,0,0,73,6,9,44,0,0,0,1,2,0,0,1,5,1,2,2,2,2,2,1,1,0
"CF24 1",5340,4092,0,1,1,0,0,0,0,0,0,26,36,13,442,29,15,231,34,64,8,12,9,10,0,13,5,3,3,0,4,1,1,0,2,0,1,1,0,0,0,0,0,28,7,86,142,4,31,71,22,14,215,42,15,27,0,76,3,4,9,11,9,0,11,8,163,14,14,70,2,13,0,11,20,8,11,0,0,0,0,0,80,2,9,45,0,1,5,0,0,0,3,1,0,3,1,10,1,1,6,5,1,0
"CF24 2",12217,11065,0,1,0,0,0,0,0,0,1,39,59,20,318,13,13,157,33,58,2,7,2,4,1,20,3,0,0,0,1,0,4,0,9,2,3,0,0,4,5,5,0,13,9,130,84,0,16,55,13,0,241,35,10,19,0,130,9,2,6,9,6,2,9,4,100,19,8,48,0,0,8,2,3,8,4,0,0,0,0,0,120,2,16,74,0,2,0,1,3,0,0,4,2,1,6,9,2,2,2,1,1,0
"CF24 3",11187,9301,0,0,0,0,0,0,0,0,0,76,36,53,584,47,39,236,37,60,16,11,2,8,13,64,18,13,0,5,1,2,2,10,16,2,3,1,0,10,0,0,0,17,10,142,156,0,81,55,15,5,461,79,82,29,2,133,6,4,47,32,25,3,3,16,271,20,30,150,1,5,4,11,43,5,2,0,0,0,0,0,52,0,5,24,0,1,3,1,3,0,0,2,2,0,4,7,5,5,7,6,0,1
"CF24 4",19794,17473,0,1,0,0,0,1,0,0,0,59,43,56,559,50,53,159,29,53,19,17,9,26,36,68,11,10,5,4,4,0,0,6,12,4,1,0,0,7,0,0,0,15,4,231,126,1,41,53,19,12,544,120,64,55,0,163,10,16,22,20,29,8,10,27,608,40,38,374,7,9,8,14,108,5,5,0,0,0,0,0,47,2,0,14,0,1,1,3,4,0,0,2,5,1,4,10,11,11,5,4,0,1
"CF24 5",308,251,0,0,0,0,0,0,0,0,0,0,1,0,7,1,0,5,0,0,0,0,0,0,0,0,0,0,1,0,0,0,0,0,0,0,0,0,0,0,0,0,0,0,1,10,1,0,0,1,0,0,2,0,0,2,0,0,0,0,0,0,0,0,0,0,2,1,0,1,0,0,0,0,0,0,0,0,0,0,0,0,33,1,1,30,0,0,0,0,0,0,0,1,0,0,0,0,0,0,0,0,0,0
"CF3  0",11460,10913,0,1,0,0,0,0,0,0,1,15,16,13,167,8,6,94,6,26,3,2,4,2,0,4,4,2,2,0,0,0,4,0,0,0,0,0,0,0,2,2,0,3,13,96,19,1,3,11,3,1,66,23,5,10,0,7,1,1,4,5,5,3,0,2,68,6,13,20,0,7,5,7,0,9,1,0,0,0,0,0,61,2,1,25,0,0,4,0,6,0,6,11,0,0,0,6,4,4,3,2,1,0
"CF3  1",4447,4322,0,0,0,0,0,0,0,0,0,1,3,0,45,3,2,29,0,11,0,0,0,0,0,0,0,0,0,0,0,0,0,0,4,0,4,0,0,0,0,0,0,0,1,13,5,0,5,0,0,0,16,1,0,3,0,4,0,0,3,2,3,0,0,0,19,1,1,1,0,2,0,0,0,14,0,0,0,0,0,0,16,0,0,7,0,0,0,0,3,0,0,4,0,0,1,1,0,0,2,2,0,0
"CF3  2",3176,3084,0,0,0,0,0,0,0,0,0,4,0,0,35,1,5,21,0,0,2,3,0,0,0,2,1,0,0,0,0,0,0,0,1,0,0,0,0,1,0,0,0,1,0,17,2,0,1,0,1,0,17,1,0,6,0,4,0,0,0,0,6,0,0,0,11,1,1,3,4,2,0,0,0,0,0,0,0,0,0,0,3,0,0,0,0,0,0,0,0,0,0,0,3,0,0,0,1,1,0,0,0,0
"CF3  3",6639,6489,0,0,0,0,0,0,0,0,0,10,21,2,40,9,2,15,0,1,7,0,1,2,0,0,1,0,0,0,0,0,2,0,1,0,0,0,0,1,0,0,0,1,7,3,12,0,0,9,0,3,32,1,0,9,0,9,0,0,0,0,10,2,1,0,7,0,3,0,1,0,0,0,0,3,0,0,0,0,0,0,9,0,0,3,0,0,0,0,0,0,0,1,0,0,0,5,1,1,4,1,0,3
"CF3  4",5636,5433,0,0,0,0,0,0,0,0,0,5,1,3,70,2,0,47,6,8,0,3,0,4,0,0,0,0,0,0,0,0,0,0,0,0,0,0,0,0,0,0,0,0,2,14,3,0,0,2,1,0,35,2,3,5,0,7,1,0,0,2,7,0,8,0,32,0,0,11,0,0,2,3,1,15,0,0,0,0,0,0,34,3,1,6,0,0,2,1,2,1,3,4,1,0,3,7,4,4,0,0,0,0
"CF3  5",7589,7332,0,0,0,0,0,0,0,0,0,21,20,2,48,2,6,21,0,7,0,0,0,8,3,0,0,0,1,0,0,0,0,0,5,3,0,0,0,2,0,0,0,0,4,26,9,1,0,6,0,2,40,9,0,2,0,11,1,0,2,3,7,0,5,0,53,1,4,20,0,1,0,5,0,20,2,0,0,0,0,0,26,0,9,8,0,0,2,0,1,0,0,6,0,0,0,0,2,2,1,1,0,0
"CF3  6",1290,1252,0,0,0,0,0,0,0,0,0,1,0,2,6,1,1,2,1,0,0,0,0,0,0,0,0,0,1,0,0,0,0,0,0,0,0,0,0,0,1,1,0,1,0,4,7,0,0,7,0,0,15,1,3,3,0,3,2,0,0,1,2,0,0,0,1,0,0,1,0,0,0,0,0,0,0,0,0,0,0,0,0,0,0,0,0,0,0,0,0,0,0,0,0,0,0,0,0,0,0,0,0,0
"CF31 1",8919,8531,0,0,0,0,0,0,0,0,0,2,6,6,186,6,7,99,1,5,15,37,7,3,1,0,1,1,3,0,0,0,0,0,3,0,3,0,0,0,0,0,0,7,1,20,1,0,0,1,0,0,24,2,2,4,1,7,1,0,0,3,2,0,0,2,126,2,9,18,0,4,2,4,0,84,3,0,0,0,0,0,2,0,0,0,0,0,0,0,1,0,0,0,1,0,0,0,1,1,3,2,1,0
"CF31 2",11276,10922,0,0,0,0,0,0,0,0,0,2,7,4,206,7,2,173,2,1,2,12,1,3,0,0,0,1,1,0,0,0,1,0,2,0,1,0,0,1,0,0,0,8,5,6,4,0,0,3,1,0,25,0,2,1,0,2,4,5,2,2,0,0,7,0,68,0,10,13,5,16,1,11,0,12,0,0,0,0,0,0,7,0,0,0,0,0,2,0,0,0,0,1,0,0,0,4,1,1,9,8,1,0
"CF31 3",4193,4019,0,0,0,0,0,0,0,0,0,8,0,5,105,3,0,69,1,0,2,9,16,3,0,0,0,2,0,0,0,0,0,0,5,0,2,2,0,1,0,0,0,11,0,1,1,0,0,1,0,0,6,0,0,0,0,2,2,0,0,0,0,2,0,0,24,0,0,11,4,1,2,4,1,1,0,0,0,0,0,0,2,0,0,0,0,0,0,1,0,0,0,0,0,0,1,0,3,3,3,0,2,1
"CF31 4",13039,12719,0,1,0,0,0,0,0,0,1,7,0,3,209,7,7,149,1,3,2,25,12,0,0,0,0,1,1,0,0,0,0,1,1,0,1,0,0,0,0,0,0,13,3,4,4,0,2,2,0,0,22,0,1,2,0,7,4,0,0,0,2,2,2,2,44,1,4,16,0,6,2,6,0,8,1,0,0,0,0,0,0,0,0,0,0,0,0,0,0,0,0,0,0,0,0,0,2,2,7,6,1,0
"CF31 5",5873,5774,0,0,0,0,0,0,0,0,0,2,0,1,36,1,4,24,0,1,0,1,0,2,0,0,3,0,0,0,0,0,0,0,1,0,1,0,0,0,0,0,0,0,0,3,0,0,0,0,0,0,17,7,4,0,0,4,0,0,2,0,0,0,0,0,27,0,5,8,8,0,0,4,0,1,1,0,0,0,0,0,8,0,6,0,0,0,0,0,0,0,0,0,1,0,0,1,2,2,2,0,2,0
"CF32 0",4837,4809,0,0,0,0,0,0,0,0,0,3,1,0,9,1,1,5,0,0,1,0,0,0,0,0,0,0,0,1,0,0,0,0,0,0,0,0,0,0,0,0,0,2,1,3,3,0,0,2,0,1,0,0,0,0,0,0,0,0,0,0,0,0,0,0,2,0,1,0,0,0,0,0,0,1,0,0,0,0,0,0,0,0,0,0,0,0,0,0,0,0,0,0,0,0,0,0,0,0,4,0,4,0
"CF32 7",5984,5938,0,0,0,0,0,0,0,0,0,4,0,1,8,0,2,2,0,0,2,0,2,0,0,0,0,0,0,0,0,0,0,0,3,0,0,0,0,3,0,0,0,0,1,0,0,0,0,0,0,0,7,0,0,1,0,0,0,0,0,0,0,0,6,0,8,0,2,1,2,0,0,1,0,2,0,8,0,0,0,0,5,0,0,0,0,0,5,0,0,0,0,0,0,0,0,0,1,1,0,0,0,0
"CF32 8",7498,7464,0,1,0,0,0,0,0,0,1,0,1,0,10,1,1,8,0,0,0,0,0,0,0,0,0,0,0,0,0,0,0,0,0,0,0,0,0,0,0,0,0,2,0,1,3,0,0,3,0,0,0,0,0,0,0,0,0,0,0,0,0,0,0,0,9,1,2,2,0,0,0,0,0,4,0,0,0,0,0,0,2,0,0,0,0,0,0,0,0,0,0,0,1,0,1,0,1,1,4,3,1,0
"CF32 9",10586,10453,0,1,0,0,0,0,0,1,0,2,5,3,63,0,3,48,0,1,2,2,0,2,0,0,2,0,0,1,0,0,2,0,2,0,1,0,0,1,0,0,0,0,2,1,2,0,1,0,0,1,13,2,1,1,0,6,2,0,0,0,0,0,0,1,25,0,0,18,0,4,0,2,0,1,0,0,0,0,0,0,5,0,0,0,0,0,0,0,0,0,0,0,0,0,2,3,3,3,6,3,1,2
"CF33 4",6760,6697,0,0,0,0,0,0,0,0,0,1,1,1,36,0,2,31,0,1,1,0,0,0,1,0,0,0,0,0,0,0,0,0,1,0,0,1,0,0,0,0,0,0,2,0,1,0,0,1,0,0,3,1,0,0,0,1,0,0,0,0,0,0,0,1,9,0,1,2,1,0,0,5,0,0,0,0,0,0,0,0,2,0,0,0,0,0,0,0,0,0,0,0,2,0,0,0,5,5,1,1,0,0
"CF33 6",7136,7068,0,0,0,0,0,0,0,0,0,4,3,10,22,2,6,9,1,0,1,0,0,0,0,0,1,1,0,0,0,0,1,0,0,0,0,0,0,0,0,0,0,2,7,0,0,0,0,0,0,0,6,4,0,0,0,2,0,0,0,0,0,0,0,0,10,0,3,2,0,0,0,1,0,4,0,0,0,0,0,0,0,0,0,0,0,0,0,0,0,0,0,0,0,0,0,0,1,1,3,3,0,0
"CF34 0",10504,10459,0,1,0,0,0,0,0,1,0,2,1,0,15,1,0,14,0,0,0,0,0,0,0,0,0,0,0,0,0,0,0,0,0,0,0,0,0,0,0,0,0,1,1,0,0,0,0,0,0,0,7,0,0,0,0,3,4,0,0,0,0,0,0,0,11,4,2,3,0,0,0,1,0,0,1,0,0,0,0,0,0,0,0,0,0,0,0,0,0,0,0,0,0,0,0,0,4,4,2,1,1,0
"CF34 9",9380,9303,0,0,0,0,0,0,0,0,0,0,2,2,33,1,2,13,0,0,10,6,0,0,0,0,1,0,0,0,0,0,0,0,3,0,3,0,0,0,0,0,0,1,2,0,1,0,1,0,0,0,18,0,0,0,0,5,6,0,0,5,1,0,0,1,15,1,2,4,0,0,0,2,0,5,1,0,0,0,0,0,0,0,0,0,0,0,0,0,0,0,0,0,0,0,0,0,0,0,0,0,0,0
"CF35 5",5466,5412,0,0,0,0,0,0,0,0,0,5,1,2,19,3,2,12,0,1,0,0,0,1,0,0,0,0,0,0,0,0,0,0,4,0,4,0,0,0,0,0,0,0,0,0,1,0,1,0,0,0,8,0,0,0,0,0,0,0,0,7,0,1,0,0,8,0,2,2,0,0,0,1,0,3,0,0,0,0,0,0,1,0,0,0,0,0,0,0,0,0,0,0,0,0,0,1,2,2,3,2,1,0
"CF35 6",10244,10144,0,2,0,0,0,0,0,2,0,7,3,5,30,1,1,19,1,2,0,4,1,0,0,0,1,0,0,0,0,0,0,0,0,0,0,0,0,0,0,0,0,1,3,2,1,0,1,0,0,0,15,4,0,3,0,1,5,0,1,0,0,1,0,0,24,3,4,6,0,0,0,4,0,7,0,0,0,0,0,0,1,0,0,0,0,0,0,0,0,0,0,0,1,0,0,0,2,2,4,3,1,0
"CF36 3",8825,8741,0,3,0,0,0,0,0,2,1,5,0,6,39,3,2,18,0,0,4,2,1,0,0,1,2,0,1,0,0,0,0,5,0,0,0,0,0,0,0,0,0,0,2,1,5,0,0,3,0,2,13,0,2,1,0,0,1,0,0,0,9,0,0,0,7,0,2,0,1,0,0,2,0,1,1,0,0,0,0,0,0,0,0,0,0,0,0,0,0,0,0,0,0,0,0,0,1,1,2,0,2,0
"CF36 5",6822,6733,0,0,0,0,0,0,0,0,0,4,0,0,44,1,4,33,0,0,1,0,0,0,1,1,0,0,1,0,0,0,2,0,0,0,0,0,0,0,0,0,0,9,0,2,1,0,0,1,0,0,8,0,0,0,0,0,0,0,0,0,8,0,0,0,19,1,3,7,1,0,0,4,0,2,1,1,0,0,0,0,0,0,0,0,0,0,0,0,0,0,0,0,0,0,0,0,1,1,0,0,0,0
"CF37 1",10020,9315,0,1,0,0,0,0,1,0,0,16,38,15,139,6,14,65,0,8,9,6,2,3,3,8,3,3,4,3,0,0,0,2,4,0,1,0,0,3,0,0,0,8,6,21,15,0,4,3,8,0,99,24,6,3,0,13,9,3,1,14,9,8,5,4,258,11,7,195,0,0,2,6,28,9,0,0,0,0,0,0,78,0,0,2,0,0,3,9,21,0,0,3,1,10,2,27,5,5,2,2,0,0
"CF37 2",5344,5263,0,0,0,0,0,0,0,0,0,6,8,4,25,0,1,14,0,1,0,0,0,2,0,0,2,0,0,0,3,0,1,1,0,0,0,0,0,0,0,0,0,0,2,2,3,0,0,0,3,0,14,5,0,2,0,3,0,0,0,0,1,0,2,1,12,1,0,0,0,0,0,3,6,2,0,0,0,0,0,0,0,0,0,0,0,0,0,0,0,0,0,0,0,0,0,0,0,0,5,5,0,0
"CF37 3",7211,7130,0,0,0,0,0,0,0,0,0,0,8,2,33,0,2,22,0,0,1,3,0,0,0,0,0,0,0,0,0,0,4,1,0,0,0,0,0,0,0,0,0,1,6,2,0,0,0,0,0,0,5,0,0,1,0,1,0,1,0,1,0,0,1,0,18,0,3,11,0,0,0,0,1,3,0,0,0,0,0,0,2,0,0,0,0,0,0,0,0,0,0,0,0,0,0,2,1,1,3,3,0,0
"CF37 4",6584,6498,0,0,0,0,0,0,0,0,0,1,2,1,36,1,6,21,0,0,1,0,0,1,1,0,1,0,1,1,0,0,2,0,0,0,0,0,0,0,0,0,0,2,0,1,1,0,1,0,0,0,9,0,0,3,0,5,1,0,0,0,0,0,0,0,25,0,10,8,1,0,4,1,0,0,1,0,0,0,0,0,4,0,0,0,0,0,0,2,0,0,0,0,0,0,0,2,2,2,2,1,1,0
"CF37 5",7800,7679,0,1,0,0,0,0,0,1,0,2,2,3,63,2,0,49,1,0,3,0,0,3,0,0,2,2,0,1,0,0,0,0,1,0,0,0,1,0,0,0,0,1,0,3,0,0,0,0,0,0,9,4,1,2,0,0,0,0,0,1,0,0,0,1,23,1,8,12,0,0,0,0,1,1,0,0,0,0,0,0,6,0,0,0,0,0,0,0,0,0,0,0,1,5,0,0,2,2,5,2,2,1
"CF38 1",9566,9482,0,1,0,0,0,0,0,0,1,3,3,0,17,3,0,8,1,0,0,0,0,3,0,1,1,0,0,0,0,0,0,0,1,1,0,0,0,0,0,0,0,1,3,4,0,0,0,0,0,0,24,0,0,4,0,0,4,0,0,14,0,2,0,0,16,6,2,6,0,0,1,0,0,1,0,0,0,0,0,0,6,0,0,0,0,0,6,0,0,0,0,0,0,0,0,0,0,0,5,4,1,0
"CF38 2",12765,12661,0,0,0,0,0,0,0,0,0,0,4,1,30,3,4,12,1,0,0,3,0,1,0,1,1,0,1,0,1,0,2,0,0,0,0,0,0,0,1,1,0,7,2,5,2,0,0,0,0,2,12,0,3,6,0,0,2,0,0,1,0,0,0,0,33,0,3,20,0,0,0,7,0,3,0,0,0,0,0,0,1,0,0,0,0,0,0,0,0,0,0,0,0,0,0,1,1,1,5,4,0,1
"CF39 0",5317,5249,0,0,0,0,0,0,0,0,0,5,3,0,8,0,1,2,3,0,0,1,0,0,0,0,0,0,0,0,1,0,0,0,0,0,0,0,0,0,0,0,0,0,4,2,2,0,2,0,0,0,8,1,0,1,0,0,0,2,0,0,1,2,0,1,18,1,5,9,0,0,3,0,0,0,0,0,0,0,0,0,14,0,0,0,0,0,2,0,6,0,0,0,0,2,0,4,1,1,3,1,1,1
"CF39 8",14720,14614,0,1,0,0,0,0,0,0,1,5,3,0,23,1,5,11,0,0,1,0,0,0,0,4,0,0,0,0,0,1,0,0,0,0,0,0,0,0,0,0,0,4,11,2,0,0,0,0,0,0,14,0,0,0,0,2,0,0,0,0,6,0,3,3,37,1,5,12,1,0,0,5,0,11,2,0,0,0,0,0,2,0,0,0,0,0,0,0,0,1,0,0,1,0,0,0,0,0,4,3,1,0
"CF39 9",7812,7747,0,0,0,0,0,0,0,0,0,0,1,0,27,0,1,4,7,7,2,2,0,3,0,1,0,0,0,0,0,0,0,0,0,0,0,0,0,0,0,0,0,1,2,0,0,0,0,0,0,0,4,0,1,0,0,3,0,0,0,0,0,0,0,0,24,3,0,13,0,0,1,2,1,4,0,0,0,0,0,0,1,0,0,0,0,0,0,0,0,0,0,0,0,0,0,1,3,3,2,1,1,0
"CF40 1",9105,8977,0,0,0,0,0,0,0,0,0,0,1,1,35,0,3,21,0,8,1,1,0,1,0,0,0,0,0,0,0,0,0,0,0,0,0,0,0,0,0,0,0,0,3,6,2,1,1,0,0,0,8,0,0,2,0,0,2,0,0,1,3,0,0,0,42,5,4,19,0,0,0,0,12,2,0,0,0,0,0,0,24,0,0,0,0,0,5,8,11,0,0,0,0,0,0,0,0,0,6,6,0,0
"CF40 2",10694,10535,0,0,0,0,0,0,0,0,0,2,4,0,15,3,1,1,0,0,0,5,0,3,0,1,0,1,0,0,0,0,0,0,1,0,1,0,0,0,0,0,0,2,1,4,2,0,0,2,0,0,12,0,0,0,0,7,0,0,0,2,3,0,0,0,96,6,3,24,0,0,0,5,33,25,0,0,0,0,0,0,14,0,0,0,0,0,3,4,7,0,0,0,0,0,0,0,1,1,5,1,4,0
"CF41 7",10368,10291,0,0,0,0,0,0,0,0,0,4,0,1,19,2,3,9,1,0,2,0,0,1,0,0,1,0,0,0,0,0,0,0,0,0,0,0,0,0,0,0,0,0,9,1,1,0,0,1,0,0,10,0,0,1,0,6,0,0,0,1,2,0,0,0,22,1,2,4,0,0,0,1,1,12,1,0,0,0,0,0,6,0,0,0,0,0,0,0,0,0,0,3,0,0,1,2,1,1,3,0,3,0
"CF42 5",5813,5779,0,0,0,0,0,0,0,0,0,2,0,0,6,1,0,5,0,0,0,0,0,0,0,0,0,0,0,0,0,0,0,0,0,0,0,0,0,0,0,0,0,3,3,0,0,0,0,0,0,0,10,0,0,9,0,0,0,0,0,1,0,0,0,0,9,0,1,2,0,0,0,0,0,6,0,0,0,0,0,0,0,0,0,0,0,0,0,0,0,0,0,0,0,0,0,0,1,1,0,0,0,0
"CF42 6",7155,7111,0,1,0,0,0,1,0,0,0,6,0,2,10,1,0,6,0,0,0,0,0,0,0,0,0,0,0,0,0,0,3,0,1,0,1,0,0,0,0,0,0,1,1,0,2,0,2,0,0,0,6,0,0,0,0,6,0,0,0,0,0,0,0,0,12,0,3,3,0,0,0,2,0,4,0,0,0,0,0,0,0,0,0,0,0,0,0,0,0,0,0,0,0,0,0,0,0,0,2,1,0,1
"CF43 3",4368,4296,0,1,0,0,0,0,0,1,0,1,4,1,13,1,0,6,1,0,0,1,0,1,0,0,1,2,0,0,0,0,0,0,0,0,0,0,0,0,0,0,0,1,2,8,0,0,0,0,0,0,2,2,0,0,0,0,0,0,0,0,0,0,0,0,29,0,0,7,0,0,0,0,18,4,0,0,0,0,0,0,9,0,0,0,0,0,1,2,2,0,0,2,0,2,0,0,0,0,1,1,0,0
"CF43 4",7080,7045,0,0,0,0,0,0,0,0,0,0,4,0,12,0,1,8,0,0,0,0,0,0,0,2,0,0,0,0,0,0,1,0,1,0,0,0,0,1,0,0,0,0,0,0,0,0,0,0,0,0,4,1,0,2,0,1,0,0,0,0,0,0,0,0,11,0,0,6,0,0,0,1,3,1,0,0,0,0,0,0,1,0,0,0,0,0,0,0,0,0,0,0,1,0,0,0,0,0,2,1,1,0
"CF44 0",7571,7484,0,0,0,0,0,0,0,0,0,1,0,1,26,0,1,21,0,0,0,0,0,1,0,0,1,0,0,0,0,0,2,0,0,0,0,0,0,0,0,0,0,0,2,1,0,0,0,0,0,0,13,2,3,2,0,1,0,1,0,0,0,3,0,1,37,2,1,15,0,0,0,3,0,16,0,0,0,0,0,0,1,0,0,0,0,0,0,0,0,0,0,0,0,0,1,0,0,0,5,0,5,0
"CF44 6",9411,9321,0,0,0,0,0,0,0,0,0,4,10,0,22,1,0,17,0,0,0,2,0,0,0,0,0,0,0,0,0,0,1,1,1,0,0,0,0,1,0,0,0,0,4,4,2,0,2,0,0,0,4,0,0,2,0,0,0,0,0,0,0,1,0,1,29,0,4,10,0,0,0,9,0,4,2,0,0,0,0,0,3,0,0,0,0,0,0,0,0,0,0,1,0,0,2,0,4,4,3,1,1,1
"CF44 7",3539,3451,0,0,0,0,0,0,0,0,0,1,0,0,30,2,0,27,0,0,0,0,0,0,0,0,0,0,1,0,0,0,0,0,0,0,0,0,0,0,0,0,0,0,14,0,1,0,1,0,0,0,7,0,0,0,0,6,0,0,0,1,0,0,0,0,32,2,3,16,0,0,0,6,0,5,0,0,0,0,0,0,0,0,0,0,0,0,0,0,0,0,0,0,0,0,0,0,0,0,3,2,0,1
"CF44 8",8750,8675,0,0,0,0,0,0,0,0,0,2,0,0,30,1,1,22,0,0,1,0,3,2,0,0,0,0,0,0,0,0,0,0,0,0,0,0,0,0,0,0,0,0,4,2,2,0,2,0,0,0,3,1,0,0,0,0,0,0,0,2,0,0,0,0,30,0,6,13,0,0,0,5,0,6,0,0,0,0,0,0,0,0,0,0,0,0,0,0,0,0,0,0,0,0,0,0,2,2,0,0,0,0
"CF44 9",8462,8372,0,0,0,0,0,0,0,0,0,0,13,4,23,5,0,4,0,1,3,0,0,0,2,0,2,0,0,0,0,1,5,0,1,0,0,0,0,1,0,0,0,1,3,0,0,0,0,0,0,0,24,1,0,1,0,0,0,0,0,4,0,17,0,1,21,0,6,4,0,0,2,4,0,5,0,0,0,0,0,0,0,0,0,0,0,0,0,0,0,0,0,0,0,0,0,0,0,0,0,0,0,0
"CF45 3",9871,9745,0,0,0,0,0,0,0,0,0,1,0,1,72,0,2,60,0,2,0,0,0,0,3,0,1,0,0,0,4,0,0,0,1,0,0,0,0,1,0,0,0,0,3,6,2,0,1,0,1,0,14,9,0,5,0,0,0,0,0,0,0,0,0,0,19,4,0,9,1,0,0,2,1,2,0,0,0,0,0,0,7,0,0,0,0,0,0,4,0,0,0,0,0,0,1,2,0,0,0,0,0,0
"CF45 4",8932,8821,0,0,0,0,0,0,0,0,0,0,6,2,45,3,4,30,2,0,0,5,0,0,1,0,0,0,0,0,0,0,0,0,0,0,0,0,0,0,0,0,0,7,10,2,3,0,2,0,1,0,7,3,1,3,0,0,0,0,0,0,0,0,0,0,21,0,0,16,0,0,0,1,0,4,0,0,0,0,0,0,7,0,0,0,0,0,0,0,0,0,0,2,0,0,0,5,1,1,0,0,0,0
"CF46 5",6126,6064,0,0,0,0,0,0,0,0,0,1,2,1,17,0,3,13,0,0,0,0,0,0,0,0,0,1,0,0,0,0,0,0,0,0,0,0,0,0,0,0,0,0,3,1,0,0,0,0,0,0,21,0,0,3,0,0,0,0,0,0,12,2,4,0,11,3,2,3,0,0,0,1,0,1,1,0,0,0,0,0,1,0,0,0,0,0,0,0,0,0,0,0,0,0,0,1,1,1,3,2,1,0
"CF46 6",7680,7637,0,1,0,0,0,0,0,0,1,1,2,1,17,1,1,15,0,0,0,0,0,0,0,0,0,0,0,0,0,0,0,0,0,0,0,0,0,0,0,0,0,0,2,0,0,0,0,0,0,0,4,0,0,3,0,0,0,0,0,0,0,0,1,0,13,0,2,6,0,0,0,2,0,2,1,0,0,0,0,0,1,0,0,0,0,0,0,0,0,0,0,0,0,0,0,1,0,0,1,0,1,0
"CF47 0",7277,6952,0,0,0,0,0,0,0,0,0,1,77,2,187,4,3,163,1,3,0,8,1,1,0,2,0,0,0,0,0,0,1,0,1,1,0,0,0,0,0,0,0,0,4,20,0,0,0,0,0,0,14,0,0,2,0,4,0,0,1,0,2,0,3,2,12,4,2,2,0,0,0,1,0,3,0,0,0,0,0,0,0,0,0,0,0,0,0,0,0,0,0,0,0,0,0,0,1,1,6,5,1,0
"CF47 8",3133,2958,0,0,0,0,0,0,0,0,0,0,35,1,124,0,1,118,1,0,3,0,0,0,1,0,0,0,0,0,0,0,0,0,0,0,0,0,0,0,0,0,0,0,1,0,0,0,0,0,0,0,6,0,2,0,0,3,0,0,0,0,1,0,0,0,5,2,0,2,0,0,0,0,0,1,0,0,0,0,0,0,0,0,0,0,0,0,0,0,0,0,0,0,0,0,0,0,3,3,0,0,0,0
"CF47 9",10597,10135,0,0,0,0,0,0,0,0,0,5,70,2,259,0,0,253,2,1,0,0,0,0,1,1,0,0,0,0,0,0,1,0,0,0,0,0,0,0,0,0,0,0,4,4,0,0,0,0,0,0,19,6,2,6,0,3,0,0,1,0,0,0,1,0,92,3,3,2,0,0,0,3,0,70,11,1,0,0,0,0,1,0,0,0,0,0,1,0,0,0,0,0,0,0,0,0,2,2,3,2,1,0
"CF48 1",8651,8409,0,0,0,0,0,0,0,0,0,1,47,0,128,2,3,110,2,2,1,1,0,4,1,2,0,0,0,0,0,0,0,0,1,1,0,0,0,0,0,0,0,0,3,4,0,0,0,0,0,0,18,2,5,2,0,5,0,0,0,0,4,0,0,0,30,0,3,10,0,0,3,2,1,11,0,0,0,0,0,0,2,0,0,0,0,0,0,0,0,0,0,0,2,0,0,0,3,3,5,5,0,0
"CF48 2",6038,5911,0,1,0,0,0,0,0,0,1,1,9,0,77,0,2,62,0,0,8,1,0,3,0,0,0,0,0,0,0,0,1,0,1,1,0,0,0,0,0,0,0,0,0,2,3,0,0,3,0,0,15,0,0,8,0,0,0,0,0,7,0,0,0,0,16,0,2,6,0,0,0,1,0,7,0,0,0,0,0,0,0,0,0,0,0,0,0,0,0,0,0,0,0,0,0,0,0,0,2,0,0,2
"CF48 3",4082,3806,0,0,0,0,0,0,0,0,0,1,52,1,197,0,0,188,0,0,0,0,0,7,0,1,1,0,0,0,0,0,0,0,0,0,0,0,0,0,0,0,0,0,5,0,2,0,0,2,0,0,6,5,0,1,0,0,0,0,0,0,0,0,0,0,12,2,4,2,0,0,0,0,0,4,0,0,0,0,0,0,0,0,0,0,0,0,0,0,0,0,0,0,0,0,0,0,0,0,0,0,0,0
"CF48 4",7541,7463,0,0,0,0,0,0,0,0,0,5,17,1,30,0,1,28,0,0,0,1,0,0,0,0,0,0,0,0,0,0,0,0,1,0,1,0,0,0,0,0,0,0,0,4,0,0,0,0,0,0,7,0,0,5,0,2,0,0,0,0,0,0,0,0,5,0,4,1,0,0,0,0,0,0,0,0,0,0,0,0,6,0,0,0,0,0,0,0,1,0,0,0,1,4,0,0,0,0,2,2,0,0
"CF5  1",10940,10179,0,1,0,0,0,1,0,0,0,43,11,51,212,15,17,99,11,10,8,3,0,11,2,14,9,4,3,1,0,0,1,4,4,0,3,0,0,1,0,0,0,6,5,40,43,1,11,12,17,2,269,23,12,20,0,166,40,1,0,0,0,1,3,3,43,9,8,12,4,2,5,2,1,0,0,0,0,0,0,0,30,0,2,23,0,0,0,0,3,0,0,0,0,0,1,1,0,0,3,2,0,1
"CF5  2",9544,9209,0,0,0,0,0,0,0,0,0,14,10,10,74,7,3,17,1,1,8,1,2,5,4,20,2,1,0,1,0,0,1,0,4,1,2,0,0,1,0,0,0,3,0,17,5,0,0,4,1,0,84,12,9,9,0,8,26,3,0,2,8,0,0,7,98,9,7,42,16,5,2,2,1,9,5,0,0,0,0,0,11,0,0,3,0,0,0,0,0,0,0,0,0,0,2,6,4,4,1,1,0,0
"CF5  3",11639,11267,0,8,8,0,0,0,0,0,0,28,13,13,93,14,5,35,5,5,1,3,0,3,3,3,0,0,0,0,0,0,15,1,3,3,0,0,0,0,0,0,0,1,1,27,33,1,18,12,2,0,45,6,4,5,0,13,2,0,5,1,9,0,0,0,64,6,7,13,2,2,2,3,1,24,4,0,0,0,0,0,35,0,0,26,0,0,4,0,0,0,0,3,0,0,2,0,2,2,6,5,1,0
"CF5  4",15403,14804,0,0,0,0,0,0,0,0,0,14,29,7,169,12,3,71,8,7,18,26,0,7,3,6,5,0,0,0,0,0,3,0,5,0,1,0,4,0,0,0,0,18,0,48,28,2,17,6,3,0,141,15,3,19,1,99,0,1,0,1,1,0,0,1,61,15,14,11,0,0,0,5,1,15,0,0,0,0,0,0,68,0,13,28,0,1,0,0,0,2,7,6,4,0,6,1,2,2,9,6,1,2
"CF5  5",10743,10446,0,0,0,0,0,0,0,0,0,11,3,15,98,6,4,50,7,17,0,1,0,0,3,0,5,0,0,2,0,0,3,0,7,6,0,0,0,1,0,0,0,1,5,7,14,0,8,5,1,0,72,11,1,6,0,35,6,1,2,4,4,0,0,2,25,1,2,10,3,4,1,1,0,1,2,0,0,0,0,0,28,1,0,22,0,0,0,0,1,1,0,0,3,0,0,0,1,1,10,4,5,1
"CF5  6",4784,4730,0,0,0,0,0,0,0,0,0,3,1,1,20,0,2,13,0,0,0,0,0,0,0,2,3,0,0,0,0,0,0,0,0,0,0,0,0,0,0,0,0,0,0,3,4,0,0,1,3,0,10,2,0,3,0,1,0,4,0,0,0,0,0,0,7,0,1,2,0,0,0,1,3,0,0,0,0,0,0,0,1,0,0,0,0,0,0,0,0,0,0,0,1,0,0,0,0,0,4,0,2,2
"CF61 1",4686,4473,0,0,0,0,0,0,0,0,0,17,3,18,64,4,16,4,2,0,0,0,0,3,0,0,17,3,11,2,1,0,1,0,36,6,2,0,1,27,0,0,0,5,2,5,1,1,0,0,0,0,12,0,3,6,0,2,0,0,0,0,0,0,1,0,37,2,1,20,6,0,0,2,4,0,2,2,0,0,0,0,7,1,0,0,0,0,0,1,1,0,0,0,1,1,0,2,2,2,2,2,0,0
"CF61 2",5011,4969,0,0,0,0,0,0,0,0,0,4,0,3,13,0,4,3,1,0,3,0,0,0,0,0,1,0,1,0,0,0,0,0,0,0,0,0,0,0,0,0,0,0,6,3,3,0,0,3,0,0,1,0,0,1,0,0,0,0,0,0,0,0,0,0,3,0,0,0,0,0,0,3,0,0,0,3,0,0,0,0,1,0,0,0,0,1,0,0,0,0,0,0,0,0,0,0,0,0,2,1,1,0
"CF62 3",6686,6652,0,0,0,0,0,0,0,0,0,1,0,5,11,3,4,0,0,1,1,0,0,0,0,1,1,0,0,0,0,0,0,0,0,0,0,0,0,0,0,0,0,2,1,1,3,1,0,2,0,0,2,1,0,0,0,0,0,0,0,0,0,1,0,0,5,0,0,2,2,0,0,0,0,1,0,0,0,0,0,0,0,0,0,0,0,0,0,0,0,0,0,0,0,0,0,0,1,1,2,1,1,0
"CF62 4",4895,4829,0,0,0,0,0,0,0,0,0,0,4,3,17,2,5,3,0,1,4,0,0,0,0,1,1,0,0,0,0,0,0,0,5,0,0,0,0,5,0,0,0,1,0,3,0,0,0,0,0,0,6,2,0,0,0,0,0,0,0,1,3,0,0,0,11,0,5,0,0,0,0,5,0,0,1,7,0,0,0,0,8,0,0,0,0,0,0,0,0,0,0,0,8,0,0,0,0,0,1,1,0,0
"CF62 5",2543,2509,0,0,0,0,0,0,0,0,0,0,1,0,14,0,0,11,1,0,0,0,0,1,0,0,0,1,0,0,0,0,0,0,1,0,0,1,0,0,0,0,0,0,0,2,1,0,1,0,0,0,8,0,0,8,0,0,0,0,0,0,0,0,0,0,6,0,1,1,0,0,0,0,0,4,0,0,0,0,0,0,1,0,0,0,0,0,0,0,0,0,0,0,1,0,0,0,0,0,0,0,0,0
"CF62 6",5624,5580,0,0,0,0,0,0,0,0,0,5,0,2,10,1,1,0,0,1,1,1,0,0,1,3,1,0,0,0,0,0,0,0,2,0,0,2,0,0,0,0,0,2,0,2,2,0,0,2,0,0,5,0,0,1,0,0,1,0,0,0,3,0,0,0,13,0,0,2,0,0,6,1,1,3,0,0,0,0,0,0,0,0,0,0,0,0,0,0,0,0,0,0,0,0,0,0,0,0,1,1,0,0
"CF62 7",7039,6924,0,0,0,0,0,0,0,0,0,7,0,4,42,2,4,25,0,0,0,0,1,0,0,1,0,0,0,2,0,0,7,0,1,0,0,0,0,1,0,0,0,5,3,4,4,0,1,2,0,1,15,3,1,0,0,0,3,0,0,3,5,0,0,0,26,0,2,7,1,0,0,1,1,8,6,1,0,0,0,0,0,0,0,0,0,0,0,0,0,0,0,0,0,0,0,0,0,0,3,3,0,0
"CF62 8",6994,6878,0,0,0,0,0,0,0,0,0,2,0,2,36,7,4,6,4,0,1,2,1,7,0,3,1,0,0,0,0,0,0,0,2,1,0,1,0,0,0,0,0,1,0,16,1,0,0,1,0,0,21,5,0,4,0,6,2,0,0,0,4,0,0,0,27,1,2,13,0,0,0,2,0,9,0,0,0,0,0,0,2,0,0,0,0,0,0,0,0,0,0,0,2,0,0,0,0,0,6,4,1,1
"CF62 9",6111,6077,0,0,0,0,0,0,0,0,0,2,0,0,7,0,1,4,1,0,0,0,0,0,0,1,0,0,0,0,0,0,0,0,0,0,0,0,0,0,0,0,0,2,4,0,0,0,0,0,0,0,6,1,0,1,0,0,1,0,0,0,3,0,0,0,7,0,0,4,1,0,0,0,0,2,0,0,0,0,0,0,1,0,0,0,0,0,0,0,0,0,0,0,0,1,0,0,0,0,5,3,1,1
"CF63 1",8850,8735,0,0,0,0,0,0,0,0,0,4,0,3,41,0,6,20,2,0,1,0,0,4,0,2,2,1,0,1,0,0,2,0,1,0,1,0,0,0,0,0,0,1,0,0,2,0,0,2,0,0,22,2,1,3,0,6,1,0,0,0,8,0,0,1,29,1,1,14,2,0,0,1,0,10,0,3,0,0,0,0,8,0,0,0,0,0,0,0,0,0,0,7,0,0,0,1,1,1,0,0,0,0
"CF63 2",5193,5057,0,0,0,0,0,0,0,0,0,2,1,4,38,6,2,19,0,0,3,4,0,1,0,3,0,0,0,0,0,0,0,0,0,0,0,0,0,0,0,0,0,3,1,4,0,0,0,0,0,0,17,2,0,0,0,0,1,0,0,5,9,0,0,0,58,2,4,18,0,0,1,2,0,31,0,0,0,0,0,0,1,0,0,0,0,0,0,0,0,0,0,0,1,0,0,0,1,1,6,5,1,0
"CF63 3",1322,1296,0,0,0,0,0,0,0,0,0,1,0,0,18,2,0,9,2,1,0,0,0,0,0,0,0,0,0,0,4,0,0,0,0,0,0,0,0,0,0,0,0,0,0,1,1,0,0,1,0,0,1,0,0,0,0,1,0,0,0,0,0,0,0,0,4,0,0,4,0,0,0,0,0,0,0,0,0,0,0,0,0,0,0,0,0,0,0,0,0,0,0,0,0,0,0,0,0,0,0,0,0,0
"CF63 4",5522,5372,0,0,0,0,0,0,0,0,0,1,0,3,54,1,8,21,0,6,0,10,0,1,0,4,3,0,0,0,0,0,0,0,0,0,0,0,0,0,0,0,0,2,8,0,10,0,0,10,0,0,38,5,4,3,0,12,1,0,0,4,9,0,0,0,29,1,0,20,0,0,0,0,3,5,0,0,0,0,0,0,3,0,0,0,0,0,0,0,1,0,0,1,0,0,1,0,0,0,2,2,0,0
"CF64 1",5186,4979,0,0,0,0,0,0,0,0,0,9,0,12,76,9,11,25,1,2,1,0,3,12,0,5,4,1,1,1,0,0,0,0,1,0,0,0,0,1,0,0,0,13,5,4,4,0,0,4,0,0,32,3,0,2,0,10,6,0,0,1,4,4,0,2,42,2,3,9,1,0,0,3,0,24,0,0,0,0,0,0,5,0,0,0,0,0,0,0,0,0,0,0,0,0,0,5,1,1,3,3,0,0
"CF64 2",7943,7744,0,0,0,0,0,0,0,0,0,6,1,3,36,4,11,12,3,0,1,1,0,0,1,0,2,1,0,0,0,0,0,0,2,2,0,0,0,0,0,0,0,2,3,13,10,0,9,1,0,0,31,1,2,0,0,4,4,0,3,6,11,0,0,0,88,1,8,10,1,0,0,4,0,64,0,0,0,0,0,0,0,0,0,0,0,0,0,0,0,0,0,0,0,0,0,0,0,0,4,3,0,1
"CF64 3",8184,8039,0,0,0,0,0,0,0,0,0,7,6,6,49,9,10,11,0,0,3,3,0,1,1,5,2,2,1,1,0,0,0,0,1,0,0,0,0,1,0,0,0,2,0,9,5,0,3,0,2,0,23,1,0,2,0,3,9,0,0,0,2,5,0,1,32,0,3,8,5,0,0,1,0,15,0,0,0,0,0,0,5,0,0,1,0,4,0,0,0,0,0,0,0,0,0,0,0,0,0,0,0,0
"CF64 4",7589,7496,0,0,0,0,0,0,0,0,0,8,1,7,31,2,7,10,1,1,0,1,1,3,0,0,2,1,2,0,0,0,0,0,3,0,0,0,0,3,0,0,0,0,0,0,0,0,0,0,0,0,8,0,0,3,0,0,2,0,0,0,2,1,0,0,29,1,9,8,1,0,0,1,0,6,3,3,0,0,0,0,2,0,0,0,0,2,0,0,0,0,0,0,0,0,0,0,0,0,1,1,0,0
"CF64 5",6619,6521,0,1,0,0,0,0,0,0,1,3,7,4,39,6,14,1,4,5,0,1,0,5,0,2,1,0,0,0,0,0,0,0,4,2,0,2,0,0,0,0,0,4,2,5,0,0,0,0,0,0,6,1,0,0,0,0,5,0,0,0,0,0,0,0,21,0,3,12,1,0,0,0,0,0,5,0,0,0,0,0,1,0,0,0,0,0,0,0,0,0,0,0,1,0,0,0,1,1,0,0,0,0
"CF71 7",8823,8761,0,0,0,0,0,0,0,0,0,7,7,1,30,4,11,2,0,0,0,0,2,0,0,1,4,2,0,0,0,0,4,0,0,0,0,0,0,0,0,0,0,0,0,5,3,0,0,2,1,0,4,0,0,0,0,1,3,0,0,0,0,0,0,0,3,0,0,1,1,0,0,1,0,0,0,0,0,0,0,0,0,0,0,0,0,0,0,0,0,0,0,0,0,0,0,0,1,1,1,0,1,0
"CF72 8",10469,10312,0,0,0,0,0,0,0,0,0,4,7,3,52,6,7,15,1,1,4,1,1,1,0,4,2,8,0,1,0,0,0,0,0,0,0,0,0,0,0,0,0,3,5,3,3,0,0,2,0,1,24,5,0,0,0,0,0,2,0,6,3,3,2,3,30,1,4,17,0,0,1,2,1,3,1,0,0,0,0,0,11,0,0,0,0,0,1,4,2,0,0,0,1,0,0,3,1,1,11,8,2,1
"CF72 9",14034,13888,0,0,0,0,0,0,0,0,0,8,0,1,56,4,9,24,0,1,3,1,0,12,0,1,0,0,0,1,0,0,0,0,1,0,0,0,0,1,0,0,0,1,5,6,2,0,0,0,2,0,13,1,0,2,0,1,0,0,1,4,0,4,0,0,39,1,2,13,1,1,1,9,3,6,2,0,0,0,0,0,8,0,0,0,0,0,1,0,2,0,0,1,2,0,1,1,0,0,6,5,1,0
"CF81 8",7941,7862,0,0,0,0,0,0,0,0,0,0,1,0,27,3,1,21,0,0,1,0,0,0,1,0,0,0,0,0,0,0,0,0,0,0,0,0,0,0,0,0,0,2,5,2,3,0,2,0,0,1,12,2,2,0,0,0,0,0,0,8,0,0,0,0,19,0,1,13,1,0,1,0,0,3,0,0,0,0,0,0,3,0,0,0,0,0,0,2,0,0,0,0,0,0,0,1,1,1,4,3,1,0
"CF81 9",7845,7795,0,0,0,0,0,0,0,0,0,0,0,1,17,0,0,12,2,1,1,0,0,0,0,0,1,0,0,0,0,0,0,0,0,0,0,0,0,0,0,0,0,3,3,7,0,0,0,0,0,0,5,0,0,1,0,0,0,0,0,2,2,0,0,0,11,0,5,3,1,0,0,1,0,0,1,0,0,0,0,0,1,0,0,0,0,0,0,1,0,0,0,0,0,0,0,0,0,0,2,1,1,0
"CF82 6",772,768,0,0,0,0,0,0,0,0,0,0,0,1,1,0,1,0,0,0,0,0,0,0,0,0,0,0,0,0,0,0,0,0,0,0,0,0,0,0,0,0,0,0,0,0,0,0,0,0,0,0,0,0,0,0,0,0,0,0,0,0,0,0,0,0,2,0,2,0,0,0,0,0,0,0,0,0,0,0,0,0,0,0,0,0,0,0,0,0,0,0,0,0,0,0,0,0,0,0,0,0,0,0
"CF82 7",12888,12759,0,0,0,0,0,0,0,0,0,2,3,1,67,2,2,42,6,1,8,2,0,2,0,0,0,0,0,0,0,0,2,0,0,0,0,0,0,0,0,0,0,0,4,3,0,0,0,0,0,0,13,0,0,2,0,6,0,0,0,3,2,0,0,0,25,0,5,13,0,0,2,1,0,4,0,0,0,0,0,0,2,0,0,0,0,0,0,0,1,0,0,0,0,0,0,1,1,1,8,8,0,0
"CF82 8",5803,5763,0,0,0,0,0,0,0,0,0,0,1,0,19,2,1,11,1,0,0,1,0,0,3,0,0,0,0,0,0,0,0,0,0,0,0,0,0,0,0,0,0,0,1,0,4,0,2,2,0,0,11,0,0,10,0,0,0,0,0,0,1,0,0,0,2,0,0,1,0,0,0,0,0,0,1,0,0,0,0,0,0,0,0,0,0,0,0,0,0,0,0,0,0,0,0,0,0,0,2,1,1,0
"CF83 1",12055,11893,0,0,0,0,0,0,0,0,0,7,1,2,61,4,7,15,2,0,17,6,0,1,0,8,1,0,0,0,0,0,0,0,1,1,0,0,0,0,0,0,0,0,2,4,6,0,0,2,4,0,17,3,5,1,0,0,5,0,2,0,0,0,1,0,54,2,14,24,0,0,7,4,2,1,0,0,0,0,0,0,0,0,0,0,0,0,0,0,0,0,0,0,0,0,0,0,1,1,6,4,2,0
"CF83 2",12272,12132,0,0,0,0,0,0,0,0,0,4,7,7,57,2,4,38,2,0,1,0,0,0,4,1,3,1,0,0,0,0,0,1,1,0,1,0,0,0,0,0,0,2,3,4,0,0,0,0,0,0,11,1,1,1,0,0,0,0,2,4,0,2,0,0,37,2,14,12,0,0,0,2,0,7,0,0,0,0,0,0,1,0,0,0,0,0,0,0,0,0,0,0,1,0,0,0,0,0,6,5,1,0
"CF83 3",11808,11675,0,1,0,0,0,1,0,0,0,6,6,3,65,5,7,22,0,0,12,0,2,6,6,2,2,1,0,0,0,0,0,0,0,0,0,0,0,0,0,0,0,0,2,7,0,0,0,0,0,0,9,1,1,2,0,0,2,0,0,1,0,0,0,2,27,0,11,6,0,0,2,2,1,5,0,0,0,0,0,0,2,0,0,0,0,0,0,0,0,0,0,0,0,0,1,1,0,0,5,4,1,0
"CF83 4",6456,6370,0,0,0,0,0,0,0,0,0,5,16,3,34,2,1,14,0,4,0,0,0,6,1,0,4,1,1,0,0,0,0,0,0,0,0,0,0,0,0,0,0,0,3,0,2,0,0,1,0,1,7,3,1,0,0,3,0,0,0,0,0,0,0,0,8,2,0,4,0,0,0,0,0,0,2,0,0,0,0,0,2,0,0,0,0,0,0,0,0,0,0,0,2,0,0,0,1,1,5,3,2,0
"CF83 8",10361,10282,0,0,0,0,0,0,0,0,0,1,1,2,47,2,7,14,0,1,4,8,1,7,1,0,2,0,0,0,0,0,0,0,0,0,0,0,0,0,0,0,0,0,3,0,1,1,0,0,0,0,0,0,0,0,0,0,0,0,0,0,0,0,0,0,17,1,7,7,0,0,0,0,0,1,1,0,0,0,0,0,0,0,0,0,0,0,0,0,0,0,0,0,0,0,0,0,1,1,6,4,2,0
"LD1  5",5343,5247,0,1,0,0,0,0,0,0,1,3,1,6,43,0,4,25,0,3,4,1,1,1,2,0,1,0,0,0,0,0,0,1,0,0,0,0,0,0,0,0,0,4,1,0,0,0,0,0,0,0,21,0,0,2,0,2,0,0,0,3,3,1,10,0,9,2,0,4,0,0,0,3,0,0,0,0,0,0,0,0,3,0,0,0,0,0,0,0,0,0,0,0,0,0,0,3,0,0,4,2,0,2
"LD1  6",5654,5585,0,0,0,0,0,0,0,0,0,2,0,4,38,2,3,20,2,0,3,0,0,0,1,0,1,3,1,0,1,0,0,1,3,0,2,0,0,1,0,0,0,2,2,1,0,0,0,0,0,0,9,0,0,3,0,0,0,0,0,0,2,0,4,0,5,0,0,0,0,0,0,4,0,1,0,0,0,0,0,0,2,0,0,0,0,0,0,0,0,0,0,2,0,0,0,0,0,0,1,0,0,1
"LD2  3",5501,5452,0,1,0,0,0,0,0,0,1,5,0,3,22,1,1,4,4,1,3,2,0,1,1,0,3,0,1,0,0,0,0,0,0,0,0,0,0,0,0,0,0,2,3,0,0,0,0,0,0,0,0,0,0,0,0,0,0,0,0,0,0,0,0,0,12,0,0,4,1,0,0,1,0,6,0,0,0,0,0,0,0,0,0,0,0,0,0,0,0,0,0,0,0,0,0,0,0,0,1,1,0,0
"LD3  0",4125,4067,0,0,0,0,0,0,0,0,0,4,0,1,44,2,4,26,4,0,3,0,1,0,1,0,3,0,0,0,0,0,0,0,2,1,0,0,0,1,0,0,0,0,1,0,1,1,0,0,0,0,3,0,0,0,0,2,0,0,0,0,0,0,1,0,2,0,0,0,0,0,0,0,0,2,0,0,0,0,0,0,0,0,0,0,0,0,0,0,0,0,0,0,0,0,0,0,0,0,0,0,0,0
"LD3  7",5137,4847,0,0,0,0,0,0,0,0,0,5,0,1,55,1,7,18,7,0,3,7,0,7,3,0,2,0,0,0,0,0,0,0,1,0,0,0,0,1,0,0,0,0,5,0,0,0,0,0,0,0,205,0,0,0,0,1,0,0,0,2,0,0,201,1,15,0,4,6,0,0,0,1,1,2,1,0,0,0,0,0,0,0,0,0,0,0,0,0,0,0,0,0,0,0,0,0,2,2,1,1,0,0
"LD3  8",4352,4222,0,0,0,0,0,0,0,0,0,2,1,3,40,2,5,21,0,1,1,5,1,4,0,0,0,0,0,0,0,0,0,0,0,0,0,0,0,0,0,0,0,0,1,2,0,0,0,0,0,0,37,0,0,0,0,0,0,0,0,0,0,0,37,0,41,0,12,24,2,1,1,0,0,1,0,0,0,0,0,0,1,0,0,0,0,0,0,0,0,0,0,0,0,0,1,0,0,0,2,1,1,0
"LD3  9",5070,4887,0,0,0,0,0,0,0,0,0,1,0,1,73,0,5,26,2,2,8,11,0,14,3,2,0,0,0,0,0,0,0,0,1,0,1,0,0,0,0,0,0,1,2,0,0,0,0,0,0,0,91,0,0,2,0,2,0,0,0,0,0,2,84,1,10,0,0,4,0,0,0,0,0,2,4,0,0,0,0,0,0,0,0,0,0,0,0,0,0,0,0,0,0,0,0,0,2,2,1,1,0,0
"LD4  4",755,751,0,0,0,0,0,0,0,0,0,0,0,1,2,0,0,1,0,0,1,0,0,0,0,0,0,0,0,0,0,0,0,0,0,0,0,0,0,0,0,0,0,0,0,0,0,0,0,0,0,0,1,0,0,0,0,1,0,0,0,0,0,0,0,0,0,0,0,0,0,0,0,0,0,0,0,0,0,0,0,0,0,0,0,0,0,0,0,0,0,0,0,0,0,0,0,0,0,0,0,0,0,0
"LD5  4",1067,1057,0,0,0,0,0,0,0,0,0,1,0,0,7,1,1,5,0,0,0,0,0,0,0,0,0,0,0,0,0,0,0,0,0,0,0,0,0,0,0,0,0,0,0,0,0,0,0,0,0,0,1,0,0,1,0,0,0,0,0,0,0,0,0,0,1,0,0,0,0,0,0,1,0,0,0,0,0,0,0,0,0,0,0,0,0,0,0,0,0,0,0,0,0,0,0,0,0,0,0,0,0,0
"LD6  5",2592,2566,0,0,0,0,0,0,0,0,0,3,0,1,8,0,1,1,0,1,0,0,0,0,0,0,4,0,0,1,0,0,0,0,0,0,0,0,0,0,0,0,0,0,3,1,0,0,0,0,0,0,2,0,0,0,0,0,0,0,0,2,0,0,0,0,8,0,6,0,0,0,0,2,0,0,0,0,0,0,0,0,0,0,0,0,0,0,0,0,0,0,0,0,0,0,0,0,0,0,0,0,0,0
"LD7  1",4705,4677,0,0,0,0,0,0,0,0,0,1,0,0,18,0,0,5,2,0,3,0,0,7,0,0,0,0,0,1,0,0,0,0,0,0,0,0,0,0,0,0,0,0,1,0,0,0,0,0,0,0,1,0,0,1,0,0,0,0,0,0,0,0,0,0,4,0,1,1,0,0,0,2,0,0,0,0,0,0,0,0,1,1,0,0,0,0,0,0,0,0,0,0,0,0,0,0,0,0,2,0,0,2
"LD8  2",4069,4005,0,0,0,0,0,0,0,0,0,0,0,1,45,0,1,34,2,0,2,0,0,1,0,0,3,1,0,0,1,0,0,0,3,0,0,0,0,3,0,0,0,2,0,0,1,0,0,1,0,0,3,0,0,0,0,0,0,0,0,1,0,0,2,0,7,0,2,4,0,0,0,0,0,1,0,0,0,0,0,0,0,0,0,0,0,0,0,0,0,0,0,0,0,0,0,0,0,0,2,0,2,0
"LL11 1",674,575,0,0,0,0,0,0,0,0,0,0,7,5,52,0,0,46,0,0,0,0,0,2,3,1,0,0,0,0,0,0,0,0,0,0,0,0,0,0,0,0,0,3,0,0,2,0,0,2,0,0,3,0,2,0,0,0,0,0,1,0,0,0,0,0,21,0,1,1,0,0,2,3,0,14,0,0,0,0,0,0,5,1,0,0,0,0,0,0,0,0,0,0,0,0,0,4,0,0,1,0,1,0
"LL11 2",7343,6949,0,1,1,0,0,0,0,0,0,15,21,11,168,5,11,126,7,2,4,1,0,2,8,0,2,0,0,0,0,0,0,0,3,0,0,0,0,3,0,0,0,1,8,4,5,0,3,1,1,0,53,4,12,3,0,11,0,0,8,1,10,1,0,3,92,3,3,62,1,0,4,0,1,17,1,0,0,0,0,0,6,0,1,0,0,0,0,0,1,0,0,0,0,0,0,4,2,2,4,2,1,1
"LL11 3",6771,6611,0,0,0,0,0,0,0,0,0,2,16,0,99,0,2,79,2,0,0,3,0,2,8,0,3,0,0,0,0,0,0,0,2,0,0,0,0,2,0,0,0,0,0,3,6,1,1,4,0,0,4,1,1,0,0,1,0,0,0,0,0,1,0,0,15,0,0,7,0,0,0,1,4,3,0,0,0,0,0,0,4,0,0,0,0,0,0,0,0,0,0,0,4,0,0,0,3,3,6,5,0,1
"LL11 4",8888,8737,0,0,0,0,0,0,0,0,0,10,14,0,82,1,1,66,0,0,2,0,1,1,2,0,8,0,0,0,0,0,0,0,2,1,0,1,0,0,0,0,0,0,0,3,0,0,0,0,0,0,9,1,0,0,0,0,1,0,0,4,2,1,0,0,19,0,0,5,2,0,0,3,1,2,6,0,0,0,0,0,7,0,0,0,0,0,0,0,0,0,0,5,0,0,2,0,3,3,2,1,0,1
"LL11 5",6547,6428,0,0,0,0,0,0,0,0,0,1,2,1,80,0,7,64,0,3,3,0,0,0,2,0,0,0,0,0,0,1,0,0,0,0,0,0,0,0,0,0,0,3,2,5,0,0,0,0,0,0,10,0,0,0,0,3,0,0,0,0,3,4,0,0,11,2,0,3,1,1,0,2,0,2,0,0,0,0,0,0,3,0,0,0,0,0,0,1,0,0,0,0,1,0,0,1,1,1,0,0,0,0
"LL11 6",6512,6347,0,0,0,0,0,0,0,0,0,1,19,3,89,2,6,78,0,1,0,0,0,0,1,0,0,1,0,0,0,0,0,0,1,0,0,0,0,1,0,0,0,2,2,1,1,0,1,0,0,0,14,3,0,0,0,4,0,0,4,0,1,2,0,0,15,0,1,10,0,0,0,1,0,3,0,0,0,0,0,0,7,0,0,0,0,0,0,0,0,0,0,0,3,0,2,2,0,0,10,8,1,1
"LL12 0",7773,7682,0,0,0,0,0,0,0,0,0,1,4,3,68,4,3,24,0,0,15,5,0,12,2,0,1,2,0,0,0,0,0,0,2,1,0,0,0,1,0,0,0,0,0,3,0,0,0,0,0,0,4,0,4,0,0,0,0,0,0,0,0,0,0,0,4,0,1,1,0,0,0,2,0,0,0,0,0,0,0,0,0,0,0,0,0,0,0,0,0,0,0,0,0,0,0,0,1,1,1,0,1,0
"LL12 7",7195,6950,0,0,0,0,0,0,0,0,0,8,10,2,154,1,3,134,12,1,0,0,0,0,1,1,0,0,1,0,0,0,0,0,1,0,0,0,0,1,0,0,0,2,4,7,3,0,3,0,0,0,15,2,1,2,0,4,0,0,0,5,1,0,0,0,27,0,0,14,2,0,1,2,0,8,0,0,0,0,0,0,6,0,0,0,0,0,0,0,0,0,0,0,0,0,1,5,1,1,5,4,0,1
"LL12 8",7527,7440,0,0,0,0,0,0,0,0,0,4,4,3,40,3,1,30,0,0,0,4,0,0,1,0,0,0,0,0,0,1,0,0,0,0,0,0,0,0,0,0,0,3,4,3,0,0,0,0,0,0,10,0,2,0,0,5,0,0,0,0,3,0,0,0,11,1,1,2,2,0,2,2,1,0,0,0,0,0,0,0,0,0,0,0,0,0,0,0,0,0,0,0,0,0,0,0,2,2,3,3,0,0
"LL12 9",4985,4946,0,0,0,0,0,0,0,0,0,1,1,3,15,0,0,7,2,0,0,0,0,0,0,0,3,1,1,0,0,0,0,1,0,0,0,0,0,0,0,0,0,0,0,0,2,0,1,1,0,0,3,0,0,0,0,1,0,0,0,0,2,0,0,0,6,2,0,2,0,0,0,2,0,0,0,0,0,0,0,0,0,0,0,0,0,0,0,0,0,0,0,0,0,0,0,0,2,2,6,5,1,0
"LL13 0",7724,7559,0,1,0,0,0,1,0,0,0,2,11,1,119,6,3,87,1,4,0,2,0,2,12,0,1,0,0,1,0,0,0,0,1,0,1,0,0,0,0,0,0,0,2,2,0,0,0,0,0,0,15,3,0,0,0,4,0,1,0,1,3,3,0,0,7,0,0,0,0,0,2,1,1,3,0,0,0,0,0,0,1,1,0,0,0,0,0,0,0,0,0,0,0,0,0,0,0,0,3,2,0,1
"LL13 7",7689,6259,0,1,1,0,0,0,0,0,0,15,85,13,851,9,13,754,12,4,5,10,0,1,37,1,1,0,1,1,0,0,0,2,0,0,0,0,0,0,0,0,0,2,11,16,11,0,5,5,1,0,235,14,39,4,0,34,1,3,16,13,64,37,2,8,161,9,6,59,3,0,0,1,1,77,5,0,0,0,0,0,18,1,0,0,0,0,0,1,2,0,0,6,0,0,5,3,7,7,4,1,3,0
"LL13 8",7548,6528,0,0,0,0,0,0,0,0,0,9,105,1,780,6,8,702,18,13,4,6,1,7,12,0,1,0,1,0,0,0,0,1,0,0,0,0,0,0,0,0,0,3,17,3,16,0,13,2,0,1,41,4,8,3,0,5,3,0,3,9,2,4,0,0,30,3,6,11,0,0,0,0,0,9,1,0,0,0,0,0,14,6,0,0,0,0,0,4,1,0,0,1,0,0,1,1,0,0,1,1,0,0
"LL13 9",10453,10075,0,1,0,0,0,1,0,0,0,3,61,1,209,1,1,185,10,1,2,7,0,0,0,1,0,1,0,0,0,0,0,0,0,0,0,0,0,0,0,0,0,0,5,8,15,0,2,5,8,0,31,5,6,4,0,8,0,0,3,5,0,0,0,0,25,2,2,14,0,0,0,4,0,3,0,0,0,0,0,0,11,0,1,0,0,1,0,0,1,0,0,3,0,0,0,5,4,4,4,2,0,2
"LL14 1",4490,4361,0,0,0,0,0,0,0,0,0,2,43,0,52,0,2,37,0,0,0,4,0,0,8,0,1,0,0,0,0,0,0,0,2,0,0,0,0,2,0,0,0,0,4,0,2,0,0,2,0,0,12,0,0,0,0,7,0,0,0,0,1,4,0,0,3,0,1,2,0,0,0,0,0,0,0,0,0,0,0,0,7,0,0,0,0,2,0,3,0,0,0,2,0,0,0,0,0,0,2,2,0,0
"LL14 2",7950,7774,0,0,0,0,0,0,0,0,0,2,35,3,72,1,3,58,0,0,0,0,0,0,8,0,2,0,0,0,0,0,0,0,2,0,0,0,0,2,0,0,0,0,12,8,0,0,0,0,0,0,21,6,0,3,0,6,0,2,0,3,1,0,0,0,12,0,3,5,1,0,0,1,0,0,2,0,0,0,0,0,2,0,0,0,0,0,0,0,0,0,0,0,0,0,2,0,0,0,7,4,2,1
"LL14 3",6719,6616,0,0,0,0,0,0,0,0,0,2,43,1,35,0,1,28,2,0,0,2,0,2,0,0,0,0,0,0,0,0,0,0,0,0,0,0,0,0,0,0,0,0,1,4,0,0,0,0,0,0,4,0,1,1,0,2,0,0,0,0,0,0,0,0,6,0,0,4,0,0,0,1,0,1,0,0,0,0,0,0,4,0,0,0,0,0,0,0,0,0,0,4,0,0,0,0,0,0,3,1,1,1
"LL14 4",3970,3854,0,0,0,0,0,0,0,0,0,0,12,0,69,3,3,54,0,0,2,5,0,0,0,1,0,1,0,0,0,0,0,0,0,0,0,0,0,0,1,0,1,1,3,0,8,0,8,0,0,0,1,0,0,0,0,1,0,0,0,0,0,0,0,0,19,0,4,2,0,0,0,2,0,9,2,0,0,0,0,0,2,0,0,0,0,1,0,1,0,0,0,0,0,0,0,0,0,0,0,0,0,0
"LL14 5",4845,4805,4,1,0,0,0,0,0,1,0,1,0,0,18,1,10,2,1,0,0,1,0,1,1,0,1,0,0,0,0,0,0,0,0,0,0,0,0,0,0,0,0,0,5,0,2,1,0,1,0,0,3,0,3,0,0,0,0,0,0,0,0,0,0,0,3,1,0,0,2,0,0,0,0,0,0,0,0,0,0,0,1,0,1,0,0,0,0,0,0,0,0,0,0,0,0,0,1,1,1,1,0,0
"LL14 6",3936,3789,0,0,0,0,0,0,0,0,0,3,25,3,84,4,4,62,0,0,1,1,0,3,6,0,2,0,1,0,0,0,0,0,0,0,0,0,0,0,0,0,0,0,9,0,0,0,0,0,0,0,6,0,0,0,0,4,0,0,0,0,0,0,0,2,9,0,0,7,0,0,0,0,0,2,0,0,0,0,0,0,6,0,0,0,0,0,0,0,0,0,0,3,0,0,1,2,1,1,1,0,0,1
"LL15 1",7073,6873,0,1,0,0,0,0,0,1,0,4,1,4,55,1,3,32,0,0,3,0,0,3,7,1,4,0,0,0,1,0,0,0,0,0,0,0,0,0,0,0,0,11,4,1,3,0,2,0,0,1,19,2,1,0,0,0,0,0,0,7,9,0,0,0,95,6,13,55,0,2,15,0,2,2,0,0,0,0,0,0,0,0,0,0,0,0,0,0,0,0,0,0,0,0,0,0,0,0,2,1,1,0
"LL15 2",3416,3387,0,1,0,0,0,0,0,1,0,2,2,0,13,2,1,1,0,4,0,0,0,0,1,1,2,0,1,0,0,0,0,0,0,0,0,0,0,0,0,0,0,1,0,1,2,0,0,0,0,2,3,1,0,0,0,0,0,0,0,2,0,0,0,0,2,0,0,1,0,0,0,1,0,0,0,0,0,0,0,0,0,0,0,0,0,0,0,0,0,0,0,0,0,0,0,0,0,0,2,0,0,2
"LL16 3",6440,6283,0,0,0,0,0,0,0,0,0,3,3,1,51,3,3,43,0,0,0,0,0,0,2,0,0,0,0,0,0,0,0,0,0,0,0,0,0,0,0,0,0,1,3,1,0,0,0,0,0,0,3,0,0,0,0,1,0,0,0,1,0,0,1,0,88,0,25,12,5,0,0,1,0,45,0,0,0,0,0,0,3,0,0,0,0,0,0,0,0,0,0,2,1,0,0,0,0,0,0,0,0,0
"LL16 4",4659,4615,0,0,0,0,0,0,0,0,0,0,0,0,22,1,7,10,0,0,0,0,0,3,0,0,0,0,0,0,0,0,0,1,0,0,0,0,0,0,0,0,0,2,1,1,0,0,0,0,0,0,2,0,0,0,0,1,1,0,0,0,0,0,0,0,13,0,0,1,0,0,0,4,0,8,0,0,0,0,0,0,2,0,0,0,0,2,0,0,0,0,0,0,0,0,0,0,0,0,1,1,0,0
"LL16 5",4211,4182,0,0,0,0,0,0,0,0,0,2,0,3,5,0,0,1,0,0,0,0,0,0,0,0,3,1,0,0,0,0,0,0,0,0,0,0,0,0,0,0,0,1,0,2,0,0,0,0,0,0,4,0,1,0,0,3,0,0,0,0,0,0,0,0,11,0,4,2,0,0,0,3,0,2,0,0,1,0,0,0,0,0,0,0,0,0,0,0,0,0,0,0,0,0,0,0,0,0,0,0,0,0
"LL17 0",5137,5080,0,0,0,0,0,0,0,0,0,5,1,4,13,0,5,5,1,0,0,0,0,0,0,0,2,0,0,0,0,0,0,0,0,0,0,0,0,0,0,0,0,0,0,1,1,0,0,1,0,0,11,4,0,1,0,0,2,0,0,1,3,0,0,0,12,0,0,2,0,0,0,1,0,9,0,0,0,0,0,0,3,0,0,0,0,0,0,0,1,0,0,0,2,0,0,0,0,0,6,3,0,3
"LL18 1",3705,3504,0,0,0,0,0,0,0,0,0,2,0,2,60,1,0,19,7,0,1,4,0,24,4,0,0,0,0,0,0,0,0,0,0,0,0,0,0,0,0,0,0,3,4,2,5,0,5,0,0,0,41,1,0,10,0,7,1,2,0,10,8,0,0,2,75,2,0,19,1,0,2,0,0,45,6,0,0,0,0,0,5,0,0,0,0,0,0,0,0,0,0,1,0,0,0,4,1,1,1,0,0,1
"LL18 2",8146,7975,0,0,0,0,0,0,0,0,0,0,0,6,31,0,5,15,1,0,0,0,0,1,7,0,1,0,0,0,0,0,1,0,1,0,0,0,0,1,0,0,0,0,6,5,1,0,1,0,0,0,9,4,0,1,0,1,0,0,0,2,0,0,0,1,92,0,3,19,0,0,0,0,1,69,0,0,0,0,0,0,12,0,0,0,0,0,0,5,0,0,0,0,1,0,0,6,0,0,8,6,0,2
"LL18 3",4528,4439,0,1,0,0,0,0,0,0,1,0,0,2,44,1,1,27,1,0,0,3,4,4,0,2,1,0,0,0,0,0,0,0,1,0,1,0,0,0,0,0,0,6,1,1,3,0,3,0,0,0,8,2,0,1,0,0,1,0,0,0,4,0,0,0,13,0,0,6,0,0,0,1,0,6,0,0,0,0,0,0,4,0,0,0,0,0,0,0,0,0,0,0,0,0,0,4,0,0,5,3,0,2
"LL18 4",10215,10048,0,1,0,0,0,0,0,0,1,5,0,8,63,0,4,40,5,0,0,6,0,0,6,1,1,0,0,0,0,0,0,0,3,0,0,0,0,3,0,0,0,4,10,2,2,0,0,2,0,0,9,5,0,0,0,2,2,0,0,0,0,0,0,0,55,0,12,10,0,0,0,2,0,30,1,0,0,0,0,0,1,0,0,0,0,0,0,0,0,0,0,0,1,0,0,0,0,0,4,3,1,0
"LL18 5",9411,9273,0,0,0,0,0,0,0,0,0,1,6,3,33,2,2,15,3,6,0,0,1,0,0,2,1,0,0,0,1,0,0,0,1,0,0,0,1,0,0,0,0,0,1,5,2,0,1,0,1,0,56,11,2,0,0,17,2,0,4,5,10,0,0,5,27,0,1,11,0,0,0,2,1,12,0,0,0,0,0,0,1,0,0,0,0,0,0,0,0,0,0,1,0,0,0,0,1,1,1,0,0,1
"LL18 6",2997,2983,0,0,0,0,0,0,0,0,0,0,0,0,7,0,2,1,0,1,0,1,0,0,0,0,2,0,0,0,0,0,0,0,0,0,0,0,0,0,0,0,0,1,0,0,0,0,0,0,0,0,0,0,0,0,0,0,0,0,0,0,0,0,0,0,4,0,2,0,0,0,0,0,0,1,1,0,0,0,0,0,0,0,0,0,0,0,0,0,0,0,0,0,0,0,0,0,2,2,0,0,0,0
"LL19 7",6858,6774,0,0,0,0,0,0,0,0,0,3,0,1,41,0,6,18,5,0,6,1,0,0,1,0,2,0,0,2,0,0,0,0,1,1,0,0,0,0,0,0,0,0,1,2,0,0,0,0,0,0,14,0,0,0,0,9,0,0,0,1,4,0,0,0,18,6,1,7,0,0,0,1,0,3,0,0,0,0,0,0,3,0,0,0,0,0,0,0,0,0,0,0,1,0,0,2,0,0,0,0,0,0
"LL19 8",7481,7415,0,0,0,0,0,0,0,0,0,3,2,0,21,2,4,7,0,0,0,0,0,1,5,1,0,1,0,0,0,0,0,0,1,0,0,1,0,0,0,0,0,1,4,1,0,0,0,0,0,0,7,0,0,1,0,6,0,0,0,0,0,0,0,0,18,1,1,3,0,0,0,1,1,11,0,0,0,0,0,0,3,0,0,0,0,0,0,0,0,0,0,3,0,0,0,0,4,4,1,1,0,0
"LL19 9",4914,4833,0,0,0,0,0,0,0,0,0,1,1,0,25,1,2,13,0,0,4,1,1,0,0,0,0,0,0,0,0,0,3,0,0,0,0,0,0,0,0,0,0,6,2,2,0,0,0,0,0,0,35,4,0,0,0,14,0,0,0,0,17,0,0,0,9,2,0,3,0,0,0,0,0,4,0,0,0,0,0,0,0,0,0,0,0,0,0,0,0,0,0,0,0,0,0,0,0,0,0,0,0,0
"LL20 7",4602,4558,0,0,0,0,0,0,0,0,0,3,1,2,26,0,1,20,1,0,0,0,0,1,0,0,1,2,0,0,0,0,0,0,1,0,0,0,0,1,0,0,0,0,3,0,0,0,0,0,0,0,2,0,1,0,0,0,0,0,0,1,0,0,0,0,5,0,0,0,0,0,0,3,0,1,1,0,0,0,0,0,0,0,0,0,0,0,0,0,0,0,0,0,0,0,0,0,1,1,0,0,0,0
"LL20 8",3485,3435,0,0,0,0,0,0,0,0,0,4,1,2,26,1,2,16,1,0,4,0,0,0,1,0,0,1,0,0,0,0,0,0,2,0,0,0,0,2,0,0,0,0,8,0,0,0,0,0,0,0,1,0,0,0,0,0,0,0,0,1,0,0,0,0,4,0,2,0,0,0,0,0,0,2,0,0,0,0,0,0,2,0,0,0,0,0,0,0,0,0,0,0,2,0,0,0,0,0,0,0,0,0
"LL21 0",2248,2219,0,0,0,0,0,0,0,0,0,2,0,0,24,0,1,18,0,0,4,0,0,0,0,0,0,0,1,0,0,0,0,0,0,0,0,0,0,0,0,0,0,0,0,0,0,0,0,0,0,0,0,0,0,0,0,0,0,0,0,0,0,0,0,0,2,0,0,0,0,0,0,2,0,0,0,0,0,0,0,0,0,0,0,0,0,0,0,0,0,0,0,0,0,0,0,0,0,0,1,1,0,0
"LL21 9",3658,3622,0,0,0,0,0,0,0,0,0,0,0,1,20,1,2,14,0,0,3,0,0,0,0,0,0,0,0,0,0,0,0,0,0,0,0,0,0,0,0,0,0,0,4,0,0,0,0,0,0,0,1,1,0,0,0,0,0,0,0,0,0,0,0,0,6,1,0,0,0,0,0,2,2,1,0,0,0,0,0,0,1,0,0,0,0,0,0,0,0,0,0,0,1,0,0,0,0,0,3,2,0,1
"LL22 7",7880,7813,0,0,0,0,0,0,0,0,0,0,1,5,19,2,0,12,0,0,0,0,0,0,0,0,2,1,0,1,0,0,1,0,0,0,0,0,0,0,0,0,0,1,3,2,4,0,0,0,0,4,11,2,1,0,0,2,2,1,1,0,0,0,0,2,16,1,2,6,0,0,0,2,0,4,1,0,0,0,0,0,1,0,0,0,0,0,0,0,0,0,0,0,1,0,0,0,1,1,3,2,1,0
"LL22 8",5303,5239,0,0,0,0,0,0,0,0,0,0,0,1,14,0,3,4,0,0,0,0,2,0,0,0,2,1,1,1,0,0,0,0,1,0,0,0,0,1,0,0,0,2,6,0,1,0,0,0,1,0,15,4,0,0,0,1,0,0,0,4,0,0,0,6,21,0,4,7,0,1,1,1,0,6,1,0,1,0,0,0,0,0,0,0,0,0,0,0,0,0,0,0,0,0,0,0,0,0,2,0,1,1
"LL22 9",4029,4004,0,0,0,0,0,0,0,0,0,0,0,0,11,1,1,4,0,1,0,1,0,2,0,0,1,0,0,0,0,0,0,0,1,0,0,1,0,0,0,0,0,0,0,1,0,0,0,0,0,0,0,0,0,0,0,0,0,0,0,0,0,0,0,0,11,0,1,7,0,0,0,1,0,1,1,0,0,0,0,0,1,0,0,0,0,0,0,0,0,0,0,0,0,0,1,0,0,0,0,0,0,0
"LL23 7",4195,4155,0,0,0,0,0,0,0,0,0,0,3,3,24,0,1,17,4,0,0,0,0,1,0,0,0,0,0,0,0,0,1,0,0,0,0,0,0,0,0,0,0,0,0,0,0,0,0,0,0,0,0,0,0,0,0,0,0,0,0,0,0,0,0,0,5,0,0,1,1,0,0,3,0,0,0,0,0,0,0,0,2,0,0,0,0,2,0,0,0,0,0,0,0,0,0,0,0,0,3,3,0,0
"LL24 0",1872,1843,0,0,0,0,0,0,0,0,0,0,0,1,17,0,0,9,2,0,2,0,0,4,0,0,0,0,0,0,0,0,0,0,0,0,0,0,0,0,0,0,0,0,0,0,0,0,0,0,0,0,0,0,0,0,0,0,0,0,0,0,0,0,0,0,10,0,0,2,0,0,0,3,0,4,1,0,0,0,0,0,0,0,0,0,0,0,0,0,0,0,0,0,0,0,0,0,0,0,1,1,0,0
"LL25 0",459,455,0,0,0,0,0,0,0,0,0,0,0,0,4,0,1,0,0,0,0,3,0,0,0,0,0,0,0,0,0,0,0,0,0,0,0,0,0,0,0,0,0,0,0,0,0,0,0,0,0,0,0,0,0,0,0,0,0,0,0,0,0,0,0,0,0,0,0,0,0,0,0,0,0,0,0,0,0,0,0,0,0,0,0,0,0,0,0,0,0,0,0,0,0,0,0,0,0,0,0,0,0,0
"LL26 0",4417,4356,0,0,0,0,0,0,0,0,0,4,1,1,42,5,0,27,0,0,4,0,0,0,4,1,0,1,0,0,0,0,0,0,0,0,0,0,0,0,0,0,0,1,1,0,0,0,0,0,0,0,1,0,1,0,0,0,0,0,0,0,0,0,0,0,6,0,0,5,0,0,0,0,0,1,0,0,0,0,0,0,2,0,0,0,0,0,0,0,0,0,0,0,2,0,0,0,1,1,1,1,0,0
"LL27 0",761,753,0,0,0,0,0,0,0,0,0,2,0,1,1,0,0,1,0,0,0,0,0,0,0,0,0,0,0,0,0,0,0,0,0,0,0,0,0,0,0,0,0,0,0,0,0,0,0,0,0,0,1,0,0,0,0,1,0,0,0,0,0,0,0,0,2,0,0,1,0,0,0,1,0,0,0,0,0,0,0,0,1,0,0,0,0,0,0,0,0,0,0,0,0,0,1,0,0,0,0,0,0,0
"LL28 4",7972,7857,0,0,0,0,0,0,0,0,0,3,7,0,48,4,11,17,1,0,2,0,1,3,0,5,1,2,0,0,1,0,0,0,1,0,0,0,0,1,0,0,0,3,8,5,2,0,1,1,0,0,8,0,1,0,0,0,0,0,0,0,7,0,0,0,21,0,0,13,0,0,0,1,0,7,0,0,0,0,0,0,2,0,0,0,0,0,0,0,0,0,0,2,0,0,0,0,0,0,7,5,0,2
"LL28 5",5812,5747,0,0,0,0,0,0,0,0,0,1,0,5,20,3,4,8,0,0,0,1,0,2,0,0,2,0,0,0,0,0,0,0,1,0,0,1,0,0,0,0,0,1,1,3,0,0,0,0,0,0,9,0,3,0,0,5,1,0,0,0,0,0,0,0,17,0,6,2,0,0,4,1,0,4,0,0,0,0,0,0,2,0,0,0,0,0,0,2,0,0,0,0,0,0,0,0,2,2,3,3,0,0
"LL29 6",1867,1820,0,0,0,0,0,0,0,0,0,4,0,0,9,1,0,1,0,0,0,0,0,1,0,2,0,3,0,0,0,0,0,1,0,0,0,0,0,0,0,0,0,0,3,4,1,0,0,1,0,0,11,0,3,0,0,3,0,0,0,0,5,0,0,0,7,0,0,7,0,0,0,0,0,0,0,0,0,0,0,0,5,0,0,0,0,0,0,0,0,0,0,3,2,0,0,0,0,0,3,2,0,1
"LL29 7",4278,4073,0,0,0,0,0,0,0,0,0,2,4,6,85,4,46,20,0,0,0,0,2,2,0,0,1,8,0,1,0,0,1,0,1,0,0,1,0,0,0,0,0,12,2,5,3,0,0,1,2,0,29,7,0,0,0,5,4,0,0,1,1,0,10,1,56,2,13,30,1,0,2,4,0,3,1,0,0,0,0,0,0,0,0,0,0,0,0,0,0,0,0,0,0,0,0,0,0,0,0,0,0,0
"LL29 8",6083,5971,0,2,0,0,0,2,0,0,0,4,3,9,31,2,2,16,0,1,0,2,1,1,2,2,0,1,0,0,0,0,1,0,3,0,1,0,0,2,0,0,0,6,8,3,3,0,1,2,0,0,21,1,0,1,0,5,0,0,0,5,3,0,5,1,16,0,4,4,0,0,0,1,0,7,0,0,0,0,0,0,2,0,0,0,0,0,0,0,0,0,0,1,1,0,0,0,0,0,1,0,0,1
"LL29 9",7380,7321,0,3,0,0,0,0,0,3,0,2,1,2,20,1,5,10,0,0,1,0,0,2,0,0,0,0,0,0,0,0,1,0,1,0,0,1,0,0,0,0,0,0,2,2,1,0,0,1,0,0,6,0,2,0,0,3,1,0,0,0,0,0,0,0,11,0,2,2,0,0,0,3,1,3,0,0,0,0,0,0,3,0,0,0,0,0,0,0,0,0,0,0,0,0,0,3,2,2,3,1,1,1
"LL30 1",9348,9109,0,2,2,0,0,0,0,0,0,3,3,14,121,10,0,53,9,2,12,4,2,11,15,0,0,1,0,0,0,0,0,2,1,0,0,0,0,1,0,0,0,10,1,12,2,0,0,0,1,1,22,0,3,0,0,12,0,0,0,2,5,0,0,0,40,0,6,24,0,0,1,3,0,5,1,0,0,0,0,0,3,0,0,0,0,0,0,0,0,0,0,1,0,0,1,1,2,2,3,3,0,0
"LL30 2",7159,6802,0,0,0,0,0,0,0,0,0,9,14,11,229,10,5,162,12,10,6,5,4,8,3,3,0,1,0,0,0,0,0,0,2,1,0,0,0,1,0,0,0,12,7,18,2,0,2,0,0,0,11,0,0,0,0,6,0,1,0,0,4,0,0,0,29,2,1,12,0,0,0,5,1,7,1,0,0,0,0,0,7,0,0,0,0,0,0,0,0,0,0,0,6,0,0,1,3,3,3,2,0,1
"LL30 3",4767,4699,0,0,0,0,0,0,0,0,0,2,1,3,31,4,7,18,0,0,0,0,0,0,0,0,0,2,0,0,0,0,0,0,1,0,0,1,0,0,0,0,0,0,0,4,8,0,1,0,0,7,7,2,2,0,0,0,0,0,0,1,2,0,0,0,8,1,4,0,1,0,1,1,0,0,0,0,0,0,0,0,0,0,0,0,0,0,0,0,0,0,0,0,0,0,0,0,1,1,2,2,0,0
"LL31 9",9157,9040,0,0,0,0,0,0,0,0,0,8,2,1,52,2,6,27,0,1,1,1,0,0,4,0,5,3,1,0,0,0,1,0,1,0,0,0,0,1,0,0,0,0,2,6,4,0,2,0,1,1,6,0,0,0,0,2,0,2,0,1,0,0,0,1,18,0,2,8,0,0,3,3,1,1,0,0,0,0,0,0,1,1,0,0,0,0,0,0,0,0,0,0,0,0,0,0,2,2,14,14,0,0
"LL32 8",6348,6293,0,1,0,0,0,0,0,1,0,3,1,7,23,2,8,4,1,0,3,0,0,2,0,1,2,0,0,0,0,0,0,0,1,0,0,0,0,1,0,0,0,1,2,4,0,0,0,0,0,0,3,1,0,1,0,0,0,0,0,0,0,0,1,0,6,0,0,2,0,0,0,2,0,2,0,0,0,0,0,0,1,0,0,0,0,0,0,0,1,0,0,0,0,0,0,0,1,1,1,1,0,0
"LL33 0",3756,3717,0,0,0,0,0,0,0,0,0,1,2,10,14,0,2,8,0,1,0,0,0,0,0,0,2,1,0,0,0,0,0,0,0,0,0,0,0,0,0,0,0,0,0,0,0,0,0,0,0,0,1,0,0,0,0,0,0,0,0,1,0,0,0,0,9,0,0,6,1,1,0,0,1,0,0,0,0,0,0,0,0,0,0,0,0,0,0,0,0,0,0,0,0,0,0,0,0,0,2,1,0,1
"LL34 6",4210,4174,0,2,0,0,0,0,0,2,0,4,0,0,14,1,4,5,0,0,0,0,0,0,0,0,1,0,0,3,0,0,0,0,0,0,0,0,0,0,0,0,0,2,1,2,0,0,0,0,0,0,0,0,0,0,0,0,0,0,0,0,0,0,0,0,7,0,0,0,1,0,0,4,1,1,0,0,0,0,0,0,1,0,0,0,0,0,0,0,0,0,0,0,0,0,0,1,1,1,2,1,0,1
"LL35 0",869,859,0,0,0,0,0,0,0,0,0,0,1,1,5,0,4,0,0,0,0,0,0,0,0,0,1,0,0,0,0,0,0,0,0,0,0,0,0,0,0,0,0,0,0,0,0,0,0,0,0,0,0,0,0,0,0,0,0,0,0,0,0,0,0,0,3,0,0,2,0,0,0,0,0,1,0,0,0,0,0,0,0,0,0,0,0,0,0,0,0,0,0,0,0,0,0,0,0,0,0,0,0,0
"LL36 0",1466,1462,0,0,0,0,0,0,0,0,0,0,0,0,2,0,0,1,0,0,0,0,0,0,0,0,1,0,0,0,0,0,0,0,0,0,0,0,0,0,0,0,0,0,0,0,0,0,0,0,0,0,1,1,0,0,0,0,0,0,0,0,0,0,0,0,0,0,0,0,0,0,0,0,0,0,0,0,0,0,0,0,0,0,0,0,0,0,0,0,0,0,0,0,0,0,0,0,1,1,0,0,0,0
"LL36 9",3090,3068,0,1,1,0,0,0,0,0,0,1,0,0,4,0,0,1,1,0,0,0,0,0,0,0,2,0,0,0,0,0,0,0,0,0,0,0,0,0,0,0,0,0,4,0,0,0,0,0,0,0,5,0,1,4,0,0,0,0,0,0,0,0,0,0,5,0,0,5,0,0,0,0,0,0,0,0,0,0,0,0,2,0,0,0,0,0,0,0,0,0,0,0,2,0,0,0,0,0,0,0,0,0
"LL37 2",517,512,0,0,0,0,0,0,0,0,0,2,0,0,1,0,0,0,0,0,0,0,0,0,0,0,1,0,0,0,0,0,0,0,0,0,0,0,0,0,0,0,0,0,0,0,0,0,0,0,0,0,2,0,0,0,0,1,0,0,0,0,0,0,0,1,0,0,0,0,0,0,0,0,0,0,0,0,0,0,0,0,0,0,0,0,0,0,0,0,0,0,0,0,0,0,0,0,0,0,0,0,0,0
"LL38 2",707,707,0,0,0,0,0,0,0,0,0,0,0,0,0,0,0,0,0,0,0,0,0,0,0,0,0,0,0,0,0,0,0,0,0,0,0,0,0,0,0,0,0,0,0,0,0,0,0,0,0,0,0,0,0,0,0,0,0,0,0,0,0,0,0,0,0,0,0,0,0,0,0,0,0,0,0,0,0,0,0,0,0,0,0,0,0,0,0,0,0,0,0,0,0,0,0,0,0,0,0,0,0,0
"LL39 1",301,301,0,0,0,0,0,0,0,0,0,0,0,0,0,0,0,0,0,0,0,0,0,0,0,0,0,0,0,0,0,0,0,0,0,0,0,0,0,0,0,0,0,0,0,0,0,0,0,0,0,0,0,0,0,0,0,0,0,0,0,0,0,0,0,0,0,0,0,0,0,0,0,0,0,0,0,0,0,0,0,0,0,0,0,0,0,0,0,0,0,0,0,0,0,0,0,0,0,0,0,0,0,0
"LL40 1",2083,2043,0,0,0,0,0,0,0,0,0,1,0,6,8,0,3,3,0,0,2,0,0,0,0,0,0,0,0,0,0,0,0,0,0,0,0,0,0,0,0,0,0,0,0,7,0,0,0,0,0,0,10,0,0,0,0,9,1,0,0,0,0,0,0,0,3,0,1,2,0,0,0,0,0,0,0,0,0,0,0,0,0,0,0,0,0,0,0,0,0,0,0,0,0,0,0,0,2,2,3,0,0,3
"LL40 2",1942,1929,0,0,0,0,0,0,0,0,0,1,0,1,8,0,0,2,0,0,0,0,0,0,0,0,6,0,0,0,0,0,0,0,0,0,0,0,0,0,0,0,0,1,0,0,0,0,0,0,0,0,0,0,0,0,0,0,0,0,0,0,0,0,0,0,2,0,0,1,0,0,0,1,0,0,0,0,0,0,0,0,0,0,0,0,0,0,0,0,0,0,0,0,0,0,0,0,0,0,0,0,0,0
"LL41 3",2883,2844,0,0,0,0,0,0,0,0,0,1,1,3,16,0,3,6,1,0,0,5,0,0,0,0,1,0,0,0,0,0,0,0,0,0,0,0,0,0,0,0,0,1,4,5,1,0,1,0,0,0,1,0,0,0,0,1,0,0,0,0,0,0,0,0,5,0,0,4,0,0,0,0,0,1,0,0,0,0,0,0,1,0,0,0,0,0,0,0,0,0,0,0,0,0,1,0,0,0,0,0,0,0
"LL41 4",3366,3340,0,0,0,0,0,0,0,0,0,0,0,1,10,1,1,5,0,0,0,2,0,0,0,0,1,0,0,0,0,0,0,0,0,0,0,0,0,0,0,0,0,0,0,3,1,0,1,0,0,0,1,0,0,1,0,0,0,0,0,0,0,0,0,0,6,0,0,4,0,0,0,1,0,0,1,0,0,0,0,0,3,0,0,0,0,0,0,0,1,0,0,0,2,0,0,0,1,1,0,0,0,0
"LL42 1",2422,2385,0,1,0,0,0,0,0,1,0,1,0,3,13,0,5,5,0,0,0,0,3,0,0,0,0,0,0,0,0,0,0,0,0,0,0,0,0,0,0,0,0,0,0,10,0,0,0,0,0,0,3,0,2,0,0,1,0,0,0,0,0,0,0,0,3,0,0,2,0,0,0,1,0,0,0,0,0,0,0,0,1,0,0,0,0,0,0,1,0,0,0,0,0,0,0,0,1,1,1,0,1,0
"LL43 2",453,453,0,0,0,0,0,0,0,0,0,0,0,0,0,0,0,0,0,0,0,0,0,0,0,0,0,0,0,0,0,0,0,0,0,0,0,0,0,0,0,0,0,0,0,0,0,0,0,0,0,0,0,0,0,0,0,0,0,0,0,0,0,0,0,0,0,0,0,0,0,0,0,0,0,0,0,0,0,0,0,0,0,0,0,0,0,0,0,0,0,0,0,0,0,0,0,0,0,0,0,0,0,0
"LL44 2",1031,1029,0,0,0,0,0,0,0,0,0,1,0,0,1,0,1,0,0,0,0,0,0,0,0,0,0,0,0,0,0,0,0,0,0,0,0,0,0,0,0,0,0,0,0,0,0,0,0,0,0,0,0,0,0,0,0,0,0,0,0,0,0,0,0,0,0,0,0,0,0,0,0,0,0,0,0,0,0,0,0,0,0,0,0,0,0,0,0,0,0,0,0,0,0,0,0,0,0,0,0,0,0,0
"LL45 2",615,608,0,0,0,0,0,0,0,0,0,0,0,0,4,0,1,2,0,0,0,0,0,1,0,0,0,0,0,0,0,0,0,0,0,0,0,0,0,0,0,0,0,0,0,0,0,0,0,0,0,0,0,0,0,0,0,0,0,0,0,0,0,0,0,0,1,0,0,0,0,0,0,1,0,0,0,0,0,0,0,0,0,0,0,0,0,0,0,0,0,0,0,0,0,0,0,0,0,0,2,2,0,0
"LL46 2",1864,1845,0,0,0,0,0,0,0,0,0,0,1,0,4,0,0,4,0,0,0,0,0,0,0,0,0,0,0,0,0,0,0,0,0,0,0,0,0,0,0,0,0,0,0,0,0,0,0,0,0,0,1,0,0,0,0,0,0,0,0,0,0,0,1,0,9,0,0,8,0,0,0,1,0,0,0,0,0,0,0,0,3,0,0,0,0,0,0,0,0,0,0,0,2,1,0,0,0,0,1,0,0,1
"LL47 6",537,533,0,0,0,0,0,0,0,0,0,0,0,0,2,1,0,1,0,0,0,0,0,0,0,0,0,0,0,0,0,0,0,0,0,0,0,0,0,0,0,0,0,0,0,0,0,0,0,0,0,0,0,0,0,0,0,0,0,0,0,0,0,0,0,0,2,0,0,0,0,0,0,2,0,0,0,0,0,0,0,0,0,0,0,0,0,0,0,0,0,0,0,0,0,0,0,0,0,0,0,0,0,0
"LL48 6",2493,2475,0,0,0,0,0,0,0,0,0,3,0,0,8,1,1,2,0,0,0,0,0,0,0,0,2,0,0,2,0,0,0,0,2,0,0,0,0,2,0,0,0,0,0,0,0,0,0,0,0,0,0,0,0,0,0,0,0,0,0,0,0,0,0,0,0,0,0,0,0,0,0,0,0,0,0,0,0,0,0,0,5,0,4,0,0,0,0,0,0,0,0,0,0,0,1,0,0,0,0,0,0,0
"LL49 9",4505,4440,0,0,0,0,0,0,0,0,0,2,0,2,29,1,0,13,2,2,8,0,0,1,0,0,1,0,0,0,1,0,0,0,1,0,0,0,0,1,0,0,0,0,3,5,0,0,0,0,0,0,10,0,3,1,0,0,0,0,0,0,6,0,0,0,12,0,2,2,2,0,0,6,0,0,0,0,0,0,0,0,0,0,0,0,0,0,0,0,0,0,0,0,0,0,0,0,0,0,1,0,0,1
"LL51 9",607,602,0,0,0,0,0,0,0,0,0,2,0,0,3,2,0,0,0,0,0,0,0,0,0,0,0,0,0,1,0,0,0,0,0,0,0,0,0,0,0,0,0,0,0,0,0,0,0,0,0,0,0,0,0,0,0,0,0,0,0,0,0,0,0,0,0,0,0,0,0,0,0,0,0,0,0,0,0,0,0,0,0,0,0,0,0,0,0,0,0,0,0,0,0,0,0,0,0,0,0,0,0,0
"LL52 0",2597,2566,0,0,0,0,0,0,0,0,0,2,0,1,18,1,4,6,0,0,3,0,0,2,1,1,0,0,0,0,0,0,0,0,0,0,0,0,0,0,0,0,0,0,0,1,0,0,0,0,0,0,4,2,0,0,0,2,0,0,0,0,0,0,0,0,4,0,0,3,0,0,0,0,0,1,0,0,0,0,0,0,0,0,0,0,0,0,0,0,0,0,0,0,0,0,0,0,0,0,1,1,0,0
"LL53 5",4453,4365,0,0,0,0,0,0,0,0,0,1,0,0,71,0,1,29,18,2,0,19,0,0,0,0,1,0,0,1,0,0,0,0,2,0,0,1,0,1,0,0,0,1,1,2,0,0,0,0,0,0,5,0,0,0,0,1,0,0,1,3,0,0,0,0,4,0,0,2,0,0,0,1,0,0,1,0,0,0,0,0,0,0,0,0,0,0,0,0,0,0,0,0,0,0,0,0,0,0,1,0,0,1
"LL53 6",5397,5351,0,0,0,0,0,0,0,0,0,2,1,2,20,2,5,7,3,1,0,1,0,0,0,0,0,0,0,0,0,0,1,0,1,0,0,1,0,0,0,0,0,0,0,4,4,0,3,0,1,0,2,0,0,0,0,0,0,0,0,0,2,0,0,0,8,0,0,0,0,0,0,2,5,1,0,0,0,0,0,0,0,0,0,0,0,0,0,0,0,0,0,0,0,0,0,0,1,1,1,1,0,0
"LL53 7",3379,3240,0,0,0,0,0,0,0,0,0,2,0,3,108,0,0,104,1,0,0,1,0,0,0,0,2,0,0,0,0,0,0,0,0,0,0,0,0,0,0,0,0,1,0,12,1,0,0,1,0,0,1,0,0,0,0,0,0,0,0,0,0,1,0,0,7,0,0,3,0,0,0,3,0,1,0,0,0,0,0,0,4,0,0,0,0,0,0,0,0,0,0,0,4,0,0,0,0,0,0,0,0,0
"LL53 8",3428,3381,0,0,0,0,0,0,0,0,0,0,0,0,16,0,8,2,4,0,0,0,0,0,0,0,2,0,0,0,0,0,0,0,1,0,0,0,0,1,0,0,0,1,3,20,0,0,0,0,0,0,0,0,0,0,0,0,0,0,0,0,0,0,0,0,2,0,0,0,0,0,0,1,0,1,0,0,0,0,0,0,0,0,0,0,0,0,0,0,0,0,0,0,0,0,0,0,0,0,4,1,0,3
"LL54 5",3143,3119,0,0,0,0,0,0,0,0,0,0,0,1,15,0,6,2,1,0,0,2,3,0,0,1,0,0,0,0,0,0,0,0,1,0,0,0,0,1,0,0,0,0,0,3,0,0,0,0,0,0,1,0,0,0,0,0,0,0,0,0,1,0,0,0,3,0,0,3,0,0,0,0,0,0,0,0,0,0,0,0,0,0,0,0,0,0,0,0,0,0,0,0,0,0,0,0,0,0,0,0,0,0
"LL54 6",3986,3972,0,0,0,0,0,0,0,0,0,1,1,1,7,0,4,2,0,0,0,0,0,0,0,1,0,0,0,0,0,0,0,0,0,0,0,0,0,0,0,0,0,0,0,0,0,0,0,0,0,0,1,0,0,0,0,0,0,0,0,1,0,0,0,0,0,0,0,0,0,0,0,0,0,0,0,0,0,0,0,0,1,0,0,0,0,0,0,0,0,0,0,0,0,1,0,0,1,1,1,1,0,0
"LL54 7",3700,3669,0,0,0,0,0,0,0,0,0,0,0,4,19,0,5,7,0,0,1,0,0,0,0,0,3,1,0,1,0,0,1,0,0,0,0,0,0,0,0,0,0,0,0,2,0,0,0,0,0,0,0,0,0,0,0,0,0,0,0,0,0,0,0,0,5,0,4,0,0,0,0,0,0,1,0,0,0,0,0,0,0,0,0,0,0,0,0,0,0,0,0,0,0,0,0,0,0,0,1,0,0,1
"LL55 1",4996,4918,0,1,1,0,0,0,0,0,0,3,1,2,37,0,3,24,2,0,1,0,2,5,0,0,0,0,0,0,0,0,0,0,1,0,0,0,0,1,0,0,0,0,1,2,2,0,0,0,2,0,19,2,3,0,0,5,2,0,0,0,7,0,0,0,6,0,3,0,0,0,0,3,0,0,0,0,0,0,0,0,2,0,0,0,0,0,0,0,0,0,0,0,0,1,0,1,0,0,1,1,0,0
"LL55 2",6485,6374,0,0,0,0,0,0,0,0,0,4,2,1,48,2,8,17,1,1,2,5,2,6,1,1,2,0,0,0,0,0,0,0,0,0,0,0,0,0,0,0,0,5,10,6,5,0,2,1,1,1,14,0,2,0,0,9,0,0,0,2,0,0,0,1,13,0,7,2,0,0,0,2,0,1,1,0,0,0,0,0,2,0,0,0,0,0,0,0,0,0,0,0,1,0,0,1,0,0,1,0,0,1
"LL55 3",3013,2992,0,1,1,0,0,0,0,0,0,5,0,0,8,0,3,1,0,0,0,1,0,0,0,1,1,1,0,0,0,0,0,0,0,0,0,0,0,0,0,0,0,0,2,0,0,0,0,0,0,0,0,0,0,0,0,0,0,0,0,0,0,0,0,0,5,0,0,1,0,0,0,3,0,1,0,0,0,0,0,0,0,0,0,0,0,0,0,0,0,0,0,0,0,0,0,0,0,0,0,0,0,0
"LL55 4",6345,6294,0,2,0,0,0,0,0,2,0,4,0,1,24,1,1,7,1,0,0,0,0,0,0,2,8,2,2,0,0,0,0,0,0,0,0,0,0,0,0,0,0,0,0,12,0,0,0,0,0,0,1,0,0,0,0,0,0,0,0,0,1,0,0,0,4,0,0,1,0,0,0,2,0,1,0,1,0,0,0,0,0,0,0,0,0,0,0,0,0,0,0,0,0,0,0,0,0,0,2,1,0,1
"LL56 4",2189,2068,0,0,0,0,0,0,0,0,0,3,2,1,31,1,5,5,1,2,4,0,1,3,5,3,0,0,0,0,0,0,0,1,0,0,0,0,0,0,0,0,0,0,0,64,3,0,0,0,3,0,7,1,0,4,0,0,0,0,0,1,0,0,1,0,8,3,0,5,0,0,0,0,0,0,0,1,0,0,0,0,1,0,0,0,0,0,0,0,0,0,0,0,1,0,0,0,0,0,0,0,0,0
"LL57 1",5899,5316,0,0,0,0,0,0,0,0,0,6,7,18,78,10,18,15,4,3,1,0,0,1,0,11,6,2,2,2,0,0,1,2,1,0,0,1,0,0,0,0,0,3,10,157,11,0,9,0,2,0,55,4,11,1,0,18,1,2,4,4,3,0,3,4,223,10,10,160,3,3,7,0,7,23,0,0,0,0,0,0,13,0,0,1,0,1,0,0,2,0,0,1,0,1,2,5,0,0,1,0,0,1
"LL57 2",9688,8635,0,1,1,0,0,0,0,0,0,25,13,32,164,9,36,48,5,4,6,10,1,3,5,22,2,5,1,3,0,0,1,3,2,0,1,0,0,1,0,0,0,11,6,139,38,0,10,12,12,4,124,40,13,1,1,29,0,0,2,13,19,1,2,3,481,21,23,374,7,5,6,2,19,19,5,0,0,0,0,0,13,4,0,0,0,0,0,1,0,0,0,0,2,1,0,5,3,3,1,1,0,0
"LL57 3",5380,5328,0,1,1,0,0,0,0,0,0,2,2,1,16,2,4,4,1,0,0,0,0,1,0,2,0,0,1,0,0,0,1,0,1,1,0,0,0,0,0,0,0,0,0,5,3,1,0,2,0,0,0,0,0,0,0,0,0,0,0,0,0,0,0,0,11,1,1,5,0,0,0,2,0,2,0,0,0,0,0,0,3,0,0,0,0,0,0,0,0,0,0,0,0,1,0,2,1,1,6,2,3,1
"LL57 4",5837,5589,0,0,0,0,0,0,0,0,0,4,14,3,64,3,15,33,1,0,0,0,0,0,1,3,8,0,0,0,0,0,0,0,1,0,0,1,0,0,0,0,0,2,0,73,6,0,3,0,2,1,25,14,2,0,0,3,0,0,1,1,0,4,0,0,47,2,7,15,0,0,0,1,9,11,2,0,0,0,0,0,4,0,0,0,0,0,0,1,0,0,0,0,1,1,0,1,2,2,3,0,1,2
"LL58 8",3772,3726,0,0,0,0,0,0,0,0,0,1,9,7,16,2,5,2,0,0,2,0,0,1,0,1,2,0,0,0,0,0,0,1,1,1,0,0,0,0,0,0,0,0,1,2,0,0,0,0,0,0,1,0,0,0,0,1,0,0,0,0,0,0,0,0,6,0,0,3,1,0,0,1,0,1,0,0,0,0,0,0,1,0,0,0,0,0,0,0,0,0,0,0,1,0,0,0,0,0,1,0,0,1
"LL59 5",5455,5259,0,1,1,0,0,0,0,0,0,11,7,9,44,1,12,6,3,2,0,4,4,1,0,3,5,1,0,1,0,0,1,0,0,0,0,0,0,0,0,0,0,5,1,33,4,0,4,0,0,0,24,1,2,2,0,6,0,0,0,0,10,0,3,0,54,1,7,28,0,0,0,1,11,6,0,0,0,0,0,0,2,0,0,0,0,0,0,0,0,0,0,0,2,0,0,0,1,1,0,0,0,0
"LL60 6",3043,3020,0,0,0,0,0,0,0,0,0,0,1,2,9,1,2,5,0,0,0,0,0,0,0,0,0,0,1,0,0,0,0,0,1,0,0,0,0,1,0,0,0,0,0,3,0,0,0,0,0,0,0,0,0,0,0,0,0,0,0,0,0,0,0,0,5,0,0,2,0,2,0,1,0,0,0,0,0,0,0,0,1,0,0,0,0,0,0,0,0,0,0,0,0,0,1,0,0,0,1,1,0,0
"LL61 5",3023,2940,0,0,0,0,0,0,0,0,0,0,6,1,15,0,3,5,0,0,0,7,0,0,0,0,0,0,0,0,0,0,0,0,0,0,0,0,0,0,0,0,0,0,0,14,0,0,0,0,0,0,18,2,0,0,0,2,0,0,0,0,14,0,0,0,27,0,8,11,1,0,0,1,1,3,2,0,0,0,0,0,0,0,0,0,0,0,0,0,0,0,0,0,0,0,0,0,0,0,2,2,0,0
"LL61 6",2836,2815,0,0,0,0,0,0,0,0,0,0,0,2,9,2,5,0,1,1,0,0,0,0,0,0,0,0,0,0,0,0,0,0,0,0,0,0,0,0,0,0,0,2,0,0,0,0,0,0,0,0,1,0,0,0,0,0,0,0,0,0,1,0,0,0,2,0,0,1,0,0,0,1,0,0,0,0,0,0,0,0,5,0,0,0,0,0,0,0,0,0,0,1,1,0,0,3,0,0,0,0,0,0
"LL62 5",1655,1643,0,0,0,0,0,0,0,0,0,2,0,0,6,0,2,0,0,0,1,3,0,0,0,0,0,0,0,0,0,0,0,0,0,0,0,0,0,0,0,0,0,0,0,0,0,0,0,0,0,0,0,0,0,0,0,0,0,0,0,0,0,0,0,0,1,0,0,0,0,0,0,1,0,0,0,0,0,0,0,0,0,0,0,0,0,0,0,0,0,0,0,0,0,0,0,0,1,1,2,2,0,0
"LL63 5",1342,1337,0,0,0,0,0,0,0,0,0,0,0,1,0,0,0,0,0,0,0,0,0,0,0,0,0,0,0,0,0,0,0,0,0,0,0,0,0,0,0,0,0,0,0,0,0,0,0,0,0,0,2,0,1,0,0,0,0,0,0,0,0,0,1,0,1,0,0,0,1,0,0,0,0,0,0,0,0,0,0,0,0,0,0,0,0,0,0,0,0,0,0,0,0,0,0,0,0,0,1,1,0,0
"LL64 5",975,964,0,0,0,0,0,0,0,0,0,0,0,0,6,0,0,2,0,3,0,0,0,0,0,0,0,0,1,0,0,0,0,0,0,0,0,0,0,0,0,0,0,1,0,0,0,0,0,0,0,0,0,0,0,0,0,0,0,0,0,0,0,0,0,0,3,0,1,1,0,0,0,1,0,0,0,0,0,0,0,0,0,0,0,0,0,0,0,0,0,0,0,0,0,0,0,0,0,0,1,0,0,1
"LL65 1",5146,5097,0,3,0,0,0,0,0,3,0,0,2,0,18,1,2,13,0,2,0,0,0,0,0,0,0,0,0,0,0,0,0,0,0,0,0,0,0,0,0,0,0,3,2,3,1,0,1,0,0,0,10,0,0,3,0,6,0,0,0,0,0,0,1,0,6,0,2,4,0,0,0,0,0,0,0,0,0,0,0,0,0,0,0,0,0,0,0,0,0,0,0,0,0,0,0,0,0,0,1,1,0,0
"LL65 2",7989,7934,0,0,0,0,0,0,0,0,0,0,3,2,24,0,4,16,0,0,2,1,0,1,0,0,0,0,0,0,0,0,0,0,1,0,0,0,0,1,0,0,0,0,1,1,0,0,0,0,0,0,10,0,0,4,0,1,0,0,2,0,3,0,0,0,13,0,3,6,0,0,0,4,0,0,0,0,0,0,0,0,0,0,0,0,0,0,0,0,0,0,0,0,0,0,0,0,0,0,0,0,0,0
"LL65 3",6253,6218,0,0,0,0,0,0,0,0,0,0,4,1,7,0,0,5,0,0,0,0,0,1,0,1,0,0,0,0,0,0,0,0,0,0,0,0,0,0,0,0,0,0,2,8,1,0,1,0,0,0,3,1,0,0,0,2,0,0,0,0,0,0,0,0,6,0,4,2,0,0,0,0,0,0,0,0,0,0,0,0,1,0,0,0,0,0,0,0,0,0,0,0,1,0,0,0,0,0,2,1,0,1
"LL65 4",3387,3362,0,0,0,0,0,0,0,0,0,2,2,2,9,0,1,1,4,1,0,0,0,0,0,1,0,1,0,0,0,0,0,0,1,0,0,0,0,1,0,0,0,0,0,7,0,0,0,0,0,0,1,0,0,0,0,1,0,0,0,0,0,0,0,0,1,0,0,0,0,0,0,1,0,0,0,0,0,0,0,0,0,0,0,0,0,0,0,0,0,0,0,0,0,0,0,0,0,0,0,0,0,0
"LL67 0",1316,1310,0,0,0,0,0,0,0,0,0,0,0,0,2,0,0,0,0,0,0,0,0,0,1,0,1,0,0,0,0,0,0,0,0,0,0,0,0,0,0,0,0,0,1,0,0,0,0,0,0,0,0,0,0,0,0,0,0,0,0,0,0,0,0,0,2,0,0,0,0,0,0,1,0,1,0,0,0,0,0,0,0,0,0,0,0,0,0,0,0,0,0,0,0,0,0,0,0,0,1,0,0,1
"LL68 0",1253,1249,0,0,0,0,0,0,0,0,0,0,0,0,0,0,0,0,0,0,0,0,0,0,0,0,0,0,0,0,0,0,0,0,0,0,0,0,0,0,0,0,0,0,2,0,0,0,0,0,0,0,0,0,0,0,0,0,0,0,0,0,0,0,0,0,0,0,0,0,0,0,0,0,0,0,0,0,0,0,0,0,0,0,0,0,0,0,0,0,0,0,0,0,0,0,0,0,0,0,2,0,2,0
"LL68 9",4929,4895,0,0,0,0,0,0,0,0,0,1,6,0,11,0,3,3,2,0,0,0,0,0,0,0,1,0,1,0,0,1,0,0,0,0,0,0,0,0,0,0,0,1,0,1,0,0,0,0,0,0,2,0,0,0,0,2,0,0,0,0,0,0,0,0,10,0,0,4,0,0,0,3,0,3,0,0,0,0,0,0,0,0,0,0,0,0,0,0,0,0,0,0,0,0,0,0,1,1,1,1,0,0
"LL69 9",569,567,0,0,0,0,0,0,0,0,0,0,1,0,1,0,1,0,0,0,0,0,0,0,0,0,0,0,0,0,0,0,0,0,0,0,0,0,0,0,0,0,0,0,0,0,0,0,0,0,0,0,0,0,0,0,0,0,0,0,0,0,0,0,0,0,0,0,0,0,0,0,0,0,0,0,0,0,0,0,0,0,0,0,0,0,0,0,0,0,0,0,0,0,0,0,0,0,0,0,0,0,0,0
"LL70 9",346,344,0,0,0,0,0,0,0,0,0,0,0,0,2,0,0,0,0,0,1,0,0,0,0,0,0,1,0,0,0,0,0,0,0,0,0,0,0,0,0,0,0,0,0,0,0,0,0,0,0,0,0,0,0,0,0,0,0,0,0,0,0,0,0,0,0,0,0,0,0,0,0,0,0,0,0,0,0,0,0,0,0,0,0,0,0,0,0,0,0,0,0,0,0,0,0,0,0,0,0,0,0,0
"LL71 7",224,224,0,0,0,0,0,0,0,0,0,0,0,0,0,0,0,0,0,0,0,0,0,0,0,0,0,0,0,0,0,0,0,0,0,0,0,0,0,0,0,0,0,0,0,0,0,0,0,0,0,0,0,0,0,0,0,0,0,0,0,0,0,0,0,0,0,0,0,0,0,0,0,0,0,0,0,0,0,0,0,0,0,0,0,0,0,0,0,0,0,0,0,0,0,0,0,0,0,0,0,0,0,0
"LL71 8",1423,1418,0,0,0,0,0,0,0,0,0,0,0,0,2,0,0,2,0,0,0,0,0,0,0,0,0,0,0,0,0,0,0,0,0,0,0,0,0,0,0,0,0,0,0,0,0,0,0,0,0,0,0,0,0,0,0,0,0,0,0,0,0,0,0,0,1,0,0,0,0,0,0,0,0,1,0,0,0,0,0,0,0,0,0,0,0,0,0,0,0,0,0,0,0,0,0,0,1,1,1,1,0,0
"LL72 8",695,692,0,0,0,0,0,0,0,0,0,0,0,0,1,0,1,0,0,0,0,0,0,0,0,0,0,0,0,0,0,0,0,0,0,0,0,0,0,0,0,0,0,0,0,0,0,0,0,0,0,0,0,0,0,0,0,0,0,0,0,0,0,0,0,0,0,0,0,0,0,0,0,0,0,0,0,0,0,0,0,0,1,0,0,0,0,0,0,0,0,0,0,1,0,0,0,0,1,1,0,0,0,0
"LL73 8",250,249,0,0,0,0,0,0,0,0,0,0,0,0,0,0,0,0,0,0,0,0,0,0,0,0,0,0,0,0,0,0,0,0,0,0,0,0,0,0,0,0,0,0,0,1,0,0,0,0,0,0,0,0,0,0,0,0,0,0,0,0,0,0,0,0,0,0,0,0,0,0,0,0,0,0,0,0,0,0,0,0,0,0,0,0,0,0,0,0,0,0,0,0,0,0,0,0,0,0,0,0,0,0
"LL74 8",2196,2188,0,1,1,0,0,0,0,0,0,0,0,2,4,1,0,2,0,1,0,0,0,0,0,0,0,0,0,0,0,0,0,0,1,0,1,0,0,0,0,0,0,0,0,0,0,0,0,0,0,0,0,0,0,0,0,0,0,0,0,0,0,0,0,0,0,0,0,0,0,0,0,0,0,0,0,0,0,0,0,0,0,0,0,0,0,0,0,0,0,0,0,0,0,0,0,0,0,0,0,0,0,0
"LL75 8",1438,1426,0,0,0,0,0,0,0,0,0,0,0,0,4,0,0,1,0,0,0,0,0,0,0,1,2,0,0,0,0,0,0,0,0,0,0,0,0,0,0,0,0,0,0,1,0,0,0,0,0,0,0,0,0,0,0,0,0,0,0,0,0,0,0,0,4,0,0,3,1,0,0,0,0,0,0,0,0,0,0,0,0,0,0,0,0,0,0,0,0,0,0,0,0,0,0,0,2,2,1,0,0,1
"LL76 8",317,317,0,0,0,0,0,0,0,0,0,0,0,0,0,0,0,0,0,0,0,0,0,0,0,0,0,0,0,0,0,0,0,0,0,0,0,0,0,0,0,0,0,0,0,0,0,0,0,0,0,0,0,0,0,0,0,0,0,0,0,0,0,0,0,0,0,0,0,0,0,0,0,0,0,0,0,0,0,0,0,0,0,0,0,0,0,0,0,0,0,0,0,0,0,0,0,0,0,0,0,0,0,0
"LL77 7",7073,6994,0,0,0,0,0,0,0,0,0,1,10,4,35,0,5,26,3,0,0,1,0,0,0,0,0,0,0,0,0,0,0,0,0,0,0,0,0,0,0,0,0,1,0,2,1,0,1,0,0,0,2,0,0,0,0,0,0,0,0,0,2,0,0,0,16,0,11,1,0,0,0,2,1,0,1,0,0,0,0,0,1,0,0,0,0,0,0,0,0,0,0,0,1,0,0,0,0,0,6,3,0,3
"LL78 8",498,497,0,0,0,0,0,0,0,0,0,0,0,0,1,0,0,1,0,0,0,0,0,0,0,0,0,0,0,0,0,0,0,0,0,0,0,0,0,0,0,0,0,0,0,0,0,0,0,0,0,0,0,0,0,0,0,0,0,0,0,0,0,0,0,0,0,0,0,0,0,0,0,0,0,0,0,0,0,0,0,0,0,0,0,0,0,0,0,0,0,0,0,0,0,0,0,0,0,0,0,0,0,0
"NP10 0",1470,1460,0,0,0,0,0,0,0,0,0,0,0,0,5,3,0,1,0,0,0,1,0,0,0,0,0,0,0,0,0,0,0,0,0,0,0,0,0,0,0,0,0,1,1,0,0,0,0,0,0,0,1,1,0,0,0,0,0,0,0,0,0,0,0,0,2,0,0,2,0,0,0,0,0,0,0,0,0,0,0,0,0,0,0,0,0,0,0,0,0,0,0,0,0,0,0,0,0,0,0,0,0,0
"NP10 8",11570,11223,0,0,0,0,0,0,0,0,0,11,3,4,174,10,3,104,7,5,9,12,0,19,0,0,1,1,0,1,0,0,2,0,1,0,0,0,0,1,0,0,0,4,10,6,9,1,4,2,0,2,69,30,1,5,0,4,0,0,3,8,18,0,0,0,45,1,3,14,1,13,0,2,0,11,0,0,0,0,0,0,7,0,0,0,0,0,0,0,0,0,0,0,5,1,1,0,0,0,4,4,0,0
"NP10 9",9206,9010,0,0,0,0,0,0,0,0,0,1,5,6,56,9,6,19,2,1,1,3,0,5,1,0,7,2,0,0,0,0,0,0,0,0,0,0,0,0,0,0,0,1,9,17,2,1,0,0,1,0,47,17,1,2,0,2,5,7,7,4,1,0,0,1,35,1,0,7,14,9,1,1,2,0,0,0,0,0,0,0,8,0,2,1,0,0,0,0,1,0,0,1,1,0,0,2,1,1,8,8,0,0
"NP11 3",4779,4759,0,0,0,0,0,0,0,0,0,1,0,0,8,1,4,0,0,0,0,0,0,1,0,0,2,0,0,0,0,0,0,0,0,0,0,0,0,0,0,0,0,0,1,0,1,0,0,1,0,0,1,0,0,0,0,0,0,0,0,0,0,0,1,0,6,0,0,4,0,0,0,1,0,1,0,0,0,0,0,0,0,0,0,0,0,0,0,0,0,0,0,0,0,0,0,0,0,0,2,1,0,1
"NP11 4",5581,5539,0,0,0,0,0,0,0,0,0,1,0,2,17,0,2,8,2,0,0,1,0,0,2,0,2,0,0,0,0,0,0,0,0,0,0,0,0,0,0,0,0,1,5,2,0,0,0,0,0,0,3,0,1,0,0,2,0,0,0,0,0,0,0,0,5,0,0,4,0,0,0,0,0,1,0,0,0,0,0,0,0,0,0,0,0,0,0,0,0,0,0,0,0,0,0,0,2,2,4,0,4,0
"NP11 5",6358,6308,0,0,0,0,0,0,0,0,0,0,0,0,28,1,2,16,2,0,0,0,0,0,0,0,2,0,0,1,0,0,4,0,0,0,0,0,0,0,0,0,0,0,1,1,0,0,0,0,0,0,7,2,0,0,0,0,5,0,0,0,0,0,0,0,4,0,0,2,0,0,1,1,0,0,0,0,0,0,0,0,0,0,0,0,0,0,0,0,0,0,0,0,0,0,0,0,5,5,4,4,0,0
"NP11 6",10983,10892,0,2,1,0,0,0,0,0,1,2,2,3,31,2,6,11,4,0,0,5,0,1,0,1,1,0,0,0,0,0,0,0,0,0,0,0,0,0,0,0,0,0,7,1,1,0,0,1,0,0,11,5,0,0,0,3,0,0,0,0,3,0,0,0,26,2,2,12,1,2,0,0,0,7,0,0,0,0,0,0,0,0,0,0,0,0,0,0,0,0,0,0,0,0,0,0,0,0,5,5,0,0
"NP11 7",8782,8733,0,0,0,0,0,0,0,0,0,3,8,1,19,2,0,8,0,0,4,1,0,0,2,0,0,0,2,0,0,0,0,0,1,0,1,0,0,0,0,0,0,1,1,0,0,0,0,0,0,0,2,0,0,2,0,0,0,0,0,0,0,0,0,0,9,0,2,4,0,0,0,2,0,1,0,0,0,0,0,0,2,0,0,0,0,0,0,0,0,0,0,0,1,0,0,1,1,1,1,1,0,0
"NP12 0",7696,7643,0,0,0,0,0,0,0,0,0,2,0,0,22,2,1,9,2,0,3,0,0,3,0,1,1,0,0,0,0,0,0,0,0,0,0,0,0,0,0,0,0,0,0,0,2,0,0,0,0,2,4,0,0,1,0,2,0,0,0,0,0,0,0,1,14,0,6,2,0,0,2,1,0,3,0,0,0,0,0,0,0,0,0,0,0,0,0,0,0,0,0,0,0,0,0,0,1,1,8,4,0,4
"NP12 1",8242,8119,0,2,1,0,0,0,0,1,0,3,6,1,46,13,0,25,0,0,7,0,0,1,0,0,0,0,0,0,0,0,0,0,1,0,0,1,0,0,0,0,0,1,3,4,1,0,0,0,0,1,27,0,0,22,0,1,4,0,0,0,0,0,0,0,23,4,2,9,1,0,1,3,0,3,0,0,0,0,0,0,2,0,0,0,0,0,0,0,0,0,0,0,1,0,0,1,2,2,1,0,0,1
"NP12 2",8523,8478,0,0,0,0,0,0,0,0,0,1,0,1,19,3,2,6,0,1,4,0,0,2,0,0,0,0,0,0,0,0,1,0,0,0,0,0,0,0,0,0,0,0,2,3,0,0,0,0,0,0,5,2,0,3,0,0,0,0,0,0,0,0,0,0,12,4,3,5,0,0,0,0,0,0,0,0,0,0,0,0,0,0,0,0,0,0,0,0,0,0,0,0,0,0,0,0,0,0,2,1,1,0
"NP12 3",7831,7725,0,0,0,0,0,0,0,0,0,5,2,0,27,2,3,19,0,0,1,0,0,0,0,0,0,0,0,0,0,0,2,0,0,0,0,0,0,0,0,0,0,3,3,3,0,0,0,0,0,0,23,0,0,7,0,0,0,0,0,14,1,1,0,0,27,2,9,11,0,0,0,2,0,3,0,0,0,0,0,0,0,0,0,0,0,0,0,0,0,0,0,0,0,0,0,0,3,3,10,9,1,0
"NP13 1",8458,8373,0,0,0,0,0,0,0,0,0,0,0,0,56,1,0,49,0,0,4,0,0,2,0,0,0,0,0,0,0,0,0,0,0,0,0,0,0,0,0,0,0,0,4,1,0,0,0,0,0,0,4,2,0,0,0,0,2,0,0,0,0,0,0,0,15,0,4,4,0,0,4,1,1,0,1,0,0,0,0,0,0,0,0,0,0,0,0,0,0,0,0,0,0,0,0,0,2,2,3,1,2,0
"NP13 2",5982,5904,0,0,0,0,0,0,0,0,0,0,0,1,62,2,0,51,3,0,3,0,0,0,1,0,0,1,0,0,0,0,0,1,0,0,0,0,0,0,0,0,0,2,0,0,0,0,0,0,0,0,6,0,0,5,0,0,1,0,0,0,0,0,0,0,6,0,0,2,1,0,0,3,0,0,0,0,0,0,0,0,0,0,0,0,0,0,0,0,0,0,0,0,0,0,0,0,0,0,1,1,0,0
"NP13 3",4645,4614,0,0,0,0,0,0,0,0,0,0,0,1,10,2,0,5,0,0,2,0,0,0,0,1,0,0,0,0,0,0,0,0,0,0,0,0,0,0,0,0,0,0,6,0,0,0,0,0,0,0,6,2,0,2,0,2,0,0,0,0,0,0,0,0,8,0,0,3,0,0,5,0,0,0,0,0,0,0,0,0,0,0,0,0,0,0,0,0,0,0,0,0,0,0,0,0,0,0,0,0,0,0
"NP15 1",5289,5227,0,0,0,0,0,0,0,0,0,3,2,1,32,0,6,9,0,6,4,0,0,0,0,4,2,0,0,0,0,0,0,1,2,1,0,0,0,1,0,0,0,1,5,0,1,0,1,0,0,0,6,1,2,0,0,0,0,0,0,0,0,0,2,1,2,0,0,1,0,0,0,0,0,1,0,0,0,0,0,0,3,0,0,0,0,0,0,0,0,0,0,2,1,0,0,0,1,1,3,0,0,3
"NP15 2",2399,2386,0,0,0,0,0,0,0,0,0,4,0,0,5,1,1,2,1,0,0,0,0,0,0,0,0,0,0,0,0,0,0,0,1,0,0,0,0,1,0,0,0,0,0,0,0,0,0,0,0,0,1,1,0,0,0,0,0,0,0,0,0,0,0,0,2,0,0,0,0,0,0,1,0,1,0,0,0,0,0,0,0,0,0,0,0,0,0,0,0,0,0,0,0,0,0,0,0,0,0,0,0,0
"NP16 5",10976,10713,0,0,0,0,0,0,0,0,0,6,1,5,168,7,12,83,11,1,24,6,9,4,2,2,3,0,3,0,0,0,1,0,2,0,0,0,0,2,0,0,0,17,0,5,3,1,1,1,0,0,18,1,6,2,0,2,0,0,0,4,0,2,1,0,22,0,2,6,3,0,0,0,1,10,0,0,0,0,0,0,5,2,0,0,0,0,0,0,0,0,0,0,1,0,2,0,1,1,10,5,2,3
"NP16 6",6718,6637,0,0,0,0,0,0,0,0,0,11,2,5,29,2,4,4,1,1,1,1,0,0,0,2,7,1,4,0,0,0,0,1,3,2,0,0,0,1,0,0,0,3,3,4,1,0,0,1,0,0,9,0,4,0,0,4,0,0,0,0,0,0,0,1,4,0,0,3,0,0,0,1,0,0,0,0,0,0,0,0,0,0,0,0,0,0,0,0,0,0,0,0,0,0,0,0,4,4,3,3,0,0
"NP16 7",5440,5322,10,0,0,0,0,0,0,0,0,3,1,4,57,5,7,26,4,0,3,6,0,0,3,1,1,0,1,0,0,0,0,0,0,0,0,0,0,0,0,0,0,0,1,1,0,0,0,0,0,0,21,0,0,1,0,0,0,0,0,2,10,2,5,1,8,0,1,0,1,1,0,1,0,4,0,5,0,0,0,0,7,0,0,0,0,0,0,0,0,0,0,0,6,0,0,1,0,0,0,0,0,0
"NP18 1",4702,4652,0,0,0,0,0,0,0,0,0,4,2,2,21,3,2,10,1,2,0,1,0,0,0,1,0,1,0,0,0,0,0,0,1,0,0,0,0,1,0,0,0,2,0,0,1,0,0,1,0,0,8,0,0,2,0,4,0,0,0,0,0,2,0,0,4,0,0,1,0,0,1,0,0,2,0,0,0,0,0,0,2,0,0,2,0,0,0,0,0,0,0,0,0,0,0,0,0,0,3,2,0,1
"NP18 2",6149,6060,0,0,0,0,0,0,0,0,0,1,5,3,20,4,1,5,0,0,1,1,5,1,0,1,0,0,1,0,0,0,0,0,1,0,0,0,0,1,0,0,0,0,1,4,4,0,0,3,1,0,34,6,0,6,0,14,2,0,0,1,2,0,0,3,15,0,10,2,0,0,0,2,1,0,0,0,0,0,0,0,0,0,0,0,0,0,0,0,0,0,0,0,0,0,0,0,1,1,0,0,0,0
"NP18 3",6026,5874,0,0,0,0,0,0,0,0,0,7,0,5,37,2,5,6,1,2,0,4,2,6,0,3,1,1,0,4,0,0,0,0,0,0,0,0,0,0,0,0,0,11,4,9,0,0,0,0,0,0,32,3,8,5,0,5,1,0,4,1,0,0,5,0,42,1,5,30,0,5,1,0,0,0,0,0,0,0,0,0,5,0,0,1,0,0,1,1,0,0,0,0,1,0,0,1,0,0,0,0,0,0
"NP19 0",10184,8685,0,0,0,0,0,0,0,0,0,8,22,5,456,18,3,157,90,28,51,38,15,43,0,2,2,5,0,1,0,3,0,0,7,0,6,0,0,1,0,0,0,3,48,94,59,0,37,12,7,3,657,138,19,191,1,228,7,0,7,7,3,0,44,12,88,3,5,29,0,2,3,1,0,39,6,0,0,0,0,0,44,1,10,14,0,0,5,0,3,0,0,4,1,1,0,5,4,4,4,3,0,1
"NP19 4",4711,4624,0,0,0,0,0,0,0,0,0,1,6,0,51,4,3,14,10,10,0,2,0,6,0,1,0,0,0,0,0,0,0,1,1,1,0,0,0,0,0,0,0,0,6,3,4,0,2,2,0,0,5,3,1,1,0,0,0,0,0,0,0,0,0,0,3,0,0,2,0,0,0,1,0,0,0,0,0,0,0,0,4,0,0,3,0,0,0,0,0,0,0,0,0,0,0,1,0,0,3,3,0,0
"NP19 7",12349,11967,0,0,0,0,0,0,0,0,0,11,0,13,117,12,4,23,33,13,5,5,1,10,3,2,0,3,0,0,0,0,3,0,4,2,2,0,0,0,0,0,0,6,15,13,17,1,7,7,1,1,102,25,0,20,1,37,0,0,6,8,0,1,3,1,53,6,5,21,1,4,4,1,0,11,0,0,0,3,3,0,17,0,0,3,0,0,1,0,3,0,0,5,1,0,2,2,2,2,9,8,1,0
"NP19 8",8903,8288,0,0,0,0,0,0,0,0,0,7,5,5,157,12,5,46,32,8,26,6,0,12,6,2,0,0,0,0,0,1,0,1,2,0,1,0,0,1,0,0,0,12,23,44,31,0,25,2,3,1,247,67,7,48,1,94,8,0,0,10,4,1,3,4,58,10,2,27,1,1,0,3,2,11,1,0,0,0,0,0,18,4,3,0,0,1,0,0,0,0,0,1,1,1,2,5,2,2,4,3,0,1
"NP19 9",13066,12716,0,0,0,0,0,0,0,0,0,5,18,5,140,6,1,60,26,10,0,22,0,10,2,0,2,0,0,0,0,0,1,0,1,0,1,0,0,0,0,0,0,7,14,23,6,0,3,3,0,0,78,15,0,10,0,45,0,0,0,3,0,0,4,1,23,1,1,5,0,0,8,4,0,4,0,0,0,0,0,0,22,0,2,3,0,1,0,0,1,0,3,10,0,1,1,0,2,2,6,3,2,1
"NP20 1",659,446,0,0,0,0,0,0,0,0,0,4,1,3,62,0,2,11,28,1,1,3,5,11,0,0,0,0,0,0,0,0,0,0,0,0,0,0,0,0,0,0,0,2,1,13,2,0,1,1,0,0,75,11,2,20,1,16,0,0,1,11,11,0,0,2,27,7,4,8,0,0,0,0,0,8,0,0,0,0,0,0,21,0,2,16,0,0,0,0,1,0,0,0,0,0,0,2,0,0,2,2,0,0
"NP20 2",7167,5892,0,0,0,0,0,0,0,0,0,12,10,1,256,11,1,112,51,27,8,7,5,26,0,6,1,0,0,0,0,1,0,0,1,0,0,0,0,1,0,0,0,11,10,217,72,1,45,19,6,1,496,86,0,94,2,257,6,0,0,7,36,0,1,7,106,7,8,10,8,0,6,2,4,55,6,0,0,0,0,0,73,0,13,36,0,1,6,0,0,0,1,0,0,5,1,10,4,4,6,6,0,0
"NP20 3",10548,10185,0,0,0,0,0,0,0,0,0,8,7,3,89,7,2,31,13,6,2,14,0,12,0,1,1,0,0,0,0,0,0,0,4,0,4,0,0,0,0,0,0,5,11,42,24,2,18,4,0,0,90,20,0,20,0,20,0,0,5,1,23,0,1,0,61,3,8,6,0,0,0,4,0,40,0,0,0,0,0,0,11,0,4,1,0,0,0,0,1,0,0,2,1,0,1,1,1,1,7,6,1,0
"NP20 4",6303,5722,0,0,0,0,0,0,0,0,0,14,4,10,191,10,6,42,68,6,5,18,0,27,1,3,2,0,1,1,0,1,0,0,0,0,0,0,0,0,0,0,0,3,3,13,36,2,8,20,2,4,153,45,4,40,1,27,9,0,2,4,15,0,0,6,108,0,1,5,1,0,0,2,0,96,3,0,0,0,0,0,42,0,1,11,0,1,2,0,0,0,0,1,0,4,5,17,3,3,1,0,0,1
"NP20 5",9105,8760,0,0,0,0,0,0,0,0,0,23,11,5,90,8,7,29,8,11,0,12,0,9,0,1,2,0,1,0,0,0,2,0,2,0,1,0,0,1,0,0,0,7,10,29,13,0,6,5,2,0,72,16,6,10,0,18,2,0,0,3,15,0,2,0,51,5,5,8,0,3,0,3,0,27,0,0,0,0,0,0,24,0,3,14,0,0,0,0,1,0,0,3,0,1,0,2,3,3,5,4,0,1
"NP20 6",7749,7603,0,0,0,0,0,0,0,0,0,4,0,4,59,3,0,35,1,0,2,11,0,4,2,0,0,0,0,0,0,0,1,0,2,0,2,0,0,0,0,0,0,2,9,10,6,0,5,1,0,0,17,3,1,1,0,6,0,0,0,0,6,0,0,0,20,0,3,10,1,0,0,1,0,5,0,0,0,0,0,0,6,0,0,2,0,0,0,0,2,0,0,0,0,0,0,2,2,2,5,4,0,1
"NP20 7",7268,7072,0,0,0,0,0,0,0,0,0,11,3,1,73,2,2,15,33,9,4,3,0,2,0,0,0,0,1,0,0,0,2,0,0,0,0,0,0,0,0,0,0,9,4,5,16,0,9,6,0,1,6,0,0,0,0,5,0,0,0,1,0,0,0,0,3,0,1,1,1,0,0,0,0,0,0,1,0,0,0,0,55,11,28,0,0,0,5,0,3,0,0,7,0,0,0,1,5,5,4,4,0,0
"NP22 3",7407,7273,0,0,0,0,0,0,0,0,0,1,15,2,67,0,0,63,2,0,2,0,0,0,0,0,0,0,0,0,0,0,0,0,0,0,0,0,0,0,0,0,0,0,24,1,0,0,0,0,0,0,9,2,0,2,0,0,0,0,0,0,5,0,0,0,13,0,0,3,0,0,2,4,0,4,0,0,0,0,0,0,0,0,0,0,0,0,0,0,0,0,0,0,0,0,0,0,0,0,2,2,0,0
"NP22 4",7203,7138,0,0,0,0,0,0,0,0,0,1,4,2,23,0,0,17,2,0,0,0,0,0,0,0,0,0,1,0,0,0,3,0,0,0,0,0,0,0,0,0,0,0,5,0,0,0,0,0,0,0,13,0,1,1,0,0,0,0,0,2,4,3,2,0,16,0,1,8,1,0,0,4,0,1,1,0,0,0,0,0,0,0,0,0,0,0,0,0,0,0,0,0,0,0,0,0,1,1,0,0,0,0
"NP22 5",6683,6637,0,0,0,0,0,0,0,0,0,0,3,0,13,0,0,9,0,0,0,0,0,2,0,2,0,0,0,0,0,0,0,0,0,0,0,0,0,0,0,0,0,0,5,1,0,0,0,0,0,0,2,0,0,0,0,1,0,0,0,0,1,0,0,0,15,2,2,8,0,0,0,3,0,0,0,0,0,0,0,0,0,0,0,0,0,0,0,0,0,0,0,0,0,0,0,0,5,5,2,1,1,0
"NP23 4",9785,9647,0,0,0,0,0,0,0,0,0,3,2,0,61,0,2,45,2,3,5,0,0,2,0,1,0,0,0,1,0,0,0,0,0,0,0,0,0,0,0,0,0,0,3,0,1,0,0,1,0,0,18,0,1,1,0,3,2,2,0,0,8,0,1,0,32,0,4,22,0,0,0,3,1,1,1,1,0,0,0,0,4,0,0,0,0,0,0,0,0,0,0,2,0,2,0,0,3,3,10,5,5,0
"NP23 5",10400,10338,0,0,0,0,0,0,0,0,0,2,1,0,23,2,0,14,5,0,2,0,0,0,0,0,0,0,0,0,0,0,0,0,0,0,0,0,0,0,0,0,0,1,2,0,0,0,0,0,0,0,13,1,1,4,0,0,2,0,0,0,2,0,3,0,16,0,4,4,1,0,0,1,0,6,0,0,0,0,0,0,1,0,0,0,0,0,0,0,0,0,0,0,0,0,0,1,2,2,1,0,1,0
"NP23 6",8109,7985,0,0,0,0,0,0,0,0,0,1,2,1,72,0,1,53,7,2,2,3,0,2,0,2,0,0,0,0,0,0,0,0,0,0,0,0,0,0,0,0,0,0,7,0,0,0,0,0,0,0,17,0,0,3,0,4,0,0,0,0,10,0,0,0,19,0,0,13,0,0,0,2,0,4,0,0,0,0,0,0,2,0,0,0,0,2,0,0,0,0,0,0,0,0,0,0,0,0,3,3,0,0
"NP23 7",2633,2623,0,0,0,0,0,0,0,0,0,0,1,0,5,0,0,2,0,0,2,0,0,0,0,0,0,0,0,1,0,0,0,0,0,0,0,0,0,0,0,0,0,0,0,1,0,0,0,0,0,0,1,1,0,0,0,0,0,0,0,0,0,0,0,0,0,0,0,0,0,0,0,0,0,0,0,0,0,0,0,0,0,0,0,0,0,0,0,0,0,0,0,0,0,0,0,0,0,0,2,0,2,0
"NP23 8",1396,1373,0,0,0,0,0,0,0,0,0,0,9,0,13,0,0,9,0,0,4,0,0,0,0,0,0,0,0,0,0,0,0,0,0,0,0,0,0,0,0,0,0,0,0,0,0,0,0,0,0,0,1,1,0,0,0,0,0,0,0,0,0,0,0,0,0,0,0,0,0,0,0,0,0,0,0,0,0,0,0,0,0,0,0,0,0,0,0,0,0,0,0,0,0,0,0,0,0,0,0,0,0,0
"NP24 6",4728,4689,0,0,0,0,0,0,0,0,0,0,0,1,23,2,0,12,2,0,1,0,0,1,0,0,5,0,0,0,0,0,0,0,0,0,0,0,0,0,0,0,0,0,0,0,0,0,0,0,0,0,2,0,0,0,0,0,0,0,0,0,0,2,0,0,13,2,1,3,0,0,0,5,1,1,0,0,0,0,0,0,0,0,0,0,0,0,0,0,0,0,0,0,0,0,0,0,0,0,0,0,0,0
"NP25 3",5193,5069,0,0,0,0,0,0,0,0,0,4,0,2,39,0,9,14,0,4,3,0,0,2,1,0,2,4,0,0,0,0,0,0,0,0,0,0,0,0,0,0,0,3,1,0,2,0,1,1,0,0,7,0,0,0,0,5,1,0,0,0,0,0,1,0,63,0,16,34,0,2,0,3,0,7,1,1,0,0,0,0,2,0,0,0,0,0,0,0,0,0,0,0,1,0,0,1,0,0,0,0,0,0
"NP25 4",3398,3378,0,0,0,0,0,0,0,0,0,0,0,1,17,2,4,5,1,1,1,0,0,0,0,0,2,0,1,0,0,0,0,0,1,0,0,0,0,1,0,0,0,1,0,0,0,0,0,0,0,0,0,0,0,0,0,0,0,0,0,0,0,0,0,0,0,0,0,0,0,0,0,0,0,0,0,0,0,0,0,0,0,0,0,0,0,0,0,0,0,0,0,0,0,0,0,0,0,0,0,0,0,0
"NP25 5",6137,6045,0,0,0,0,0,0,0,0,0,10,0,0,42,1,2,17,1,2,9,2,1,2,0,0,3,1,0,0,0,0,0,1,1,0,0,0,0,1,0,0,0,1,1,0,0,0,0,0,0,0,17,1,0,1,0,6,0,0,0,0,6,0,3,0,20,0,0,3,0,0,0,5,0,12,0,0,0,0,0,0,0,0,0,0,0,0,0,0,0,0,0,0,0,0,0,0,0,0,0,0,0,0
"NP26 3",9031,8973,0,0,0,0,0,0,0,0,0,3,0,1,32,7,4,8,0,2,1,0,0,2,0,0,2,1,1,0,0,0,0,4,0,0,0,0,0,0,0,0,0,6,0,1,0,0,0,0,0,0,5,1,0,0,0,0,3,0,0,0,1,0,0,0,8,1,0,1,0,0,0,0,0,6,0,0,0,0,0,0,0,0,0,0,0,0,0,0,0,0,0,0,0,0,0,0,0,0,2,2,0,0
"NP26 4",7402,7322,0,0,0,0,0,0,0,0,0,2,0,3,28,1,4,12,0,0,5,0,0,5,0,0,1,0,0,0,0,0,0,0,0,0,0,0,0,0,0,0,0,0,5,0,0,0,0,0,0,0,20,0,1,0,0,0,5,0,1,0,0,0,13,0,17,0,4,9,0,0,0,2,0,2,0,0,0,0,0,0,2,0,0,0,0,0,0,0,0,0,0,0,2,0,0,0,0,0,3,1,0,2
"NP26 5",5392,5350,0,0,0,0,0,0,0,0,0,2,0,0,23,0,0,16,0,0,1,3,0,2,0,0,0,0,1,0,0,0,0,0,0,0,0,0,0,0,0,0,0,2,0,0,0,0,0,0,0,0,3,0,0,1,0,0,2,0,0,0,0,0,0,0,10,0,2,3,1,0,0,0,0,4,0,0,0,0,0,0,0,0,0,0,0,0,0,0,0,0,0,0,0,0,0,0,1,1,1,0,0,1
"NP4  0",7634,7604,0,0,0,0,0,0,0,0,0,1,0,4,12,0,1,8,0,2,0,0,0,0,0,0,0,1,0,0,0,0,0,0,1,0,0,1,0,0,0,0,0,0,1,0,0,0,0,0,0,0,3,0,1,0,0,0,1,0,0,1,0,0,0,0,7,0,5,1,1,0,0,0,0,0,0,0,0,0,0,0,1,0,0,0,0,0,0,0,0,0,0,0,1,0,0,0,0,0,0,0,0,0
"NP4  5",8944,8867,0,1,0,0,0,0,0,0,1,0,1,0,20,3,2,11,0,1,1,0,0,0,0,1,1,0,0,0,0,0,0,0,0,0,0,0,0,0,0,0,0,1,4,0,1,0,0,1,0,0,23,0,1,0,0,0,4,0,0,0,3,0,15,0,22,0,3,7,1,0,0,5,0,5,1,0,0,0,0,0,2,0,0,0,0,0,0,0,0,0,0,0,0,1,0,1,0,0,2,2,0,0
"NP4  6",6896,6857,0,0,0,0,0,0,0,0,0,2,0,1,15,3,1,6,0,0,0,0,0,3,0,0,2,0,0,0,0,0,0,0,0,0,0,0,0,0,0,0,0,1,2,0,0,0,0,0,0,0,2,0,0,0,0,0,1,0,0,0,0,0,1,0,9,0,3,5,0,0,0,1,0,0,0,5,0,0,0,0,1,0,0,0,0,0,0,0,0,0,0,1,0,0,0,0,0,0,1,0,0,1
"NP4  7",6625,6586,0,0,0,0,0,0,0,0,0,0,1,1,12,0,2,4,1,0,0,4,0,0,0,1,0,0,0,0,0,0,0,0,6,0,6,0,0,0,0,0,0,1,1,0,0,0,0,0,0,0,6,4,0,0,0,2,0,0,0,0,0,0,0,0,5,0,0,2,0,0,0,2,0,1,0,0,0,0,0,0,1,0,0,0,0,0,0,0,0,0,0,0,0,0,0,1,0,0,5,3,0,2
"NP4  8",7954,7908,0,0,0,0,0,0,0,0,0,1,2,3,8,2,1,0,0,1,2,0,1,1,0,0,0,0,0,0,0,0,0,0,2,0,2,0,0,0,0,0,0,0,1,0,0,0,0,0,0,0,17,0,2,2,0,1,1,0,0,3,0,0,8,0,9,0,0,5,0,0,0,4,0,0,0,1,0,0,0,0,1,0,0,0,0,0,0,0,0,0,0,1,0,0,0,0,0,0,1,1,0,0
"NP4  9",5823,5767,0,0,0,0,0,0,0,0,0,0,0,0,29,3,3,18,0,0,0,0,0,0,0,0,0,0,0,0,5,0,0,0,1,1,0,0,0,0,0,0,0,3,0,0,0,0,0,0,0,0,12,10,0,0,0,0,1,0,0,1,0,0,0,0,8,4,4,0,0,0,0,0,0,0,0,0,0,0,0,0,0,0,0,0,0,0,0,0,0,0,0,0,0,0,0,0,2,2,1,1,0,0
"NP44 1",7975,7871,0,0,0,0,0,0,0,0,0,0,5,1,35,4,2,23,0,2,1,0,0,1,0,0,2,0,0,0,0,0,0,0,1,0,1,0,0,0,0,0,0,0,8,1,0,0,0,0,0,0,33,2,0,0,0,8,2,0,0,0,0,0,18,3,14,0,5,1,0,0,0,1,0,6,1,0,0,0,0,0,0,0,0,0,0,0,0,0,0,0,0,0,0,0,0,0,0,0,6,5,0,1
"NP44 2",5299,5241,0,1,1,0,0,0,0,0,0,2,1,1,10,0,2,4,2,0,0,0,1,0,0,0,1,0,0,0,0,0,0,0,2,0,0,0,0,2,0,0,0,0,0,1,0,0,0,0,0,0,26,0,0,0,0,7,0,0,0,0,0,0,19,0,8,0,6,0,0,0,2,0,0,0,0,0,0,0,0,0,0,0,0,0,0,0,0,0,0,0,0,0,0,0,0,0,2,2,4,1,3,0
"NP44 3",6941,6721,0,0,0,0,0,0,0,0,0,2,1,0,16,2,0,8,0,0,1,0,0,0,0,0,3,2,0,0,0,0,0,0,7,0,3,3,0,1,0,0,0,4,0,1,3,0,1,2,0,0,157,0,2,14,0,5,2,0,0,2,0,0,129,3,25,1,11,7,0,0,0,3,0,2,1,0,0,1,1,0,1,0,0,0,0,0,1,0,0,0,0,0,0,0,0,0,0,0,2,1,0,1
"NP44 4",6400,6340,0,1,0,0,0,0,0,0,1,0,0,0,9,0,1,4,1,0,0,0,0,1,0,1,1,0,0,0,0,0,0,0,2,0,2,0,0,0,0,0,0,1,2,1,0,0,0,0,0,0,11,0,0,0,0,3,0,0,0,4,0,0,4,0,28,0,0,3,0,0,0,1,0,24,0,0,0,0,0,0,0,0,0,0,0,0,0,0,0,0,0,0,0,0,0,0,0,0,5,5,0,0
"NP44 5",5579,5535,0,1,0,0,0,0,0,1,0,1,1,4,7,1,0,4,0,0,0,0,0,1,0,1,0,0,0,0,0,0,0,0,0,0,0,0,0,0,0,0,0,2,4,1,0,0,0,0,0,0,5,1,0,2,0,2,0,0,0,0,0,0,0,0,10,0,1,0,1,0,0,5,0,3,0,0,0,0,0,0,4,0,0,0,0,0,0,0,0,1,0,1,1,0,1,0,2,2,2,2,0,0
"NP44 6",5019,4959,0,0,0,0,0,0,0,0,0,1,0,0,22,0,4,13,0,0,0,1,0,2,0,0,2,0,0,0,0,0,0,0,1,0,0,0,0,1,0,0,0,0,2,0,1,0,0,1,0,0,12,1,0,2,0,1,2,0,0,0,3,0,3,0,16,0,0,7,0,0,0,4,0,5,0,0,0,0,0,0,1,0,0,0,0,0,0,0,0,0,0,0,1,0,0,0,0,0,4,4,0,0
"NP44 7",5067,5007,0,1,0,0,0,0,1,0,0,0,1,0,16,3,1,10,1,0,0,0,0,0,0,0,1,0,0,0,0,0,0,0,1,1,0,0,0,0,0,0,0,3,0,0,0,0,0,0,0,0,16,1,0,2,0,0,0,0,0,0,0,0,13,0,15,1,6,3,0,0,0,5,0,0,0,0,0,0,0,0,0,0,0,0,0,0,0,0,0,0,0,0,0,0,0,0,3,3,4,4,0,0
"NP44 8",3277,3228,0,0,0,0,0,0,0,0,0,1,0,1,9,1,2,3,0,0,0,0,0,1,1,1,0,0,0,0,0,0,0,0,0,0,0,0,0,0,0,0,0,2,0,1,2,0,2,0,0,0,25,0,0,1,0,0,0,0,2,0,0,0,22,0,7,1,3,1,0,0,0,0,0,2,0,0,0,0,0,0,0,0,0,0,0,0,0,0,0,0,0,0,0,0,0,0,0,0,1,1,0,0
"NP7  0",3818,3798,0,0,0,0,0,0,0,0,0,3,0,3,3,0,1,1,0,0,0,0,0,0,0,0,1,0,0,0,0,0,0,0,0,0,0,0,0,0,0,0,0,0,0,1,0,0,0,0,0,0,2,0,2,0,0,0,0,0,0,0,0,0,0,0,6,0,0,0,0,0,0,2,0,4,0,0,0,0,0,0,1,0,0,0,0,0,0,0,0,0,0,0,0,0,0,1,1,1,0,0,0,0
"NP7  5",4545,4457,0,0,0,0,0,0,0,0,0,4,1,5,26,1,9,9,0,1,0,0,0,3,1,1,0,0,0,0,0,0,0,1,1,0,0,0,0,1,0,0,0,1,4,3,0,0,0,0,0,0,14,2,4,0,0,2,0,1,0,2,3,0,0,0,24,0,0,3,2,0,0,1,0,18,0,0,0,0,0,0,4,0,0,0,0,1,0,0,0,0,0,0,0,0,0,3,0,0,1,0,1,0
"NP7  6",5617,5516,0,0,0,0,0,0,0,0,0,2,0,4,24,6,4,8,0,3,0,0,0,0,0,1,0,1,1,0,0,0,0,0,3,1,0,0,0,2,0,0,0,0,0,7,0,0,0,0,0,0,0,0,0,0,0,0,0,0,0,0,0,0,0,0,56,0,0,3,0,0,0,3,1,47,2,0,0,0,0,0,4,0,0,0,0,0,0,0,0,0,0,0,2,0,0,2,0,0,1,0,0,1
"NP7  7",2959,2873,0,0,0,0,0,0,0,0,0,1,1,3,27,3,3,8,0,0,3,0,0,1,2,0,3,2,0,1,1,0,0,0,0,0,0,0,0,0,0,0,0,2,0,13,0,0,0,0,0,0,17,7,0,0,0,4,0,2,1,0,3,0,0,0,18,0,0,0,2,0,0,5,0,9,2,0,0,0,0,0,1,0,0,0,0,0,0,0,0,0,0,0,1,0,0,0,3,3,0,0,0,0
"NP7  8",3069,3040,0,0,0,0,0,0,0,0,0,5,0,0,11,1,1,1,0,1,3,0,0,1,0,0,2,1,0,0,0,0,0,0,0,0,0,0,0,0,0,0,0,0,1,2,0,0,0,0,0,0,2,2,0,0,0,0,0,0,0,0,0,0,0,0,6,0,1,0,0,0,0,1,0,3,1,0,0,0,0,0,2,0,0,0,0,0,0,0,0,0,0,1,1,0,0,0,0,0,0,0,0,0
"NP7  9",5306,5276,0,0,0,0,0,0,0,0,0,2,0,2,12,1,5,2,0,0,0,0,0,1,0,0,0,2,0,0,1,0,0,0,1,0,0,0,0,1,0,0,0,2,0,1,0,0,0,0,0,0,1,0,0,0,0,0,0,0,0,1,0,0,0,0,4,0,0,1,1,1,0,0,0,0,1,0,0,0,0,0,1,0,0,0,0,0,0,0,0,0,0,0,0,0,0,1,1,1,3,2,1,0
"NP8  1",5433,5325,0,0,0,0,0,0,0,0,0,9,0,4,34,0,4,20,0,0,2,0,3,1,0,0,2,1,1,0,0,0,0,0,2,0,0,1,0,1,0,0,0,0,2,0,0,0,0,0,0,0,43,0,0,0,0,0,0,0,0,2,0,0,41,0,13,1,0,5,3,0,0,1,1,2,0,0,0,0,0,0,0,0,0,0,0,0,0,0,0,0,0,0,0,0,0,0,0,0,1,0,0,1
"SA1  1",3236,2512,0,0,0,0,0,0,0,0,0,13,5,16,94,12,5,36,0,0,9,3,4,3,0,13,3,3,0,1,0,0,0,2,13,0,7,0,0,6,0,0,0,13,17,261,42,0,25,16,1,0,16,1,1,0,0,6,0,0,3,2,1,2,0,0,206,8,19,151,11,0,2,8,0,2,5,0,0,0,0,0,28,1,7,4,0,0,2,1,2,6,0,1,0,1,0,3,0,0,0,0,0,0
"SA1  2",5220,4727,0,0,0,0,0,0,0,0,0,5,0,2,89,11,0,55,1,0,0,20,0,0,0,0,1,0,0,0,1,0,0,0,0,0,0,0,0,0,0,0,0,10,8,19,13,0,11,2,0,0,253,0,1,2,0,248,0,0,0,0,0,0,0,2,68,6,5,29,3,2,2,4,1,14,2,0,0,0,0,0,20,0,5,0,0,0,1,1,11,0,1,0,0,0,0,1,3,3,3,3,0,0
"SA1  3",3769,3161,0,1,0,0,0,0,0,1,0,4,10,6,65,11,2,29,1,0,3,2,5,1,0,9,1,1,0,0,0,0,0,0,6,4,0,0,0,2,0,0,0,6,7,148,14,1,10,2,1,0,137,4,0,1,0,121,0,0,2,3,3,0,0,3,190,5,27,131,2,0,0,0,2,22,1,0,0,0,0,0,10,1,1,1,0,0,1,0,1,0,0,2,1,0,0,2,1,1,3,3,0,0
"SA1  4",4562,3912,0,0,0,0,0,0,0,0,0,15,4,12,116,20,10,42,2,0,4,2,7,0,2,19,0,6,1,0,0,0,1,0,10,2,1,0,0,7,0,0,0,5,6,70,20,0,14,6,0,0,198,5,6,0,0,163,3,1,0,5,11,0,1,3,184,4,9,159,1,4,2,0,4,0,1,0,0,0,0,0,9,0,3,0,0,1,2,0,0,0,0,0,0,0,0,3,0,0,1,1,0,0
"SA1  5",446,364,0,0,0,0,0,0,0,0,0,1,2,0,8,1,0,2,0,0,1,1,1,0,1,0,0,1,0,0,0,0,0,0,1,0,0,1,0,0,0,0,0,4,1,10,4,0,3,1,0,0,12,0,4,1,0,3,0,0,0,2,2,0,0,0,28,2,8,17,0,0,0,0,0,0,1,0,0,0,0,0,11,0,7,0,0,0,0,0,1,3,0,0,0,0,0,0,0,0,0,0,0,0
"SA1  6",14862,13588,0,1,1,0,0,0,0,0,0,32,22,11,376,39,16,205,5,6,8,27,36,2,3,8,6,3,2,5,4,0,1,0,39,2,2,0,1,34,0,0,0,19,17,136,82,0,45,32,4,1,261,26,7,18,0,177,3,1,1,6,21,1,0,0,200,13,23,125,0,6,0,8,6,11,8,2,0,0,0,0,50,3,7,0,1,1,0,4,0,0,1,16,1,10,2,4,12,12,14,9,4,1
"SA1  7",6201,6064,0,0,0,0,0,0,0,0,0,3,2,0,62,4,7,43,0,0,3,0,4,1,0,0,0,0,0,0,0,0,0,0,2,0,0,2,0,0,0,0,0,5,0,9,8,0,4,4,0,0,24,11,3,2,0,2,4,0,0,2,0,0,0,0,16,3,0,8,0,3,0,1,0,1,0,0,0,0,0,0,2,0,0,0,0,1,0,0,1,0,0,0,0,0,0,0,0,0,4,2,2,0
"SA1  8",7231,6804,0,0,0,0,0,0,0,0,0,5,5,6,119,29,8,53,1,2,0,9,1,4,1,5,4,1,0,1,0,0,0,0,1,0,0,1,0,0,0,0,0,9,1,63,35,0,11,19,1,4,65,4,0,3,0,30,0,0,0,10,17,0,0,1,99,4,9,53,8,0,1,2,0,20,2,0,0,0,0,0,17,0,0,0,0,0,0,2,7,0,0,5,0,0,1,2,1,1,1,1,0,0
"SA10 6",8968,8862,0,1,0,0,0,0,0,0,1,6,5,3,31,4,2,15,2,4,0,0,0,4,0,0,0,0,0,0,0,0,0,0,2,0,0,1,0,1,0,0,0,1,3,10,1,0,1,0,0,0,25,0,0,7,0,14,0,0,0,0,4,0,0,0,7,0,0,4,0,2,0,1,0,0,0,0,0,0,0,0,7,0,0,0,0,0,0,2,0,0,0,4,1,0,0,0,1,1,3,3,0,0
"SA10 7",9845,9771,0,0,0,0,0,0,0,0,0,3,2,2,35,4,1,22,1,0,4,0,0,0,0,0,0,0,1,2,0,0,0,0,0,0,0,0,0,0,0,0,0,2,2,0,0,0,0,0,0,0,7,0,0,4,0,3,0,0,0,0,0,0,0,0,15,0,4,4,0,0,0,5,0,2,0,0,0,0,0,0,1,0,0,0,0,0,0,0,0,0,0,0,1,0,0,0,0,0,5,4,0,1
"SA10 8",6374,6331,0,0,0,0,0,0,0,0,0,1,1,0,19,1,0,12,0,0,1,0,0,2,0,0,1,0,1,0,0,0,1,0,1,0,0,0,0,1,0,0,0,0,4,1,2,0,1,0,0,1,8,0,0,6,0,0,0,0,0,1,0,0,0,1,5,0,0,1,1,0,0,1,0,2,0,0,0,0,0,0,0,0,0,0,0,0,0,0,0,0,0,0,0,0,0,0,1,1,0,0,0,0
"SA10 9",3736,3715,0,0,0,0,0,0,0,0,0,1,0,0,12,2,5,3,0,0,2,0,0,0,0,0,0,0,0,0,0,0,0,0,0,0,0,0,0,0,0,0,0,0,0,0,0,0,0,0,0,0,1,1,0,0,0,0,0,0,0,0,0,0,0,0,3,0,0,0,0,0,0,0,0,3,0,0,0,0,0,0,0,0,0,0,0,0,0,0,0,0,0,0,0,0,0,0,0,0,4,2,2,0
"SA11 1",5916,5821,0,0,0,0,0,0,0,0,0,2,2,2,24,1,0,21,0,0,0,0,0,0,0,0,0,2,0,0,0,0,0,0,0,0,0,0,0,0,0,0,0,2,3,1,2,0,1,0,0,1,18,2,0,2,0,12,0,0,0,1,0,0,1,0,30,1,4,11,1,0,0,5,0,6,2,0,0,0,0,0,0,0,0,0,0,0,0,0,0,0,0,0,0,0,0,0,0,0,9,6,3,0
"SA11 2",9680,9544,0,0,0,0,0,0,0,0,0,2,3,4,43,3,1,32,2,2,0,0,0,2,0,0,1,0,0,0,0,0,0,0,0,0,0,0,0,0,0,0,0,3,6,8,2,0,2,0,0,0,21,0,0,2,0,9,1,0,0,8,0,1,0,0,34,1,5,18,0,0,0,9,0,1,0,0,0,0,0,0,4,0,0,0,0,0,0,0,0,0,0,2,0,0,0,2,2,2,4,1,2,1
"SA11 3",11171,11073,0,0,0,0,0,0,0,0,0,4,0,2,32,2,4,11,6,0,6,0,0,1,0,0,1,0,0,0,0,0,1,0,0,0,0,0,0,0,0,0,0,0,2,0,1,0,0,1,0,0,31,1,0,8,0,16,0,0,0,3,2,0,0,1,19,0,4,4,0,0,2,9,0,0,0,0,0,0,0,0,0,0,0,0,0,0,0,0,0,0,0,0,0,0,0,0,1,1,6,5,1,0
"SA11 4",3044,3029,0,0,0,0,0,0,0,0,0,0,1,0,2,1,0,0,0,0,0,0,0,0,0,0,0,1,0,0,0,0,0,0,0,0,0,0,0,0,0,0,0,0,0,0,0,0,0,0,0,0,7,1,0,4,0,0,0,0,0,2,0,0,0,0,3,0,0,0,0,0,1,1,0,1,0,0,0,0,0,0,0,0,0,0,0,0,0,0,0,0,0,0,0,0,0,0,1,1,1,0,1,0
"SA11 5",5618,5593,0,0,0,0,0,0,0,0,0,3,0,0,6,1,1,3,0,0,0,0,0,0,0,0,1,0,0,0,0,0,0,0,1,0,0,0,0,1,0,0,0,1,6,0,1,0,0,0,0,1,1,0,0,0,0,0,1,0,0,0,0,0,0,0,4,0,1,0,0,0,0,2,0,1,0,0,0,0,0,0,0,0,0,0,0,0,0,0,0,0,0,0,0,0,0,0,0,0,2,1,1,0
"SA12 6",10229,10060,0,0,0,0,0,0,0,0,0,2,0,4,52,3,5,29,1,1,0,0,0,5,3,0,1,1,0,0,0,0,3,0,1,0,0,0,0,1,0,0,0,2,4,4,3,0,0,1,0,2,43,13,1,0,0,7,4,2,0,3,0,8,0,5,47,2,2,8,0,1,0,7,0,26,1,0,0,0,0,0,4,0,0,0,0,0,0,0,0,0,0,0,0,0,0,4,1,1,2,2,0,0
"SA12 7",8190,8122,0,0,0,0,0,0,0,0,0,2,0,3,26,4,3,14,0,1,0,2,0,2,0,0,0,0,0,0,0,0,0,0,0,0,0,0,0,0,0,0,0,0,2,2,2,0,1,1,0,0,5,0,0,3,0,1,0,0,0,1,0,0,0,0,23,3,1,1,0,0,0,6,0,12,0,0,0,0,0,0,1,0,0,0,0,0,0,0,0,0,0,0,0,1,0,0,0,0,2,2,0,0
"SA12 8",6627,6572,0,0,0,0,0,0,0,0,0,2,2,0,17,2,2,9,0,0,0,0,0,2,1,0,1,0,0,0,0,0,0,0,1,1,0,0,0,0,0,0,0,3,0,0,1,0,0,1,0,0,12,0,1,4,0,1,0,0,0,2,2,2,0,0,6,0,0,1,0,0,0,2,0,3,0,0,0,0,0,0,0,0,0,0,0,0,0,0,0,0,0,0,0,0,0,0,0,0,11,10,1,0
"SA12 9",6558,6528,0,0,0,0,0,0,0,0,0,2,0,3,7,0,2,4,1,0,0,0,0,0,0,0,0,0,0,0,0,0,0,0,0,0,0,0,0,0,0,0,0,0,0,1,0,0,0,0,0,0,6,0,0,4,0,1,0,0,0,0,1,0,0,0,5,0,1,2,0,0,0,0,0,2,0,0,0,0,0,0,0,0,0,0,0,0,0,0,0,0,0,0,0,0,0,0,1,1,5,4,1,0
"SA13 1",5701,5564,0,0,0,0,0,0,0,0,0,2,0,0,33,1,1,21,0,1,5,0,0,0,0,1,1,0,1,1,0,0,0,0,0,0,0,0,0,0,0,0,0,4,2,0,10,0,1,0,9,0,63,2,1,3,0,47,0,0,0,4,0,0,6,0,19,2,0,11,0,0,0,5,0,1,0,0,0,0,0,0,0,0,0,0,0,0,0,0,0,0,0,0,0,0,0,0,3,3,1,0,1,0
"SA13 2",8183,8116,0,0,0,0,0,0,0,0,0,2,1,0,18,0,0,12,0,0,0,0,0,3,0,0,2,1,0,0,0,0,0,0,1,1,0,0,0,0,0,0,0,1,0,1,3,0,0,3,0,0,15,1,1,2,0,11,0,0,0,0,0,0,0,0,19,1,0,12,0,0,0,3,0,3,0,0,0,0,0,0,2,0,0,0,0,0,0,0,0,0,0,0,1,0,0,1,0,0,4,4,0,0
"SA13 3",5082,5066,0,0,0,0,0,0,0,0,0,0,0,0,5,0,0,4,0,1,0,0,0,0,0,0,0,0,0,0,0,0,0,0,0,0,0,0,0,0,0,0,0,0,0,0,0,0,0,0,0,0,6,0,0,0,0,3,0,0,0,0,3,0,0,0,4,0,0,3,0,0,0,0,0,0,1,0,0,0,0,0,0,0,0,0,0,0,0,0,0,0,0,0,0,0,0,0,0,0,1,1,0,0
"SA14 6",6594,6489,0,0,0,0,0,0,0,0,0,4,0,0,54,1,2,49,0,0,0,0,0,1,0,0,1,0,0,0,0,0,0,0,2,1,0,0,1,0,0,0,0,0,1,2,0,0,0,0,0,0,17,0,0,1,0,7,2,0,0,0,1,0,0,6,16,3,2,2,1,0,0,2,0,6,0,0,0,0,0,0,1,0,0,0,0,0,0,0,0,0,0,1,0,0,0,0,2,2,6,6,0,0
"SA14 7",6039,5996,0,0,0,0,0,0,0,0,0,1,0,1,27,1,4,11,3,3,3,0,0,0,0,0,1,0,0,1,0,0,0,0,0,0,0,0,0,0,0,0,0,0,1,1,1,0,1,0,0,0,0,0,0,0,0,0,0,0,0,0,0,0,0,0,9,0,0,3,0,4,0,2,0,0,0,0,0,0,0,0,1,0,0,0,0,0,0,0,0,0,0,0,1,0,0,0,0,0,1,0,1,0
"SA14 8",12430,12110,0,0,0,0,0,0,0,0,0,3,3,1,182,8,7,155,0,0,2,0,0,6,0,0,3,0,1,0,0,0,0,0,1,0,0,1,0,0,0,0,0,5,2,8,3,0,0,0,1,2,38,6,1,2,0,1,1,0,3,10,11,1,0,2,64,3,4,24,3,0,0,4,0,24,2,0,0,0,0,0,4,0,0,0,0,0,0,0,0,0,0,0,0,1,0,3,1,1,5,2,3,0
"SA14 9",7639,7475,0,2,1,0,0,0,0,0,1,0,0,0,109,13,6,83,0,0,4,0,0,0,0,1,1,0,0,0,1,0,0,0,0,0,0,0,0,0,0,0,0,1,5,7,1,0,0,0,1,0,20,1,2,7,0,4,0,0,0,2,0,0,2,2,12,0,0,9,0,0,0,1,0,2,0,0,0,0,0,0,0,0,0,0,0,0,0,0,0,0,0,0,0,0,0,0,0,0,7,6,1,0
"SA15 1",9214,8677,0,0,0,0,0,0,0,0,0,0,3,6,437,18,3,395,0,0,0,3,0,4,9,1,0,3,0,0,0,0,1,0,2,0,0,2,0,0,0,0,0,3,1,1,2,0,2,0,0,0,41,3,0,0,0,5,2,0,0,0,3,0,28,0,33,0,2,6,0,3,0,5,0,15,2,0,0,0,0,0,2,0,0,0,0,0,0,1,0,0,0,0,0,1,0,0,1,1,5,4,0,1
"SA15 2",8013,7476,0,1,0,0,0,0,0,1,0,2,9,0,443,25,5,384,0,0,12,2,1,0,4,4,4,0,0,0,1,0,1,0,1,0,0,0,0,1,0,0,0,2,6,3,5,0,2,2,1,0,11,2,0,1,0,2,0,0,0,4,0,0,2,0,46,2,7,17,0,10,0,3,0,6,1,0,0,0,0,0,1,0,0,0,0,0,0,0,0,0,0,0,1,0,0,0,2,2,5,4,1,0
"SA15 3",6734,6460,0,0,0,0,0,0,0,0,0,2,8,3,192,5,4,176,0,0,0,0,0,0,4,0,2,1,0,0,0,0,0,0,3,0,0,2,0,1,0,0,0,2,0,7,2,0,0,1,0,1,16,2,0,3,0,2,0,0,0,0,0,0,9,0,37,0,0,4,1,0,0,6,2,23,1,0,0,0,0,0,1,0,0,0,0,0,0,0,0,0,0,0,0,0,0,1,1,1,0,0,0,0
"SA15 4",5186,5085,0,1,0,0,0,0,0,1,0,0,3,0,60,2,4,50,1,1,0,0,0,0,1,0,1,0,0,0,0,0,0,0,0,0,0,0,0,0,0,0,0,0,0,2,3,0,1,0,1,1,13,0,0,2,0,0,0,0,0,0,7,0,4,0,11,2,3,2,0,0,0,2,0,1,1,0,0,0,0,0,3,0,0,0,0,0,0,0,0,0,0,0,2,0,0,1,1,1,4,1,3,0
"SA15 5",6175,6127,0,0,0,0,0,0,0,0,0,3,1,2,26,5,5,15,0,0,0,0,0,0,0,0,1,0,0,0,0,0,0,0,0,0,0,0,0,0,0,0,0,0,0,0,0,0,0,0,0,0,7,3,0,4,0,0,0,0,0,0,0,0,0,0,3,0,1,0,1,0,0,1,0,0,0,0,0,0,0,0,3,0,0,0,0,0,0,0,0,0,0,0,3,0,0,0,1,1,2,2,0,0
"SA16 0",8301,8225,0,0,0,0,0,0,0,0,0,0,1,1,41,2,11,22,0,1,1,1,0,0,2,0,1,0,0,0,0,0,0,0,1,0,0,0,0,1,0,0,0,1,0,1,0,0,0,0,0,0,11,0,1,2,2,4,0,0,0,0,0,0,0,2,10,0,0,4,0,0,0,4,0,2,0,0,0,0,0,0,0,0,0,0,0,0,0,0,0,0,0,0,0,0,0,0,0,0,9,2,7,0
"SA17 4",5954,5913,0,0,0,0,0,0,0,0,0,0,1,2,22,2,4,14,0,0,0,0,0,1,0,0,0,0,0,0,0,0,1,0,2,0,0,1,0,1,0,0,0,0,0,0,1,1,0,0,0,0,0,0,0,0,0,0,0,0,0,0,0,0,0,0,12,0,0,4,2,0,0,1,0,5,0,0,0,0,0,0,1,0,0,0,0,0,0,0,0,0,0,0,1,0,0,0,0,0,0,0,0,0
"SA17 5",3162,3147,0,0,0,0,0,0,0,0,0,1,0,0,9,1,5,1,0,0,0,0,0,1,0,1,0,0,0,0,0,0,0,0,0,0,0,0,0,0,0,0,0,1,0,1,2,0,0,0,1,1,1,0,0,0,0,0,0,0,0,0,0,1,0,0,0,0,0,0,0,0,0,0,0,0,0,0,0,0,0,0,0,0,0,0,0,0,0,0,0,0,0,0,0,0,0,0,0,0,0,0,0,0
"SA18 1",9262,9196,0,4,0,0,0,2,0,0,2,1,0,0,15,1,0,8,0,0,2,0,0,0,0,0,3,0,0,1,0,0,0,0,1,0,0,0,0,1,0,0,0,1,1,0,1,0,1,0,0,0,12,7,0,0,0,2,3,0,0,0,0,0,0,0,22,0,4,7,2,1,0,0,1,5,2,0,0,0,0,0,1,0,0,0,0,0,0,0,0,0,0,0,0,1,0,0,0,0,7,1,6,0
"SA18 2",8714,8622,0,0,0,0,0,0,0,0,0,1,2,4,40,0,1,30,2,0,5,0,0,0,0,0,1,0,0,1,0,0,0,0,1,1,0,0,0,0,0,0,0,6,3,5,1,0,0,0,0,1,15,0,1,0,0,4,0,0,0,0,5,0,5,0,7,0,0,1,0,0,0,0,0,6,0,0,0,0,0,0,1,0,0,0,0,0,0,0,0,0,0,0,0,0,0,1,3,3,3,2,0,1
"SA18 3",10762,10669,0,2,1,1,0,0,0,0,0,3,1,1,36,2,9,21,0,0,1,3,0,0,0,0,0,0,0,0,0,0,0,0,2,0,1,1,0,0,0,0,0,1,6,0,0,0,0,0,0,0,19,0,0,0,0,3,0,3,0,8,4,0,1,0,20,1,0,2,0,0,0,2,1,14,0,0,0,0,0,0,1,0,0,0,0,0,0,0,0,0,0,0,1,0,0,0,0,0,1,1,0,0
"SA19 6",2889,2857,0,0,0,0,0,0,0,0,0,3,0,0,25,0,6,10,0,1,5,0,1,2,0,0,0,0,0,0,0,0,0,0,0,0,0,0,0,0,0,0,0,0,0,1,0,0,0,0,0,0,1,0,0,0,0,1,0,0,0,0,0,0,0,0,1,0,0,1,0,0,0,0,0,0,0,0,0,0,0,0,1,0,0,0,0,0,0,0,0,0,0,0,1,0,0,0,0,0,0,0,0,0
"SA19 7",2623,2591,0,1,0,0,0,0,0,0,1,2,0,1,11,1,1,3,0,0,2,0,0,0,0,0,1,2,0,1,0,0,0,0,0,0,0,0,0,0,0,0,0,5,2,0,0,0,0,0,0,0,10,0,1,1,0,8,0,0,0,0,0,0,0,0,0,0,0,0,0,0,0,0,0,0,0,0,0,0,0,0,0,0,0,0,0,0,0,0,0,0,0,0,0,0,0,0,0,0,0,0,0,0
"SA19 8",2148,2127,0,0,0,0,0,0,0,0,0,2,0,0,14,0,0,8,1,1,0,0,0,0,0,0,3,0,1,0,0,0,0,0,0,0,0,0,0,0,0,0,0,1,0,1,0,0,0,0,0,0,1,0,0,0,0,1,0,0,0,0,0,0,0,0,2,0,0,0,0,0,0,1,0,0,1,0,0,0,0,0,0,0,0,0,0,0,0,0,0,0,0,0,0,0,0,0,0,0,0,0,0,0
"SA19 9",1489,1482,0,0,0,0,0,0,0,0,0,0,0,0,3,1,2,0,0,0,0,0,0,0,0,0,0,0,0,0,0,0,0,0,0,0,0,0,0,0,0,0,0,0,0,0,0,0,0,0,0,0,0,0,0,0,0,0,0,0,0,0,0,0,0,0,3,0,0,0,0,0,0,0,0,3,0,0,0,0,0,0,0,0,0,0,0,0,0,0,0,0,0,0,0,0,0,0,0,0,1,1,0,0
"SA2  0",13304,12283,0,2,0,0,0,0,0,2,0,48,15,25,166,19,32,43,3,0,7,0,7,2,5,31,8,6,0,1,0,0,2,0,16,1,2,1,0,12,0,0,0,10,17,161,45,2,22,20,0,1,173,5,4,15,0,94,2,0,3,3,24,1,15,7,322,24,18,213,1,14,3,10,28,8,3,0,0,0,0,0,15,0,0,0,0,0,1,4,2,0,0,2,0,0,5,1,2,2,4,3,0,1
"SA2  7",11474,11200,0,2,2,0,0,0,0,0,0,9,9,8,48,5,11,8,0,2,7,5,0,1,1,2,4,2,0,0,0,0,0,0,4,0,2,0,0,2,0,0,0,2,5,41,3,0,1,2,0,0,48,11,7,2,0,14,1,0,1,6,1,1,3,1,85,4,19,47,0,1,0,3,1,9,1,1,0,0,0,0,6,1,2,0,0,0,0,0,0,0,0,3,0,0,0,0,1,1,2,2,0,0
"SA2  8",6094,5706,0,0,0,0,0,0,0,0,0,8,0,8,51,5,9,12,1,0,0,3,0,0,0,8,10,2,0,1,0,0,0,0,7,1,0,0,0,6,0,0,0,9,7,81,51,0,18,29,1,3,83,15,8,9,0,28,0,1,2,2,14,0,1,3,74,1,7,39,4,5,2,6,6,1,3,0,0,0,0,0,7,0,0,0,1,0,0,0,0,0,0,4,1,0,0,1,1,1,1,1,0,0
"SA2  9",6697,6375,0,1,1,0,0,0,0,0,0,10,2,8,65,8,21,14,0,1,0,0,0,0,8,3,7,1,0,1,1,0,0,0,5,0,0,0,0,5,0,0,0,0,0,68,19,0,1,18,0,0,79,15,7,0,1,29,6,1,0,4,5,0,0,11,62,5,9,36,1,3,0,3,0,5,0,0,0,0,0,0,1,0,0,0,0,0,0,0,0,0,0,1,0,0,0,0,2,2,0,0,0,0
"SA20 0",3486,3399,0,0,0,0,0,0,0,0,0,0,0,6,46,1,9,22,1,1,4,2,0,3,0,0,1,0,0,0,0,0,2,0,1,0,0,1,0,0,0,0,0,0,0,0,1,0,0,1,0,0,10,1,0,5,0,2,0,0,2,0,0,0,0,0,21,0,2,18,0,1,0,0,0,0,0,0,0,0,0,0,2,0,0,0,0,0,0,0,0,0,0,0,1,1,0,0,0,0,0,0,0,0
"SA3  1",3065,3041,0,0,0,0,0,0,0,0,0,0,1,1,20,0,3,6,0,3,0,0,0,4,2,0,0,0,0,2,0,0,0,0,0,0,0,0,0,0,0,0,0,0,0,1,1,0,1,0,0,0,0,0,0,0,0,0,0,0,0,0,0,0,0,0,0,0,0,0,0,0,0,0,0,0,0,0,0,0,0,0,0,0,0,0,0,0,0,0,0,0,0,0,0,0,0,0,0,0,0,0,0,0
"SA3  2",2719,2686,0,1,0,0,0,1,0,0,0,4,2,1,12,1,7,1,0,1,0,0,1,0,0,1,0,0,0,0,0,0,0,0,1,0,0,0,0,1,0,0,0,3,2,0,0,0,0,0,0,0,2,0,0,0,0,1,0,0,0,0,1,0,0,0,5,0,0,0,2,0,0,0,0,3,0,0,0,0,0,0,0,0,0,0,0,0,0,0,0,0,0,0,0,0,0,0,0,0,0,0,0,0
"SA3  3",3605,3573,0,0,0,0,0,0,0,0,0,1,1,3,6,2,1,0,0,0,0,0,0,1,0,1,1,0,0,0,0,0,0,0,0,0,0,0,0,0,0,0,0,1,0,11,1,1,0,0,0,0,2,0,0,0,0,0,0,0,0,0,0,0,0,2,1,0,0,0,0,0,0,1,0,0,0,2,0,0,0,0,1,0,0,1,0,0,0,0,0,0,0,0,0,0,0,0,0,0,2,2,0,0
"SA3  4",7247,7106,0,1,1,0,0,0,0,0,0,8,4,3,59,6,17,6,5,7,2,1,0,10,0,3,1,0,0,0,0,0,0,1,1,0,0,0,0,1,0,0,0,9,6,14,5,0,0,2,0,3,15,0,1,0,0,0,0,0,0,0,14,0,0,0,14,0,2,3,4,0,0,3,1,1,0,0,0,0,0,0,0,0,0,0,0,0,0,0,0,0,0,0,0,0,0,0,0,0,2,2,0,0
"SA3  5",8900,8663,0,1,0,0,0,0,0,1,0,10,13,3,47,12,8,10,1,0,6,0,0,0,0,0,5,4,0,1,0,0,0,0,3,0,1,0,0,2,0,0,0,2,6,53,7,0,2,4,1,0,60,4,0,1,0,32,3,0,0,5,14,0,0,1,27,2,5,9,0,0,0,3,0,7,1,0,0,0,0,0,1,0,0,0,0,0,0,0,1,0,0,0,0,0,0,0,2,2,2,2,0,0
"SA31 1",5545,5299,0,0,0,0,0,0,0,0,0,2,9,5,155,4,2,121,2,2,8,2,0,0,6,3,0,2,0,2,0,1,0,0,1,0,0,1,0,0,0,0,0,3,2,3,0,0,0,0,0,0,15,0,0,0,0,6,0,0,4,0,3,0,2,0,44,0,8,6,0,0,0,1,0,29,0,0,0,0,0,0,6,0,0,0,0,0,3,0,0,0,0,0,0,0,0,3,0,0,1,1,0,0
"SA31 2",3774,3665,0,0,0,0,0,0,0,0,0,1,4,2,45,0,3,33,0,3,2,0,0,1,2,0,0,0,0,0,0,0,0,1,2,0,1,0,1,0,0,0,0,1,3,4,0,0,0,0,0,0,35,12,1,1,0,1,2,0,2,4,8,0,4,0,12,0,2,5,1,0,0,0,0,4,0,0,0,0,0,0,0,0,0,0,0,0,0,0,0,0,0,0,0,0,0,0,0,0,0,0,0,0
"SA31 3",6986,6698,0,1,1,0,0,0,0,0,0,14,6,7,180,5,7,124,8,9,6,2,4,1,10,1,2,0,0,0,0,0,0,1,2,1,0,0,0,1,0,0,0,0,1,10,6,0,0,0,6,0,24,0,1,0,0,1,0,0,1,9,5,5,0,2,30,0,3,4,2,1,2,1,0,17,0,0,0,0,0,0,6,0,0,0,0,0,0,0,0,0,0,5,0,0,1,0,0,0,1,1,0,0
"SA32 7",3966,3929,0,0,0,0,0,0,0,0,0,1,0,1,26,0,4,13,1,4,0,0,0,0,0,0,2,0,0,0,0,0,0,2,1,0,0,0,0,1,0,0,0,0,0,2,0,0,0,0,0,0,4,4,0,0,0,0,0,0,0,0,0,0,0,0,2,0,0,1,0,0,0,1,0,0,0,0,0,0,0,0,0,0,0,0,0,0,0,0,0,0,0,0,0,0,0,0,0,0,0,0,0,0
"SA32 8",3591,3559,0,0,0,0,0,0,0,0,0,1,0,0,22,0,2,11,0,0,2,0,0,1,0,1,5,0,0,0,0,0,0,0,1,0,0,1,0,0,0,0,0,0,0,1,0,0,0,0,0,0,5,0,0,0,0,0,0,0,0,0,5,0,0,0,1,0,0,0,0,0,0,0,0,1,0,0,0,0,0,0,0,0,0,0,0,0,0,0,0,0,0,0,0,0,0,0,0,0,1,1,0,0
"SA33 4",5211,5173,0,0,0,0,0,0,0,0,0,2,9,1,15,1,3,7,0,1,0,0,0,0,0,0,3,0,0,0,0,0,0,0,0,0,0,0,0,0,0,0,0,3,0,2,0,0,0,0,0,0,2,1,1,0,0,0,0,0,0,0,0,0,0,0,3,0,0,0,0,1,1,1,0,0,0,0,0,0,0,0,0,0,0,0,0,0,0,0,0,0,0,0,0,0,0,0,0,0,1,0,1,0
"SA33 5",2862,2837,0,1,0,0,0,0,0,0,1,4,0,2,17,0,2,3,0,3,0,0,0,0,6,0,1,1,0,0,0,0,1,0,0,0,0,0,0,0,0,0,0,0,0,0,0,0,0,0,0,0,0,0,0,0,0,0,0,0,0,0,0,0,0,0,1,1,0,0,0,0,0,0,0,0,0,0,0,0,0,0,0,0,0,0,0,0,0,0,0,0,0,0,0,0,0,0,0,0,0,0,0,0
"SA33 6",3965,3946,0,0,0,0,0,0,0,0,0,0,0,0,11,1,2,3,1,0,0,0,0,0,0,0,1,2,1,0,0,0,0,0,1,0,0,0,0,1,0,0,0,0,0,1,1,0,1,0,0,0,2,0,2,0,0,0,0,0,0,0,0,0,0,0,3,0,0,0,0,0,0,2,1,0,0,0,0,0,0,0,0,0,0,0,0,0,0,0,0,0,0,0,0,0,0,0,0,0,0,0,0,0
"SA34 0",5243,5202,0,0,0,0,0,0,0,0,0,3,0,0,24,0,2,17,0,0,0,0,0,0,1,1,2,1,0,0,0,0,0,0,1,1,0,0,0,0,0,0,0,1,0,0,0,0,0,0,0,0,3,0,0,0,0,0,0,0,0,0,0,0,3,0,9,0,4,5,0,0,0,0,0,0,0,0,0,0,0,0,0,0,0,0,0,0,0,0,0,0,0,0,0,0,0,0,0,0,0,0,0,0
"SA35 0",699,699,0,0,0,0,0,0,0,0,0,0,0,0,0,0,0,0,0,0,0,0,0,0,0,0,0,0,0,0,0,0,0,0,0,0,0,0,0,0,0,0,0,0,0,0,0,0,0,0,0,0,0,0,0,0,0,0,0,0,0,0,0,0,0,0,0,0,0,0,0,0,0,0,0,0,0,0,0,0,0,0,0,0,0,0,0,0,0,0,0,0,0,0,0,0,0,0,0,0,0,0,0,0
"SA36 0",388,386,0,0,0,0,0,0,0,0,0,0,0,1,1,0,0,1,0,0,0,0,0,0,0,0,0,0,0,0,0,0,0,0,0,0,0,0,0,0,0,0,0,0,0,0,0,0,0,0,0,0,0,0,0,0,0,0,0,0,0,0,0,0,0,0,0,0,0,0,0,0,0,0,0,0,0,0,0,0,0,0,0,0,0,0,0,0,0,0,0,0,0,0,0,0,0,0,0,0,0,0,0,0
"SA37 0",1249,1242,0,0,0,0,0,0,0,0,0,0,0,0,6,1,0,4,0,0,0,0,0,0,0,0,0,0,0,0,0,0,1,0,0,0,0,0,0,0,0,0,0,0,0,0,0,0,0,0,0,0,0,0,0,0,0,0,0,0,0,0,0,0,0,0,1,0,0,0,0,0,0,0,0,1,0,0,0,0,0,0,0,0,0,0,0,0,0,0,0,0,0,0,0,0,0,0,0,0,0,0,0,0
"SA38 9",4621,4579,0,0,0,0,0,0,0,0,0,5,0,4,21,1,4,16,0,0,0,0,0,0,0,0,0,0,0,0,0,0,0,0,0,0,0,0,0,0,0,0,0,2,1,1,0,0,0,0,0,0,1,0,0,1,0,0,0,0,0,0,0,0,0,0,7,0,1,4,1,0,0,1,0,0,0,0,0,0,0,0,0,0,0,0,0,0,0,0,0,0,0,0,0,0,0,0,0,0,0,0,0,0
"SA39 9",2250,2209,0,1,0,0,0,0,0,1,0,0,0,0,26,0,0,21,1,2,1,0,0,0,0,0,0,0,1,0,0,0,0,0,0,0,0,0,0,0,0,0,0,4,1,2,0,0,0,0,0,0,3,0,0,0,0,0,0,0,0,0,3,0,0,0,1,0,0,0,0,0,0,1,0,0,0,0,0,0,0,0,0,0,0,0,0,0,0,0,0,0,0,0,0,0,0,0,2,2,1,0,1,0
"SA4  0",2979,2948,0,0,0,0,0,0,0,0,0,2,1,2,16,1,0,14,0,0,0,0,0,1,0,0,0,0,0,0,0,0,0,0,0,0,0,0,0,0,0,0,0,0,0,0,0,0,0,0,0,0,0,0,0,0,0,0,0,0,0,0,0,0,0,0,7,0,0,2,1,0,0,2,0,2,0,0,0,0,0,0,1,0,0,0,0,0,0,0,0,0,0,0,1,0,0,0,1,1,1,0,0,1
"SA4  3",10125,10040,0,1,1,0,0,0,0,0,0,6,2,4,21,4,4,3,0,0,0,2,0,2,1,1,2,2,0,0,0,0,0,0,1,0,0,1,0,0,0,0,0,0,2,4,1,0,0,0,0,1,15,7,1,3,0,0,0,0,0,0,0,0,0,4,24,0,1,12,3,0,0,8,0,0,0,0,0,0,0,0,0,0,0,0,0,0,0,0,0,0,0,0,0,0,0,0,2,2,2,1,0,1
"SA4  4",10699,10585,0,0,0,0,0,0,0,0,0,0,1,5,42,5,2,23,0,1,7,0,0,0,3,0,0,1,0,0,0,0,0,0,0,0,0,0,0,0,0,0,0,7,6,3,1,0,0,1,0,0,14,0,4,0,0,0,0,0,0,0,5,0,5,0,27,2,2,11,0,0,0,1,0,11,0,0,0,0,0,0,1,0,0,0,0,1,0,0,0,0,0,0,0,0,0,0,4,4,3,1,1,1
"SA4  6",7146,7090,0,0,0,0,0,0,0,0,0,0,0,3,16,3,2,7,0,0,0,0,0,1,1,0,2,0,0,0,0,0,0,0,2,0,0,0,0,2,0,0,0,3,0,2,3,0,0,0,3,0,5,1,0,1,0,3,0,0,0,0,0,0,0,0,14,0,0,5,0,0,0,4,0,5,0,0,0,0,0,0,0,0,0,0,0,0,0,0,0,0,0,0,0,0,0,0,3,3,5,3,1,1
"SA4  8",6459,6405,0,0,0,0,0,0,0,0,0,2,0,1,34,5,2,15,0,0,5,4,3,0,0,0,0,0,0,0,0,0,0,0,0,0,0,0,0,0,0,0,0,1,0,0,2,0,2,0,0,0,6,1,0,1,0,2,0,0,0,0,0,0,0,2,3,0,0,3,0,0,0,0,0,0,0,0,0,0,0,0,0,0,0,0,0,0,0,0,0,0,0,0,0,0,0,0,1,1,4,2,1,1
"SA4  9",5473,5404,0,0,0,0,0,0,0,0,0,2,0,8,18,4,0,9,0,0,5,0,0,0,0,0,0,0,0,0,0,0,0,0,0,0,0,0,0,0,0,0,0,0,1,3,2,0,0,2,0,0,7,2,0,0,0,2,0,0,0,0,0,2,0,1,24,0,5,9,3,0,0,4,0,0,3,0,0,0,0,0,4,0,1,0,0,1,0,0,0,0,0,0,2,0,0,0,0,0,0,0,0,0
"SA40 9",3439,3238,0,1,0,0,0,0,0,1,0,3,1,4,164,0,2,137,3,3,0,1,0,12,2,0,2,1,0,0,0,1,0,0,6,2,4,0,0,0,0,0,0,2,0,3,1,0,1,0,0,0,8,0,0,0,0,0,2,0,0,0,4,0,0,2,4,1,0,3,0,0,0,0,0,0,0,0,0,0,0,0,0,0,0,0,0,0,0,0,0,0,0,0,0,0,0,0,1,1,3,2,1,0
"SA41 3",1817,1808,0,0,0,0,0,0,0,0,0,0,0,0,6,0,0,4,0,0,0,0,0,0,0,0,1,0,0,0,0,0,1,0,1,0,0,0,0,1,0,0,0,0,0,0,0,0,0,0,0,0,0,0,0,0,0,0,0,0,0,0,0,0,0,0,0,0,0,0,0,0,0,0,0,0,0,0,0,0,0,0,2,1,0,0,0,0,0,0,0,0,0,0,0,0,1,0,0,0,0,0,0,0
"SA42 0",2252,2227,0,0,0,0,0,0,0,0,0,2,0,1,16,2,5,0,1,2,0,1,0,1,0,0,3,1,0,0,0,0,0,0,0,0,0,0,0,0,0,0,0,0,0,0,0,0,0,0,0,0,5,0,1,3,0,0,0,0,0,0,0,0,1,0,1,0,0,1,0,0,0,0,0,0,0,0,0,0,0,0,0,0,0,0,0,0,0,0,0,0,0,0,0,0,0,0,0,0,0,0,0,0
"SA43 1",4551,4480,0,1,0,0,0,0,0,1,0,1,3,0,30,1,2,22,0,0,0,0,0,0,1,0,0,0,1,0,3,0,0,0,1,0,0,1,0,0,0,0,0,0,2,0,2,0,0,0,2,0,17,1,1,0,0,1,0,0,0,0,13,0,0,1,12,0,2,2,1,0,1,0,5,0,1,0,0,0,0,0,0,0,0,0,0,0,0,0,0,0,0,0,0,0,0,0,1,1,1,1,0,0
"SA43 2",5063,5029,0,0,0,0,0,0,0,0,0,1,0,2,16,0,3,10,0,0,0,0,2,0,0,0,1,0,0,0,0,0,0,0,0,0,0,0,0,0,0,0,0,0,0,0,2,0,0,0,2,0,1,0,0,1,0,0,0,0,0,0,0,0,0,0,5,0,0,2,1,0,1,1,0,0,0,0,0,0,0,0,2,0,0,0,0,0,0,0,0,0,0,2,0,0,0,0,1,1,4,4,0,0
"SA43 3",2524,2498,0,0,0,0,0,0,0,0,0,0,0,0,15,1,2,6,0,0,1,1,0,0,0,2,1,1,0,0,0,0,0,0,0,0,0,0,0,0,0,0,0,0,5,0,0,0,0,0,0,0,3,0,0,0,0,0,0,0,0,0,3,0,0,0,3,0,0,0,1,0,0,0,0,2,0,0,0,0,0,0,0,0,0,0,0,0,0,0,0,0,0,0,0,0,0,0,0,0,0,0,0,0
"SA44 4",3748,3721,0,0,0,0,0,0,0,0,0,0,0,1,17,0,5,2,0,2,0,0,0,0,1,1,6,0,0,0,0,0,0,0,2,0,0,0,1,1,0,0,0,1,0,1,1,0,0,0,0,1,0,0,0,0,0,0,0,0,0,0,0,0,0,0,2,0,0,1,0,0,0,1,0,0,0,0,0,0,0,0,2,0,0,0,0,0,0,0,0,0,0,0,1,0,0,1,0,0,0,0,0,0
"SA44 5",4817,4789,0,1,0,0,0,0,0,1,0,3,0,1,7,1,1,5,0,0,0,0,0,0,0,0,0,0,0,0,0,0,0,0,0,0,0,0,0,0,0,0,0,1,0,0,0,0,0,0,0,0,1,0,0,0,0,0,1,0,0,0,0,0,0,0,6,0,0,1,0,0,0,3,0,2,0,0,0,0,0,0,6,0,0,0,0,0,0,0,2,0,0,0,0,0,0,4,1,1,1,1,0,0
"SA44 6",2603,2589,0,0,0,0,0,0,0,0,0,1,0,0,10,0,3,6,0,1,0,0,0,0,0,0,0,0,0,0,0,0,0,0,0,0,0,0,0,0,0,0,0,0,0,0,0,0,0,0,0,0,1,0,0,0,0,1,0,0,0,0,0,0,0,0,1,0,0,0,1,0,0,0,0,0,0,0,0,0,0,0,0,0,0,0,0,0,0,0,0,0,0,0,0,0,0,0,0,0,1,1,0,0
"SA45 9",1685,1658,0,0,0,0,0,0,0,0,0,2,0,0,16,0,2,8,4,1,0,0,0,1,0,0,0,0,0,0,0,0,0,0,0,0,0,0,0,0,0,0,0,1,1,0,0,0,0,0,0,0,6,0,0,0,0,6,0,0,0,0,0,0,0,0,1,0,0,1,0,0,0,0,0,0,0,0,0,0,0,0,0,0,0,0,0,0,0,0,0,0,0,0,0,0,0,0,0,0,0,0,0,0
"SA46 0",2670,2627,0,0,0,0,0,0,0,0,0,1,0,4,32,0,2,26,0,0,0,0,0,0,2,0,1,1,0,0,0,0,0,0,0,0,0,0,0,0,0,0,0,2,0,0,0,0,0,0,0,0,0,0,0,0,0,0,0,0,0,0,0,0,0,0,3,1,0,1,0,0,0,1,0,0,0,0,0,0,0,0,1,0,0,0,0,0,0,0,0,0,0,0,0,0,0,1,0,0,0,0,0,0
"SA47 0",1209,1194,0,0,0,0,0,0,0,0,0,0,0,0,14,0,1,13,0,0,0,0,0,0,0,0,0,0,0,0,0,0,0,0,0,0,0,0,0,0,0,0,0,0,0,0,1,1,0,0,0,0,0,0,0,0,0,0,0,0,0,0,0,0,0,0,0,0,0,0,0,0,0,0,0,0,0,0,0,0,0,0,0,0,0,0,0,0,0,0,0,0,0,0,0,0,0,0,0,0,0,0,0,0
"SA48 7",4403,4200,0,0,0,0,0,0,0,0,0,3,9,1,116,1,6,82,1,0,1,1,2,2,5,4,6,4,0,1,0,0,0,0,4,0,1,2,0,1,0,0,0,2,2,10,1,0,1,0,0,0,14,0,1,0,0,2,0,0,4,0,1,0,0,6,40,1,0,26,0,2,0,1,9,0,1,0,0,0,0,0,0,0,0,0,0,0,0,0,0,0,0,0,0,0,0,0,0,0,1,1,0,0
"SA48 8",4253,4143,0,1,0,0,0,0,0,0,1,3,0,0,75,0,3,61,0,4,0,0,0,3,0,0,3,0,1,0,0,0,0,0,0,0,0,0,0,0,0,0,0,0,0,6,0,0,0,0,0,0,14,0,0,0,0,7,0,0,0,3,4,0,0,0,9,0,1,3,4,0,0,0,0,0,1,0,0,0,0,0,1,0,0,0,0,0,0,0,0,0,0,1,0,0,0,0,0,0,1,0,0,1
"SA5  4",5309,5172,0,0,0,0,0,0,0,0,0,4,3,3,46,1,4,26,0,1,1,0,4,9,0,0,0,0,0,0,0,0,0,0,0,0,0,0,0,0,0,0,0,3,8,15,7,0,1,6,0,0,30,6,0,3,0,10,0,0,0,5,4,0,0,2,17,0,0,13,1,0,0,0,0,2,1,0,0,0,0,0,1,1,0,0,0,0,0,0,0,0,0,0,0,0,0,0,0,0,0,0,0,0
"SA5  5",7637,7209,0,0,0,0,0,0,0,0,0,4,6,4,183,8,10,135,0,6,0,7,7,3,2,0,0,0,0,0,5,0,0,0,2,0,0,2,0,0,0,0,0,7,11,36,27,0,5,21,0,1,57,17,3,8,0,11,0,0,3,7,7,0,0,1,49,8,0,20,0,4,1,0,1,14,1,0,0,0,0,0,39,0,2,14,0,0,0,2,0,0,0,0,0,0,11,10,0,0,3,2,1,0
"SA5  7",5902,5672,0,0,0,0,0,0,0,0,0,0,9,0,91,0,1,73,0,9,1,5,0,1,0,0,0,0,0,0,0,1,0,0,5,0,5,0,0,0,0,0,0,3,8,24,14,0,2,12,0,0,37,9,0,10,0,4,0,0,0,14,0,0,0,0,21,3,1,2,0,0,0,1,2,12,0,0,0,0,0,0,17,0,0,6,0,0,0,0,0,0,0,5,0,5,0,1,1,1,0,0,0,0
"SA5  8",8123,7892,0,1,0,0,0,0,0,1,0,4,3,6,72,10,5,34,0,4,8,4,0,2,0,1,2,0,0,0,0,0,2,0,0,0,0,0,0,0,0,0,0,1,0,42,8,0,1,7,0,0,35,4,0,2,0,17,0,0,0,6,5,0,0,1,50,18,1,5,0,4,0,3,1,17,1,0,0,0,0,0,4,0,0,0,0,0,0,1,0,0,1,1,0,0,0,1,1,1,4,3,0,1
"SA5  9",7995,7871,0,0,0,0,0,0,0,0,0,2,0,1,31,9,1,18,0,0,0,0,0,1,0,1,0,1,0,0,0,0,0,0,0,0,0,0,0,0,0,0,0,4,6,8,9,0,3,6,0,0,17,1,0,5,0,6,0,0,0,0,5,0,0,0,30,6,3,11,0,0,0,3,0,6,1,0,0,0,0,0,15,0,0,0,0,0,0,0,0,0,0,8,0,0,0,7,0,0,1,1,0,0
"SA6  5",8593,8489,0,0,0,0,0,0,0,0,0,1,3,2,37,1,7,17,4,0,1,7,0,0,0,0,0,0,0,0,0,0,0,0,1,0,0,1,0,0,0,0,0,2,1,1,14,0,10,4,0,0,17,1,0,5,0,1,0,0,0,3,7,0,0,0,21,0,3,5,0,2,0,2,0,8,1,0,0,0,0,0,2,0,0,0,0,0,0,0,0,0,0,0,1,0,0,1,0,0,2,2,0,0
"SA6  6",12897,12472,0,0,0,0,0,0,0,0,0,3,2,4,84,12,5,52,0,0,0,6,4,0,1,2,0,0,2,0,0,0,0,0,0,0,0,0,0,0,0,0,0,4,17,34,9,0,4,3,2,0,116,15,3,11,0,2,1,0,0,12,65,0,4,3,140,3,4,5,0,0,0,3,1,116,8,0,0,0,0,0,8,0,0,0,0,0,1,0,0,0,0,5,0,0,1,1,2,2,2,2,0,0
"SA6  7",7066,6863,0,0,0,0,0,0,0,0,0,1,5,3,102,1,3,84,0,0,2,6,0,0,0,0,0,0,0,0,0,0,6,0,0,0,0,0,0,0,0,0,0,1,10,7,5,0,2,3,0,0,15,8,0,0,0,1,0,0,0,3,0,0,0,3,49,0,6,14,1,0,0,2,5,15,6,0,0,0,0,0,3,0,0,0,0,0,0,0,0,0,0,0,0,0,2,1,1,1,1,0,0,1
"SA6  8",4335,4157,0,0,0,0,0,0,0,0,0,2,1,1,86,10,0,67,0,1,3,3,0,0,2,0,0,0,0,0,0,0,0,0,0,0,0,0,0,0,0,0,0,8,7,12,7,0,3,4,0,0,17,5,0,0,0,8,0,0,0,4,0,0,0,0,21,0,0,9,0,0,1,4,0,6,1,0,0,0,0,0,5,0,0,0,0,0,0,0,0,0,0,2,0,0,0,3,1,1,10,8,0,2
"SA61 1",7745,7588,0,0,0,0,0,0,0,0,0,2,5,0,54,8,4,26,2,0,4,0,0,5,3,1,0,0,0,0,0,0,1,0,1,0,0,0,0,1,1,1,0,1,4,4,1,1,0,0,0,0,49,8,1,1,0,6,1,0,1,6,8,14,3,0,29,0,0,13,0,0,0,3,2,9,2,0,0,0,0,0,2,0,0,0,0,0,0,1,0,0,0,0,0,0,0,1,2,2,2,2,0,0
"SA61 2",5911,5671,0,1,1,0,0,0,0,0,0,3,3,2,63,7,11,22,1,2,6,7,2,2,0,1,0,0,1,0,1,0,0,0,0,0,0,0,0,0,0,0,0,0,2,15,5,0,1,1,3,0,67,3,1,2,0,10,1,0,5,8,16,12,5,4,62,0,3,22,2,0,3,2,4,26,0,5,0,0,0,0,8,0,0,0,0,2,0,0,0,0,0,0,2,0,2,2,2,2,2,2,0,0
"SA62 3",5014,4965,0,1,0,0,0,0,0,1,0,3,0,1,22,1,3,6,2,0,0,1,2,0,0,0,5,1,0,0,0,0,0,1,0,0,0,0,0,0,0,0,0,0,4,0,0,0,0,0,0,0,12,0,0,0,0,4,0,0,0,6,0,0,0,2,3,2,0,0,0,0,0,0,0,1,0,0,0,0,0,0,1,0,0,0,0,0,0,0,1,0,0,0,0,0,0,0,0,0,2,0,2,0
"SA62 4",4368,4320,0,0,0,0,0,0,0,0,0,1,0,2,19,2,0,5,1,3,2,0,1,3,0,0,0,1,0,1,0,0,0,0,0,0,0,0,0,0,0,0,0,1,0,2,1,0,1,0,0,0,10,0,0,0,0,0,0,3,0,7,0,0,0,0,11,0,0,6,0,0,0,1,1,2,1,0,0,0,0,0,0,0,0,0,0,0,0,0,0,0,0,0,0,0,0,0,0,0,1,1,0,0
"SA62 5",5460,5425,0,0,0,0,0,0,0,0,0,1,1,2,20,1,4,2,0,0,2,2,4,2,0,0,1,2,0,0,0,0,0,0,0,0,0,0,0,0,0,0,0,1,0,0,0,0,0,0,0,0,3,0,1,0,0,0,0,0,0,0,0,0,0,2,4,0,0,1,0,0,0,2,0,0,1,0,0,0,0,0,0,0,0,0,0,0,0,0,0,0,0,0,0,0,0,0,0,0,3,1,0,2
"SA62 6",5924,5874,0,0,0,0,0,0,0,0,0,1,0,0,25,1,3,11,0,0,0,0,0,1,2,0,4,2,1,0,0,0,0,0,0,0,0,0,0,0,0,0,0,0,0,4,0,0,0,0,0,0,3,3,0,0,0,0,0,0,0,0,0,0,0,0,14,1,2,9,0,0,1,0,0,0,1,0,0,0,0,0,2,0,0,0,0,0,0,0,0,0,0,0,1,0,1,0,0,0,1,1,0,0
"SA63 4",1079,1071,0,0,0,0,0,0,0,0,0,0,0,1,6,0,0,1,0,0,0,0,4,0,0,0,1,0,0,0,0,0,0,0,0,0,0,0,0,0,0,0,0,0,0,0,0,0,0,0,0,0,0,0,0,0,0,0,0,0,0,0,0,0,0,0,1,0,0,0,0,0,0,1,0,0,0,0,0,0,0,0,0,0,0,0,0,0,0,0,0,0,0,0,0,0,0,0,0,0,0,0,0,0
"SA64 0",2375,2345,0,0,0,0,0,0,0,0,0,1,0,1,20,4,6,2,0,0,3,0,2,0,0,0,2,1,0,0,0,0,0,0,0,0,0,0,0,0,0,0,0,1,0,1,0,0,0,0,0,0,2,0,1,1,0,0,0,0,0,0,0,0,0,0,3,0,1,0,1,0,0,0,1,0,0,0,0,0,0,0,1,0,0,0,0,0,0,0,0,0,0,0,1,0,0,0,0,0,0,0,0,0
"SA65 9",4230,4188,0,0,0,0,0,0,0,0,0,3,0,0,17,1,2,2,0,0,6,0,0,1,0,0,2,0,0,3,0,0,0,0,0,0,0,0,0,0,0,0,0,1,2,0,7,0,7,0,0,0,3,0,0,1,0,0,0,0,0,0,0,2,0,0,8,1,0,6,0,0,0,1,0,0,0,0,0,0,0,0,0,0,0,0,0,0,0,0,0,0,0,0,0,0,0,0,0,0,1,1,0,0
"SA66 7",2942,2930,0,0,0,0,0,0,0,0,0,1,0,0,9,0,0,6,0,0,1,0,0,0,0,0,2,0,0,0,0,0,0,0,0,0,0,0,0,0,0,0,0,0,0,0,0,0,0,0,0,0,2,0,0,0,0,0,0,0,0,2,0,0,0,0,0,0,0,0,0,0,0,0,0,0,0,0,0,0,0,0,0,0,0,0,0,0,0,0,0,0,0,0,0,0,0,0,0,0,0,0,0,0
"SA67 7",2250,2218,0,0,0,0,0,0,0,0,0,3,2,2,15,1,1,12,0,0,0,0,0,0,0,0,1,0,0,0,0,0,0,0,1,0,0,0,0,1,0,0,0,1,3,0,0,0,0,0,0,0,3,2,0,0,0,0,0,0,0,0,0,1,0,0,2,0,0,0,0,0,0,0,0,1,1,0,0,0,0,0,0,0,0,0,0,0,0,0,0,0,0,0,0,0,0,0,0,0,0,0,0,0
"SA67 8",4500,4463,0,0,0,0,0,0,0,0,0,4,1,0,12,0,6,5,0,0,0,0,0,0,0,0,1,0,0,0,0,0,0,0,0,0,0,0,0,0,1,1,0,1,1,1,0,0,0,0,0,0,6,0,2,0,0,0,0,0,0,1,2,0,1,0,8,1,1,4,0,0,0,1,0,1,0,0,0,0,0,0,0,0,0,0,0,0,0,0,0,0,0,0,0,0,0,0,0,0,2,1,1,0
"SA68 0",4179,4116,0,0,0,0,0,0,0,0,0,1,0,1,15,2,2,2,0,0,6,0,0,0,0,0,2,0,0,0,0,0,1,0,0,0,0,0,0,0,0,0,0,1,0,0,0,0,0,0,0,0,2,0,0,0,0,2,0,0,0,0,0,0,0,0,41,0,1,13,2,0,0,2,6,16,1,0,0,0,0,0,0,0,0,0,0,0,0,0,0,0,0,0,0,0,0,0,0,0,2,2,0,0
"SA69 9",3448,3391,0,0,0,0,0,0,0,0,0,1,0,0,27,4,3,10,0,0,5,2,0,1,0,0,1,1,0,0,0,0,0,0,1,0,0,1,0,0,0,0,0,3,4,1,0,0,0,0,0,0,4,0,0,1,0,0,0,0,0,0,2,0,0,1,15,0,0,0,0,0,2,0,0,13,0,0,0,0,0,0,0,0,0,0,0,0,0,0,0,0,0,0,0,0,0,0,1,1,0,0,0,0
"SA7  0",1893,1829,0,0,0,0,0,0,0,0,0,4,1,0,2,0,1,0,0,0,0,0,0,0,0,0,1,0,0,0,0,0,0,0,0,0,0,0,0,0,0,0,0,0,2,4,2,0,0,2,0,0,14,3,0,1,0,2,0,0,5,0,1,0,0,2,23,3,1,8,0,1,0,1,0,8,1,0,0,0,0,0,12,0,0,0,0,0,0,2,0,0,0,2,2,0,0,6,0,0,0,0,0,0
"SA7  9",12579,12293,0,0,0,0,0,0,0,0,0,7,7,5,146,5,7,107,1,1,0,17,0,0,1,2,0,2,1,0,1,0,1,0,3,0,1,0,0,2,0,0,0,4,11,10,3,0,1,2,0,0,36,13,0,4,0,11,0,0,0,6,0,0,0,2,35,5,0,15,0,0,0,8,1,6,0,1,0,0,0,0,14,0,0,0,0,0,0,5,0,0,2,0,0,0,0,7,2,2,2,2,0,0
"SA70 7",3127,3012,0,0,0,0,0,0,0,0,0,5,4,3,45,0,3,13,6,0,3,5,2,10,0,0,3,0,0,0,0,0,0,0,3,0,2,0,0,1,0,0,0,6,6,2,0,0,0,0,0,0,5,0,0,1,0,0,0,0,0,0,3,0,0,1,27,0,0,7,0,0,0,2,6,12,0,6,0,0,0,0,0,0,0,0,0,0,0,0,0,0,0,0,0,0,0,0,1,1,2,2,0,0
"SA70 8",6295,6207,0,0,0,0,0,0,0,0,0,2,1,5,38,2,6,9,4,0,9,0,0,5,0,2,0,0,1,0,0,0,0,0,1,0,0,0,0,1,0,0,0,2,1,1,0,0,0,0,0,0,9,1,0,0,0,1,0,0,0,0,7,0,0,0,26,1,0,1,2,0,1,4,0,17,0,1,0,0,0,0,0,0,0,0,0,0,0,0,0,0,0,0,0,0,0,0,0,0,1,0,1,0
"SA71 4",5423,5344,0,1,0,0,0,0,0,1,0,2,2,4,34,1,14,13,0,0,1,0,0,0,0,1,3,0,1,0,0,0,0,0,2,0,0,0,0,2,0,0,0,2,3,0,1,0,1,0,0,0,10,0,4,2,0,1,0,0,0,0,3,0,0,0,9,0,1,2,0,0,0,1,0,5,0,0,0,0,0,0,3,0,0,0,0,0,0,0,1,0,0,0,2,0,0,0,2,2,4,2,1,1
"SA71 5",4504,4458,0,0,0,0,0,0,0,0,0,2,0,2,25,0,2,14,0,0,3,4,0,0,1,0,1,0,0,0,0,0,0,0,1,0,0,0,0,1,0,0,0,0,0,1,2,0,0,2,0,0,0,0,0,0,0,0,0,0,0,0,0,0,0,0,13,0,0,7,0,0,0,2,3,1,0,0,0,0,0,0,0,0,0,0,0,0,0,0,0,0,0,0,0,0,0,0,0,0,0,0,0,0
"SA72 4",804,800,0,0,0,0,0,0,0,0,0,0,1,0,1,0,0,0,0,0,0,0,0,0,0,0,1,0,0,0,0,0,0,0,0,0,0,0,0,0,0,0,0,0,0,0,0,0,0,0,0,0,1,0,0,1,0,0,0,0,0,0,0,0,0,0,1,0,0,1,0,0,0,0,0,0,0,0,0,0,0,0,0,0,0,0,0,0,0,0,0,0,0,0,0,0,0,0,0,0,0,0,0,0
"SA72 6",9359,9167,0,0,0,0,0,0,0,0,0,1,14,2,114,5,29,62,0,0,6,6,3,0,0,2,0,0,1,0,0,0,0,0,1,0,0,1,0,0,0,0,0,0,8,2,9,0,2,7,0,0,15,4,2,0,0,0,0,0,3,3,3,0,0,0,20,2,0,7,0,0,2,2,4,3,0,0,0,0,0,0,2,0,0,0,0,2,0,0,0,0,0,0,0,0,0,0,0,0,4,2,2,0
"SA73 1",8004,7924,0,0,0,0,0,0,0,0,0,1,5,2,38,8,2,23,2,0,0,0,0,0,0,0,1,2,0,0,0,0,0,0,1,0,0,1,0,0,0,0,0,2,5,3,0,0,0,0,0,0,6,0,0,0,0,5,0,1,0,0,0,0,0,0,9,0,1,8,0,0,0,0,0,0,0,0,0,0,0,0,2,0,0,0,0,0,0,0,1,0,0,0,0,0,1,0,2,2,4,4,0,0
"SA73 2",6520,6375,0,2,0,0,0,0,0,2,0,3,4,5,66,6,2,50,1,0,2,0,0,0,0,0,4,0,0,0,0,0,1,0,4,0,0,0,0,4,0,0,0,0,4,0,6,0,6,0,0,0,24,0,0,0,0,14,0,0,0,8,1,1,0,0,22,0,6,5,3,0,0,3,2,2,1,1,0,0,0,0,1,0,0,0,0,0,0,0,0,0,0,0,1,0,0,0,0,0,3,2,1,0
"SA73 3",5056,5014,0,0,0,0,0,0,0,0,0,3,0,0,26,3,4,10,0,0,0,0,3,0,0,0,1,1,0,0,0,0,4,0,0,0,0,0,0,0,0,0,0,0,1,1,0,0,0,0,0,0,3,0,0,1,0,2,0,0,0,0,0,0,0,0,6,0,1,0,0,0,0,2,1,2,0,0,0,0,0,0,0,0,0,0,0,0,0,0,0,0,0,0,0,0,0,0,1,1,1,1,0,0
"SA8  3",4633,4610,0,0,0,0,0,0,0,0,0,2,0,1,1,1,0,0,0,0,0,0,0,0,0,0,0,0,0,0,0,0,0,0,1,1,0,0,0,0,0,0,0,2,0,0,4,0,3,1,0,0,7,0,2,1,0,0,0,0,0,0,4,0,0,0,2,0,0,0,0,0,0,1,0,0,1,0,0,0,0,0,1,0,0,0,0,0,0,0,0,0,0,0,1,0,0,0,0,0,2,1,1,0
"SA8  4",7524,7456,0,0,0,0,0,0,0,0,0,1,0,1,36,3,5,26,0,0,0,0,0,0,0,1,1,0,0,0,0,0,0,0,1,0,0,1,0,0,0,0,0,3,1,0,6,0,6,0,0,0,10,1,0,1,0,4,0,0,0,0,0,0,4,0,8,0,0,8,0,0,0,0,0,0,0,0,0,0,0,0,0,0,0,0,0,0,0,0,0,0,0,0,0,0,0,0,0,0,1,1,0,0
"SA9  1",7675,7614,0,0,0,0,0,0,0,0,0,3,1,4,12,1,1,6,0,0,1,0,0,0,0,1,0,2,0,0,0,0,0,0,2,0,0,1,0,1,0,0,0,1,0,0,0,0,0,0,0,0,19,0,0,1,0,0,0,0,0,0,16,0,0,2,15,0,0,8,1,0,0,1,0,4,1,0,0,0,0,0,2,0,0,0,0,0,0,0,0,0,0,0,2,0,0,0,0,0,2,1,1,0
"SA9  2",7029,6972,0,0,0,0,0,0,0,0,0,2,1,2,24,2,4,9,1,0,2,0,0,1,0,1,1,1,0,1,1,0,0,0,1,0,0,1,0,0,0,0,0,0,1,1,0,0,0,0,0,0,8,0,0,0,0,2,3,0,0,0,3,0,0,0,13,1,0,7,0,0,0,3,0,0,2,0,0,0,0,0,1,0,0,0,0,1,0,0,0,0,0,0,0,0,0,0,2,2,1,1,0,0



"","In order to protect against disclosure of personal information, records"
"","have been swapped between different geographic areas. Some counts will"
"","be affected, particularly small counts at the lowest geographies"
"",""

